367
726
369
690
145
733
900
685
294
357
873
492
485
376
433
819
151
253
483
644
844
809
801
407
771
576
402
462
38
947
184
175
181
528
48
879
613
881
727
71
545
496
364
258
362
671
86
9
933
482
636
805
567
453
72
886
583
345
34
749
825
907
667
539
306
593
96
832
912
502
282
338
672
27
734
120
954
211
991
546
348
87
446
758
561
285
245
781
559
587
902
596
628
468
737
838
46
118
656
830
777
109
36
714
324
343
467
683
625
415
536
189
598
435
272
513
968
864
246
563
994
548
198
932
924
846
961
863
642
20
797
768
631
523
304
778
5
289
354
284
798
956
597
586
476
256
654
649
693
43
281
807
372
411
288
1009
747
927
103
719
552
566
387
540
911
960
94
512
424
114
300
938
239
975
176
983
89
356
440
541
418
150
880
392
739
238
480
478
504
590
709
969
378
292
764
1
694
449
438
663
635
697
382
463
958
454
8
242
116
939
684
1015
68
544
858
677
91
351
112
232
177
31
201
806
885
264
937
315
4
861
37
303
76
723
810
45
645
702
736
651
82
101
149
1000
50
191
785
157
741
275
754
706
59
102
746
515
705
564
441
678
772
326
380
111
588
204
134
32
776
287
987
335
297
7
100
13
728
491
165
616
562
333
664
131
823
906
169
556
188
505
214
95
192
526
658
789
732
132
578
632
760
254
821
717
599
240
489
410
792
849
298
414
484
871
252
271
691
22
217
703
481
443
618
788
520
673
815
1016
925
826
570
915
470
220
40
716
914
611
413
506
580
784
444
194
353
944
0
313
213
461
898
221
23
423
307
97
657
123
248
77
227
437
962
477
278
487
128
196
83
277
336
398
448
735
909
899
200
910
814
967
813
633
845
669
740
156
980
959
1023
791
904
450
147
459
337
148
592
1018
56
608
417
202
107
824
64
74
117
328
363
225
259
320
507
782
377
866
312
98
360
305
347
54
236
52
319
708
144
996
340
554
550
905
988
81
769
946
831
186
699
160
139
874
950
573
99
187
404
185
557
67
193
600
257
535
532
263
945
779
352
953
623
553
818
397
140
41
215
775
451
395
1021
503
744
136
643
689
154
930
665
389
133
957
273
978
472
322
606
73
170
358
799
250
30
822
551
842
875
1003
125
408
585
666
494
19
543
852
921
57
637
394
456
331
817
808
870
787
581
619
10
171
872
569
934
695
498
828
416
143
79
1002
755
681
222
895
159
575
346
692
384
455
355
977
574
290
748
442
421
229
973
325
330
1005
765
916
473
42
525
396
409
368
731
829
261
508
366
883
510
524
35
499
652
311
199
918
471
841
922
445
427
626
24
490
223
607
614
260
519
786
391
21
876
231
216
203
659
14
255
948
29
558
122
605
479
984
457
882
867
230
400
1013
522
751
75
509
124
966
963
604
106
796
542
317
993
155
738
923
460
302
115
971
516
698
33
251
63
350
674
293
982
1008
647
262
839
753
970
811
584
247
661
843
610
119
972
725
129
686
639
228
429
998
6
767
594
164
853
517
393
78
18
951
197
655
138
929
529
622
190
146
84
110
627
218
334
267
70
840
1014
928
609
422
142
762
836
241
595
425
942
638
179
224
936
11
420
860
53
308
715
868
662
687
235
795
329
877
763
405
301
399
51
601
130
403
419
182
501
371
766
249
474
696
903
577
964
469
436
447
206
935
342
833
299
90
327
780
720
1007
466
266
621
1001
865
244
207
804
210
676
892
534
724
612
602
167
374
452
617
291
650
722
65
718
296
388
80
743
316
219
180
794
679
314
812
243
869
1012
854
178
855
965
1022
344
857
276
913
401
721
286
385
15
488
630
660
379
381
894
161
55
47
745
555
1019
750
412
629
603
790
226
761
943
373
851
310
486
58
511
3
917
568
383
729
49
495
195
153
931
92
359
700
730
162
439
884
707
688
17
26
759
646
309
640
1017
60
712
141
891
527
653
888
985
533
458
1004
66
615
850
274
827
174
624
547
152
126
999
941
16
992
208
431
237
835
979
163
69
113
339
105
986
820
887
893
837
856
295
589
172
432
571
756
341
565
521
793
859
332
137
704
205
990
955
670
620
549
908
283
168
997
428
265
648
518
12
475
465
981
949
430
464
531
85
668
847
560
2
104
323
375
349
108
318
269
158
800
940
974
752
406
711
995
268
952
183
280
173
361
713
121
862
742
321
1011
889
127
757
802
680
582
682
270
989
386
770
44
61
803
901
774
890
135
28
88
166
926
493
1006
538
897
919
537
279
572
233
434
62
634
390
500
579
1020
370
783
212
426
497
848
1010
816
365
591
209
514
234
39
976
896
710
773
834
25
641
920
675
878
530
93
701
