770
621
530
27
177
763
140
934
438
977
426
738
159
688
36
462
248
524
857
811
474
25
500
918
351
762
93
595
783
4
410
640
937
450
680
267
716
290
719
998
263
503
346
360
560
444
188
637
994
870
896
214
700
724
307
493
727
845
952
562
847
901
336
243
465
18
863
596
96
60
14
13
506
543
966
685
43
935
490
143
449
282
100
819
222
745
179
126
191
225
323
730
423
347
740
109
972
521
773
775
258
627
929
511
311
171
52
441
384
565
299
830
736
693
446
417
133
876
888
130
875
293
622
1020
85
30
802
0
746
611
305
313
906
691
571
868
368
584
739
388
148
710
10
452
800
613
835
196
889
195
59
768
612
671
620
577
567
106
747
761
284
339
1010
442
954
162
245
228
310
145
468
943
525
958
276
704
397
758
789
1012
603
12
377
132
89
122
432
606
541
879
63
930
370
190
1008
425
831
350
86
610
907
502
343
951
570
235
404
517
1006
615
103
672
95
411
884
933
741
927
484
215
365
319
334
805
1004
534
108
971
389
202
260
849
8
348
253
424
317
528
732
982
308
367
227
897
326
923
301
84
910
39
137
327
268
429
155
451
872
975
749
690
821
88
291
357
660
259
283
728
1021
915
604
330
489
460
799
594
648
395
692
34
961
38
885
617
1001
166
87
295
448
98
409
242
337
838
373
981
760
939
78
91
134
372
495
28
396
806
239
300
218
993
320
217
226
813
128
980
945
731
864
205
111
443
893
102
203
153
76
79
292
616
277
151
662
47
354
598
262
895
68
582
294
399
769
526
174
127
916
288
678
265
647
924
983
180
948
753
224
516
92
635
920
653
555
529
774
119
499
698
734
459
304
184
852
75
986
676
1003
24
851
77
120
828
965
902
618
944
275
861
650
289
836
46
689
564
957
744
558
696
697
658
686
664
548
457
117
967
112
407
908
380
790
33
406
5
867
23
149
787
1011
638
953
437
338
315
471
1009
946
950
625
123
194
733
655
579
793
551
754
270
839
581
623
3
316
795
114
176
833
969
748
848
844
349
376
742
314
467
843
201
62
817
431
882
542
825
358
385
737
83
519
837
816
510
485
723
538
494
254
997
798
585
681
624
160
767
433
255
200
183
949
482
824
925
65
1022
186
859
842
545
651
862
705
829
865
335
164
107
234
261
61
273
1002
855
942
643
197
238
229
905
684
976
776
198
911
826
321
815
755
390
221
454
341
578
53
131
936
963
422
428
50
361
212
181
210
15
230
394
185
1019
279
297
667
708
90
420
782
309
665
932
419
649
264
240
574
113
591
752
421
718
487
1015
366
973
677
913
251
434
220
766
784
683
167
322
44
445
669
408
405
900
553
781
206
378
74
822
714
379
331
968
478
49
626
792
402
150
505
477
246
475
124
573
80
878
70
324
682
125
869
992
1000
173
359
652
266
735
67
257
473
956
791
163
575
256
801
496
152
877
785
414
481
544
532
175
278
804
296
413
57
668
522
99
274
706
312
788
129
703
823
342
157
666
630
550
472
559
892
1
657
415
561
286
590
156
846
809
73
644
355
959
461
699
654
9
329
679
344
375
54
391
694
142
674
881
909
480
988
165
509
586
1013
520
169
35
941
356
978
513
401
589
439
641
914
853
891
199
40
808
841
37
614
19
393
675
597
332
810
777
508
554
608
16
318
807
116
778
898
178
501
154
947
602
629
673
158
609
1014
663
306
984
204
81
899
834
858
903
779
476
537
645
22
118
386
886
931
247
715
812
241
701
938
583
233
1005
552
636
115
250
593
333
514
1018
904
695
563
711
772
712
720
995
161
189
42
138
687
990
340
989
974
470
803
979
890
6
894
168
464
211
599
486
456
252
765
31
269
281
874
271
717
21
827
996
147
592
469
1023
353
455
56
216
628
374
144
619
556
7
786
298
440
483
568
382
272
104
659
540
345
796
453
512
208
363
105
170
964
547
66
600
364
362
136
751
2
101
566
702
392
580
962
232
523
458
82
193
303
970
20
32
64
69
504
51
764
588
707
883
219
840
249
498
146
412
1017
58
818
605
398
814
985
237
48
515
794
759
639
192
726
518
26
71
141
280
527
463
670
387
987
633
435
427
832
491
416
381
771
110
1007
97
721
436
557
607
466
873
187
287
797
713
569
236
917
55
820
960
1016
940
172
928
533
383
400
507
207
11
231
871
536
549
418
572
743
135
991
539
29
328
17
492
430
750
479
213
121
646
631
880
729
531
325
919
497
921
780
244
661
403
854
999
601
94
722
182
642
223
352
285
860
856
866
576
756
887
587
709
488
371
369
922
302
139
656
850
926
912
955
632
72
546
634
45
447
725
41
209
535
757
