945
794
676
835
463
350
13
922
862
692
207
931
620
220
747
422
289
796
478
851
329
915
791
339
736
580
11
974
999
464
737
635
112
865
756
50
184
506
554
712
424
239
86
814
894
706
10
493
550
341
831
869
590
908
204
981
436
87
1012
658
574
674
898
638
368
68
140
621
61
914
749
863
176
662
46
920
784
251
632
631
246
598
425
167
47
437
498
619
309
642
241
346
755
391
870
377
685
212
889
543
467
123
559
307
151
821
385
1013
746
456
891
280
614
760
270
1006
763
769
53
877
647
990
640
476
798
149
927
394
505
356
198
229
586
930
929
721
827
129
293
750
188
995
359
208
660
473
708
751
587
497
486
457
94
846
1023
165
823
414
502
262
1014
145
489
76
338
622
432
317
665
599
9
700
544
158
968
864
919
900
611
453
430
655
178
54
576
585
753
226
733
983
238
310
448
474
363
111
318
480
984
828
677
247
1009
832
128
399
109
729
993
70
852
351
526
482
781
468
604
191
504
644
717
597
524
21
234
287
384
650
725
785
839
152
802
795
7
75
89
230
904
245
715
833
522
136
686
206
132
878
235
296
778
888
118
691
15
319
714
595
405
820
1020
592
789
606
431
1004
688
947
588
84
893
458
199
417
707
799
159
308
890
428
59
521
189
57
926
923
1016
669
313
854
407
1007
236
748
916
33
771
275
82
381
98
608
758
569
581
861
834
409
201
35
126
38
360
637
382
759
582
979
312
233
777
343
577
137
62
553
801
218
512
219
51
320
284
766
300
989
961
702
125
29
535
722
139
34
362
579
357
767
255
902
649
987
372
730
186
4
591
593
8
263
364
261
943
689
780
389
410
131
66
292
386
294
1018
487
469
348
565
244
882
49
179
115
545
528
249
322
19
228
646
998
17
488
555
988
40
694
299
561
121
973
978
892
197
210
843
216
1003
859
514
281
516
1011
471
12
254
934
72
530
55
921
901
942
402
256
566
340
616
824
867
242
1017
842
335
130
60
427
303
855
782
279
656
906
421
1005
563
415
624
164
170
959
745
267
537
886
788
398
713
661
90
754
451
836
79
549
817
719
171
168
925
268
895
731
1008
258
710
564
630
992
695
195
657
337
481
27
291
77
58
986
406
223
887
825
163
527
103
551
704
548
154
654
948
866
969
779
214
905
1001
849
80
110
853
352
328
397
726
99
806
1010
472
354
525
720
774
783
455
376
248
172
380
190
643
513
45
295
403
508
232
935
23
25
324
542
518
687
652
73
664
375
741
956
465
440
460
568
301
411
847
972
449
958
816
682
37
936
492
194
764
941
441
881
950
196
519
874
146
240
144
383
705
807
667
156
607
716
2
81
260
396
438
557
899
64
138
104
166
701
907
509
78
181
200
272
1
651
885
419
515
639
841
583
177
91
122
142
684
709
30
625
917
584
697
531
435
976
539
446
819
739
349
633
203
361
358
113
56
773
996
93
562
148
41
344
393
571
314
423
5
302
470
724
483
971
738
371
679
183
496
533
957
928
558
690
316
475
16
762
896
304
845
964
918
298
325
365
32
671
648
991
243
345
169
634
224
765
850
803
681
838
227
627
173
39
732
52
253
252
257
283
963
556
330
155
202
589
416
282
743
603
880
479
623
879
6
776
903
160
370
379
334
787
461
629
911
124
723
1021
101
501
618
812
523
494
910
752
532
772
541
459
659
0
153
653
693
88
578
48
997
520
601
271
1019
182
96
213
378
944
490
108
810
116
290
466
277
837
323
426
951
26
445
69
613
876
985
286
775
844
119
1000
813
770
353
143
222
856
572
491
953
211
274
174
503
355
106
332
14
560
575
269
675
20
517
288
404
500
954
499
617
315
114
909
412
462
278
965
193
673
63
175
221
960
540
884
536
192
939
305
44
672
822
429
875
868
552
980
336
133
147
22
273
237
321
830
3
120
484
790
641
727
400
645
609
373
872
185
728
605
805
626
628
994
276
567
1022
71
347
326
668
97
507
392
534
699
809
311
74
225
826
932
180
31
602
858
452
95
735
871
600
401
36
596
757
107
327
408
215
369
546
43
897
670
105
439
594
883
444
952
141
395
840
1015
711
768
259
42
666
477
698
442
162
740
808
970
420
873
811
962
612
367
1002
818
829
306
800
134
297
150
975
390
92
949
18
570
683
450
982
510
946
434
495
447
610
678
285
913
967
857
734
793
65
250
680
815
848
955
940
205
615
797
413
703
28
538
85
912
161
573
127
388
157
264
187
663
217
454
366
117
924
100
387
938
485
331
696
433
342
860
761
511
977
102
744
547
804
374
209
792
67
265
933
418
742
266
83
636
937
966
786
443
718
333
529
135
231
24
