987
860
899
632
393
114
883
276
41
120
3
429
1011
962
282
193
875
77
936
466
1003
970
910
664
849
106
482
731
713
901
304
1018
350
411
764
363
653
509
63
980
969
952
613
223
360
228
222
494
243
799
685
401
131
584
8
320
922
730
679
817
603
279
499
631
23
62
646
343
527
479
738
885
733
761
828
136
445
505
879
444
278
9
456
227
107
461
290
672
475
334
139
919
478
927
458
708
576
881
770
866
30
7
187
261
931
514
833
442
347
344
829
832
519
746
409
544
582
181
133
783
98
863
522
623
1004
209
772
575
928
246
569
315
196
787
306
484
553
132
1020
308
371
335
218
502
785
862
27
566
840
628
191
111
230
1001
492
709
81
958
348
220
606
289
487
531
714
914
650
450
410
99
959
735
94
431
989
596
171
24
671
988
1012
83
1
848
116
299
536
745
992
127
1007
978
192
812
554
462
676
498
468
742
225
121
701
956
643
644
578
101
916
20
786
408
267
138
305
283
249
855
634
572
473
49
358
285
798
194
939
941
426
736
703
571
206
303
882
258
844
642
72
48
747
39
327
162
392
645
156
549
325
217
12
373
903
353
182
884
302
854
680
4
557
763
887
93
551
599
439
976
559
421
52
402
968
33
819
318
117
441
277
940
319
449
800
973
314
681
51
292
66
994
673
415
356
465
179
684
510
971
861
769
912
891
130
602
750
245
904
821
593
762
252
247
727
109
892
147
469
665
564
546
538
874
548
906
934
918
710
287
142
135
453
797
84
635
229
310
975
749
149
949
921
213
870
202
856
271
119
349
434
624
789
369
993
913
766
944
372
158
518
1002
281
720
857
167
386
588
140
753
898
92
212
416
210
743
226
438
65
834
541
711
620
103
706
390
696
1009
313
370
503
558
670
950
543
357
73
618
234
779
257
859
542
865
78
589
732
794
137
295
815
169
781
662
361
534
926
464
74
577
839
626
160
954
535
556
965
580
338
297
352
716
123
151
806
175
663
810
700
342
414
208
260
355
920
163
864
568
802
530
669
459
790
97
629
907
418
933
622
938
796
454
805
91
838
526
872
560
294
788
79
563
110
688
734
351
388
164
719
284
808
430
897
506
937
579
47
275
533
481
203
255
471
457
565
183
946
773
841
617
616
236
45
2
11
424
259
323
60
924
500
311
250
752
540
814
627
729
967
686
423
144
443
391
600
124
115
652
985
362
947
648
90
69
690
826
486
87
197
807
702
241
966
108
380
721
942
170
1015
448
404
726
40
420
346
153
38
396
237
248
17
986
173
847
529
561
804
398
488
15
417
930
447
221
118
929
176
345
822
58
34
359
161
693
775
697
22
207
383
333
178
780
21
658
493
583
877
0
185
515
150
265
224
239
377
269
100
186
379
605
760
782
242
244
516
889
71
699
567
35
336
367
300
330
18
945
704
364
354
214
387
490
307
878
682
31
612
46
537
1013
95
216
508
145
893
717
507
26
836
13
75
129
143
972
165
953
689
68
607
694
80
238
394
630
932
419
843
825
1019
428
326
615
89
67
128
925
905
767
497
888
504
771
633
651
621
489
687
890
668
915
195
525
436
122
902
180
977
737
581
263
29
511
44
1000
995
470
1022
712
654
385
427
154
757
562
991
332
886
317
32
592
201
200
880
774
274
460
827
340
382
405
850
935
54
539
691
437
273
997
491
979
496
641
894
322
50
233
876
59
675
166
1023
948
451
288
831
112
999
609
900
321
660
873
809
604
102
723
61
666
483
211
868
6
835
177
425
174
598
845
523
837
517
188
28
955
784
219
813
744
555
585
125
768
858
293
240
190
601
389
637
776
25
14
376
521
661
235
777
754
205
698
266
412
895
339
70
695
113
674
820
640
610
803
619
19
683
76
53
286
1016
591
625
692
199
528
996
204
639
824
722
636
134
611
852
96
455
853
595
231
43
573
756
374
104
871
586
655
677
413
818
657
909
366
1021
301
254
951
795
765
547
740
365
291
842
433
908
520
397
331
146
168
659
724
512
981
550
57
298
545
400
375
867
705
381
341
983
513
707
587
328
82
816
974
741
552
378
638
126
337
590
148
37
911
159
1005
830
1010
141
524
485
477
851
532
296
253
476
570
957
495
368
1014
608
667
656
982
155
964
407
440
846
715
759
678
791
718
198
85
748
312
324
474
501
215
184
594
739
963
309
395
55
406
998
262
316
792
597
472
384
984
422
88
42
105
647
329
614
793
755
399
270
728
480
467
574
272
264
990
823
452
403
725
280
446
778
56
268
251
1006
1017
917
1008
649
86
432
256
152
172
869
463
923
758
801
36
64
10
960
751
943
811
157
232
435
16
5
896
189
961
