369
592
246
1013
212
862
937
419
843
265
545
350
840
293
379
334
236
233
590
6
152
99
970
297
461
279
390
705
516
603
1002
241
70
287
780
146
84
48
263
569
560
458
25
335
1018
955
776
117
7
488
536
443
1007
454
593
804
539
631
101
807
696
596
403
500
267
204
574
155
394
28
985
257
987
674
880
710
115
623
402
307
158
198
517
578
607
184
415
476
388
347
370
523
318
571
112
577
938
591
114
785
795
733
374
711
641
770
239
177
69
841
3
688
150
974
757
189
392
555
54
553
861
316
782
480
869
129
743
338
625
848
46
774
721
421
637
594
229
362
933
180
874
429
154
948
771
527
85
427
433
672
171
576
946
255
963
546
801
891
657
624
137
102
1003
635
900
949
463
460
252
47
558
125
704
56
366
444
484
942
66
599
799
666
52
525
605
663
892
325
430
391
217
455
1009
79
821
73
830
951
13
502
822
755
149
508
276
169
534
139
753
368
520
186
160
692
984
983
442
667
999
315
417
876
1014
108
361
116
51
372
562
781
662
971
960
716
435
675
260
824
739
944
857
506
831
921
642
71
422
483
648
30
174
493
580
656
268
348
21
497
1010
766
190
314
431
912
378
712
660
354
935
303
554
491
540
993
39
406
810
254
713
74
457
231
941
36
956
834
844
638
131
468
860
277
629
175
749
270
914
200
193
98
806
602
803
669
775
911
507
387
936
18
910
59
972
535
50
850
219
107
609
695
472
986
668
195
290
604
925
20
232
405
772
333
206
358
952
836
106
1008
384
786
778
872
621
400
14
1001
968
563
531
5
185
504
873
88
787
340
765
474
617
191
216
653
105
207
701
773
679
789
351
718
81
556
87
769
829
754
742
434
665
201
899
142
181
622
541
294
816
298
959
655
86
23
408
895
549
344
762
673
118
740
253
919
349
686
26
886
664
610
202
215
725
905
654
148
411
929
448
1006
262
134
341
683
996
27
249
922
251
475
644
768
616
676
9
364
57
647
837
568
884
446
819
966
828
438
305
90
988
747
715
288
980
183
156
759
697
1005
1000
407
176
123
178
953
336
111
957
300
386
859
779
68
478
329
119
210
896
490
80
194
557
636
485
78
492
301
486
450
973
432
565
595
931
377
15
513
997
157
720
570
727
738
767
954
306
309
923
482
330
908
76
838
868
658
29
890
885
879
428
284
213
820
339
188
24
240
744
564
281
1016
256
437
327
0
1017
12
544
788
694
337
322
289
906
8
627
393
521
97
389
976
365
1021
382
104
723
235
926
2
548
991
693
64
385
798
423
140
699
854
286
439
866
682
459
496
399
681
827
310
237
470
752
487
72
815
618
43
918
833
519
271
1012
615
440
928
247
266
734
808
179
756
33
888
471
227
138
791
285
670
245
746
82
380
526
320
881
1011
313
162
856
832
800
1004
981
93
913
398
813
584
652
331
894
409
172
758
524
995
825
724
226
845
234
805
151
414
147
218
543
324
708
222
515
250
559
321
794
927
702
161
130
425
42
867
208
847
469
1023
1019
345
597
846
882
703
945
717
95
141
812
510
67
248
375
367
128
916
209
645
870
58
741
678
760
299
858
975
566
505
465
163
700
939
575
511
311
915
855
542
940
503
950
572
865
166
89
308
561
4
877
65
16
709
736
851
296
319
416
581
714
964
1015
619
182
187
63
11
764
611
346
790
220
165
783
583
661
273
113
853
1
934
522
120
77
436
135
875
547
275
295
494
735
360
92
961
982
272
404
579
989
243
898
904
698
269
83
352
121
979
632
691
291
274
292
659
809
397
730
326
224
203
750
413
685
690
124
238
449
10
707
587
17
792
930
332
383
533
94
883
479
221
477
462
797
261
211
230
489
878
145
197
1022
355
537
633
777
902
312
424
863
977
342
426
924
280
381
909
359
823
613
814
620
498
601
53
992
965
684
640
907
677
598
608
680
357
170
550
282
445
512
901
887
501
196
353
826
49
143
278
395
589
91
412
726
763
153
737
612
356
38
932
903
328
136
588
969
947
943
410
41
967
323
573
606
962
639
264
871
467
75
978
689
796
55
687
802
530
793
722
761
214
420
19
586
835
732
532
452
784
990
614
481
514
109
585
447
258
302
646
473
228
242
731
582
518
44
451
441
32
551
671
40
37
528
751
745
649
817
62
552
630
317
133
893
842
127
205
651
100
223
499
61
199
373
103
495
628
920
634
897
998
396
168
144
31
849
1020
35
719
864
466
96
418
509
917
244
650
538
626
132
889
464
164
839
34
728
122
811
371
994
453
60
304
567
22
706
643
159
192
376
259
225
729
748
167
852
126
110
401
173
343
958
283
818
529
456
600
45
363
