410
543
316
731
423
987
968
97
820
453
979
402
133
80
391
934
342
82
27
309
266
401
347
345
362
343
206
881
366
73
1006
336
483
466
842
376
411
795
149
419
547
243
569
812
931
168
644
512
990
634
954
9
492
147
112
392
877
710
679
775
235
442
300
726
46
137
840
872
696
109
331
855
521
989
1012
189
945
911
876
216
441
685
892
610
307
71
20
1005
852
503
87
493
173
382
867
269
299
833
417
625
653
691
5
429
39
805
739
639
329
607
259
505
958
897
154
461
760
425
267
301
594
381
261
981
140
599
1003
462
310
652
297
698
144
629
836
766
995
527
142
64
799
862
61
396
183
41
933
262
585
57
540
615
501
522
763
1001
643
314
513
942
52
469
790
868
450
223
88
711
729
738
655
355
888
988
86
224
611
454
113
669
659
827
1014
678
622
553
964
935
464
898
476
831
496
155
631
152
153
976
789
519
864
227
201
377
806
814
339
722
869
407
873
176
769
579
893
156
368
578
436
215
665
214
514
229
373
994
165
887
751
321
529
555
953
662
899
937
502
709
776
55
26
40
428
202
939
328
66
839
544
291
816
666
110
865
537
101
77
499
858
280
702
89
498
210
308
517
548
693
395
72
211
670
587
276
346
394
31
182
524
108
674
44
231
822
863
819
195
804
405
574
230
704
456
482
891
174
356
992
838
986
701
463
317
432
437
673
414
51
921
757
725
241
348
507
687
619
646
306
793
647
217
388
912
909
360
883
1002
494
451
560
94
854
105
713
49
139
408
472
786
538
613
518
132
562
212
63
326
194
932
364
614
167
860
271
415
305
844
1004
237
91
279
380
774
960
792
2
718
315
337
832
191
593
500
508
45
993
576
11
894
535
106
926
256
222
949
474
1013
885
706
680
941
809
175
720
357
192
199
745
274
296
163
409
660
0
100
102
700
79
491
172
565
699
413
372
973
597
1009
203
626
919
606
589
459
59
433
837
913
327
962
270
715
122
916
166
1011
13
37
146
431
532
974
784
290
663
447
67
379
598
689
929
184
772
924
742
353
697
780
975
397
684
399
324
341
56
692
7
486
134
54
335
282
530
104
781
546
841
906
302
752
970
851
936
648
430
557
426
971
294
668
845
124
765
856
204
265
551
767
384
910
239
85
955
526
286
582
695
828
365
748
744
127
485
956
714
92
370
16
83
797
289
783
4
95
495
15
404
861
998
985
126
161
236
238
25
927
815
740
914
434
130
1
637
870
681
98
320
821
322
23
119
980
690
628
708
878
791
111
656
375
209
420
859
654
930
458
470
810
313
811
539
966
620
190
835
250
977
800
667
807
623
967
50
374
53
136
278
632
879
542
285
455
880
207
1017
185
48
460
671
928
479
114
802
169
596
716
330
635
609
677
570
249
281
642
244
295
30
349
703
843
567
902
412
525
957
630
636
728
393
181
159
164
352
661
76
965
254
719
99
984
762
922
439
277
240
378
12
219
754
332
796
387
107
584
946
601
333
758
427
17
982
951
727
563
515
608
400
143
782
488
908
554
367
449
196
260
755
118
947
489
1010
511
983
920
369
523
141
42
730
1023
600
645
448
520
817
193
1000
770
672
84
19
28
69
886
566
406
651
798
657
361
903
768
559
605
268
416
950
650
612
638
904
389
675
721
948
749
999
371
34
465
603
117
422
131
813
604
952
187
773
233
288
882
311
205
1020
208
96
818
293
707
541
103
824
186
533
509
915
32
115
506
398
572
1007
504
363
467
917
220
664
918
963
325
940
588
890
531
213
853
480
801
803
618
1022
38
74
350
319
78
627
779
359
536
978
846
403
75
849
850
121
275
354
62
829
272
148
258
445
1021
834
188
534
81
125
825
171
705
6
750
225
200
10
686
421
717
198
788
1018
446
583
633
150
746
29
961
595
823
18
438
68
252
581
60
475
778
756
351
761
385
14
33
234
694
516
771
549
959
907
624
43
120
972
36
764
900
129
298
753
334
871
338
571
550
996
170
158
221
580
418
826
257
747
179
283
866
3
251
561
556
969
683
473
248
318
577
558
649
197
287
991
564
477
263
736
312
178
90
592
590
226
743
358
735
901
145
22
255
794
497
759
847
443
712
925
830
724
180
733
490
35
777
424
452
323
386
889
616
390
47
857
177
658
682
938
591
676
575
245
344
884
568
1016
943
8
135
440
896
640
1019
787
895
785
573
304
253
116
151
162
21
641
621
617
1008
997
478
123
70
944
688
93
874
246
468
247
923
232
228
741
471
510
487
545
552
264
481
734
24
457
732
292
284
723
848
484
138
528
65
157
242
128
218
303
1015
808
905
737
273
586
444
875
435
58
602
340
160
383
