314
182
554
905
239
75
706
14
1000
994
611
888
619
319
340
166
998
680
909
861
697
460
495
155
206
449
316
247
95
162
821
188
588
735
457
629
973
694
378
543
672
50
912
956
810
690
647
764
197
501
1021
948
714
768
493
307
142
766
274
713
835
802
270
530
252
657
938
605
405
844
792
677
525
832
601
892
119
413
426
632
415
509
115
259
594
411
878
337
342
111
341
826
949
829
970
102
534
68
409
963
858
550
729
98
870
578
688
156
743
1018
192
972
663
346
738
172
603
1012
5
120
608
288
932
903
666
266
67
55
93
132
916
636
1009
8
404
478
996
961
801
269
254
547
427
286
709
199
447
583
253
951
256
367
879
515
830
285
483
635
661
464
848
373
290
64
356
401
549
190
375
298
499
191
715
532
567
122
73
904
53
498
214
435
910
500
940
822
770
484
163
908
13
236
136
494
456
221
127
96
35
450
352
691
58
842
725
24
321
311
362
887
220
503
66
280
49
914
596
805
244
733
645
901
364
355
702
242
229
18
131
759
4
771
980
890
185
502
90
284
87
719
778
338
585
442
1013
480
834
278
330
687
875
250
175
1020
434
479
597
318
744
485
313
897
508
789
16
849
925
911
985
376
1011
491
25
787
202
684
723
360
975
929
354
692
510
851
682
265
198
513
957
448
741
369
359
894
812
599
658
867
213
920
397
804
389
968
71
579
482
77
243
507
614
400
79
544
417
78
109
730
39
81
872
537
295
552
622
94
117
86
981
351
969
226
227
685
421
559
986
473
557
383
125
92
815
101
631
388
653
814
262
732
2
207
353
751
617
965
641
524
424
656
195
907
915
811
574
840
570
551
246
452
708
717
381
906
1001
976
592
590
893
80
486
670
769
481
839
1005
704
312
777
465
883
201
678
32
336
10
160
504
618
736
746
468
541
876
267
365
487
323
324
1
372
333
900
108
693
455
569
856
598
257
12
304
145
674
627
37
927
85
726
287
33
1019
74
971
339
232
357
91
350
877
152
926
843
669
432
231
850
833
960
873
788
621
750
825
459
749
7
958
563
517
27
819
797
538
69
783
700
180
107
967
623
828
847
52
36
895
476
194
577
995
89
292
273
754
1015
277
47
224
707
942
988
126
747
217
159
710
845
655
899
454
560
176
898
48
492
334
387
440
210
795
315
818
516
946
762
26
676
216
237
343
309
1017
235
164
153
402
535
607
640
395
837
634
291
589
625
711
931
644
347
451
593
945
30
133
609
299
739
345
686
412
139
17
950
864
937
891
118
548
31
734
1008
756
933
335
528
808
782
196
348
731
19
441
422
722
466
57
742
999
379
997
200
1014
56
779
555
371
987
303
289
317
689
803
884
652
776
418
763
223
477
219
765
737
966
868
813
983
582
727
919
665
774
105
165
511
773
29
112
240
161
20
436
470
679
384
54
322
728
6
329
989
575
130
496
398
186
268
11
209
255
308
984
490
683
882
382
390
561
648
205
639
174
260
626
463
793
831
518
880
600
838
167
238
0
433
100
664
445
325
416
45
385
863
143
272
154
263
681
558
110
758
772
380
264
918
489
361
258
469
97
129
531
184
573
327
124
106
300
612
212
146
1022
148
886
170
701
902
673
138
761
70
420
572
121
745
370
203
871
854
22
935
539
862
740
9
429
620
982
587
296
406
936
662
924
99
853
519
913
576
46
63
553
38
59
794
187
279
179
1010
331
135
556
84
921
461
964
977
248
628
522
724
529
800
488
859
591
128
865
410
974
374
633
281
646
962
953
245
241
624
423
760
514
979
860
228
615
752
168
363
941
643
399
62
846
137
602
705
430
696
471
60
654
302
816
349
536
42
660
28
43
659
642
82
699
437
366
542
943
506
183
21
88
51
458
297
173
992
283
568
147
320
294
261
586
616
403
798
276
698
44
344
222
123
827
716
431
809
144
523
282
428
952
580
791
453
467
540
171
959
675
650
40
230
65
396
446
218
208
305
103
271
806
392
928
150
234
41
889
869
393
562
512
546
181
177
566
1023
703
954
613
526
76
852
638
841
141
1007
157
784
1016
917
116
720
134
149
721
204
667
790
855
885
151
668
521
306
786
595
571
923
922
332
564
193
757
610
527
1003
386
1002
874
301
189
780
225
1004
866
23
438
377
104
358
328
584
425
944
896
939
113
407
807
462
748
1006
991
211
215
83
251
61
799
712
158
755
934
72
606
781
439
565
881
3
630
474
414
930
581
391
817
651
169
649
475
990
836
718
293
824
637
671
978
947
178
249
955
368
785
857
114
326
993
767
444
823
533
753
505
775
497
233
820
310
796
472
15
520
275
140
604
419
695
443
34
394
408
545
