326
720
396
683
892
681
187
912
485
577
390
980
902
423
313
190
671
103
908
613
509
556
93
752
339
870
864
316
364
916
508
467
442
866
300
488
506
283
191
334
851
352
383
642
770
784
593
659
679
823
647
614
448
230
71
1022
990
895
79
905
128
210
132
257
203
674
701
774
765
822
305
919
824
310
878
644
44
684
277
419
933
757
130
227
494
492
993
228
550
197
278
520
110
417
682
922
331
376
834
769
476
311
52
548
477
968
420
871
248
580
31
673
662
233
354
820
787
237
330
739
408
200
776
559
158
636
741
42
269
793
205
874
319
360
521
36
719
295
691
740
729
314
621
850
1000
395
491
106
139
617
34
523
69
909
867
344
778
113
665
899
1010
40
131
766
723
819
146
780
186
497
582
917
183
630
226
589
562
175
690
1011
58
728
56
977
875
198
672
95
711
192
288
722
189
646
578
894
312
378
969
668
114
7
955
500
135
107
53
254
952
371
764
436
152
810
244
287
594
15
430
179
616
366
482
635
217
99
361
177
162
963
891
290
676
880
624
180
568
655
153
737
137
903
302
120
756
76
714
798
942
64
61
748
43
814
605
970
661
1009
611
1001
48
547
83
215
150
255
815
232
1015
413
68
240
353
97
803
710
82
33
350
588
678
434
340
913
598
11
978
161
296
601
45
619
35
835
163
702
889
663
510
648
499
88
708
452
304
833
584
666
964
997
308
597
469
928
1
806
901
194
224
886
445
94
656
259
260
437
487
991
782
91
863
791
696
746
282
571
602
218
884
818
631
726
410
999
386
74
369
712
1017
554
123
538
209
372
581
837
537
698
489
675
348
24
703
13
881
416
473
566
713
78
805
839
560
502
503
998
5
149
297
138
294
745
450
116
972
707
883
519
927
885
231
609
411
449
876
172
724
8
801
738
220
159
1019
121
481
716
199
89
440
689
322
327
102
490
498
541
271
664
677
943
639
170
432
586
733
551
404
513
47
333
213
848
549
196
117
652
755
182
515
511
284
22
893
60
225
975
634
65
211
736
1005
426
397
877
949
561
235
441
12
775
1012
512
888
516
359
28
959
301
427
10
1008
786
1006
653
51
407
604
898
245
252
789
380
471
188
632
768
356
204
54
112
732
627
564
373
460
127
911
465
813
826
151
315
958
804
77
846
388
777
435
425
421
657
934
868
704
358
84
454
576
951
960
730
900
21
250
105
446
531
879
400
545
626
63
238
256
779
579
136
540
534
811
431
526
115
389
279
398
26
32
349
193
725
338
470
119
62
286
715
971
700
992
816
743
267
309
795
126
133
234
306
625
90
246
989
181
872
751
596
261
592
620
808
807
243
463
478
325
75
606
262
438
861
706
650
505
266
809
914
957
9
414
936
558
1003
685
600
591
258
924
336
3
307
291
781
687
543
37
118
280
66
750
529
341
821
165
788
1013
55
610
329
412
747
771
525
168
374
527
184
80
50
623
829
104
229
2
572
145
772
195
275
141
853
273
129
759
25
409
643
607
828
954
367
897
264
844
208
1004
30
555
557
982
825
293
542
618
695
567
27
4
906
767
403
173
496
926
792
947
343
39
405
744
18
590
843
285
882
337
96
67
1007
522
472
985
92
533
1014
406
535
841
785
967
276
749
108
483
391
717
735
528
143
274
223
640
289
935
466
0
270
910
944
59
718
858
125
365
518
994
802
124
87
402
299
111
688
122
475
1016
669
251
393
281
328
583
753
46
680
428
565
239
536
925
953
907
1002
595
709
253
221
694
847
392
144
480
758
160
855
422
693
692
202
948
637
570
603
86
790
507
918
890
85
514
763
938
109
318
563
658
384
23
154
660
553
385
38
166
754
323
854
379
486
727
860
370
832
479
321
464
783
760
622
453
981
382
965
945
72
852
950
797
265
633
932
462
504
41
357
979
298
49
362
346
17
345
896
216
544
461
976
155
206
98
164
796
263
219
988
645
734
857
394
242
443
451
70
930
649
966
856
670
830
6
429
962
585
940
14
532
347
915
923
16
268
862
986
1023
167
859
433
827
931
148
742
612
842
762
869
457
961
418
320
608
836
342
292
921
983
100
599
773
996
456
731
995
838
351
459
937
638
493
539
973
249
178
368
363
817
335
873
169
241
377
654
629
831
641
214
332
57
176
222
468
697
686
439
699
946
987
247
546
865
29
101
615
941
800
142
355
628
236
939
447
20
761
984
569
317
651
517
19
157
575
140
721
956
667
573
415
587
272
81
1018
381
552
174
812
455
207
794
399
444
840
484
705
845
147
974
887
574
458
303
134
904
375
156
474
201
524
501
929
387
920
171
401
1021
1020
799
185
424
212
849
530
324
495
73
