906
814
691
522
289
727
737
210
817
954
468
696
253
146
577
768
518
948
245
306
683
995
626
854
791
224
730
557
947
1009
495
607
208
353
861
829
823
899
159
214
249
284
665
316
555
682
633
945
395
25
226
19
855
101
1004
219
564
196
236
99
147
886
668
88
126
990
1
549
266
706
347
259
221
570
714
671
398
461
782
693
569
129
533
373
939
15
405
608
700
170
891
61
746
300
931
120
632
930
595
832
703
739
30
290
140
138
233
869
938
459
644
707
376
457
84
394
680
848
188
838
1020
444
377
480
232
955
593
471
797
1001
516
174
355
824
837
584
141
622
505
971
634
708
35
662
202
865
47
728
591
211
504
611
542
318
89
474
80
274
321
193
908
793
530
820
690
578
24
311
476
590
328
787
435
548
144
977
356
686
916
390
602
152
851
684
784
834
544
935
466
68
523
734
67
172
980
122
502
992
532
247
329
453
319
863
410
816
155
713
588
402
386
738
85
456
280
856
294
949
825
500
229
305
627
213
766
404
9
776
645
37
209
189
103
2
182
116
562
335
482
94
352
277
775
806
228
852
79
21
559
517
165
946
735
991
283
51
811
69
777
527
307
909
718
171
385
270
973
269
901
473
613
601
870
243
525
107
896
543
754
489
962
157
745
850
987
470
859
310
889
796
251
1018
327
769
205
828
323
43
831
45
486
297
827
199
59
670
479
498
835
842
674
582
441
354
507
966
801
292
348
443
960
642
337
108
26
490
809
201
636
726
928
156
579
268
943
704
95
161
358
438
437
985
379
0
27
878
553
272
900
717
454
874
74
839
526
942
647
701
18
168
374
60
723
16
536
112
912
804
86
963
382
225
940
807
324
724
414
463
605
921
794
1023
933
38
360
596
983
275
937
616
336
803
571
609
876
841
366
52
780
606
635
450
624
42
175
846
882
401
246
914
778
160
12
740
736
604
291
57
747
535
204
448
631
836
560
812
925
802
462
541
14
760
547
998
302
82
650
822
345
164
561
618
699
953
452
75
263
681
657
892
638
666
1022
1017
36
346
1011
46
656
655
240
581
864
222
197
996
1015
220
296
375
599
574
339
384
362
881
715
732
234
123
34
260
871
862
923
764
758
731
39
151
759
125
93
716
32
235
350
639
788
897
381
997
915
239
449
1014
779
610
810
421
178
744
849
667
180
257
515
709
1002
389
206
458
552
994
765
643
411
340
110
20
649
65
426
685
446
919
640
501
203
169
173
119
315
506
929
654
326
423
753
755
630
287
207
256
132
711
465
70
550
96
887
538
312
911
545
183
904
66
585
672
857
162
216
313
524
798
83
786
677
248
783
330
367
87
62
417
81
770
148
244
1013
1019
993
558
978
566
924
883
276
1021
393
821
752
551
218
419
926
153
981
790
546
369
273
733
97
688
840
592
537
1006
1000
223
720
357
792
397
383
299
521
568
133
1005
308
705
467
956
932
399
53
388
429
78
531
8
314
338
898
281
844
867
819
907
575
477
92
509
743
905
936
756
409
508
364
540
503
121
719
412
494
48
439
343
487
293
741
958
689
49
637
427
675
431
615
598
455
166
922
72
309
143
137
176
387
195
583
485
100
279
927
893
215
295
475
73
614
371
563
262
230
534
587
951
320
365
1012
519
109
917
767
192
55
13
1010
513
660
3
641
799
772
378
805
432
442
469
833
920
623
483
472
265
368
884
124
135
406
41
785
890
149
621
104
91
7
28
76
729
50
134
194
830
673
351
661
721
282
361
98
238
191
488
597
910
6
520
902
370
359
658
941
40
895
795
944
179
325
659
115
64
620
372
464
252
231
258
413
603
742
177
349
400
692
999
950
757
988
751
813
913
877
200
493
968
130
934
342
142
158
653
363
333
106
695
181
5
242
880
185
118
628
1008
261
818
416
136
163
982
826
128
965
418
33
648
565
255
341
10
113
773
241
762
344
217
403
619
278
512
952
594
380
860
422
970
771
44
651
663
847
271
872
697
789
286
687
11
629
408
288
843
127
447
267
23
212
589
56
425
761
652
698
111
573
957
29
227
22
725
612
481
396
105
781
332
131
392
497
198
580
554
712
254
959
710
420
139
750
972
514
186
903
866
800
617
646
556
625
676
967
391
434
567
117
986
71
989
190
1007
184
529
858
853
17
430
888
576
102
424
510
303
679
445
187
114
491
1003
285
298
763
90
301
600
428
664
815
460
528
868
879
975
31
436
492
749
54
678
264
918
496
511
722
167
499
702
4
748
415
478
873
77
334
694
539
961
1016
808
433
322
145
774
586
154
976
407
969
317
331
484
845
304
451
572
250
669
974
979
894
984
440
237
875
885
964
150
63
58
