972
988
740
58
532
984
373
267
401
786
451
270
559
20
571
109
11
238
494
1021
945
548
533
939
644
703
398
59
279
834
870
147
198
354
338
129
912
211
954
297
835
683
63
411
212
568
670
452
955
893
162
932
369
592
249
924
630
375
44
311
815
741
243
649
56
205
818
465
639
864
321
261
241
657
901
1000
72
474
982
290
763
389
616
874
513
286
39
803
877
917
103
712
185
638
977
1009
366
209
567
119
127
22
399
888
579
348
66
5
817
393
104
647
85
156
517
178
469
319
441
315
836
860
17
804
509
540
481
928
913
557
868
570
991
49
820
16
876
667
713
752
384
101
444
168
12
651
105
848
372
312
434
488
379
161
565
81
76
484
4
863
724
743
895
871
381
169
350
1004
130
74
3
40
780
931
493
188
776
866
573
832
158
258
259
340
433
698
464
711
145
240
1008
294
801
566
538
505
588
131
91
643
462
225
419
380
334
586
75
580
973
701
120
900
614
544
751
274
443
626
300
94
271
911
970
796
435
702
828
9
529
719
597
149
454
663
606
214
391
688
655
918
933
894
447
0
669
770
339
641
1011
491
151
777
558
349
946
535
515
582
432
287
766
107
210
1018
940
363
998
95
421
793
473
904
691
450
884
284
234
367
756
246
926
555
341
507
370
141
700
949
459
172
501
508
880
636
869
1016
887
512
142
7
164
110
8
333
364
323
800
35
716
520
767
292
549
993
307
233
90
154
155
710
361
919
306
799
554
278
466
843
262
536
527
976
476
768
331
184
257
96
150
650
165
191
27
622
30
729
665
394
281
29
171
909
862
213
61
506
907
975
192
642
194
143
807
873
715
118
542
298
986
325
115
854
902
632
798
446
522
487
613
86
148
721
397
728
199
1015
938
467
113
792
886
674
426
867
648
718
328
838
814
455
160
857
610
811
758
480
475
653
438
791
146
345
437
295
144
483
254
855
699
821
543
244
472
732
587
999
654
960
88
82
812
43
531
291
856
357
344
725
790
264
519
418
910
187
489
878
230
769
193
260
51
652
159
858
589
125
511
987
685
310
668
952
707
576
892
133
966
1012
526
353
2
45
425
825
720
231
861
600
929
368
550
403
953
482
71
890
429
810
461
463
593
222
599
563
553
116
744
273
551
584
302
906
356
497
581
696
207
634
750
891
561
235
755
502
21
343
499
682
746
822
124
269
448
583
342
276
797
1020
326
33
430
38
327
34
18
181
680
320
602
153
695
612
678
609
442
739
139
470
829
123
183
525
628
407
679
377
102
1005
745
163
23
385
57
774
329
914
899
265
772
569
360
65
99
216
114
689
250
936
859
337
283
631
882
827
853
1007
694
897
293
221
872
943
498
730
358
106
24
177
309
737
510
742
830
971
504
898
248
79
417
611
64
605
471
424
477
346
420
637
387
242
218
232
656
282
992
951
134
186
681
174
478
944
760
80
969
280
490
903
619
594
819
539
55
26
782
516
299
708
736
67
255
621
603
905
748
77
376
215
779
122
449
974
731
428
445
923
921
305
833
318
1022
226
308
1023
785
908
915
176
883
415
692
842
111
615
562
693
277
585
994
355
885
995
514
132
964
687
304
93
413
41
764
136
575
762
396
453
896
427
423
849
624
968
677
402
875
431
175
42
60
359
332
382
733
410
980
53
518
922
671
956
839
572
303
137
831
268
378
916
395
959
289
335
661
813
666
979
486
87
989
126
52
190
256
537
598
781
967
1013
528
1001
6
266
440
390
684
950
673
405
930
646
314
1010
351
942
152
735
981
957
201
629
492
978
47
296
252
541
784
672
574
591
997
408
200
723
775
623
844
70
275
237
458
121
754
664
965
783
112
495
806
128
14
937
625
852
500
961
734
32
245
204
604
496
794
1017
601
530
865
362
617
808
645
618
485
1
727
229
773
25
31
802
78
704
889
686
272
108
1014
1006
983
374
595
690
219
36
633
189
705
963
422
552
317
100
288
805
316
324
1019
68
196
439
206
697
788
392
83
556
69
823
365
383
301
352
197
84
846
140
97
247
48
524
50
545
985
596
757
182
46
10
180
620
135
173
263
404
722
824
322
330
460
409
414
336
416
13
925
523
759
167
608
217
546
958
386
837
850
935
138
660
714
28
809
640
547
412
590
179
251
62
468
778
534
659
92
202
313
239
253
738
841
208
789
19
560
826
990
388
717
662
89
761
577
747
157
73
436
765
635
406
203
726
15
37
996
457
456
503
627
749
564
927
658
771
578
228
934
847
845
709
54
236
521
347
371
879
285
227
787
706
223
676
948
962
816
1003
920
166
881
941
795
1002
195
840
675
220
224
117
607
170
851
98
479
753
400
947
