857
998
376
291
70
893
10
892
700
235
975
882
320
251
55
476
267
282
68
530
684
293
185
342
384
785
367
668
559
378
28
188
390
984
928
713
301
57
497
517
72
287
976
672
240
5
930
854
583
1022
568
708
627
459
678
651
577
447
84
484
554
351
161
255
324
105
856
307
894
152
683
50
945
90
82
640
940
631
196
619
190
959
1013
591
803
462
645
863
961
679
661
544
317
778
584
115
189
444
689
346
506
744
227
717
608
299
698
369
349
989
654
193
409
44
667
501
895
910
750
382
236
186
510
192
545
846
881
707
239
488
929
646
546
260
634
632
752
130
788
314
1005
170
943
448
147
195
906
914
88
848
969
936
246
375
915
735
394
560
920
921
313
368
753
527
704
705
749
438
401
604
925
581
692
395
567
971
564
1007
197
373
433
872
18
637
992
1011
112
494
947
595
900
86
100
897
359
817
486
638
435
200
366
839
243
937
652
416
52
309
22
647
485
441
694
143
108
238
410
81
639
710
524
201
361
165
600
551
102
649
666
816
234
790
136
242
266
325
122
113
146
1006
536
93
935
762
538
966
1023
419
408
769
217
442
2
302
157
175
722
158
231
365
775
828
716
965
923
263
483
899
776
714
87
117
225
323
241
116
252
522
79
794
887
153
818
305
414
226
311
888
655
123
327
1
385
815
703
670
131
886
39
763
978
58
814
194
991
659
685
121
835
451
869
259
962
223
169
329
537
399
423
24
20
764
336
74
269
842
397
719
970
209
784
155
531
286
911
701
436
11
160
29
298
432
746
904
528
890
54
739
891
669
1021
620
303
78
427
107
896
276
280
737
643
825
99
300
589
734
114
456
926
526
944
964
827
290
353
48
471
1009
593
171
463
865
831
641
37
912
942
576
124
191
777
556
811
362
42
677
552
633
13
297
411
513
987
760
860
328
348
64
15
610
572
507
845
92
128
109
711
622
588
180
723
859
674
466
274
586
101
767
205
89
412
902
810
515
742
166
206
59
135
833
555
787
330
832
137
621
822
805
676
549
821
145
565
802
257
288
706
141
1014
681
1017
1003
60
250
523
422
542
393
973
273
350
851
996
849
823
402
322
793
481
132
877
407
203
880
731
248
404
690
187
612
465
968
98
468
847
864
71
358
733
443
502
478
732
129
434
938
799
505
826
916
657
173
343
244
844
355
580
354
477
96
601
261
1010
26
479
503
449
154
955
819
755
428
898
758
855
963
529
148
14
388
245
212
614
490
31
33
738
345
218
174
606
960
642
7
858
759
867
883
304
518
688
782
680
578
726
696
75
605
149
924
8
340
603
871
772
837
489
644
709
405
32
17
757
575
768
262
699
525
43
292
326
1019
374
315
77
952
254
127
469
660
164
563
874
553
16
979
34
635
995
265
727
908
492
430
207
999
415
878
579
9
629
230
543
933
870
697
934
901
278
813
151
876
981
440
946
511
306
470
316
264
736
144
38
429
387
663
482
836
1000
229
172
626
371
452
519
40
111
335
51
0
873
741
213
204
431
221
852
840
862
1020
140
356
590
256
990
214
202
917
357
179
941
1001
650
866
176
809
834
889
616
779
783
747
625
1012
702
994
3
23
233
967
953
199
66
332
636
73
413
561
30
120
400
808
283
338
585
615
671
491
334
294
534
718
41
557
403
344
162
977
931
932
691
65
134
905
598
728
450
843
406
308
751
142
25
988
993
562
656
487
277
457
806
907
321
748
951
177
541
270
853
249
954
804
61
922
97
211
913
159
983
56
437
693
421
295
673
720
472
765
284
215
509
664
12
163
770
222
341
417
461
504
110
310
499
974
85
372
424
687
460
571
275
493
628
216
312
512
253
573
587
780
156
972
178
500
271
781
1008
69
167
91
841
386
830
377
425
956
420
347
125
19
592
258
520
740
133
903
786
829
296
516
446
624
333
210
426
118
712
868
183
279
498
464
885
380
532
458
730
754
540
980
949
285
570
653
721
220
820
208
319
558
838
796
138
729
364
45
495
997
724
918
453
611
909
104
875
237
745
337
582
467
168
807
418
550
795
884
623
919
473
21
761
1004
181
63
103
791
219
521
682
958
715
27
766
46
35
566
247
798
289
1016
232
224
686
812
119
602
948
398
789
62
514
648
126
665
927
547
445
67
83
474
569
352
533
613
792
228
198
800
594
339
774
480
318
607
381
630
609
182
139
985
47
756
850
950
508
475
596
617
695
1002
439
771
4
1015
982
662
331
618
391
76
370
1018
392
360
535
53
150
36
396
957
106
383
675
879
272
986
539
80
599
49
281
658
6
861
268
95
496
743
548
363
184
455
379
797
454
94
773
597
801
824
725
939
574
389
