868
729
807
668
230
281
339
374
450
229
483
310
739
679
133
1010
649
41
370
3
472
548
664
295
839
431
500
464
742
460
518
947
924
312
243
872
748
505
91
459
236
678
923
961
862
445
59
114
87
136
251
921
964
403
627
185
597
145
501
622
122
340
470
859
100
557
536
240
865
992
966
635
611
738
552
31
703
119
149
329
863
19
538
944
563
288
328
809
129
768
772
573
162
812
293
181
845
88
253
419
675
632
520
496
857
57
247
849
198
861
349
29
5
747
469
1001
83
111
682
108
322
828
543
938
909
283
612
669
572
706
882
406
371
589
683
1000
495
977
830
834
291
224
471
35
497
858
182
843
70
17
314
931
167
25
474
818
118
304
417
730
477
435
1008
721
1016
125
893
516
13
928
334
608
308
1018
895
894
269
537
397
499
671
8
750
146
994
228
955
444
222
209
932
86
355
16
352
138
759
386
696
820
393
708
380
424
663
324
978
900
855
107
596
698
654
463
37
356
510
531
1015
402
212
24
195
95
914
96
533
792
1023
874
237
939
796
66
427
1004
559
650
176
169
930
430
762
62
853
815
619
737
0
825
561
615
848
887
777
912
68
847
320
26
191
665
20
294
473
123
509
522
27
732
64
410
733
626
487
603
124
879
171
46
268
692
712
975
513
714
713
38
540
261
1014
307
441
840
623
907
957
28
716
454
244
301
112
906
126
143
152
987
967
949
177
382
701
776
401
157
302
21
65
148
273
9
1009
12
753
534
1
1003
890
752
515
657
482
84
555
508
917
144
624
954
335
440
880
428
672
69
67
154
726
691
688
319
819
711
7
709
722
429
699
200
325
92
327
568
751
546
673
799
150
773
736
436
974
418
387
284
569
734
570
656
618
571
127
420
878
478
498
165
210
1021
945
134
316
34
280
575
638
141
77
728
545
780
535
959
915
287
903
337
6
204
593
620
51
206
347
266
743
173
953
221
585
826
259
850
75
1007
801
970
286
369
425
503
439
693
1012
372
817
982
392
164
787
719
433
467
462
979
60
710
359
504
973
808
996
135
128
835
989
502
214
702
277
661
217
960
348
375
249
856
937
367
740
381
434
466
485
455
376
528
905
871
867
232
442
566
11
345
373
963
769
549
263
383
598
305
969
413
926
690
1013
757
188
42
156
446
991
821
494
199
292
771
1002
233
407
790
800
647
831
15
159
353
529
331
479
758
745
415
707
521
803
452
1019
655
53
723
465
544
824
797
384
117
358
456
764
676
980
343
170
315
899
184
744
898
524
179
588
810
946
423
659
447
252
761
785
634
235
948
223
852
405
983
630
578
519
422
896
490
870
816
517
541
666
30
833
186
10
318
558
763
174
379
814
990
951
366
813
264
986
860
886
14
779
71
581
189
45
837
798
506
475
409
781
684
139
564
523
610
715
841
197
577
643
317
448
4
102
606
851
526
877
486
265
40
140
300
789
802
795
481
755
94
576
36
449
411
806
794
342
943
488
720
993
995
231
601
451
131
913
396
426
99
911
846
48
940
631
22
297
972
786
697
616
78
686
437
999
746
891
201
226
602
562
414
256
704
929
290
770
395
311
326
705
636
866
791
609
489
765
238
760
178
599
363
774
323
175
784
700
547
147
49
155
258
360
336
976
908
116
254
362
579
90
956
272
621
901
662
391
527
105
54
74
457
346
104
881
245
613
278
213
350
215
788
1005
965
412
398
299
854
421
554
933
484
674
884
153
225
93
216
306
927
55
1017
275
18
883
354
1006
667
832
453
952
73
844
981
617
193
614
52
332
194
23
642
158
629
408
142
553
717
39
783
285
271
298
220
885
192
889
997
916
782
595
604
592
279
270
289
137
1020
476
838
651
590
904
341
416
958
984
219
767
196
910
645
388
81
550
166
644
76
922
582
109
357
971
695
864
950
998
511
897
115
639
640
2
72
250
530
321
842
727
681
652
607
338
438
80
1022
935
262
242
89
79
658
875
377
718
985
532
587
648
689
512
296
163
432
902
203
941
351
1011
461
234
106
918
685
44
514
309
161
492
390
480
344
32
97
385
33
82
778
364
180
113
260
680
183
43
50
211
404
687
303
766
257
361
120
85
267
101
988
584
246
130
936
507
389
735
56
920
822
110
98
594
333
583
962
121
873
731
103
586
274
749
574
276
61
836
443
876
241
168
365
218
227
132
823
775
239
394
205
591
208
811
756
633
925
888
580
539
542
202
567
892
694
724
646
605
282
600
491
968
58
525
725
556
829
919
637
805
47
677
63
625
934
551
641
493
313
628
670
468
741
187
793
560
172
207
160
151
255
378
400
458
190
330
827
248
399
565
942
653
660
869
804
754
368
