313
286
82
528
192
593
76
607
806
531
188
512
502
85
483
167
654
653
602
472
741
939
529
319
233
908
553
229
957
975
298
736
506
911
392
817
556
915
799
214
840
337
545
942
933
866
255
149
98
435
639
705
668
541
794
314
470
300
675
332
145
436
509
950
133
1005
992
710
984
452
996
830
317
159
413
677
816
464
803
262
19
297
934
622
492
725
667
1012
849
827
490
203
691
600
358
759
802
597
634
701
678
64
673
250
569
356
264
752
966
226
168
475
618
974
91
193
592
186
210
13
260
930
221
453
1010
263
63
650
561
972
92
547
374
451
855
785
16
807
706
764
978
905
195
1009
269
718
99
385
407
823
893
126
951
60
720
498
54
375
805
998
182
118
72
387
838
100
171
257
366
198
442
862
102
157
341
792
393
869
943
773
430
384
629
427
232
312
519
78
80
397
288
586
685
305
447
499
508
457
938
360
842
225
674
206
688
172
809
940
546
67
985
808
58
104
696
460
964
89
533
756
97
5
751
652
83
662
174
778
62
590
200
608
310
1021
643
895
680
877
166
640
1004
6
572
185
1014
295
663
316
638
209
449
402
152
121
370
261
369
140
577
518
744
888
329
49
386
633
455
788
265
636
749
959
777
730
937
852
747
760
3
988
93
162
364
350
395
47
84
686
471
396
404
715
450
695
962
837
576
409
551
51
463
144
339
307
848
481
899
322
549
190
223
858
563
738
956
847
183
39
646
613
588
922
497
775
112
581
352
272
438
189
419
439
134
1
388
334
476
659
585
44
524
96
161
201
839
253
762
59
218
311
868
154
697
693
724
235
750
935
610
623
35
516
106
141
56
433
276
548
9
119
94
900
932
173
624
967
127
160
462
318
156
910
507
969
887
466
73
252
120
637
443
320
216
205
290
212
347
55
971
488
95
961
336
421
178
523
700
672
928
733
919
941
69
247
86
990
628
671
321
494
217
865
699
48
598
411
769
240
137
825
770
831
550
649
376
1001
458
818
422
163
246
682
129
907
251
977
958
860
24
755
537
197
220
150
180
114
784
349
440
194
27
74
30
991
147
343
21
774
850
0
1023
902
863
714
690
256
737
342
789
10
45
289
405
717
57
562
924
647
399
534
354
625
274
207
301
283
791
309
754
37
29
728
620
153
333
75
886
661
394
979
923
953
735
108
515
712
527
526
362
604
913
294
912
77
511
743
469
973
656
14
33
829
779
239
904
801
582
437
90
454
711
878
731
853
617
579
612
41
917
742
175
684
46
123
844
155
132
513
987
814
611
609
237
795
539
7
199
353
365
165
763
426
757
787
346
925
596
793
514
570
113
621
874
400
500
881
293
510
234
284
630
282
417
25
377
631
595
138
929
719
571
833
373
50
890
619
745
478
786
813
1002
681
4
101
949
856
683
993
669
687
406
11
665
532
772
445
361
739
465
135
423
266
204
357
331
692
302
798
897
122
565
871
379
267
222
616
139
38
338
517
800
363
485
414
110
431
115
474
578
968
721
740
42
496
758
946
242
143
898
1015
997
371
65
836
418
26
191
834
211
648
574
275
851
558
767
591
589
627
955
258
976
606
841
960
722
28
146
846
271
196
815
920
626
1022
535
177
8
580
1016
926
268
835
921
826
861
170
542
136
1020
679
285
359
12
491
296
61
771
782
18
854
889
325
429
389
776
845
901
403
327
382
664
734
594
707
459
727
1006
372
243
689
651
467
676
761
986
248
401
482
746
520
916
723
584
918
832
2
390
117
131
552
1000
415
906
824
903
244
124
857
864
495
635
23
559
79
703
583
567
416
228
227
811
819
981
872
657
781
615
873
530
15
954
70
995
564
355
599
894
655
828
351
176
883
605
694
215
484
753
884
398
875
880
446
480
796
504
40
169
111
202
994
891
573
540
109
1007
980
525
287
914
797
768
348
323
328
151
280
53
281
522
245
505
557
879
187
704
32
645
381
130
1013
179
867
1011
279
461
810
670
259
568
88
20
477
52
473
790
335
424
783
1003
983
181
278
71
575
378
425
982
554
936
765
164
702
555
614
81
821
487
493
544
105
927
17
970
965
909
254
1008
503
128
36
241
468
538
479
566
999
543
536
273
859
306
43
641
748
486
882
326
368
456
601
208
107
345
489
383
780
732
501
299
304
330
219
948
1019
410
885
1018
709
380
448
1017
441
22
324
148
291
184
344
391
31
820
896
116
644
315
367
822
947
876
340
658
603
420
716
444
432
963
660
843
560
412
66
249
989
292
892
230
87
428
870
713
666
238
766
812
224
213
270
521
804
103
632
125
231
945
642
68
142
308
158
952
303
408
34
944
434
277
587
236
729
931
708
726
698
