217
323
758
770
676
704
894
93
59
161
477
634
511
593
205
590
385
694
262
519
759
545
144
272
684
644
936
132
304
991
663
282
105
307
816
461
777
154
840
718
781
8
778
247
427
525
623
612
285
587
381
678
677
580
102
522
913
37
332
145
441
699
949
193
292
882
443
964
60
841
344
409
72
130
540
388
805
659
661
141
3
209
447
516
846
100
333
387
811
88
566
36
837
926
947
231
321
52
103
119
656
807
688
548
532
640
802
223
953
569
831
487
594
491
760
221
848
188
155
683
537
538
854
763
647
1023
824
553
795
251
1005
107
53
473
349
283
934
402
801
240
465
195
638
754
25
611
306
12
952
18
654
330
630
741
667
614
237
54
666
782
595
798
206
910
657
912
908
692
890
122
398
772
115
39
446
44
564
271
958
924
182
101
533
346
994
198
509
506
619
61
535
207
526
151
791
571
863
394
888
981
497
26
42
113
163
152
602
359
172
983
267
542
664
116
203
513
928
97
406
170
431
366
633
255
679
81
765
378
450
415
889
531
84
468
32
987
810
793
470
222
761
584
833
33
858
596
893
20
236
613
148
1017
977
413
91
343
403
697
218
432
315
239
424
946
923
736
738
288
717
380
951
827
857
46
581
486
549
749
56
700
733
94
895
430
645
903
191
960
254
942
685
950
338
867
339
177
762
710
787
302
529
471
241
23
331
4
747
583
989
422
466
117
439
79
311
229
118
702
773
484
706
751
632
680
695
412
631
599
185
175
243
440
1010
186
911
1001
303
925
227
822
83
572
137
361
899
51
225
1004
458
162
324
65
589
9
377
539
636
828
414
554
383
367
917
464
290
275
5
628
71
722
869
263
483
375
396
268
38
17
55
957
34
233
6
959
829
43
15
585
104
930
550
270
588
418
918
880
211
556
757
597
136
451
906
641
834
618
734
693
309
319
591
87
48
112
724
326
808
220
204
716
686
577
498
2
586
153
635
77
1016
68
789
771
76
337
776
813
128
40
830
472
178
1014
277
796
449
0
637
496
41
546
505
579
806
310
725
691
832
786
19
658
276
783
675
815
405
853
570
456
74
804
108
273
709
982
944
892
665
992
183
582
140
500
518
360
1022
147
562
80
646
872
169
687
235
158
67
921
993
189
66
453
280
305
99
29
933
376
129
232
260
212
715
126
353
196
799
705
1020
181
794
379
244
898
214
821
997
838
1002
85
818
114
371
907
460
21
544
973
606
22
523
689
1000
452
851
228
508
652
681
779
352
940
10
1018
78
558
768
358
334
745
300
871
249
615
972
363
296
329
875
135
621
426
764
224
567
258
252
348
655
748
356
690
984
417
82
494
261
210
197
604
874
844
608
298
350
568
24
922
750
879
489
357
512
286
883
248
746
843
726
541
64
743
850
643
728
876
50
639
673
301
294
600
295
389
784
480
909
423
968
264
499
935
674
996
839
176
194
721
945
327
755
720
737
345
939
845
399
739
462
408
503
493
96
411
543
45
814
823
407
419
165
575
142
986
696
125
167
999
956
714
916
901
320
187
576
444
651
941
336
200
27
774
120
603
397
92
730
969
1009
30
650
435
819
459
16
245
607
342
927
123
150
868
463
990
384
265
98
897
318
1008
527
1021
966
938
727
201
420
504
998
354
90
662
479
886
712
395
230
573
28
250
713
341
668
870
110
219
63
256
328
134
826
269
401
648
95
788
213
943
914
752
279
766
287
131
1011
278
75
860
109
351
1012
530
297
904
274
514
400
820
610
729
106
410
149
671
70
609
560
887
293
501
455
312
856
742
362
253
731
368
174
565
812
481
861
670
865
929
365
790
374
313
985
878
605
445
836
900
905
707
404
979
574
902
578
111
1003
971
873
510
242
11
835
347
156
159
437
325
864
744
490
792
753
31
436
335
173
184
428
877
234
528
976
179
266
785
238
369
73
896
146
475
281
469
884
62
291
995
429
624
364
139
552
124
660
355
626
797
157
192
682
289
954
434
478
168
1
775
515
842
284
629
1013
948
891
392
703
393
625
988
547
1006
980
259
708
735
507
69
517
492
454
138
433
121
442
561
885
421
617
49
975
314
416
855
974
47
756
1019
536
317
216
559
485
488
937
7
915
701
58
557
859
308
89
620
920
386
642
555
563
322
551
849
672
171
226
931
133
166
457
502
35
769
965
495
246
190
425
627
467
373
448
202
199
622
257
825
847
372
524
382
180
390
616
598
13
740
881
340
649
474
438
698
208
970
961
866
1007
719
780
14
520
803
932
476
601
370
653
391
521
862
215
732
967
962
817
316
767
143
534
978
86
963
1015
160
127
723
482
299
164
852
800
669
711
809
592
57
955
919
