592
650
1007
265
489
48
146
676
494
773
688
22
871
990
376
199
825
597
334
599
564
971
778
31
121
992
24
506
327
460
530
759
51
78
473
26
213
750
462
800
147
169
264
76
905
577
927
412
182
673
681
627
808
856
168
280
282
138
851
950
756
628
72
648
524
252
187
529
156
758
662
836
691
328
898
97
598
61
991
608
941
932
131
208
481
291
517
482
176
269
555
540
518
819
843
812
720
243
9
805
767
223
674
850
488
782
95
940
643
483
106
582
671
500
318
198
439
666
262
632
863
605
848
710
806
368
403
707
190
839
158
1001
891
957
647
444
934
958
396
677
380
211
533
16
703
405
292
810
179
538
672
25
942
351
889
625
322
172
802
619
553
682
178
879
59
73
418
87
383
776
344
378
461
539
705
470
884
360
717
312
642
765
184
857
525
955
680
960
122
965
864
222
373
66
752
874
273
983
512
897
397
873
390
41
997
641
906
569
272
191
748
227
325
195
587
996
917
1014
609
949
414
665
132
349
11
734
918
484
683
841
749
326
668
635
948
263
356
293
296
372
1002
477
181
953
542
746
453
468
214
149
103
423
404
218
828
369
618
637
581
911
913
547
826
445
245
823
495
696
844
846
300
766
718
307
448
400
1009
944
902
185
112
401
163
764
956
407
130
733
128
630
548
724
275
96
210
721
109
784
125
1017
761
339
416
447
424
152
247
788
723
33
507
923
302
241
366
908
559
847
658
801
44
562
657
979
603
999
854
901
787
573
1023
741
745
236
834
50
410
329
224
338
321
664
465
786
567
485
411
278
256
206
315
644
157
107
10
491
709
42
763
946
386
785
985
651
853
692
54
725
514
346
419
900
586
331
969
610
849
678
615
111
532
446
188
704
85
904
982
594
274
392
563
341
127
829
27
435
364
456
966
815
732
207
144
490
422
162
474
793
817
451
919
513
534
820
285
65
17
663
1005
64
968
370
342
1021
963
244
466
952
228
515
870
420
859
120
333
903
299
572
893
798
1006
930
804
320
377
646
621
83
202
912
34
611
355
701
945
471
869
882
845
943
716
254
554
28
792
425
310
39
535
258
1013
738
1008
892
135
343
166
685
510
303
71
679
972
348
558
297
399
842
499
77
712
951
1003
922
726
250
309
579
837
796
580
866
886
694
961
631
929
270
543
313
620
890
116
304
232
352
104
1000
574
768
675
998
113
145
283
357
450
119
271
924
833
634
822
203
753
689
12
790
697
975
498
556
789
730
794
205
40
102
602
215
612
452
142
827
740
94
669
393
585
154
667
337
795
441
23
528
62
684
537
140
151
964
287
189
777
751
81
68
888
860
88
67
358
737
148
429
516
266
799
552
395
251
523
962
55
345
90
695
124
388
332
527
719
993
336
1019
887
613
134
947
153
105
0
583
457
729
835
75
56
920
735
575
438
595
20
317
593
907
742
872
277
981
914
1016
454
18
177
743
541
885
43
359
38
183
284
246
350
413
21
354
226
99
180
1011
875
521
976
584
722
434
6
194
989
504
319
877
894
161
14
174
100
305
384
503
442
727
813
209
867
160
783
546
1
760
699
197
687
501
661
980
459
443
629
522
114
60
1022
623
89
260
248
939
257
921
755
487
774
633
865
52
638
436
110
622
469
347
838
165
600
32
365
652
858
57
118
279
624
13
925
137
230
1010
639
728
427
855
155
770
797
375
289
235
455
136
607
807
588
475
824
242
219
561
340
133
505
560
36
655
415
298
233
238
261
47
371
398
714
832
814
37
175
566
15
568
129
428
987
323
915
19
440
791
353
432
557
640
818
308
4
381
379
84
604
508
698
311
216
231
700
576
458
281
408
374
63
511
909
883
225
550
93
330
267
406
170
757
1004
92
821
306
970
295
486
394
862
589
519
771
497
437
389
670
565
200
70
463
5
362
35
478
3
739
192
977
288
49
141
601
571
974
417
984
426
69
711
978
636
995
591
2
449
1012
852
880
861
249
954
702
690
29
253
123
402
570
409
706
549
896
493
803
614
201
117
385
1020
744
713
290
967
431
301
204
736
259
294
816
910
86
286
578
229
108
926
809
221
779
335
479
196
382
391
780
830
421
234
747
363
98
616
928
769
53
82
878
936
686
101
693
45
139
931
831
545
509
986
973
994
167
502
660
649
772
79
314
480
217
775
606
126
496
526
220
467
240
590
387
476
899
367
492
164
626
935
186
762
596
143
173
193
30
276
659
531
1015
811
551
653
316
324
938
708
80
7
656
876
58
959
840
937
239
645
781
361
46
617
654
715
544
74
171
115
430
933
754
237
472
916
91
268
536
1018
8
868
988
212
255
433
520
881
731
150
895
159
464
