451
373
618
29
442
980
541
601
361
866
994
15
889
771
529
603
1016
411
499
1014
308
424
656
739
561
676
768
667
490
401
92
226
587
404
326
731
643
507
612
236
134
883
584
447
918
877
628
231
492
370
232
405
471
929
591
689
762
496
332
244
128
470
592
996
284
863
537
902
2
414
339
916
476
984
898
213
583
950
951
63
894
651
390
828
482
710
1008
1017
882
69
956
304
333
25
154
678
1004
719
71
192
826
368
850
61
806
93
216
845
432
672
804
813
259
261
1011
58
978
814
526
130
788
78
602
943
785
359
506
907
674
99
1019
810
385
790
903
655
475
888
657
150
649
441
802
316
180
1009
166
262
642
627
556
572
991
186
604
386
518
688
871
780
595
28
975
519
708
294
148
808
962
90
196
968
307
917
169
205
495
693
223
429
726
201
398
4
859
446
904
41
379
135
920
274
458
758
847
16
235
516
945
553
948
227
624
720
842
730
220
749
158
886
818
769
701
874
566
684
744
111
54
766
856
352
578
454
97
784
230
909
60
254
151
934
5
139
321
906
679
204
159
320
198
88
999
1021
654
74
995
681
142
406
581
557
463
491
696
542
402
57
944
37
831
546
861
703
687
1023
510
400
328
927
86
100
926
200
436
31
626
775
582
448
1000
600
774
383
640
520
560
959
878
895
933
963
277
1020
508
662
3
364
486
513
353
846
501
740
133
208
267
21
673
263
942
178
36
897
334
68
729
531
397
182
437
829
479
195
713
910
854
212
55
989
855
747
867
697
884
98
971
544
9
890
622
42
524
199
349
805
695
11
48
440
734
410
899
930
389
251
625
388
979
272
707
534
118
550
46
290
869
24
413
997
797
699
109
149
119
932
853
973
540
745
489
614
51
879
153
163
773
525
579
599
79
912
497
341
921
39
913
887
257
354
203
377
974
76
638
597
589
870
653
210
922
241
631
660
555
691
418
434
380
301
872
250
264
800
849
807
998
449
193
288
901
281
73
170
473
303
511
344
173
940
460
811
623
981
121
366
289
394
343
167
13
743
356
443
481
120
295
44
363
670
107
523
577
596
668
636
56
893
573
683
781
502
365
40
750
608
255
17
824
517
108
629
892
249
392
374
732
977
30
34
19
265
545
957
530
937
958
823
765
586
275
613
59
484
493
65
106
836
690
102
457
759
706
505
260
105
462
753
225
677
858
512
329
752
848
127
514
38
248
1006
407
778
8
504
1003
239
112
652
152
816
593
535
45
280
682
256
83
1015
258
209
438
796
746
412
478
563
675
735
639
761
946
217
487
417
822
276
233
565
53
615
528
409
325
817
156
35
298
801
527
841
351
104
663
273
110
311
532
970
141
87
821
648
722
27
547
189
147
103
75
396
671
570
783
843
129
144
924
795
172
498
456
243
145
224
67
47
832
992
480
122
941
936
96
686
360
286
367
865
533
923
611
190
444
554
698
966
1007
776
266
114
84
705
606
453
184
1013
844
179
297
80
885
302
422
914
376
760
428
124
171
987
245
237
756
291
728
296
64
421
94
559
737
357
985
500
146
711
140
136
704
709
919
607
488
292
340
287
433
375
7
809
862
714
965
972
283
306
113
522
427
993
644
983
954
1
634
408
168
95
700
881
896
246
268
694
621
551
873
935
214
52
336
125
324
466
115
431
419
891
197
10
355
369
165
664
89
62
300
609
6
964
786
815
947
741
485
215
827
568
738
787
164
238
160
982
347
567
395
126
953
342
834
721
548
185
66
175
569
658
423
1022
939
378
157
309
799
1010
32
938
285
645
181
33
323
331
252
825
905
278
143
242
630
372
772
986
509
1001
880
820
348
791
82
234
876
384
270
1018
911
928
416
371
426
960
450
860
43
598
931
459
782
835
337
620
967
12
101
680
116
864
0
792
789
229
474
733
574
590
174
1005
282
777
949
988
724
837
536
564
382
132
580
391
393
736
322
616
467
798
549
381
310
605
221
659
187
338
833
617
50
647
253
477
819
177
318
900
585
538
194
840
49
319
521
716
925
350
633
830
155
314
305
464
575
571
346
723
610
312
72
330
191
207
117
317
685
472
751
515
961
955
399
219
764
718
138
588
218
91
461
803
468
137
851
715
222
757
661
452
839
14
1002
692
465
543
22
439
702
669
240
619
915
976
717
666
852
425
162
415
188
315
23
727
26
123
650
81
755
637
18
838
403
269
632
131
202
362
455
742
345
176
552
70
211
767
299
641
754
969
646
445
665
1012
558
712
420
430
576
335
293
503
770
763
793
812
469
271
387
20
161
313
228
794
327
779
247
358
594
952
990
85
635
725
435
562
279
206
539
868
183
875
748
857
908
494
77
483
