916
814
622
683
759
436
572
425
331
176
595
258
158
812
447
1
52
1009
680
381
755
714
833
1000
646
254
231
72
648
754
349
174
8
904
420
866
386
712
112
245
497
585
817
612
563
941
194
872
988
493
979
682
42
138
435
391
524
692
982
469
944
163
605
201
514
44
300
753
36
4
243
411
973
664
685
774
37
518
16
949
847
1022
465
877
134
230
256
921
1002
318
1021
516
965
708
34
745
623
481
404
314
996
920
751
621
824
160
153
811
18
631
385
560
859
986
379
1003
537
479
296
628
780
513
521
707
549
47
140
862
73
1016
978
844
818
649
499
752
942
344
175
53
265
224
842
482
0
843
143
989
210
566
374
446
166
593
908
255
830
583
890
747
182
470
994
858
626
643
699
196
800
15
974
581
691
912
363
608
491
735
188
335
212
216
3
603
43
388
958
462
272
925
103
637
970
611
281
277
530
592
382
13
311
249
313
966
365
203
412
232
144
704
727
791
250
383
779
502
50
662
483
762
65
710
981
93
826
222
673
932
885
26
564
415
863
997
197
458
1013
741
749
757
460
999
244
301
496
600
705
926
795
283
1023
957
488
867
504
437
657
918
728
835
616
187
540
615
505
663
241
213
952
161
396
794
992
268
526
297
668
523
737
84
678
60
667
234
634
884
294
321
729
397
306
819
76
528
198
461
192
894
242
316
645
796
236
401
378
413
184
459
939
571
220
273
55
591
900
760
83
936
88
199
12
808
171
734
79
538
748
489
299
191
889
334
159
398
274
350
48
725
240
855
444
943
61
804
68
1005
464
701
822
226
690
837
473
881
179
149
742
361
763
472
802
849
90
971
304
357
101
836
394
512
113
167
423
352
964
211
400
821
455
252
967
326
348
246
868
137
238
202
902
262
151
617
332
781
659
820
1019
484
114
27
466
492
364
874
190
503
850
652
372
897
553
456
828
155
647
282
625
86
275
630
183
333
731
577
787
620
71
610
405
558
173
671
407
782
777
219
480
721
100
950
485
841
1006
319
937
738
89
146
679
589
562
431
343
269
1014
127
452
953
792
347
24
356
758
177
19
557
75
601
519
1001
697
905
976
947
21
840
651
205
41
567
507
693
293
788
279
110
914
339
977
94
7
408
895
901
358
315
954
139
770
517
290
1011
131
130
414
70
638
417
69
654
810
477
449
276
931
310
1018
474
409
1004
422
337
501
247
377
14
543
613
228
172
968
353
886
533
711
876
67
11
985
330
35
656
32
64
689
54
355
766
940
541
677
750
17
775
426
77
599
5
823
927
402
20
510
427
955
793
713
438
987
984
765
887
807
264
57
22
147
204
568
239
317
906
132
298
509
799
126
453
554
769
633
959
223
195
162
539
97
487
207
716
406
938
596
23
825
124
218
56
40
260
983
442
208
325
548
733
674
59
915
882
30
287
588
834
990
1020
10
186
852
106
684
907
694
864
92
698
861
578
360
253
813
393
399
786
686
547
346
368
969
544
636
129
96
805
598
329
569
980
251
515
854
681
312
935
924
109
851
302
387
570
922
62
389
798
74
806
573
972
303
150
934
340
789
717
85
832
998
217
644
165
688
63
1010
898
322
917
45
133
342
574
141
555
845
776
362
495
618
1017
309
930
665
669
418
31
848
552
117
142
99
328
221
580
1015
498
445
38
511
336
157
586
948
929
676
661
486
467
49
33
345
169
838
278
121
6
718
154
463
58
719
111
687
351
869
215
928
271
430
284
289
66
801
206
961
156
899
307
451
471
870
582
660
125
893
883
419
829
1008
797
369
761
494
607
214
454
102
772
531
746
993
672
450
370
584
816
478
658
911
767
946
534
995
744
527
270
354
783
490
923
756
522
706
875
120
764
545
856
903
960
235
896
9
666
602
104
416
439
81
785
962
933
559
457
267
909
193
1007
95
587
784
778
891
366
51
857
790
579
257
433
525
604
506
189
380
695
80
910
308
292
878
148
443
200
82
1012
359
635
341
2
606
609
39
225
229
951
432
720
285
263
815
550
421
809
655
392
168
237
650
28
879
736
288
448
696
803
535
873
136
373
116
831
305
123
371
105
715
428
29
209
508
429
619
827
771
773
324
594
880
227
614
395
624
476
726
180
122
641
865
551
107
87
434
740
128
956
642
115
860
653
730
739
532
546
724
871
590
768
98
91
185
375
576
78
700
888
259
945
892
670
629
376
261
542
632
178
410
338
118
703
913
709
390
233
46
152
291
323
164
320
723
170
702
991
25
640
440
743
839
266
536
441
529
500
597
475
963
468
295
520
853
556
975
627
675
108
846
280
145
119
403
722
135
575
327
248
286
639
384
732
561
424
367
919
565
181
