777
209
204
728
436
832
370
169
725
593
259
367
902
822
316
314
664
801
18
6
846
598
153
563
631
281
796
368
485
1007
700
870
807
545
66
112
478
798
272
273
150
141
172
736
953
344
35
899
724
475
175
271
511
307
782
176
817
991
577
346
452
262
791
371
889
76
519
265
775
521
515
319
482
395
433
231
919
861
667
980
525
374
212
457
257
186
971
327
1003
732
634
924
844
744
611
854
455
885
847
479
780
86
30
326
280
414
149
907
132
419
343
999
812
673
833
181
818
1015
31
901
464
137
608
970
114
324
564
16
856
277
805
465
610
425
1019
334
52
286
41
473
9
25
790
213
951
355
135
118
167
789
122
289
385
535
305
937
467
106
821
869
542
690
592
442
332
336
421
647
571
534
568
653
748
740
751
20
237
578
382
211
557
353
163
294
1012
530
235
356
619
887
158
339
976
749
315
63
933
49
669
721
895
770
936
764
950
140
498
194
920
556
554
8
230
206
509
492
552
55
244
952
417
260
900
527
26
39
779
643
358
644
486
890
641
685
689
853
296
733
946
863
430
501
445
310
680
860
61
977
810
1006
166
845
526
617
595
624
862
301
120
198
930
763
47
575
683
752
53
229
879
459
768
426
934
703
555
28
1010
342
616
737
948
996
387
450
910
139
682
422
67
741
715
904
693
4
251
604
811
270
401
292
331
840
347
412
447
730
60
291
192
786
518
318
162
116
1011
939
365
3
657
321
317
918
837
48
328
223
493
130
97
739
983
128
349
37
672
214
760
32
462
620
784
588
549
625
656
161
438
51
108
938
831
300
303
637
366
216
591
451
665
528
144
62
87
264
702
612
979
677
716
609
483
306
698
581
94
596
500
129
758
722
829
671
580
369
655
70
274
546
1014
1022
375
987
876
2
449
40
502
627
745
756
548
723
381
886
633
729
830
908
7
570
282
510
428
1002
46
836
373
293
828
105
360
115
427
867
357
638
333
961
926
541
1020
376
603
823
400
621
516
696
59
966
403
704
119
969
755
651
174
12
859
905
410
663
222
193
283
506
858
409
240
857
69
489
228
290
893
945
560
894
234
168
927
80
855
145
45
91
398
1018
865
276
809
415
1013
304
474
793
95
352
466
338
268
1004
566
1
866
444
785
995
913
84
471
679
380
662
345
111
488
285
215
835
110
708
843
408
584
695
965
813
599
848
248
660
773
941
668
675
372
911
202
127
378
601
582
184
602
205
806
329
182
650
196
93
226
269
804
645
626
258
81
156
460
424
476
586
547
151
872
284
674
159
146
178
800
89
78
337
468
576
710
706
803
757
639
155
79
765
540
944
972
532
75
503
688
731
407
883
742
499
199
565
928
279
396
896
177
472
413
1021
994
416
71
735
210
623
92
982
897
922
17
183
974
377
531
523
1000
543
88
875
1017
232
517
56
197
224
738
495
383
82
242
613
720
330
949
538
632
180
771
898
123
309
816
121
148
767
711
968
778
100
243
165
574
931
699
734
587
743
173
1008
750
394
766
5
404
826
923
364
208
640
15
423
539
458
769
446
104
23
709
864
494
164
691
705
960
154
717
469
157
988
1016
245
947
384
594
325
909
246
841
435
399
942
973
629
58
772
537
774
753
954
54
824
797
124
652
842
350
312
981
68
792
406
754
569
630
29
448
959
713
361
1001
906
64
874
508
658
553
397
712
559
762
191
850
533
275
607
241
694
558
851
418
249
496
524
505
958
480
759
661
589
463
185
819
34
820
405
21
978
188
109
322
77
536
341
943
719
236
964
437
783
989
562
955
11
429
10
1005
287
189
311
57
201
714
583
44
42
90
1023
815
984
295
255
359
871
83
221
892
263
171
432
72
440
814
490
85
882
504
520
884
932
74
24
379
635
997
903
963
487
233
354
572
940
50
670
678
726
606
636
915
707
386
431
975
697
544
579
718
687
692
881
825
917
615
992
302
299
614
888
985
335
628
686
43
921
195
160
65
101
453
522
254
348
38
200
340
96
19
684
267
297
561
834
252
13
868
529
787
392
461
33
747
802
133
590
103
288
136
1009
22
225
781
838
27
256
497
218
238
873
117
441
827
323
929
190
648
14
512
73
914
642
227
389
308
839
849
891
207
102
250
142
507
761
600
313
567
622
217
253
411
131
152
351
585
320
776
266
550
676
220
420
794
390
393
646
388
434
916
701
967
998
477
107
912
727
956
962
99
551
659
795
993
878
363
454
990
484
402
877
852
957
746
134
649
261
443
573
880
788
247
147
799
36
239
203
179
113
278
654
456
925
219
618
808
170
513
597
935
470
143
0
481
605
362
298
126
491
986
666
98
514
187
681
439
125
138
391
