126
603
1015
210
558
290
504
147
523
3
398
572
285
47
436
408
164
715
658
564
360
772
701
85
565
853
234
846
455
155
139
331
141
80
373
714
981
402
863
950
1006
237
546
167
169
274
125
200
505
973
376
553
153
209
355
50
610
426
78
664
781
70
381
362
519
793
108
809
452
16
616
775
1022
261
294
255
811
83
273
828
858
364
117
623
224
883
185
435
264
823
254
570
184
660
1001
919
96
774
231
1005
410
342
900
563
627
960
670
152
483
932
943
700
62
33
392
417
35
14
46
271
839
358
937
761
115
71
746
25
368
723
942
769
432
704
910
243
560
63
824
289
864
268
654
965
938
518
980
217
270
503
1018
122
986
73
629
460
159
944
868
72
1007
136
168
651
881
771
582
344
366
644
641
951
486
602
67
955
551
605
181
642
97
489
246
480
103
357
454
416
844
762
484
419
312
983
635
808
801
509
213
60
646
282
913
865
995
77
985
819
708
867
466
975
588
98
680
482
698
507
688
1002
206
696
886
806
283
693
522
472
734
17
789
728
148
917
810
295
726
548
556
747
682
648
112
339
447
547
391
559
205
931
984
536
492
860
395
820
493
186
901
385
304
587
776
248
733
372
885
957
207
939
105
26
473
431
303
320
260
729
911
525
325
914
628
877
625
699
101
686
418
757
380
384
193
1021
779
876
591
1003
936
812
301
188
822
31
706
160
84
311
500
711
319
37
230
920
515
242
990
784
42
263
369
719
201
401
874
1020
544
579
422
64
571
221
66
833
982
12
137
851
543
735
365
758
192
404
394
163
383
133
189
74
678
225
457
707
692
284
613
848
650
86
281
606
755
586
709
171
935
387
491
240
191
326
1000
614
842
763
740
352
400
337
915
113
636
463
499
626
661
827
677
258
226
29
569
7
236
170
912
552
495
203
120
91
308
926
123
947
468
1008
580
584
195
817
946
720
803
332
485
710
128
177
251
161
154
21
752
968
685
202
750
396
690
428
441
840
451
23
287
513
272
227
501
619
190
568
669
420
291
142
575
590
508
445
235
421
855
662
880
75
531
991
962
382
843
69
298
180
406
804
265
130
835
702
668
87
927
891
353
760
873
356
859
562
315
722
474
898
791
892
510
837
309
488
792
49
22
349
618
127
600
666
94
634
961
958
363
502
262
539
20
82
197
537
79
639
945
102
306
748
770
194
521
649
328
393
90
267
535
695
307
178
9
219
212
350
933
756
377
292
777
279
176
129
581
8
131
724
742
187
743
814
1004
118
805
143
741
238
780
388
0
506
233
640
54
1011
621
611
997
987
232
106
461
759
343
446
897
716
921
764
888
905
316
38
592
795
45
949
57
322
941
826
121
111
471
928
816
336
631
838
334
675
969
896
375
511
354
15
953
689
144
10
467
65
453
783
694
514
979
736
34
884
954
256
293
324
550
577
796
442
663
52
228
414
832
797
836
667
829
403
222
978
470
672
601
608
165
215
239
425
574
351
517
922
223
524
438
479
496
6
940
174
841
713
318
302
211
542
299
183
604
530
561
469
494
573
790
250
345
162
538
241
821
717
974
850
583
338
313
681
904
216
175
725
782
323
852
348
554
276
286
179
895
456
598
367
173
788
622
630
674
99
994
878
412
444
107
1013
390
540
712
138
599
857
656
963
498
739
132
39
407
786
437
427
597
5
889
61
389
114
288
424
632
156
462
541
778
684
887
464
737
934
929
11
41
413
753
330
266
371
423
335
199
799
512
732
593
48
88
374
679
988
800
296
727
19
721
361
655
595
1
894
1010
647
429
370
449
909
907
1009
151
815
993
964
731
124
745
300
247
1023
59
18
104
305
476
798
673
278
333
109
967
134
378
95
459
687
856
633
478
433
448
440
150
92
652
870
405
1019
490
24
347
244
854
329
297
110
253
802
924
76
182
51
903
208
956
44
487
527
526
359
534
624
875
196
89
989
578
813
249
58
952
705
744
119
81
596
861
567
645
465
259
409
166
849
1014
386
528
972
204
314
872
659
831
93
992
638
43
683
834
458
996
146
594
637
135
257
862
617
53
923
4
397
916
32
615
785
310
443
529
643
277
794
36
55
576
13
198
607
998
899
765
275
520
40
749
766
555
220
589
481
516
341
879
751
218
56
68
738
767
415
620
533
549
545
847
346
882
890
116
893
787
497
252
585
930
1016
145
327
676
999
317
1017
477
959
902
172
28
609
566
948
918
245
908
866
214
321
869
100
229
665
730
970
30
906
925
557
845
818
697
27
157
718
773
411
158
807
671
430
439
399
280
703
966
977
871
1012
450
830
532
653
657
434
379
612
768
475
691
149
825
340
269
976
2
754
971
140
