541
488
938
509
298
792
75
324
238
125
502
431
969
774
951
349
994
700
453
544
978
143
197
103
236
905
861
175
760
566
493
413
762
903
122
683
791
14
445
256
299
917
401
498
146
886
958
692
831
98
133
712
246
783
843
244
695
33
926
408
187
896
261
645
69
486
898
118
378
194
680
514
952
494
603
205
626
985
115
521
302
436
142
507
462
495
321
827
663
711
940
627
512
10
961
914
92
810
357
310
88
842
332
400
629
944
165
289
536
571
534
266
602
58
510
919
786
768
1010
93
720
654
964
991
409
967
556
376
322
992
180
379
601
841
871
688
181
152
1006
990
249
858
897
755
550
826
987
327
6
822
784
644
164
618
269
329
761
232
395
105
91
384
856
179
723
878
946
437
185
497
222
815
394
128
882
150
60
874
247
525
1022
790
119
414
925
547
388
520
3
312
718
881
684
111
572
335
420
867
610
252
650
457
727
612
15
106
807
221
218
76
434
500
300
403
443
421
508
590
265
22
885
112
184
868
702
1003
484
517
263
726
160
250
542
225
619
808
12
667
1008
157
890
114
17
423
176
259
214
274
85
170
47
345
404
202
25
130
113
155
504
8
469
669
1000
844
671
353
398
455
535
575
383
729
196
839
548
482
1018
943
809
641
847
141
801
722
207
148
646
217
292
679
624
655
690
402
391
415
387
677
36
57
764
234
848
657
77
412
213
540
888
740
927
356
450
968
876
389
911
13
172
686
319
483
5
68
240
0
331
315
110
554
893
966
538
750
921
326
563
691
360
758
693
965
592
271
375
950
432
918
823
754
49
427
43
877
396
749
19
795
777
771
147
715
757
399
151
83
430
351
733
709
177
251
158
231
583
253
95
458
913
1016
615
233
132
732
860
369
61
995
255
705
39
373
424
625
776
989
280
751
820
454
565
31
131
102
986
48
813
28
262
738
607
73
380
570
781
633
306
1004
649
204
569
737
587
463
623
836
543
267
910
620
767
1019
350
539
947
651
435
346
2
11
581
264
891
29
631
364
528
713
980
65
589
855
559
939
100
26
789
975
198
617
272
456
941
889
934
489
23
818
492
857
260
428
257
363
703
286
909
195
229
800
192
953
230
825
174
870
588
567
242
96
124
524
273
936
390
467
352
126
526
477
30
183
730
318
656
812
562
219
336
955
606
284
381
200
901
689
367
481
545
647
276
604
984
642
694
668
418
596
532
834
742
568
779
681
710
465
518
121
880
766
960
1012
153
1020
425
765
1
862
635
769
716
674
505
433
74
595
773
392
743
519
62
1021
468
386
653
1015
270
900
564
817
662
552
537
734
460
137
533
416
317
555
228
798
108
178
696
291
685
687
1007
954
531
930
243
441
140
66
339
239
188
522
661
591
333
724
859
797
752
78
923
837
527
347
682
348
342
305
139
473
600
206
86
70
189
928
851
35
884
551
84
123
191
973
56
451
258
622
459
920
340
983
578
553
816
385
637
557
770
759
32
793
287
598
579
829
805
794
9
288
156
355
295
285
371
296
977
334
873
945
301
906
53
558
875
365
701
605
628
64
640
772
704
470
447
226
850
67
560
999
366
54
491
803
745
405
382
208
821
866
442
932
670
129
819
1017
523
613
354
675
840
478
594
59
735
203
496
747
576
756
846
94
639
948
159
97
81
448
908
728
89
879
931
38
599
698
585
971
835
778
254
211
406
796
7
134
659
853
325
290
80
993
788
220
736
916
149
814
293
359
330
476
362
51
307
515
573
479
71
634
652
446
894
337
621
1023
988
278
104
972
439
714
746
171
72
849
731
708
586
487
426
717
739
343
282
697
516
830
275
138
116
609
4
942
753
902
55
358
63
419
166
593
597
135
471
963
503
209
162
44
907
449
933
167
974
444
21
117
328
924
775
52
636
1014
666
50
501
223
577
643
472
741
676
372
245
787
506
719
182
824
899
549
99
145
186
281
699
313
956
580
475
215
410
241
474
1001
673
227
201
763
163
344
393
748
863
513
1002
212
452
869
374
706
802
949
658
937
283
338
490
144
935
461
632
981
161
109
664
466
721
136
377
429
237
417
998
922
648
838
1009
962
782
529
832
87
895
309
314
316
169
16
574
864
323
90
957
582
101
785
480
614
804
638
872
1011
725
608
235
42
672
303
422
976
616
193
440
464
854
511
308
438
630
34
190
361
397
311
168
852
744
248
20
41
79
546
584
224
982
806
407
40
18
997
199
297
499
368
127
1013
665
979
370
82
887
660
173
530
912
678
37
341
320
865
45
210
996
485
27
780
833
799
892
707
46
277
959
294
929
107
216
970
811
883
304
561
268
915
24
845
904
120
828
611
1005
279
154
411
