985
267
633
751
146
774
889
452
784
637
606
979
230
880
45
914
542
643
488
384
417
630
722
585
549
566
717
210
674
293
725
98
307
319
338
564
1019
1006
4
213
361
505
462
49
492
841
227
445
443
170
871
504
61
148
728
658
992
350
608
354
44
51
763
79
28
782
891
99
887
900
390
260
628
872
435
105
526
976
199
180
703
598
0
145
133
206
860
117
749
752
576
167
583
601
448
964
503
720
575
83
527
353
39
255
85
543
123
165
204
953
739
596
730
310
55
427
8
431
562
245
993
772
590
550
197
138
555
770
724
605
873
987
983
806
510
765
738
50
340
182
753
645
556
1023
221
546
23
530
416
807
20
849
859
128
995
195
762
485
189
610
963
915
816
271
246
567
669
748
973
58
71
249
346
690
895
269
920
471
965
813
257
618
798
834
679
446
928
508
302
1008
469
223
950
531
789
624
881
371
33
18
158
581
938
972
704
259
756
639
9
423
400
109
698
215
694
402
926
525
362
755
796
155
391
263
43
809
923
840
500
279
285
693
339
857
47
282
357
284
884
200
164
520
473
968
496
700
850
737
810
444
159
868
678
376
986
59
570
898
36
234
870
86
351
69
451
715
238
790
903
757
393
982
410
664
1000
237
824
472
37
294
885
334
1015
511
432
367
916
65
262
115
349
207
682
415
512
604
632
609
524
91
944
532
30
793
706
3
414
930
174
1016
650
162
375
329
231
290
852
68
794
584
277
977
959
190
533
53
225
894
750
487
649
387
1020
636
94
306
177
113
586
888
642
265
344
95
21
990
991
588
110
56
820
437
46
856
805
980
456
823
15
460
430
217
266
659
10
876
343
522
330
394
318
616
818
347
397
442
603
408
348
573
421
565
214
766
233
497
783
274
1003
12
209
996
377
607
940
483
78
287
735
911
655
63
732
222
482
792
29
779
883
686
994
60
661
1004
424
398
406
844
232
356
921
709
947
800
407
571
280
736
671
534
226
64
855
185
781
278
366
121
727
87
134
418
118
428
352
130
742
326
811
479
252
553
303
235
183
514
719
103
368
317
760
967
939
453
470
599
481
787
32
702
646
501
499
124
904
89
582
918
76
478
614
412
988
648
554
449
563
802
853
587
100
666
273
70
754
538
945
52
833
491
73
960
907
640
208
286
236
42
489
140
949
493
157
137
865
440
281
974
112
75
825
457
537
714
695
96
536
747
372
151
187
256
370
733
475
120
517
665
342
379
248
559
495
459
193
13
854
1012
946
6
673
708
984
688
545
24
689
139
569
677
211
441
201
316
721
656
104
726
498
154
701
136
890
275
247
971
672
333
866
799
548
81
355
539
1001
258
716
981
668
345
1014
153
675
152
88
454
786
66
477
837
450
631
5
301
38
927
641
847
144
2
602
7
547
31
325
906
592
557
474
1007
179
218
1022
933
879
381
392
34
438
490
341
892
160
186
106
358
975
937
1021
846
388
591
660
383
239
327
619
743
775
513
801
224
292
625
681
758
997
814
541
403
955
731
621
667
90
712
181
874
952
593
692
26
411
902
101
41
72
216
360
886
741
970
276
842
378
832
385
433
243
848
308
838
296
812
528
540
989
331
17
568
283
203
611
268
778
845
467
589
577
19
509
288
785
220
705
910
194
999
304
127
212
529
429
241
651
683
804
494
299
623
242
629
777
803
322
572
942
627
1010
936
843
684
551
272
652
780
867
169
40
202
131
663
535
291
135
321
161
192
198
897
311
594
729
828
767
836
156
797
295
764
404
1005
595
893
335
773
521
707
22
901
745
93
713
116
74
447
734
934
948
654
574
502
364
297
839
328
298
912
82
250
929
776
175
769
205
899
851
969
516
254
419
518
917
80
863
507
958
323
723
484
171
861
380
84
149
35
461
305
771
486
966
312
600
373
909
125
822
978
821
359
626
27
132
382
597
108
48
951
635
560
141
913
251
300
815
961
858
425
617
919
191
439
332
244
261
111
253
696
336
580
647
67
740
869
896
1013
228
142
395
458
746
957
875
102
196
1018
877
466
14
744
188
184
386
808
506
264
523
122
561
324
954
826
710
620
369
831
463
827
697
905
129
434
612
270
25
864
653
922
168
691
1
178
97
558
943
680
829
11
420
365
172
422
480
54
119
1017
687
62
768
16
657
956
413
662
289
932
644
409
1002
57
791
309
613
676
908
240
761
314
176
405
313
878
579
711
374
924
718
150
426
399
77
337
835
515
578
476
931
552
363
107
519
320
882
464
819
465
962
925
229
615
1009
126
163
219
92
817
143
998
389
638
788
173
166
941
544
759
699
685
862
830
455
436
935
795
622
468
1011
634
315
147
401
114
396
670
