761
979
59
917
136
873
984
852
424
182
435
841
362
495
593
930
548
181
677
57
603
778
861
459
870
542
502
606
986
119
427
467
485
813
747
248
358
858
730
1
106
12
665
625
766
618
514
451
37
893
229
474
997
35
668
888
863
945
422
547
942
33
131
581
694
820
452
734
286
645
971
647
365
473
236
187
515
862
528
74
1010
294
611
992
968
433
207
214
227
670
842
384
1000
785
517
631
811
741
882
383
11
662
279
561
701
965
367
271
19
95
189
347
584
101
865
77
13
1023
265
493
1009
707
535
313
40
600
86
252
925
532
99
191
512
546
585
796
350
970
184
817
63
642
218
284
276
400
398
622
369
301
394
188
780
426
994
123
21
702
408
976
540
154
165
234
333
527
298
232
963
256
507
389
911
3
205
9
706
135
896
150
753
7
126
390
167
985
807
379
355
829
129
788
824
1013
10
221
172
280
412
989
317
524
308
562
802
1019
699
680
960
669
478
20
79
375
88
682
348
296
361
823
310
505
240
61
937
39
768
691
275
371
117
833
551
678
590
428
923
902
526
38
372
641
67
644
346
803
104
804
289
499
278
626
484
213
591
525
859
578
819
689
732
692
302
720
775
739
757
928
396
444
799
553
557
466
0
704
336
792
850
217
629
880
869
601
107
441
650
122
941
368
658
197
733
723
866
610
574
637
471
623
604
462
173
573
844
894
620
876
102
805
199
877
909
345
354
825
437
904
698
151
243
34
508
646
41
111
919
366
758
477
550
974
848
614
659
810
14
226
975
598
273
759
537
633
395
64
75
450
342
69
851
987
262
874
708
241
397
898
660
950
329
518
991
8
879
183
152
595
341
664
381
203
871
812
92
402
801
853
777
445
25
735
529
504
617
648
539
519
404
120
849
204
249
973
193
142
952
624
449
784
509
373
440
175
386
247
713
146
936
51
943
225
251
4
832
268
480
683
982
198
503
220
420
258
834
731
688
352
156
96
736
468
522
157
65
690
73
285
149
108
432
779
836
793
940
783
939
513
436
311
924
749
416
419
472
374
60
115
630
867
536
828
881
494
565
908
259
185
253
996
162
652
887
773
615
501
56
453
640
128
826
109
1004
531
838
745
446
742
966
958
385
145
511
179
264
764
1016
330
594
23
211
148
461
147
762
486
200
818
555
100
6
482
261
438
305
81
913
431
663
324
94
238
608
935
470
36
506
696
1018
884
740
360
556
718
496
209
406
667
216
260
125
411
98
814
178
490
242
588
58
49
357
71
980
900
219
738
28
538
905
30
798
46
80
343
430
767
316
144
605
695
5
70
458
429
82
266
959
929
464
681
656
1008
263
552
643
363
920
609
320
491
413
295
245
164
560
569
403
17
520
800
455
500
687
947
839
627
327
886
2
1012
26
981
22
697
661
78
481
621
161
789
684
143
304
700
746
954
415
44
794
325
364
121
530
847
359
272
410
857
409
809
192
93
599
1022
246
582
897
137
916
545
331
127
255
635
53
705
549
575
48
319
719
177
998
84
158
487
169
815
907
710
457
174
66
130
948
912
744
883
533
855
254
233
931
616
113
1001
840
292
743
914
722
765
378
392
208
24
153
889
953
287
725
534
993
339
321
1011
479
97
921
303
990
938
322
797
655
995
717
559
27
138
756
926
806
118
382
282
43
638
714
421
969
463
85
521
228
632
589
715
1006
206
401
91
134
202
297
676
1020
442
978
210
510
651
721
447
1014
195
607
751
391
340
454
283
933
972
399
407
934
962
194
31
377
314
654
564
672
315
235
554
956
596
55
344
854
224
293
190
168
274
845
223
328
132
868
843
674
628
781
42
288
639
653
159
927
837
110
685
786
983
332
176
957
257
170
787
434
112
776
891
18
52
544
726
1007
790
712
760
299
489
475
443
393
337
186
483
910
291
754
885
423
460
932
951
835
612
139
822
977
83
771
231
543
748
335
90
353
89
448
856
290
215
922
380
846
163
222
755
1002
613
87
469
414
492
388
737
47
906
808
417
318
465
201
570
387
50
875
703
774
709
571
892
724
356
816
711
32
300
270
769
155
821
592
405
572
634
45
657
782
277
326
62
456
899
171
141
568
944
29
791
763
250
961
890
602
306
498
54
671
68
269
903
727
76
915
425
673
964
140
686
716
636
878
566
1005
752
830
72
901
497
563
946
895
728
124
597
103
309
516
864
1017
580
586
418
116
133
988
999
567
541
558
649
772
15
312
1015
267
576
619
230
579
307
795
577
349
16
166
949
918
523
244
160
180
675
351
583
587
281
955
376
476
114
827
237
967
323
338
488
872
860
679
831
1003
370
239
693
196
666
334
212
750
1021
105
770
439
729
