185
363
539
693
199
402
812
255
444
230
613
670
461
187
939
819
224
859
373
57
921
163
515
777
542
371
524
1003
775
417
109
762
717
536
743
742
518
971
432
405
563
671
1016
656
217
37
888
470
505
645
800
834
98
728
712
143
409
393
12
726
843
127
330
281
477
996
82
165
793
329
15
385
756
490
508
799
816
264
969
620
718
612
54
334
953
475
14
195
367
583
657
791
433
284
591
884
380
111
560
519
625
489
499
324
711
853
485
584
189
942
372
46
327
435
936
736
975
219
758
300
386
785
76
471
197
486
780
424
534
705
45
999
126
1018
818
564
333
88
248
495
11
148
700
682
899
156
71
251
172
577
526
125
210
106
400
713
954
304
521
749
829
796
973
823
904
831
655
744
957
640
585
572
171
236
364
73
92
1001
795
121
629
675
866
291
198
772
131
647
513
593
944
947
691
449
90
550
860
782
30
419
74
525
40
690
666
403
896
81
598
322
604
879
326
376
177
317
903
246
841
707
194
101
497
391
797
328
935
857
573
75
571
167
961
630
686
533
100
401
277
565
619
221
319
23
134
201
805
117
218
341
553
214
920
830
949
914
788
774
638
285
738
462
427
227
597
50
911
266
719
220
132
305
191
663
178
708
747
205
701
964
175
925
452
933
722
412
52
456
346
318
854
544
496
157
310
946
234
610
488
540
745
77
759
807
529
204
778
311
429
4
882
541
26
139
389
51
29
240
852
379
688
871
447
697
184
915
838
302
44
825
215
894
450
609
422
927
38
865
61
87
453
627
274
169
112
804
231
506
677
374
579
555
548
639
512
1019
955
801
586
641
180
948
356
517
771
873
469
752
48
59
699
628
6
724
995
982
434
119
84
729
603
280
241
821
9
223
325
846
336
632
102
991
578
42
206
535
17
898
990
709
810
822
503
763
179
397
976
643
357
755
618
567
672
442
530
607
916
958
683
673
740
229
481
480
58
997
472
648
876
394
1015
806
880
168
890
115
128
753
679
120
94
478
589
213
22
95
375
790
858
926
370
62
269
86
637
438
174
576
331
130
465
861
956
355
662
781
504
299
554
253
83
286
562
646
53
491
68
979
237
235
421
992
166
483
147
135
770
464
254
278
847
856
238
103
674
344
600
869
892
366
129
263
398
678
411
842
826
574
668
65
31
0
522
416
399
970
211
531
243
250
813
652
733
1009
528
680
980
602
283
923
436
507
940
345
133
10
702
967
423
3
96
141
93
626
972
814
932
118
351
458
113
737
176
33
867
968
443
849
907
182
827
820
309
715
665
79
836
479
428
769
258
875
739
559
431
387
901
365
644
1021
862
669
993
696
287
730
622
581
448
145
987
893
918
193
661
1000
1004
196
1020
368
260
273
695
725
290
28
232
97
321
547
667
552
959
684
765
727
850
501
543
8
773
912
153
383
244
41
288
527
407
551
137
815
558
257
1006
161
840
190
339
242
265
455
623
358
930
1012
615
606
154
1023
977
24
267
35
342
734
689
931
200
891
723
247
561
611
404
687
631
735
293
549
984
741
614
335
268
569
811
466
441
301
226
928
303
270
439
140
685
883
545
887
418
476
382
732
789
878
114
249
721
72
617
889
457
459
332
605
546
347
792
538
568
748
500
658
209
297
420
446
66
803
1
233
60
910
349
32
313
360
67
950
851
388
874
410
158
870
392
414
5
750
514
760
599
413
1007
784
259
1011
580
556
110
340
13
181
634
225
837
390
142
642
776
282
279
123
296
557
377
929
767
315
633
395
337
350
943
150
621
937
703
566
974
835
108
985
828
905
651
897
228
415
473
272
314
312
426
998
49
262
886
808
362
2
252
766
714
520
85
16
295
245
502
192
275
960
764
239
704
761
487
817
222
316
855
966
986
660
511
138
63
498
105
922
381
902
592
47
445
151
21
27
484
654
343
454
80
601
757
783
408
945
694
994
877
839
149
844
162
289
170
863
70
523
754
308
779
809
451
89
582
361
787
55
369
951
588
848
152
716
895
406
56
425
212
532
900
952
160
353
1014
348
202
7
635
616
136
91
1008
516
983
794
751
649
590
99
64
919
396
537
731
988
596
43
307
908
934
698
575
509
384
587
924
173
256
681
122
978
159
653
116
144
292
692
25
188
963
320
354
271
352
1022
493
294
881
216
746
594
786
802
124
659
186
306
207
832
917
768
650
323
510
34
440
437
203
824
39
1017
676
359
570
710
864
624
845
1005
19
595
938
20
146
460
1010
720
706
69
298
430
276
989
1002
338
183
913
909
492
463
18
906
482
474
798
261
1013
636
981
378
107
164
885
833
78
962
36
941
208
965
494
872
608
467
868
104
664
155
468
