465
699
305
446
545
342
667
478
145
326
709
657
832
753
188
238
490
513
179
298
908
46
539
933
839
112
6
171
993
889
1022
463
991
743
487
5
303
911
608
879
569
369
670
496
858
531
872
102
660
552
360
729
512
110
701
733
884
260
987
501
851
402
1015
142
28
43
19
128
922
82
977
928
49
611
619
359
245
528
680
930
240
944
9
395
571
32
705
170
141
890
779
199
985
115
845
125
445
633
424
581
719
70
704
236
507
978
831
189
914
864
809
3
1021
325
184
162
956
568
934
297
695
519
80
1000
526
4
630
310
766
1010
435
924
626
262
658
973
454
96
773
106
386
117
169
59
127
974
351
396
247
309
37
762
1006
567
772
437
57
900
441
1003
735
451
749
185
113
101
752
912
966
340
885
849
754
486
734
290
187
196
700
618
495
429
551
580
362
202
7
597
226
378
706
1018
655
663
566
515
534
126
593
825
1004
898
931
903
425
381
564
782
319
888
283
371
111
718
223
220
118
271
943
423
822
12
573
640
664
509
638
365
363
476
372
601
642
540
210
937
927
947
516
677
23
504
767
426
203
957
866
902
159
176
647
740
574
535
278
726
21
558
615
212
1020
894
443
311
843
787
842
1016
246
725
225
654
431
218
370
758
60
493
976
776
138
357
64
954
606
254
294
632
78
167
940
587
398
989
248
785
653
257
376
819
639
417
932
757
90
873
20
774
473
418
497
886
920
249
287
547
975
848
328
775
673
483
1017
962
561
643
708
850
508
413
207
702
941
995
656
518
1007
237
45
738
299
596
480
737
403
156
30
755
778
358
649
759
529
712
222
241
77
641
399
925
939
411
336
428
216
533
520
644
183
91
789
181
251
875
67
952
813
860
543
14
224
161
784
816
279
391
951
286
876
206
174
470
542
422
796
862
620
255
722
723
672
554
963
269
910
284
629
447
232
52
440
818
612
152
786
416
690
479
208
338
859
499
770
999
190
797
625
469
610
315
332
98
714
588
123
681
252
89
323
243
988
427
517
17
330
964
160
538
8
887
562
405
144
191
221
857
337
61
616
92
527
41
344
648
308
565
334
18
599
549
227
433
651
414
94
682
853
693
385
961
617
54
133
500
267
51
107
35
273
316
624
671
628
882
1005
929
383
47
488
790
0
788
716
584
394
313
522
546
645
891
742
650
300
521
881
81
604
1009
355
683
193
26
282
75
265
918
582
264
585
468
477
613
936
55
523
763
261
397
462
404
408
893
304
419
373
137
537
401
715
863
301
124
88
444
95
676
461
856
847
13
436
274
430
945
631
959
627
109
983
116
741
149
153
717
228
835
791
694
636
281
821
844
410
329
352
498
761
374
484
387
769
968
583
665
36
163
1002
471
10
595
815
950
739
379
960
744
548
347
541
348
450
532
883
458
838
229
341
275
382
669
592
296
923
555
168
812
666
157
913
807
318
235
289
256
1011
277
814
711
147
39
177
602
104
771
165
556
143
135
802
794
136
906
335
768
164
180
948
801
684
990
485
544
609
799
514
175
1014
213
343
211
276
563
272
306
139
50
2
407
198
182
589
997
996
364
605
917
231
982
578
965
897
324
877
590
384
448
823
412
291
502
103
607
439
87
24
307
792
955
93
777
333
756
803
854
696
668
205
901
219
114
765
53
368
550
71
748
710
747
969
192
805
576
234
366
230
841
367
511
736
637
132
824
703
984
390
34
855
86
652
971
349
119
11
146
79
16
140
728
65
62
870
459
731
506
350
472
874
878
622
467
674
662
380
492
27
942
475
131
74
320
836
456
449
48
577
33
327
268
840
481
150
868
97
916
345
266
172
58
591
880
572
503
980
659
197
525
108
42
686
29
721
392
800
720
253
38
105
614
713
460
946
837
314
1019
834
679
1001
926
494
346
76
760
727
1013
339
375
570
781
178
280
250
921
998
312
600
204
457
15
434
764
603
322
707
73
209
905
830
575
938
986
553
806
869
861
689
811
438
455
40
217
691
557
804
99
242
810
432
623
909
992
100
865
828
420
415
688
122
826
745
466
148
393
579
244
697
489
899
85
134
661
353
56
354
151
783
130
421
321
491
200
270
510
972
464
530
44
155
1012
675
285
1
331
846
317
635
981
239
598
979
827
1008
154
158
482
120
919
795
994
560
892
293
833
186
83
594
25
263
524
687
958
201
129
820
798
259
258
678
442
121
474
388
871
698
66
377
692
302
69
22
72
793
953
852
214
829
685
233
915
295
751
586
949
409
895
904
724
896
288
970
646
361
559
68
166
452
750
31
621
935
730
63
292
406
867
1023
400
215
195
746
505
389
453
967
536
84
808
173
817
194
356
634
732
907
780
