575
381
798
456
160
87
795
84
257
228
242
746
485
972
307
332
301
936
657
745
406
222
652
21
728
416
654
442
623
14
748
1023
188
817
403
900
283
722
729
597
451
47
116
492
376
2
527
476
552
651
308
108
694
312
1015
816
521
570
731
68
468
89
202
757
1013
942
483
614
487
811
352
846
6
325
565
390
609
107
321
38
829
170
30
229
834
282
523
933
803
367
477
237
214
364
186
622
120
499
51
319
435
181
831
61
260
393
366
1002
452
708
934
280
24
152
465
655
5
92
714
255
740
261
948
150
271
908
525
688
140
756
168
1003
875
959
139
93
365
633
540
223
336
860
395
926
347
192
327
439
58
147
112
526
67
230
217
662
343
918
558
434
274
695
987
813
418
431
767
397
52
802
732
595
466
422
620
626
534
598
838
706
478
441
323
701
123
25
947
949
530
275
919
759
932
619
135
593
71
742
818
890
258
457
677
318
190
197
156
954
438
131
1004
718
272
16
362
80
226
95
823
790
618
79
605
516
298
306
414
504
792
1019
700
689
953
751
37
720
945
586
495
550
884
277
225
290
577
386
574
389
876
656
997
611
648
172
848
864
353
1012
26
334
177
782
243
528
113
686
171
780
535
358
935
612
750
372
763
297
176
232
371
824
83
385
600
937
382
702
348
76
463
755
610
588
907
758
777
501
788
930
883
138
484
240
783
547
175
278
245
712
264
589
560
118
256
65
350
971
141
48
340
809
488
915
238
32
946
826
149
613
111
178
967
349
607
419
210
248
840
251
775
1
545
482
299
101
184
193
354
910
263
151
293
194
969
356
632
739
568
324
134
835
738
410
187
785
201
796
696
956
110
63
691
683
368
542
43
8
440
142
679
581
119
235
33
73
635
514
512
551
204
585
990
399
958
163
449
405
794
408
191
642
556
427
769
114
13
1008
690
384
832
871
310
931
522
538
153
387
57
55
891
249
329
162
859
901
743
345
896
822
787
303
200
253
819
91
339
1000
837
36
672
133
331
893
671
762
185
988
950
40
640
155
524
761
899
888
909
292
515
994
0
66
429
650
725
645
373
450
801
370
295
115
665
1017
486
39
407
212
912
328
246
304
877
54
447
233
723
94
388
333
885
50
874
539
886
989
265
678
396
815
669
865
894
735
529
717
836
781
863
697
579
146
34
402
90
913
220
563
1007
464
675
207
850
519
957
314
599
705
273
649
925
844
704
687
548
940
828
425
699
45
433
474
159
475
914
104
852
911
23
497
963
500
341
98
208
952
276
302
667
810
770
841
760
674
898
326
920
812
22
578
417
510
999
491
776
3
1021
72
862
617
401
773
572
646
286
294
630
144
855
29
944
983
778
77
668
641
448
60
661
966
917
342
922
858
311
164
400
638
730
555
284
241
11
872
564
296
454
74
309
604
716
85
658
713
591
215
27
857
289
800
903
446
703
480
498
566
129
536
985
567
685
136
517
1001
4
603
766
821
584
975
174
287
991
904
360
383
955
631
250
479
41
507
363
1011
196
847
625
459
643
692
868
814
752
601
807
960
733
1018
9
573
727
53
513
305
569
1022
1020
544
541
978
445
749
127
506
88
992
636
490
1009
537
17
592
392
939
18
148
423
698
927
870
867
660
962
300
684
330
137
494
453
583
976
460
219
205
856
436
580
157
533
902
779
12
1014
472
239
420
103
211
380
861
627
710
853
404
621
644
166
355
122
357
951
394
132
64
554
866
221
839
594
977
335
647
269
724
734
897
887
616
182
428
929
19
158
666
346
808
961
628
234
375
351
993
721
42
845
124
337
843
288
100
252
320
316
377
996
69
462
571
82
361
236
503
209
432
878
31
266
916
145
469
557
378
921
369
747
49
984
906
789
869
213
391
682
719
493
224
109
833
102
10
344
602
608
206
559
189
254
582
458
639
167
543
941
974
693
44
130
409
797
7
549
415
218
424
772
765
180
443
426
398
96
117
455
268
198
744
659
882
154
973
317
78
806
924
663
97
338
825
1010
709
1016
964
481
653
15
707
470
81
281
970
285
28
1005
784
143
805
75
764
125
986
880
473
854
889
928
126
216
262
518
259
715
804
943
637
532
315
754
895
711
1006
905
881
736
313
99
59
562
70
247
227
827
737
892
753
471
664
681
851
830
615
199
461
673
576
980
531
183
786
231
270
279
430
741
968
173
20
768
561
203
496
791
629
412
676
437
923
938
169
793
624
291
106
596
842
981
374
467
879
799
546
86
726
413
520
359
105
965
322
379
267
62
873
444
553
244
587
606
995
820
982
161
502
35
128
421
195
511
670
979
634
998
774
771
56
489
411
46
165
505
590
680
509
508
179
849
121
