256
470
225
329
79
393
984
579
933
440
866
156
525
497
442
971
221
288
598
186
1012
655
134
1004
936
572
416
545
358
513
445
428
249
367
447
803
69
250
591
323
174
398
193
294
679
115
194
955
60
110
512
862
939
16
690
997
153
451
567
627
756
821
995
117
926
1016
767
189
390
160
1005
202
650
542
149
91
458
775
791
253
764
465
680
131
654
683
819
136
795
700
772
309
753
754
554
698
833
502
95
742
736
746
668
541
195
919
237
388
794
182
386
830
210
44
141
468
291
706
702
691
119
550
229
222
83
893
770
436
973
814
488
441
356
967
913
881
433
98
944
863
788
181
1022
1019
18
169
336
558
757
642
859
921
883
899
891
430
472
311
747
374
132
951
325
308
487
190
880
341
287
607
345
125
216
271
974
517
365
53
570
387
914
584
801
722
105
661
276
251
231
348
328
456
633
694
307
298
25
968
681
471
61
589
180
1021
376
784
327
811
667
128
625
547
354
481
410
660
224
101
46
166
371
592
636
610
860
586
478
201
519
647
443
198
717
462
979
275
263
407
762
9
461
709
280
340
209
930
96
961
822
199
644
797
632
870
906
908
972
31
826
580
77
515
104
70
415
560
1018
176
394
213
230
940
729
183
41
674
1007
551
279
49
954
896
85
1006
475
423
743
755
389
252
467
924
773
499
812
916
536
63
622
604
4
676
510
750
147
177
408
90
1014
412
486
957
337
539
825
159
299
426
752
875
834
993
959
782
943
879
975
111
837
871
133
57
737
52
359
865
335
505
228
351
89
895
152
51
273
931
941
907
549
677
999
538
26
363
646
948
765
72
928
701
446
843
234
82
1015
628
259
10
568
678
477
331
266
7
302
810
383
130
11
1001
217
727
534
1017
352
563
947
530
721
109
684
856
75
414
126
751
805
641
611
630
901
836
432
167
710
157
884
419
665
529
800
1010
920
375
29
514
777
268
191
114
573
22
783
123
771
724
533
705
74
652
102
898
781
262
602
40
380
1013
816
561
449
616
503
949
107
796
858
343
952
413
295
708
945
342
942
685
459
745
188
122
108
192
998
909
435
245
904
832
347
151
787
293
2
139
165
171
498
214
925
760
699
759
886
918
807
761
339
27
583
86
43
774
818
218
392
219
934
175
817
741
508
501
576
981
211
915
173
1023
872
631
162
113
855
463
878
93
653
989
582
12
932
397
50
615
966
286
651
150
603
121
274
861
873
686
600
476
66
799
370
80
521
76
927
269
617
120
537
316
158
154
28
982
656
264
528
1002
261
964
578
1011
14
324
1020
523
404
391
233
450
425
240
378
346
161
437
48
763
725
382
310
460
453
595
718
454
950
220
326
868
187
178
144
594
990
313
479
626
992
20
334
207
39
330
829
318
65
969
786
509
789
693
840
32
480
146
248
455
890
67
305
506
659
827
835
13
842
129
809
937
823
315
847
813
978
483
766
854
163
596
19
577
87
841
692
320
424
361
671
1009
135
857
798
338
588
493
522
540
663
619
434
732
748
81
696
6
929
206
118
399
546
168
200
744
246
624
887
703
92
244
322
556
980
344
779
612
590
489
145
565
613
869
768
962
215
37
637
892
1003
713
911
97
849
88
716
504
372
138
148
804
749
601
55
639
996
116
232
439
402
848
360
638
238
815
494
300
790
438
473
482
64
938
140
17
466
711
569
571
956
411
106
205
196
507
464
381
418
548
983
241
726
33
532
400
730
36
903
1008
735
5
142
658
876
368
452
255
912
697
778
987
484
553
239
593
597
621
719
758
185
270
585
297
45
357
958
845
377
285
543
495
103
283
496
242
34
355
785
820
910
403
321
520
629
333
179
581
780
552
500
362
802
84
824
991
559
657
609
272
769
953
306
112
675
723
614
864
564
30
640
301
562
431
58
258
963
831
828
1000
645
851
208
353
204
518
379
304
689
68
976
574
284
38
731
605
303
277
0
902
364
566
669
606
282
688
649
73
728
406
417
78
260
673
714
587
635
369
839
806
850
557
42
21
254
888
511
715
555
965
986
707
203
384
319
312
648
235
670
853
877
420
889
427
672
385
662
720
267
695
885
526
544
618
296
124
923
623
223
421
265
15
1
350
395
170
226
448
422
905
977
894
99
935
634
531
227
59
56
776
704
281
643
373
172
332
844
349
366
867
985
54
666
897
247
289
874
808
290
535
946
599
575
733
409
243
23
184
917
278
620
396
852
900
970
457
35
314
712
143
236
401
492
524
429
405
988
3
444
491
687
739
994
257
527
8
155
516
127
137
100
24
740
474
94
793
164
71
846
317
62
922
469
212
490
738
960
734
197
292
682
882
47
485
792
838
608
664
