408
909
258
197
333
669
816
95
128
639
127
923
84
699
557
439
529
807
30
218
761
43
1010
189
663
747
212
259
477
171
853
209
71
606
391
316
178
723
707
249
278
635
771
575
378
488
115
668
232
726
900
161
790
244
438
938
160
190
875
356
624
1000
466
397
149
876
376
91
919
314
210
294
495
329
24
636
903
501
18
1018
169
656
145
201
142
166
485
704
416
691
179
608
55
472
959
418
15
797
290
490
743
806
12
631
648
955
65
50
511
838
224
924
136
146
451
266
414
749
98
203
568
577
211
888
326
174
337
866
1008
88
724
247
984
483
219
539
387
156
251
978
740
394
882
46
181
824
914
996
974
584
935
954
1009
221
616
523
781
231
103
108
202
336
527
846
1015
77
776
48
352
745
342
92
497
717
736
872
754
833
263
147
507
868
195
957
455
689
37
760
131
645
334
729
469
163
561
546
503
881
613
854
672
213
933
795
922
307
943
827
856
813
280
462
574
600
130
899
671
675
763
890
565
567
375
596
563
542
694
971
548
676
366
362
139
836
420
947
21
783
182
338
682
265
722
892
361
642
364
902
571
271
634
345
8
835
206
818
770
51
229
66
549
109
738
252
85
506
457
226
372
410
53
969
305
983
435
794
332
140
982
450
353
83
216
825
74
661
73
730
744
809
264
558
703
941
411
530
618
859
62
516
695
478
239
500
205
460
217
111
1002
758
517
545
916
237
981
598
878
297
945
684
445
515
522
630
96
572
581
842
920
960
802
524
187
680
800
917
926
1
647
975
533
651
773
1001
690
725
512
319
601
696
102
525
176
591
348
396
604
440
869
777
303
235
379
248
274
323
106
370
764
436
270
759
679
841
33
90
793
901
406
383
328
215
779
995
491
373
867
63
288
306
302
468
977
494
906
988
343
973
97
956
121
644
544
564
877
741
184
138
5
93
714
560
912
320
110
762
660
26
368
54
821
44
315
69
769
628
570
784
42
985
822
470
808
428
227
815
657
712
898
204
964
950
41
36
632
449
261
124
132
442
705
925
834
459
665
341
958
295
76
739
424
785
339
404
951
395
915
765
688
756
569
939
363
223
857
39
292
677
752
245
883
173
897
886
87
732
640
28
812
493
746
475
547
585
559
994
80
999
35
125
556
371
799
255
347
839
535
392
117
713
346
207
870
1021
7
843
107
681
586
871
587
309
119
409
313
837
59
86
496
193
603
311
731
576
968
351
11
243
304
775
400
151
619
385
365
913
513
949
275
425
487
467
489
811
310
236
937
214
56
225
367
849
167
1019
536
727
828
499
426
382
40
652
627
884
349
452
386
443
829
141
583
168
257
595
592
99
312
611
721
710
989
605
476
658
742
45
474
551
350
650
13
165
208
664
492
626
588
143
324
340
133
188
987
966
19
637
1020
285
667
755
38
482
814
453
233
621
89
393
638
16
643
528
786
185
262
70
277
284
1007
844
322
534
930
855
553
874
711
162
1005
620
464
381
659
172
826
851
991
693
25
32
864
10
1004
840
52
405
325
64
932
654
666
29
970
4
191
685
753
273
629
198
79
465
708
998
692
944
374
702
625
431
152
27
519
473
300
566
796
612
928
137
541
272
893
782
907
582
498
118
422
355
852
831
653
419
780
532
246
709
234
514
789
737
910
697
456
242
940
461
735
993
57
678
555
3
683
301
757
748
403
446
194
112
61
911
1017
967
832
687
649
317
952
997
505
986
579
134
433
953
908
238
622
931
299
9
850
330
701
617
67
331
412
554
114
148
880
593
291
120
580
399
552
357
17
887
183
432
157
602
279
798
72
153
308
633
437
113
963
359
321
766
180
286
543
129
281
296
0
550
858
1014
863
441
358
673
164
1023
123
521
847
646
873
159
791
861
718
778
686
154
1003
14
1011
803
398
921
454
344
434
289
962
282
706
891
1006
360
787
377
116
801
599
430
384
413
34
170
481
463
60
927
78
417
860
471
135
848
607
698
268
733
750
538
177
540
992
896
715
448
253
58
150
767
597
509
415
1022
728
155
283
537
972
819
81
105
805
817
250
510
427
905
589
562
484
904
894
976
792
401
122
22
936
508
335
1016
104
407
75
609
720
480
254
918
961
655
716
82
200
479
865
772
354
389
192
615
429
402
845
100
573
47
531
641
1013
751
520
889
256
230
804
526
68
623
267
269
670
228
390
929
260
594
6
186
979
788
820
327
380
287
220
241
810
318
486
369
590
2
423
293
421
946
447
879
830
49
934
518
614
199
94
965
610
388
101
504
240
276
674
774
578
1012
662
700
719
444
222
895
768
126
885
196
734
158
175
502
144
823
862
298
458
31
20
942
990
980
948
23
