518
150
352
197
128
736
44
656
45
525
632
593
655
625
658
290
549
431
490
552
665
115
960
437
601
124
761
510
750
848
965
521
462
327
898
714
289
768
396
296
950
19
188
693
416
243
335
318
81
526
1003
928
871
27
235
657
32
155
322
869
123
591
253
720
311
978
21
145
618
333
192
164
954
310
82
106
501
662
939
23
229
203
463
37
821
355
843
31
488
838
566
446
411
647
847
312
617
957
640
151
285
18
885
889
250
338
709
169
107
180
522
991
644
678
800
63
54
498
99
802
262
913
836
855
88
734
719
33
316
765
133
2
883
89
764
46
300
636
896
78
233
186
937
126
967
25
845
350
672
56
100
382
850
682
946
841
598
982
964
294
342
11
22
221
972
664
643
185
949
715
973
784
735
619
256
519
589
334
638
661
804
910
866
620
268
925
792
583
751
190
875
496
915
692
319
780
343
863
540
998
846
199
723
308
884
762
783
457
344
168
803
900
760
859
742
67
385
263
524
461
110
9
121
368
24
324
877
614
172
534
17
825
90
500
86
485
1012
304
108
932
401
702
69
200
55
775
560
633
34
236
494
729
870
747
673
879
516
820
934
578
409
985
908
175
95
748
330
912
929
156
365
685
508
738
194
187
74
507
493
403
895
408
616
84
414
1008
291
176
837
1022
608
391
689
162
654
336
470
392
51
926
265
328
979
383
272
251
379
666
237
452
778
868
968
271
882
370
331
248
600
819
749
592
161
474
218
856
652
481
839
424
43
961
165
361
906
530
626
255
418
212
240
1
170
556
378
405
970
394
674
223
10
64
969
1010
746
366
360
1004
135
813
686
433
872
389
697
945
959
842
933
442
468
637
541
612
606
4
341
252
125
6
1000
604
586
983
708
118
786
865
880
568
105
806
743
733
380
922
816
373
551
239
386
809
259
724
755
323
50
7
464
491
182
994
245
8
980
1013
92
158
528
671
381
635
588
61
505
835
292
995
771
420
320
631
14
833
891
810
645
758
122
283
579
567
886
465
641
397
704
459
1002
646
66
546
430
834
413
907
309
956
867
707
725
264
456
675
71
254
153
628
930
428
621
831
754
206
140
890
16
495
935
852
580
766
698
129
499
924
955
716
444
113
543
103
325
492
275
781
141
266
219
102
694
938
120
629
375
851
663
627
676
951
691
83
700
20
232
565
726
480
57
1023
371
944
680
435
911
679
538
184
823
745
684
297
609
238
815
38
993
923
787
142
307
805
374
354
281
208
986
757
167
216
904
511
112
209
58
454
502
279
876
797
513
276
117
274
824
974
204
992
146
987
68
482
818
357
695
942
794
191
953
975
306
752
892
811
497
139
356
364
257
53
917
653
154
670
400
648
201
741
997
62
777
550
423
971
303
299
561
372
160
572
13
111
864
148
1020
597
387
699
315
605
727
559
958
873
962
624
558
166
359
732
555
258
220
722
72
893
613
660
205
421
98
369
415
450
440
701
903
730
119
476
706
537
807
282
226
547
981
132
35
776
130
479
860
422
305
467
512
595
39
801
269
779
5
363
76
785
388
202
576
563
116
1001
548
177
278
901
198
503
814
390
12
234
42
988
812
570
173
756
260
914
717
298
520
659
667
157
943
826
772
295
523
905
398
920
798
215
26
909
214
897
721
65
174
28
731
419
590
630
85
475
1005
989
1016
683
207
769
47
564
244
774
931
329
574
466
1017
314
728
376
439
858
348
149
183
791
829
539
796
246
339
594
622
137
976
227
941
131
712
345
878
639
261
377
447
623
610
443
759
101
1009
29
337
79
412
159
509
577
921
952
242
650
690
1021
87
367
611
436
138
711
453
793
489
763
737
136
478
384
808
688
649
231
451
280
517
874
1011
75
426
822
484
696
651
30
599
147
854
404
844
36
557
213
286
247
881
181
861
349
927
687
249
634
425
59
740
143
533
739
471
545
270
1018
947
718
596
668
114
407
603
49
887
287
178
573
273
587
73
358
104
362
472
163
840
799
449
321
919
52
91
918
514
553
703
536
515
529
0
179
575
460
849
817
144
677
346
302
353
109
458
293
615
417
70
277
486
744
936
228
284
77
402
966
326
267
332
705
410
473
432
351
427
96
581
948
94
527
535
582
469
1015
940
544
171
93
189
506
3
862
681
445
477
789
642
916
80
832
395
127
455
531
225
999
899
984
211
210
313
15
340
224
562
60
41
782
828
434
196
584
195
48
753
827
406
288
770
713
990
542
977
301
134
317
607
438
448
1014
669
532
795
830
193
441
399
888
963
710
902
152
1006
504
554
773
241
487
853
217
857
222
230
894
347
1007
571
40
569
393
97
790
788
602
585
429
767
996
1019
483
