1022
778
821
887
291
45
181
56
461
538
590
571
828
30
97
318
676
281
329
239
252
251
796
268
933
312
623
893
275
954
121
58
963
839
851
217
583
338
146
407
921
16
98
73
222
182
750
514
709
814
53
1019
1014
369
512
733
404
346
434
643
340
142
737
703
170
283
865
539
959
884
230
418
273
493
323
840
1
132
727
288
42
69
741
619
956
928
705
934
726
572
823
685
687
533
724
671
290
1012
519
674
388
78
272
598
91
910
672
258
257
392
617
794
940
986
929
886
964
990
243
767
973
987
365
899
587
784
745
229
482
348
0
530
845
825
575
201
950
868
944
605
282
608
186
333
351
464
743
695
200
82
782
895
769
573
35
692
728
725
788
993
459
609
604
74
697
941
335
304
942
421
673
417
515
824
187
80
60
204
970
403
1016
36
558
49
849
777
908
254
586
270
842
833
101
76
451
641
686
874
398
476
10
196
360
879
570
125
192
830
178
751
953
711
399
546
383
580
712
284
684
429
696
848
949
293
819
269
465
761
402
277
977
361
152
1010
46
702
104
426
199
894
584
190
216
567
615
364
677
237
390
690
416
89
644
775
454
475
714
233
85
1008
526
627
566
882
517
811
785
776
900
289
681
122
436
642
829
118
790
12
147
19
264
479
188
341
83
299
807
395
220
581
561
925
462
296
13
1003
242
413
553
300
651
620
378
311
310
657
852
127
292
358
435
912
428
410
126
211
446
490
57
75
62
267
32
850
23
858
107
869
569
762
730
516
701
854
148
59
271
255
400
47
668
511
863
961
15
280
452
707
463
472
447
151
640
385
86
504
772
488
602
661
924
328
585
650
797
193
713
795
31
744
468
667
430
149
593
588
649
979
250
155
718
952
923
207
68
389
128
509
930
144
996
540
817
232
885
729
386
2
841
41
883
759
163
799
248
607
246
168
450
577
307
740
855
967
706
203
719
471
33
548
669
259
368
202
783
917
972
600
478
437
26
371
143
278
345
1009
501
40
591
25
622
909
401
537
664
141
384
722
169
367
362
955
480
145
631
102
286
159
65
710
208
639
139
774
815
223
535
827
552
356
507
589
236
29
715
279
161
94
487
43
543
898
625
747
603
881
114
235
648
518
779
935
11
495
800
261
907
936
457
195
474
601
432
354
1021
376
305
422
994
836
835
914
999
732
245
214
352
739
773
792
691
853
962
545
274
260
637
349
646
458
359
20
919
968
373
171
90
28
660
787
1013
877
313
860
582
966
665
391
943
331
414
522
771
219
878
763
717
406
758
693
224
137
918
682
115
50
913
433
96
675
663
932
808
629
448
173
425
937
812
455
721
544
460
780
108
818
844
888
510
989
896
813
984
332
635
309
218
79
95
975
654
350
551
154
576
1023
720
244
764
18
343
81
231
524
483
890
680
903
316
498
947
749
875
321
111
1011
738
330
4
492
444
723
52
594
470
670
197
314
770
103
922
1002
976
130
595
755
746
736
505
456
876
234
554
17
431
38
210
99
424
112
297
117
221
162
496
529
489
689
734
926
119
285
532
198
636
124
34
562
523
568
394
61
837
905
441
574
613
683
184
742
165
901
754
164
1006
109
768
892
396
748
303
599
106
981
731
658
22
129
804
752
88
63
632
287
397
971
699
320
294
756
578
334
353
564
327
541
225
453
915
177
897
846
477
547
927
466
123
958
317
77
506
861
24
806
134
826
610
3
265
355
306
497
803
700
597
174
150
241
633
659
995
185
502
92
253
266
789
1000
7
565
864
618
67
485
276
816
166
344
138
484
380
372
160
420
48
980
957
366
982
1005
322
965
226
393
205
872
857
647
374
820
931
992
871
939
64
370
175
443
1017
51
179
766
116
904
832
960
409
39
14
500
213
542
528
735
377
834
628
988
301
136
549
945
140
105
324
948
491
363
508
423
499
382
998
862
596
298
1001
831
336
859
6
156
72
630
708
556
991
810
1004
8
652
822
439
838
902
325
626
449
555
440
387
906
158
215
473
5
228
1018
153
791
54
978
442
415
634
206
120
191
375
704
295
579
843
559
678
467
611
793
873
624
688
37
563
891
227
194
805
411
781
263
592
87
612
240
867
974
481
247
189
760
262
172
167
70
536
405
679
419
655
27
1020
521
798
315
606
427
985
802
66
494
131
531
520
438
302
100
716
527
381
534
801
357
662
870
319
238
638
157
525
911
880
183
337
113
55
486
93
308
557
326
757
809
983
765
212
44
408
180
256
9
379
856
951
176
616
209
560
1007
469
135
694
110
889
445
342
71
666
938
621
503
997
550
866
412
645
969
1015
946
347
339
847
513
249
753
84
656
916
133
786
614
698
21
653
920
