844
799
755
1012
237
292
1
728
641
1022
68
252
891
141
722
990
176
99
883
203
933
379
938
643
148
750
698
665
909
196
380
827
703
726
0
875
24
77
31
851
882
53
716
490
522
535
360
731
485
900
208
954
55
199
632
895
431
182
319
457
640
422
216
675
238
280
257
1008
622
914
162
613
651
624
800
64
992
667
309
884
27
9
985
836
105
946
186
830
574
572
331
392
7
128
681
787
670
447
989
318
854
168
691
193
510
273
441
715
18
326
874
1019
885
374
256
44
649
671
929
696
478
381
126
587
610
586
757
445
704
770
259
886
864
894
684
978
255
466
320
242
6
347
433
663
605
562
944
824
455
840
809
401
802
584
205
123
995
178
135
620
674
506
521
494
571
547
685
22
926
781
175
492
553
753
342
597
500
93
307
57
223
167
816
525
599
479
351
48
17
211
710
532
896
512
66
197
687
804
951
189
387
725
249
497
1016
554
179
784
84
413
291
90
870
281
676
852
694
693
250
516
75
542
629
761
124
635
701
306
340
26
398
638
404
740
384
657
646
673
611
107
519
724
987
282
539
786
513
442
592
625
213
778
202
898
658
686
551
957
109
672
232
21
947
958
429
925
159
302
215
634
524
557
195
660
82
174
723
435
464
239
668
15
350
614
503
200
583
815
612
11
472
748
628
39
190
702
391
543
502
507
803
201
63
377
585
13
192
782
498
489
779
399
52
465
36
4
487
794
708
979
538
477
589
80
706
366
217
873
285
956
85
476
983
718
5
505
25
243
81
733
275
783
857
40
746
966
921
811
934
150
92
463
774
795
865
659
866
395
805
118
425
316
116
333
188
648
837
160
1006
776
678
751
848
261
754
930
268
969
371
997
71
233
191
623
311
713
325
973
856
383
932
171
87
963
645
552
808
400
389
603
960
65
705
253
324
226
742
367
165
575
149
460
443
1015
51
878
650
890
801
246
437
559
928
899
1001
294
428
689
931
818
945
108
125
772
949
679
879
112
758
756
317
912
74
276
654
744
368
688
619
771
567
579
563
449
321
901
187
152
151
166
829
1017
970
264
3
72
653
411
975
287
117
308
16
952
345
868
639
328
427
46
446
530
831
327
373
495
406
230
349
877
30
996
467
222
812
568
533
536
647
10
101
871
20
825
588
454
338
1000
964
859
336
274
732
986
745
493
819
976
555
313
335
110
244
544
935
293
880
245
214
43
514
662
240
89
876
602
289
122
1011
821
172
173
1013
83
526
346
337
359
469
838
953
636
184
452
304
908
420
739
407
550
959
697
842
699
600
486
664
113
971
483
892
130
798
813
482
644
475
459
303
637
100
194
147
161
893
832
271
76
734
403
14
265
596
743
1007
388
322
661
156
656
97
736
937
369
119
396
621
590
820
50
143
129
290
711
509
78
145
410
537
593
283
227
581
133
438
598
434
348
923
943
209
450
59
789
984
158
741
206
299
120
994
695
473
41
106
390
94
527
793
626
845
73
887
220
1010
927
2
402
470
529
738
835
88
788
767
79
56
334
1014
132
423
919
843
385
131
785
760
752
480
436
29
906
461
231
642
534
354
154
432
822
96
515
855
330
569
481
138
286
23
312
140
344
32
61
735
548
566
582
965
780
853
372
948
918
773
248
310
737
545
905
229
38
397
860
828
415
267
520
712
817
272
225
869
974
700
295
341
777
414
419
902
183
677
897
839
412
499
219
451
146
806
939
968
181
790
352
370
727
121
888
45
823
501
421
834
972
924
439
690
297
669
961
523
251
911
867
471
332
573
357
847
807
241
913
872
720
797
631
833
260
37
468
769
889
358
67
721
570
314
967
607
940
409
540
91
1023
378
266
185
749
136
298
981
235
305
134
418
111
608
339
606
759
277
618
424
54
504
28
484
198
269
296
98
474
762
511
916
262
8
980
796
1009
604
1004
155
169
254
709
247
462
763
775
69
683
531
263
177
627
221
861
353
315
849
729
103
1003
386
95
922
19
682
170
609
70
518
362
142
615
594
62
102
508
47
496
258
814
329
1020
86
841
910
1021
376
1005
826
719
34
440
666
115
764
982
655
680
556
355
163
491
936
950
210
920
850
393
747
394
558
846
153
224
488
942
417
858
207
35
444
323
236
528
941
616
58
546
904
617
862
416
903
549
1002
164
692
284
576
364
707
768
405
456
361
991
564
363
42
565
881
810
765
365
714
977
652
1018
601
453
300
517
382
218
343
430
791
114
212
577
595
49
278
730
408
863
375
792
915
988
157
270
12
766
301
993
426
580
917
907
33
955
139
998
356
60
127
630
541
999
104
288
591
561
234
962
228
279
144
458
137
204
633
578
180
717
560
448
