645
331
760
686
178
748
499
378
1021
145
868
553
462
523
731
61
393
623
432
768
650
444
926
1014
933
832
283
544
491
267
898
929
703
376
80
132
101
71
885
529
549
307
728
13
831
488
530
844
162
911
471
52
232
337
77
848
342
296
216
108
195
778
278
424
981
268
870
276
148
39
525
533
540
749
542
753
482
244
972
664
256
176
495
134
891
607
787
448
317
74
691
236
1023
621
869
285
574
75
243
634
240
631
175
315
81
568
557
853
520
654
199
1011
904
842
265
555
1015
867
335
594
156
62
126
202
864
23
57
347
745
284
720
625
210
587
685
401
840
599
392
851
565
512
417
775
773
321
921
777
860
971
1016
852
882
188
496
504
857
602
302
225
406
88
803
103
200
744
438
694
792
7
827
865
66
588
484
86
789
900
375
699
43
988
796
402
943
4
254
390
94
404
781
642
521
136
829
67
30
750
377
866
997
526
146
469
992
823
458
349
586
18
737
669
945
714
545
91
692
273
5
877
561
489
388
571
32
355
614
476
665
772
159
181
494
177
89
149
121
572
120
264
501
481
474
385
698
709
518
153
678
389
637
977
600
245
939
966
826
295
293
624
182
784
137
194
117
414
609
174
395
946
55
679
658
1010
752
940
292
40
569
100
785
185
916
46
782
805
1019
819
129
497
381
456
547
204
187
612
788
991
899
16
266
169
286
635
975
429
888
449
333
747
779
197
228
903
876
319
983
460
1
332
863
418
324
974
687
366
426
423
670
507
398
719
595
647
352
528
455
605
649
72
360
979
850
28
769
3
387
756
56
924
546
909
871
85
490
415
993
822
183
294
21
702
1018
498
477
934
230
758
475
626
683
27
422
879
674
908
48
186
712
358
219
104
656
932
543
383
11
883
585
835
79
203
54
224
234
369
506
408
380
38
535
740
508
672
131
643
463
125
151
935
399
906
845
889
527
492
130
163
820
73
554
208
880
996
890
799
359
311
374
849
440
114
794
954
963
938
786
735
517
765
58
573
793
884
552
412
976
386
139
24
622
928
583
907
684
912
8
790
394
584
147
601
413
797
956
653
362
116
487
701
708
965
34
480
165
895
839
982
515
439
562
142
689
955
226
941
872
593
581
811
801
999
812
717
461
466
212
516
771
633
920
140
817
124
2
774
951
60
915
329
968
536
303
19
246
26
318
710
453
828
323
14
539
209
1012
878
927
309
47
368
65
613
348
969
472
87
834
407
739
697
357
559
135
742
558
198
987
35
696
632
838
229
189
258
505
783
589
201
152
989
858
646
746
994
942
711
96
17
279
373
320
1000
192
736
918
206
252
836
707
531
411
617
548
841
638
641
661
251
281
795
459
173
500
958
158
184
442
205
618
353
676
160
959
350
815
493
0
579
662
109
351
824
354
138
886
522
428
221
944
816
297
541
925
289
949
83
532
608
725
409
239
700
675
984
483
367
343
356
207
947
291
95
733
761
345
180
454
875
45
582
249
953
305
648
551
961
344
41
556
964
214
791
519
218
98
682
435
172
213
800
892
49
78
272
763
825
724
616
767
985
502
133
164
269
1009
810
68
434
695
465
20
657
855
150
550
893
346
217
874
6
327
288
896
726
233
441
1017
630
452
902
382
762
464
564
1006
161
1008
755
433
905
467
263
341
806
405
391
913
524
952
727
282
314
730
427
713
847
914
704
384
706
473
171
69
598
179
340
754
862
241
248
110
986
29
930
856
606
50
705
227
723
63
980
242
937
416
334
123
9
596
308
270
196
485
231
190
716
923
53
127
580
873
759
336
821
859
325
141
597
627
950
15
111
70
113
102
44
468
770
450
671
688
960
25
118
92
304
1001
93
919
363
673
563
970
566
223
275
128
364
957
271
764
743
537
425
430
322
437
894
509
370
766
680
115
421
112
603
247
1004
780
591
681
31
106
667
995
738
655
400
818
1022
511
636
447
298
732
833
255
82
451
663
619
119
813
222
371
998
431
962
191
577
22
99
830
576
922
280
419
978
1005
84
33
339
668
948
615
718
250
592
897
253
328
259
804
729
379
887
486
290
660
397
575
734
237
330
155
590
51
167
338
843
220
105
36
538
157
76
443
193
301
644
168
514
639
457
917
261
238
365
722
854
901
1007
445
846
610
1002
479
881
776
90
861
326
310
262
666
361
235
910
1003
814
570
287
628
798
300
260
604
651
578
503
372
693
510
144
611
446
313
677
211
10
410
690
837
64
299
659
652
37
990
808
257
312
629
807
741
640
306
620
931
567
42
12
143
274
59
936
170
396
403
513
721
751
122
316
97
154
534
1013
107
277
809
1020
478
215
436
470
967
757
715
973
420
560
802
166
