4
522
903
564
528
644
488
566
265
928
819
215
124
1004
984
497
1011
791
64
69
76
17
951
473
766
384
556
681
525
95
699
553
75
608
1014
139
240
390
636
333
181
939
183
959
296
458
723
332
552
144
18
599
161
257
403
10
913
424
295
70
641
301
361
894
406
25
282
589
896
440
598
391
554
603
899
882
628
65
238
113
588
950
85
653
36
673
621
701
316
134
955
657
273
740
629
651
1021
548
583
93
322
635
604
234
759
485
991
81
834
871
396
610
948
960
624
716
142
905
520
484
336
82
9
41
469
341
813
100
175
314
900
160
656
101
760
590
546
286
235
460
319
809
1000
661
138
168
29
412
401
660
373
177
245
925
572
842
668
818
184
123
191
652
349
570
591
850
247
26
367
513
698
798
964
51
328
195
248
404
261
227
135
860
368
289
700
292
394
542
362
688
745
331
845
20
203
726
193
961
897
585
157
774
967
974
137
481
246
691
923
334
642
461
269
902
438
186
580
407
704
682
593
898
496
623
1007
836
1006
129
775
776
437
325
757
658
348
244
729
543
514
832
764
253
771
920
498
884
102
326
30
958
16
934
449
42
221
340
495
130
111
463
839
713
803
351
690
678
153
50
728
891
581
990
283
874
353
540
544
252
313
788
631
873
997
710
236
550
944
718
537
565
744
108
622
49
1023
1008
722
222
493
510
359
410
116
151
870
6
926
393
228
462
208
307
828
159
360
577
613
752
365
796
180
849
33
1001
457
398
986
52
344
758
976
853
982
444
630
665
851
694
787
503
268
761
703
171
56
304
323
993
794
970
499
308
199
518
847
677
945
823
395
358
345
335
662
176
835
371
822
263
300
271
769
782
505
584
705
293
254
909
789
615
213
233
281
357
756
748
736
531
214
127
309
792
73
509
299
59
266
762
872
45
71
879
988
890
971
578
600
733
981
784
962
734
231
739
720
414
223
48
869
431
517
163
931
389
932
110
795
260
96
857
1013
892
838
914
256
715
559
781
521
352
119
770
67
217
145
501
968
996
1009
751
601
329
294
674
90
169
561
684
258
858
924
274
532
239
634
680
297
320
646
83
1020
400
167
80
303
878
821
645
663
74
594
28
8
1002
549
617
807
164
848
72
284
489
35
937
567
298
742
655
730
397
355
374
125
156
451
820
147
229
104
806
614
523
686
54
285
519
280
800
201
889
893
380
777
237
965
843
692
114
855
815
571
486
370
402
973
595
515
324
560
409
106
330
448
983
302
778
941
738
911
155
467
133
502
66
209
455
392
633
511
749
182
200
1017
422
150
435
317
709
859
946
337
620
454
938
416
131
418
754
708
84
586
912
616
881
985
935
783
606
441
785
343
118
205
220
866
57
563
287
453
339
844
917
772
141
596
11
854
166
737
995
957
963
816
450
846
535
452
120
675
459
829
377
804
162
87
956
626
492
524
24
612
471
915
121
426
2
474
399
725
250
999
579
750
864
44
210
366
98
808
242
364
53
895
442
1012
475
731
638
315
696
833
929
753
430
605
908
14
689
930
711
719
22
529
230
60
952
427
1003
148
483
632
196
432
204
378
592
921
105
975
741
262
947
419
966
639
31
354
146
251
278
143
831
500
338
149
980
693
415
587
609
172
346
1018
445
55
468
837
508
901
827
478
607
372
63
697
58
763
979
735
712
494
206
506
504
817
888
643
659
5
434
555
219
576
39
799
954
376
780
197
910
225
824
868
224
439
379
356
949
477
877
97
1016
597
27
275
721
411
140
429
436
189
649
92
512
136
940
37
420
904
465
306
672
767
885
192
103
650
446
321
479
998
32
270
743
89
350
977
746
539
185
91
863
369
382
625
801
811
669
342
212
115
541
989
19
724
408
562
112
255
21
207
386
12
802
862
936
476
466
387
618
826
679
875
972
487
627
218
259
425
840
534
470
279
667
852
942
933
179
747
906
876
987
88
433
969
727
267
272
86
43
1
290
640
77
810
654
288
732
190
551
456
717
117
856
38
790
188
464
158
482
277
755
886
619
291
992
216
46
647
919
107
78
40
249
714
547
0
211
1010
568
310
202
421
490
707
23
887
318
13
527
126
94
241
569
178
922
165
574
507
671
447
706
68
62
443
683
676
417
978
173
814
79
880
611
516
1022
194
423
327
664
347
305
385
685
943
375
702
15
536
388
825
491
99
198
666
187
648
797
765
128
276
1015
861
557
34
573
805
311
109
526
687
243
768
582
867
793
695
533
1005
786
670
602
916
472
132
812
841
174
830
773
558
152
122
413
1019
779
312
154
405
7
428
927
170
383
226
480
61
538
381
865
47
545
232
530
907
953
918
264
363
994
3
883
637
575
