416
574
311
964
704
432
894
451
281
65
1
244
973
766
656
373
344
928
147
125
452
666
897
757
976
367
567
513
423
690
1022
769
473
779
424
86
295
39
328
450
870
441
36
483
730
1001
427
248
505
296
787
602
211
208
398
362
986
955
803
869
430
901
130
6
121
52
46
370
577
783
202
758
215
754
873
7
226
1016
292
708
89
570
741
257
391
417
64
14
143
47
926
819
29
941
516
592
514
951
826
809
795
485
268
598
374
1013
267
80
253
694
372
185
5
153
763
502
1019
205
48
336
551
356
732
668
378
721
103
850
846
937
606
534
188
1010
214
843
948
679
851
115
589
199
989
979
380
461
475
383
978
331
88
320
338
76
71
1009
422
85
604
41
561
173
492
983
4
210
297
672
781
904
96
975
626
734
496
386
946
72
406
555
201
858
677
935
109
111
556
266
531
815
961
325
50
910
161
794
751
341
808
426
643
363
628
330
775
797
275
181
239
382
987
890
20
18
600
402
481
667
287
59
629
403
24
392
822
660
289
715
437
745
944
733
765
489
11
124
824
981
889
540
616
460
844
599
405
479
329
167
1015
620
798
545
290
916
573
149
1020
701
480
187
591
12
807
639
343
902
980
789
1003
552
449
240
84
702
625
665
148
566
956
655
559
535
999
636
162
911
923
507
54
15
802
739
925
899
523
990
118
867
508
842
243
848
133
169
138
661
361
674
647
190
434
112
87
612
767
66
915
200
9
269
949
131
399
881
179
649
67
609
309
364
337
530
539
477
56
175
394
123
353
156
501
376
874
664
953
384
903
79
110
801
105
832
725
419
744
418
587
731
21
883
177
26
247
816
623
155
522
880
686
770
663
1014
985
73
467
920
624
863
939
2
142
415
261
512
722
227
178
753
276
932
339
740
970
840
966
618
238
186
707
99
884
171
646
191
486
773
847
389
521
657
982
969
277
30
83
137
610
585
506
571
22
189
830
912
1012
144
421
217
997
684
710
984
193
888
466
546
829
759
312
908
58
676
264
938
92
271
907
538
579
737
743
557
299
16
543
94
1008
410
703
273
689
456
563
947
119
291
814
158
950
871
49
793
648
245
709
69
718
835
306
544
752
632
790
350
929
327
371
310
233
108
393
992
369
572
63
250
134
270
637
414
565
340
584
898
845
44
706
224
55
357
484
207
927
262
652
463
230
778
165
453
517
607
249
673
0
696
583
595
213
634
27
588
32
503
385
256
447
828
878
254
921
958
280
791
260
931
780
436
400
943
852
411
128
45
529
859
237
993
651
841
192
216
31
788
519
349
228
255
1021
960
605
886
222
849
613
854
401
472
764
97
298
833
669
906
314
919
60
107
146
957
887
998
952
70
57
918
895
640
977
129
659
747
996
603
697
528
945
166
542
862
909
82
42
936
444
728
219
360
532
762
81
804
482
458
206
319
1002
586
272
742
692
13
924
439
470
575
504
358
547
749
101
203
279
825
735
462
469
712
359
300
653
974
1023
313
368
988
1005
235
95
736
236
75
232
301
720
221
813
581
474
390
321
622
831
10
68
332
641
476
698
892
184
650
537
896
729
619
621
17
868
307
478
198
683
154
685
968
777
922
601
113
836
905
994
23
827
635
558
705
28
413
940
768
335
554
533
78
671
182
493
500
971
596
288
354
293
818
91
882
942
576
317
611
865
856
811
282
366
837
1018
3
195
670
760
100
457
305
782
680
342
326
90
140
395
785
448
879
348
40
120
303
820
891
593
687
37
404
126
77
893
738
308
420
719
315
548
459
220
127
122
164
864
106
51
33
511
917
510
223
114
711
258
515
914
615
756
429
662
800
713
682
772
252
518
425
157
365
141
242
872
771
525
471
755
562
409
699
136
274
933
675
284
1000
375
658
117
823
212
541
776
716
536
972
991
351
810
866
930
174
38
407
792
520
388
283
160
35
172
322
346
438
431
355
1011
860
152
180
116
746
524
135
855
861
877
286
278
806
347
796
465
627
553
812
454
259
345
805
433
654
170
494
74
913
550
428
608
962
209
633
681
644
748
491
578
499
617
614
582
93
333
446
727
218
963
464
294
265
568
225
965
631
61
151
1006
263
934
549
853
774
102
642
285
630
159
334
959
251
139
695
25
408
900
495
1007
440
455
442
750
885
590
324
183
594
204
246
196
1004
497
821
435
443
316
445
487
229
176
302
387
323
569
8
700
304
234
509
352
784
817
564
488
132
526
876
231
412
995
241
377
104
318
62
786
726
490
379
954
34
723
197
761
838
168
19
98
693
597
799
150
560
839
53
580
468
875
691
724
967
714
194
396
834
717
43
163
498
857
397
688
678
1017
145
381
645
638
527
