785
806
1015
636
691
926
135
173
350
382
411
392
96
767
795
701
251
573
85
889
334
182
353
977
934
364
198
296
520
589
439
859
111
718
770
756
674
932
266
170
127
840
28
765
709
434
228
610
676
161
409
36
290
45
683
505
758
40
865
110
984
90
638
316
414
462
731
236
21
921
309
548
477
542
83
261
398
156
668
689
453
82
276
361
530
355
720
645
423
891
915
19
565
872
827
69
942
563
169
451
297
671
917
352
320
441
280
1016
242
909
35
1
481
192
991
837
816
91
582
119
938
528
626
178
637
719
811
344
34
215
741
114
190
408
657
249
125
120
459
493
951
894
732
593
822
204
378
277
377
495
1008
222
358
955
596
59
221
807
98
939
995
708
650
746
302
729
792
836
383
736
985
367
139
245
702
740
507
205
817
237
925
875
281
167
264
374
652
130
604
109
416
554
936
292
475
465
37
849
1005
635
166
839
259
797
695
998
487
986
547
41
904
510
250
133
39
317
956
579
600
467
759
716
312
103
667
842
537
753
506
116
726
318
94
601
144
763
779
107
79
417
474
715
516
851
288
31
583
1013
576
163
26
620
552
688
766
534
354
315
164
722
685
906
973
482
992
532
362
44
615
666
43
253
342
490
640
946
488
622
512
514
299
568
341
469
664
618
761
335
972
852
193
319
738
659
993
908
627
896
820
224
0
131
23
145
895
49
73
405
89
856
684
592
564
768
591
796
174
603
682
948
967
129
962
597
825
642
898
924
115
480
810
697
660
372
234
911
478
654
706
430
47
524
223
238
707
845
529
927
669
918
644
50
526
1017
854
693
15
974
661
863
968
243
862
244
395
555
508
987
679
730
773
521
268
633
903
122
136
486
509
587
923
815
647
888
11
784
799
830
176
641
348
72
188
670
819
402
981
990
443
172
455
143
694
206
525
347
211
420
634
983
616
1020
870
225
195
988
699
399
665
366
723
325
605
5
1002
781
747
1000
381
14
900
789
255
835
262
878
175
864
86
651
181
391
12
551
544
737
154
476
92
557
833
435
422
241
273
566
619
969
77
821
965
588
68
18
497
570
494
97
790
105
311
95
376
704
841
848
611
656
457
858
522
625
33
233
930
778
155
149
463
976
818
764
776
881
606
157
379
275
629
533
744
87
922
492
712
100
285
101
545
294
140
890
27
624
577
284
931
724
999
440
179
55
108
631
893
437
400
291
1004
121
550
808
804
885
910
226
868
813
185
876
913
373
929
800
485
389
828
1021
843
189
569
327
877
586
499
950
751
775
217
523
772
803
421
460
444
943
871
725
501
944
324
954
301
519
607
442
117
559
76
966
307
371
883
838
260
945
794
574
30
912
272
78
540
648
940
65
346
247
470
256
628
278
286
207
686
575
734
227
860
793
752
7
599
527
786
300
197
832
138
2
970
919
258
67
727
814
99
71
630
322
834
456
386
867
788
396
270
337
560
187
829
104
997
269
252
809
171
989
200
257
274
282
857
220
424
713
201
502
180
658
692
254
902
360
74
1007
515
536
48
994
556
473
677
949
356
801
571
710
703
745
304
850
646
783
321
869
406
390
20
240
4
331
617
357
248
957
60
165
535
436
750
404
680
662
446
432
397
971
595
81
186
805
146
403
705
8
853
336
452
675
721
464
329
38
388
553
351
323
213
445
739
328
561
681
1009
489
791
32
498
958
428
194
886
879
454
106
124
899
538
964
62
210
126
757
438
394
826
823
613
762
426
755
653
639
1011
283
153
1018
10
598
148
952
3
287
687
1019
380
1023
484
733
413
134
749
541
339
798
517
663
567
298
963
511
543
578
22
594
1006
748
572
787
608
84
359
57
760
504
384
901
769
17
102
370
415
1001
450
649
937
338
314
123
303
293
449
330
673
961
916
717
231
310
884
410
933
295
412
824
558
401
491
199
333
980
177
1010
496
58
160
513
42
9
905
51
53
447
375
914
431
643
326
235
782
655
141
88
150
920
232
168
874
219
393
812
483
580
368
208
947
52
880
203
935
289
698
418
184
93
239
458
728
343
861
448
780
216
847
196
612
621
743
735
66
54
562
549
468
212
982
425
690
632
128
191
846
609
230
306
518
63
831
623
539
979
265
385
433
855
771
503
305
112
546
118
183
887
56
427
941
218
1022
137
387
246
313
214
70
802
696
363
61
959
229
700
267
602
113
754
928
209
279
584
960
742
407
340
996
308
1014
158
907
429
1012
892
466
419
873
24
774
614
13
866
151
479
202
978
472
29
844
590
159
25
581
16
897
365
132
46
585
6
271
349
672
711
345
147
461
975
882
332
500
777
64
263
1003
152
531
953
162
142
75
714
80
369
471
678
