389
140
374
242
901
234
914
587
807
418
334
768
516
711
810
933
213
466
445
455
163
905
803
623
137
272
999
673
30
147
648
971
1017
912
706
291
331
585
143
102
347
281
981
480
835
946
1019
185
672
874
982
616
821
975
201
133
167
56
948
721
548
664
284
610
940
153
524
724
464
955
92
658
847
870
513
195
734
850
776
995
726
997
86
476
441
223
370
534
271
169
542
253
637
136
296
367
369
703
924
761
681
324
939
471
392
219
270
217
876
48
900
629
96
149
306
943
552
604
329
702
290
1003
504
178
99
439
633
77
910
425
954
626
207
378
22
740
602
656
598
744
118
617
408
5
543
74
159
1007
131
627
101
605
427
332
487
735
129
316
6
941
985
785
630
842
260
537
125
62
634
823
834
467
686
590
365
937
355
576
781
145
468
529
566
728
767
950
364
214
443
258
36
3
233
958
49
120
12
888
666
691
539
460
579
945
775
794
895
328
909
390
348
32
773
410
26
600
497
709
47
517
461
179
828
662
667
446
377
91
341
338
241
45
343
478
712
38
196
29
396
911
748
117
375
729
440
465
75
491
796
595
991
113
747
841
251
162
248
722
151
588
968
698
960
554
255
66
65
527
226
492
70
625
79
451
793
283
346
882
14
558
326
547
485
243
805
653
802
861
571
973
949
433
212
754
738
301
760
969
866
280
609
1016
913
929
541
1009
889
82
294
932
463
130
843
989
925
421
559
688
154
692
93
496
930
822
244
333
751
789
684
569
730
863
652
240
1010
307
419
216
879
279
764
462
1018
836
41
174
675
489
931
839
172
790
275
210
256
357
146
221
739
350
150
269
511
560
236
583
152
189
628
363
175
436
302
545
198
526
525
704
620
862
23
55
894
561
606
413
795
386
190
247
187
957
942
126
252
323
71
7
713
181
749
438
405
978
840
31
859
1012
481
757
128
72
203
603
46
520
897
1015
555
482
817
20
37
878
906
532
488
197
160
109
391
753
593
682
105
381
621
486
116
123
783
967
114
295
893
619
58
310
510
506
119
325
696
801
838
411
276
886
53
655
224
320
15
416
309
186
855
907
27
444
631
743
848
786
505
409
434
845
715
399
977
388
503
183
457
220
582
205
95
572
612
51
257
430
717
877
993
426
695
106
678
127
591
1002
998
297
685
322
638
452
498
314
135
277
40
719
263
970
824
432
344
474
111
67
218
854
345
860
121
412
94
856
996
687
622
349
500
550
165
191
509
522
225
846
797
814
232
246
771
800
264
756
353
194
898
869
818
442
64
124
453
28
762
614
811
837
383
289
304
228
97
642
953
9
4
104
330
868
132
268
557
57
2
454
351
844
339
448
24
921
227
274
230
892
830
1004
379
755
199
265
98
42
308
808
640
597
401
282
447
580
1
206
87
873
966
449
798
607
278
927
397
570
737
222
311
964
584
100
858
647
69
645
484
578
107
385
979
63
770
382
643
1008
551
1020
723
85
477
917
904
59
639
596
742
586
674
601
660
335
988
765
184
80
573
358
402
514
581
944
891
43
177
936
644
164
671
372
708
851
567
33
668
76
832
472
916
599
469
750
318
731
540
809
298
947
565
635
536
852
78
404
679
920
208
574
857
538
10
716
759
473
360
792
1014
718
676
384
531
483
424
697
188
661
825
321
984
180
422
501
262
193
799
0
636
158
73
965
300
650
902
267
919
166
669
354
110
285
752
19
549
161
705
286
362
816
784
319
777
340
44
499
380
694
791
1000
202
138
515
359
16
523
352
88
926
553
366
615
562
928
495
872
479
170
736
881
887
530
134
654
983
254
459
437
261
1023
428
371
211
915
871
303
502
406
745
171
368
1011
641
148
733
293
83
972
829
806
714
556
35
288
651
414
935
727
176
1001
1005
746
18
141
103
690
156
992
699
115
508
519
624
934
903
490
376
420
812
292
769
815
563
677
875
826
456
356
883
237
173
182
450
766
215
475
908
533
157
670
758
238
819
680
122
592
963
632
521
400
60
21
589
1006
393
990
594
880
144
779
387
273
229
61
613
231
788
938
139
8
544
373
778
813
980
403
507
763
84
1013
575
287
618
564
725
994
611
864
923
831
34
155
649
493
741
337
663
959
81
89
317
50
90
342
546
689
68
299
693
827
11
52
429
17
772
239
470
707
683
804
849
395
13
865
431
657
956
720
315
885
245
108
918
732
458
25
423
528
833
952
701
361
336
235
250
577
54
398
327
659
961
518
512
394
665
192
780
890
976
884
313
305
204
787
312
112
987
407
249
710
986
415
1022
899
951
266
974
435
535
867
608
922
962
782
142
209
896
1021
200
646
820
853
417
259
700
494
774
168
568
39
