213
846
35
567
885
254
196
145
234
304
400
886
703
598
146
899
572
358
521
929
810
425
54
309
802
670
86
1013
259
928
770
92
207
183
263
576
64
441
894
568
496
988
781
359
248
379
94
897
97
245
904
70
370
214
614
95
940
349
625
432
954
392
242
158
919
595
734
504
805
493
898
180
25
210
909
85
471
500
650
949
354
330
907
126
658
574
317
803
46
335
740
848
150
867
99
935
814
815
344
362
472
100
167
825
0
847
251
397
700
295
399
782
934
375
77
332
184
737
681
96
683
1016
457
331
345
764
417
727
490
61
667
513
527
558
202
542
776
883
14
849
199
318
637
645
896
313
468
755
680
778
991
816
626
3
987
924
668
986
544
890
560
365
298
1011
881
51
830
762
491
272
148
7
800
45
412
352
80
784
671
996
324
461
801
691
591
75
65
343
409
916
517
58
793
629
519
766
320
539
547
341
426
623
169
592
270
228
875
836
226
769
285
930
609
927
316
90
685
652
995
536
329
835
12
142
656
458
130
322
557
866
635
424
42
125
994
767
353
678
79
502
664
856
692
106
327
266
436
427
775
796
185
823
408
390
328
311
532
946
984
128
288
172
956
414
900
434
633
192
530
601
662
840
634
215
822
482
306
968
256
429
813
843
859
120
110
783
794
182
319
302
989
639
360
111
902
733
797
704
605
911
305
281
903
88
522
74
334
381
171
127
573
69
240
1022
757
29
205
985
827
943
541
103
121
861
735
715
1010
912
710
845
84
686
462
628
442
326
824
477
511
108
244
355
876
36
728
808
1005
512
308
383
495
1023
391
962
578
87
361
338
179
688
176
952
149
60
910
913
257
43
177
181
34
922
870
790
505
689
39
632
905
474
754
554
811
89
498
648
937
714
717
531
889
926
820
613
291
620
690
449
440
483
407
858
826
745
175
237
19
193
817
30
1001
140
677
282
965
494
725
944
170
307
453
786
716
563
200
230
301
953
448
972
224
765
562
533
250
419
524
20
540
586
697
117
486
850
159
525
559
711
510
947
447
624
583
346
221
616
11
772
10
674
455
253
610
768
204
974
137
839
293
262
785
264
655
660
161
206
113
135
290
638
832
50
607
398
998
538
1
508
792
957
157
938
698
666
260
888
865
216
83
197
906
603
761
837
413
91
831
32
456
941
763
278
788
534
437
421
659
4
314
976
81
577
646
438
653
53
164
742
738
939
367
679
990
173
294
977
243
556
40
209
286
869
694
284
186
828
275
118
258
581
891
515
17
564
475
24
229
222
16
160
597
992
838
406
287
404
154
528
933
376
743
829
109
155
702
116
139
267
9
1000
212
420
364
590
978
641
484
22
325
107
546
895
238
269
665
795
708
44
955
548
950
47
78
818
463
141
707
746
198
750
300
101
550
336
1008
249
982
261
804
951
8
366
268
759
997
549
580
276
393
93
201
292
925
470
964
191
464
602
459
380
473
231
518
969
622
599
489
879
600
219
1004
529
555
812
923
147
799
752
203
410
744
973
444
672
780
124
246
872
435
1003
593
1019
225
868
774
235
729
395
1007
105
63
970
732
806
798
467
119
724
855
479
695
13
587
571
699
67
28
579
852
719
321
612
618
687
611
239
129
208
948
809
446
777
431
721
722
389
942
131
428
174
701
575
509
386
18
731
104
273
696
712
878
297
98
908
654
963
476
569
684
138
657
402
584
59
218
644
535
501
37
1017
443
642
279
834
165
388
450
55
132
604
430
1018
874
960
303
779
280
651
416
49
705
844
73
405
48
773
720
1014
497
979
971
156
621
675
514
439
168
917
233
277
901
873
418
31
217
758
478
1009
877
709
1020
915
71
552
27
227
357
56
255
134
350
223
38
163
958
188
411
739
315
194
82
914
608
887
682
122
466
1006
920
756
918
274
516
821
663
487
857
310
853
371
452
884
247
401
706
187
862
981
718
339
585
936
394
52
507
23
166
1015
713
460
842
921
387
841
636
537
377
384
967
296
661
15
503
115
136
723
68
144
211
880
481
1021
566
369
975
283
617
892
553
871
499
741
860
630
152
323
153
488
545
863
753
373
771
451
469
342
980
789
26
594
673
445
748
190
589
271
21
736
151
374
2
465
363
189
62
551
693
312
433
6
932
506
851
114
582
760
41
807
833
454
961
76
265
983
415
162
382
643
993
252
647
356
631
526
596
669
1012
403
959
543
588
372
133
1002
649
893
966
333
640
143
730
523
819
66
749
385
485
57
220
72
520
787
123
751
347
178
561
33
337
236
492
368
565
615
726
791
299
999
422
627
5
112
396
931
854
864
423
232
882
480
241
195
351
747
945
102
340
570
619
348
378
606
289
676
