695
949
97
540
173
370
402
509
339
579
134
401
361
803
101
125
561
839
861
739
39
88
312
451
166
287
377
887
100
981
675
232
937
341
984
272
690
235
772
277
493
155
795
956
835
163
858
929
116
334
670
407
940
1008
70
990
747
64
270
688
916
1006
761
115
621
103
92
622
646
979
584
36
597
1019
338
416
198
490
903
210
535
295
67
942
170
114
0
485
5
824
228
716
59
478
314
733
274
403
119
522
310
662
707
709
349
452
583
288
692
354
376
918
300
13
914
185
804
369
151
449
506
168
413
811
394
207
769
50
801
698
661
58
460
494
141
306
224
511
907
480
854
425
626
658
885
220
1002
1009
636
409
519
745
165
609
607
969
333
881
275
298
529
278
28
388
689
162
780
15
573
891
712
794
172
796
331
309
109
144
456
393
722
429
774
521
182
40
63
567
831
570
44
462
337
623
268
551
893
371
587
721
346
118
22
466
663
814
970
412
821
618
219
60
786
205
432
1013
805
221
870
187
668
79
878
211
23
685
358
488
392
644
222
157
641
14
600
390
633
958
879
127
659
639
463
124
686
524
634
175
43
875
373
900
588
748
915
637
428
467
557
91
684
575
234
605
627
693
410
552
294
932
947
868
643
203
197
57
482
419
838
972
902
599
169
202
132
218
764
35
1021
863
285
563
342
348
671
580
199
430
293
499
250
156
189
316
710
896
892
242
793
126
226
601
762
574
676
608
691
930
724
304
849
176
225
582
615
595
784
450
123
389
455
555
912
819
21
177
319
1010
247
989
873
785
1022
773
925
736
111
34
790
20
944
978
619
367
481
188
674
291
213
544
809
181
25
95
90
541
653
874
782
844
145
69
192
317
223
102
859
505
19
998
611
120
443
492
776
372
731
140
856
569
183
77
598
534
85
827
184
701
581
717
453
483
30
890
37
329
798
757
461
568
129
417
744
345
209
17
374
404
229
919
628
286
206
32
422
559
625
852
3
741
955
732
995
994
266
754
564
894
536
281
911
441
926
702
121
139
558
84
186
391
604
271
738
437
971
66
238
212
647
104
12
504
237
614
635
889
470
161
884
726
727
264
9
548
297
31
138
448
279
400
382
128
246
1
363
256
829
243
252
667
1016
808
446
78
301
282
700
353
423
328
766
18
616
418
344
789
259
379
728
640
545
318
528
683
362
730
216
791
378
420
442
617
27
267
783
56
872
768
42
350
71
375
755
395
775
239
465
917
992
227
171
673
241
974
74
180
993
770
201
779
777
4
80
792
708
865
905
520
336
869
96
630
953
723
855
495
952
208
440
991
883
594
6
445
356
848
489
882
217
265
638
973
957
515
909
191
364
931
131
47
645
475
920
820
866
231
130
51
10
324
945
1014
556
680
742
107
725
159
988
1004
880
320
523
290
244
771
566
263
257
965
215
961
513
54
383
758
922
962
812
828
147
603
846
749
543
98
254
276
847
193
876
305
75
179
143
943
850
895
507
681
833
262
94
802
99
591
164
83
939
399
546
778
586
1017
750
1001
385
650
899
154
542
682
660
719
547
655
233
913
632
843
236
1005
590
706
983
137
938
29
296
110
610
532
592
311
565
315
729
87
799
934
431
472
152
411
841
935
704
740
414
230
923
759
133
788
562
1003
53
718
384
822
357
408
68
657
352
877
818
261
696
396
694
735
765
510
113
194
751
525
836
299
343
571
651
381
447
359
656
501
642
941
308
424
146
269
832
781
105
326
687
497
421
321
330
815
537
487
705
474
857
174
606
968
38
699
439
16
434
258
508
458
830
327
572
977
512
86
292
325
752
743
946
89
578
471
360
347
901
807
253
904
554
160
908
517
966
1000
502
898
52
593
927
948
620
669
1020
649
654
666
195
7
1011
406
72
484
433
613
248
767
834
444
612
62
1023
81
112
806
514
167
435
340
190
996
596
720
500
273
477
41
397
527
531
888
756
61
860
386
149
986
997
737
11
763
55
122
46
260
602
840
924
787
366
245
108
816
936
49
533
1015
910
415
153
823
204
8
665
906
950
76
73
553
491
921
999
976
560
135
711
678
355
398
427
951
933
526
539
530
576
516
867
65
624
2
960
810
82
307
864
954
335
897
380
454
760
797
468
652
871
158
813
365
436
148
1007
648
473
862
713
826
964
117
703
457
734
842
585
249
753
255
106
589
496
322
240
142
280
498
196
351
33
886
746
303
1018
426
93
438
476
45
672
963
800
664
283
136
469
368
959
214
697
150
928
289
26
549
629
577
967
845
853
985
486
679
251
982
837
677
405
284
715
323
200
1012
825
550
817
851
387
987
332
459
975
538
24
503
48
980
178
302
479
631
518
313
464
714
