180
235
406
507
629
469
680
129
24
488
276
867
0
171
164
898
705
261
77
893
597
326
104
230
546
615
224
148
335
518
416
762
1013
440
781
90
605
882
663
571
400
443
840
178
234
96
259
157
808
414
302
554
723
768
541
111
523
847
459
789
1022
249
950
494
876
343
710
964
346
552
786
29
279
159
890
405
74
31
860
763
73
468
590
641
655
62
480
581
122
733
661
913
298
998
906
295
865
350
22
106
193
745
95
17
877
487
128
303
631
376
511
715
899
806
456
386
118
719
602
48
900
192
508
732
15
242
991
904
805
955
811
407
788
162
986
368
277
358
132
331
1010
1000
4
401
916
127
591
870
98
953
375
945
255
697
693
417
795
220
816
173
550
210
911
39
206
305
205
484
784
198
567
439
817
130
667
855
833
954
519
957
688
969
618
936
211
619
1023
563
1003
584
427
188
671
450
408
226
820
9
588
504
121
972
500
301
939
371
330
100
736
208
558
879
635
775
228
887
828
131
586
155
982
398
935
545
328
1009
353
875
248
990
453
871
703
634
103
925
601
531
21
644
266
390
706
69
773
711
203
170
101
660
59
289
262
448
360
534
413
202
402
296
757
827
497
218
537
215
825
716
107
447
561
40
915
568
565
425
677
247
496
958
627
182
633
801
313
88
926
472
195
921
281
388
187
282
379
404
889
756
779
319
905
20
399
314
94
985
946
444
672
970
643
1001
125
473
156
521
318
740
349
50
60
462
709
165
315
389
32
952
685
382
654
923
637
154
83
743
418
854
485
761
476
956
13
640
841
767
183
72
659
191
651
172
351
587
341
530
691
274
184
748
864
359
813
498
873
451
470
920
932
962
290
471
61
610
272
912
928
67
23
312
354
616
140
845
233
387
983
145
321
524
82
938
1018
422
718
437
251
831
826
646
810
888
738
99
300
717
209
760
857
573
843
445
695
311
556
429
119
267
115
951
352
46
883
824
110
575
378
758
454
214
117
114
419
995
105
988
146
708
383
997
947
55
410
528
971
431
1019
999
257
86
823
625
690
225
562
754
907
543
370
965
675
807
838
927
134
636
34
559
770
185
6
832
53
604
866
560
392
1017
652
243
285
555
968
14
63
829
836
525
931
337
540
622
306
19
420
583
240
981
897
441
638
126
593
668
291
338
216
557
213
71
284
356
645
323
467
152
979
834
362
702
851
449
394
750
269
474
696
139
81
961
686
229
764
200
848
551
797
859
678
482
239
505
943
3
727
252
814
673
548
538
177
647
1011
549
108
265
238
930
609
722
174
600
92
329
84
613
901
345
878
475
27
377
38
846
949
70
1
792
369
522
381
297
93
457
430
75
650
830
166
123
994
739
310
385
759
868
348
372
944
692
270
294
980
598
664
1014
520
263
461
147
189
322
223
11
509
701
260
332
458
336
553
933
501
275
724
790
466
780
138
463
772
47
492
886
293
821
432
579
992
28
793
592
676
700
483
960
395
340
714
253
670
51
649
918
489
744
648
433
891
1006
287
1020
212
64
446
324
153
112
221
516
617
1007
1008
799
222
683
704
204
766
514
684
231
542
599
89
227
681
734
621
585
327
423
396
219
201
895
65
535
934
58
623
529
161
612
502
993
726
7
236
580
54
839
25
186
880
657
167
150
611
989
777
902
863
278
624
577
963
143
85
787
286
78
861
589
133
135
503
526
894
527
803
333
151
574
910
325
304
628
742
8
421
41
815
80
603
1015
411
76
539
977
662
245
682
896
800
142
232
160
384
307
735
479
1004
656
344
967
669
37
465
194
694
442
783
97
364
52
144
124
853
782
45
506
409
517
547
966
273
959
974
357
566
158
264
367
1021
796
42
856
490
18
320
149
765
881
769
594
44
513
570
66
665
120
746
749
653
334
630
308
415
68
822
937
731
136
728
606
1005
862
818
721
578
199
576
434
380
426
642
595
582
141
403
837
929
1012
596
495
5
109
316
707
942
607
885
309
569
10
452
481
973
36
741
751
544
366
244
181
486
363
791
493
532
1002
478
347
393
809
268
892
632
477
464
512
280
116
533
753
850
858
626
288
33
374
26
57
342
491
712
940
687
679
455
424
666
175
804
729
978
835
179
975
752
12
725
730
237
397
564
217
842
844
197
435
572
755
176
976
948
79
283
908
510
35
689
747
849
798
819
919
614
984
102
87
365
499
987
391
794
190
699
774
169
137
299
30
737
412
43
460
996
872
874
869
168
49
909
16
917
373
254
256
812
436
241
884
776
914
250
361
428
163
674
720
292
207
1016
852
658
438
515
246
778
56
785
91
2
922
608
317
941
339
536
258
639
698
355
713
802
620
196
113
903
924
771
271
