166
817
44
551
594
113
758
244
690
133
597
451
722
154
917
833
70
638
233
756
974
645
269
261
970
107
282
9
823
98
386
445
243
301
117
325
76
746
460
656
227
983
456
228
66
706
140
747
906
869
298
616
598
59
751
662
367
0
546
136
495
288
685
613
712
506
908
370
900
935
573
494
304
87
48
249
411
860
287
801
854
302
850
566
96
467
90
526
300
995
215
384
580
8
1023
609
122
711
427
569
19
455
97
830
942
135
88
220
842
178
959
490
953
61
689
310
245
448
4
260
550
120
25
255
238
709
359
1016
453
650
839
639
428
811
414
116
102
277
432
350
275
200
498
643
740
360
633
127
34
10
511
773
701
15
655
732
143
849
538
144
557
257
226
236
984
877
602
769
736
535
856
934
92
27
651
686
400
858
309
376
412
611
726
837
106
739
165
964
231
22
667
58
431
320
472
937
985
718
591
604
163
461
502
356
68
335
677
588
23
258
848
463
710
464
346
103
909
750
788
176
104
377
612
647
341
775
556
195
978
1012
691
222
199
262
870
323
395
728
572
421
234
225
391
762
624
357
950
771
295
263
264
398
474
51
627
652
82
131
62
586
530
752
307
5
790
232
804
71
293
240
340
915
528
77
190
468
224
912
477
776
43
1020
389
794
31
879
64
789
272
156
753
693
704
437
440
595
857
949
628
265
315
50
397
966
960
210
458
745
383
734
172
188
996
481
1007
901
115
373
972
363
470
845
561
408
366
824
748
417
197
866
581
209
596
606
835
167
372
248
593
921
697
831
189
347
635
114
479
160
679
891
563
717
933
351
91
324
903
763
592
469
378
180
217
1003
230
294
504
963
582
558
354
36
838
267
876
223
600
682
617
1014
345
297
527
688
296
840
503
404
235
237
810
436
93
653
759
956
396
761
399
683
919
622
524
547
587
132
979
991
435
654
539
29
980
38
507
374
508
329
725
571
26
768
253
283
101
332
375
1004
796
599
525
665
344
637
313
119
18
668
321
743
994
969
94
54
902
554
169
390
422
45
171
936
181
229
715
885
79
742
815
886
533
442
318
802
148
807
967
112
644
17
433
680
999
128
476
568
6
1011
867
491
1022
424
844
932
1015
781
674
939
198
336
871
7
403
945
28
352
764
930
529
121
899
642
1
819
393
895
973
888
590
946
548
465
702
929
812
278
418
306
575
109
928
705
492
382
976
621
578
291
86
416
60
784
825
713
35
158
439
276
317
640
153
512
559
316
567
334
853
286
105
78
897
273
438
603
322
330
130
620
353
911
721
741
770
729
454
735
852
446
716
111
589
53
63
379
349
32
339
134
173
615
216
184
889
124
766
565
201
401
922
855
993
488
987
828
608
312
981
641
371
923
809
703
954
175
55
441
89
792
337
872
186
676
986
549
737
779
69
387
489
129
146
247
684
314
990
85
952
208
246
560
187
303
457
884
182
669
16
1001
785
305
863
24
925
767
380
292
666
21
765
664
95
1018
493
543
368
914
444
730
392
252
72
634
426
271
813
977
486
157
149
783
496
239
816
574
955
607
585
989
777
100
997
497
478
534
540
894
943
962
695
536
402
364
159
672
719
523
407
1002
920
649
787
419
552
646
883
727
501
614
250
39
388
434
482
206
822
280
625
487
211
12
423
73
865
80
619
859
878
864
851
696
462
14
510
203
449
174
791
632
892
425
365
289
629
30
898
874
808
191
285
881
430
145
65
319
202
67
284
471
480
522
918
797
183
358
450
56
139
670
162
800
443
795
570
281
958
362
610
749
907
413
516
553
968
475
564
893
938
687
279
827
311
254
941
623
829
355
714
420
151
720
170
42
778
274
931
500
123
164
84
873
782
780
177
648
517
738
270
806
786
518
266
147
381
700
882
327
707
658
385
1006
1017
698
259
678
484
40
108
110
74
733
605
204
466
544
11
926
940
509
192
299
13
125
308
185
862
542
975
584
520
944
161
483
1009
405
1000
576
562
834
342
290
805
485
577
757
531
910
537
196
343
326
37
219
601
1008
1013
194
214
2
847
150
663
521
772
410
205
152
630
673
798
579
126
369
168
660
998
268
661
724
447
193
207
99
532
774
681
1010
836
75
846
947
971
754
415
33
46
49
826
541
394
618
141
241
555
361
961
841
820
409
212
626
242
20
694
221
659
699
814
137
861
755
331
499
328
3
731
948
515
406
348
890
505
545
452
338
675
333
1019
213
83
803
905
138
155
793
818
924
636
671
723
951
965
1021
142
760
251
256
459
880
218
913
843
904
957
821
982
887
988
118
429
992
513
57
657
708
179
692
896
631
832
799
875
473
52
583
868
47
1005
81
744
41
514
916
519
927
