919
171
883
247
864
954
112
836
468
698
711
617
184
532
502
727
550
302
736
633
501
25
877
274
170
734
869
167
243
287
807
912
46
777
197
99
986
443
756
357
491
892
618
715
325
348
584
626
558
693
160
290
477
569
803
336
118
799
957
188
565
75
165
522
792
867
847
857
475
1015
932
300
169
270
713
620
687
156
1016
660
1023
514
102
492
587
806
688
498
329
439
461
637
345
12
145
780
682
917
80
751
568
401
424
327
265
395
1020
823
272
172
555
983
535
801
956
385
635
767
177
195
678
73
591
259
245
873
209
676
367
399
832
225
820
994
400
870
671
201
436
634
18
228
577
973
433
48
923
211
106
371
376
627
795
406
263
706
333
829
155
997
794
135
959
643
897
137
669
50
696
704
74
305
840
389
721
143
645
54
996
330
60
383
674
61
526
269
720
117
910
431
858
766
718
842
963
20
190
665
826
212
113
487
648
939
64
91
781
614
753
0
412
234
120
239
582
567
529
449
133
463
223
286
549
754
393
28
827
625
350
374
142
524
90
504
321
222
42
115
816
283
370
915
530
774
710
7
476
729
944
257
174
624
149
726
838
285
796
339
654
975
700
416
989
423
368
351
187
607
218
554
1004
87
946
672
108
180
264
440
1019
615
249
905
523
888
714
663
3
179
402
995
148
1009
9
1
856
104
111
362
72
865
517
455
610
123
11
124
151
15
413
208
844
769
98
762
68
604
970
916
364
666
298
10
280
881
482
83
632
372
114
508
313
397
344
500
854
722
845
462
708
675
843
255
589
790
483
277
101
647
692
303
891
4
930
214
346
709
17
894
129
853
515
760
310
396
733
24
457
942
66
563
417
94
821
992
19
126
642
737
292
271
677
32
199
84
987
564
377
193
132
204
317
1000
426
909
319
536
316
62
972
543
787
980
981
639
326
41
178
810
233
913
162
778
797
846
800
465
6
740
216
574
601
576
38
138
358
509
518
284
452
750
379
421
813
513
196
289
947
254
941
365
874
586
931
323
808
493
232
705
935
314
448
773
730
831
86
22
297
738
282
673
154
745
141
253
511
381
21
868
119
819
485
900
467
885
97
600
14
446
895
839
537
533
887
181
553
623
789
354
384
447
851
355
387
63
296
76
561
128
534
291
88
338
834
27
420
747
748
311
92
210
474
67
906
680
579
224
26
192
743
650
419
279
782
434
411
943
163
441
200
817
390
267
852
51
418
661
616
79
1010
559
779
785
860
516
528
164
349
985
768
539
833
739
595
275
902
65
159
890
717
219
759
993
53
380
731
409
240
144
542
454
486
703
603
636
629
724
31
966
473
659
922
771
670
841
805
599
422
266
127
235
1018
694
968
392
278
166
560
948
707
866
597
988
761
596
590
391
309
306
691
572
746
429
1006
684
153
161
649
59
683
951
541
872
901
33
716
863
363
588
85
914
876
933
481
5
369
809
907
77
373
464
304
361
741
926
960
928
49
628
929
152
318
453
976
631
898
879
456
246
140
1003
175
100
499
293
849
547
979
288
815
173
764
884
784
578
964
226
495
23
494
30
69
786
360
407
428
136
299
638
521
953
386
268
602
251
331
967
466
962
776
878
341
1007
438
657
340
958
575
770
651
998
608
609
580
999
146
556
444
47
415
342
150
408
732
593
828
437
668
552
375
398
545
824
93
899
875
484
347
435
712
258
749
1014
186
911
324
202
52
95
256
1005
644
307
940
78
359
791
752
937
352
850
2
231
570
527
295
725
229
505
758
445
950
315
260
686
130
262
921
45
990
689
592
904
109
702
241
157
276
217
945
1012
8
1017
695
236
611
742
96
40
735
488
594
685
81
641
802
896
479
248
744
755
497
427
425
562
880
1001
566
105
261
221
804
337
252
110
531
889
480
925
965
658
403
585
934
798
472
460
1022
238
581
546
908
525
697
242
690
1002
825
478
903
667
459
605
952
405
230
244
250
573
39
583
139
520
414
871
646
71
955
328
343
859
613
116
176
198
848
37
765
382
506
818
971
404
656
82
551
394
927
207
378
458
830
662
882
70
58
991
598
388
837
640
470
512
469
701
1008
886
356
1011
612
503
168
548
103
158
134
56
619
183
36
630
920
978
205
1021
206
55
728
294
961
89
334
490
763
621
430
855
410
194
510
227
557
507
982
812
353
122
652
191
984
125
489
936
121
949
861
977
308
322
312
862
442
544
34
220
538
783
719
432
43
44
822
606
679
681
775
450
924
653
788
215
622
147
918
366
519
471
540
237
1013
131
332
320
655
203
57
835
107
893
757
793
182
335
811
664
189
29
969
814
273
281
451
699
938
301
496
16
974
723
213
571
13
772
185
35
