792
302
389
38
953
517
146
218
626
533
651
586
408
997
954
62
993
222
469
690
638
69
461
207
801
778
116
1007
616
412
866
178
781
542
593
937
268
859
189
483
275
988
609
134
188
261
500
114
451
45
329
864
766
463
588
871
779
13
167
375
558
925
983
650
756
704
749
958
637
426
692
605
819
881
944
742
319
311
380
677
955
527
27
951
454
325
1001
877
250
551
628
459
967
556
979
471
695
313
5
521
242
700
37
536
492
515
100
369
448
841
777
154
374
785
78
657
662
362
571
1011
387
75
457
180
868
327
788
730
965
190
978
81
34
179
131
652
1013
223
747
381
402
685
298
233
455
480
503
619
746
226
384
507
878
278
297
845
783
927
386
911
673
498
442
570
458
147
59
572
344
761
280
181
301
241
811
539
232
330
439
285
823
350
915
611
921
617
573
342
240
196
399
135
1005
42
772
293
355
860
363
228
726
832
691
578
770
661
410
388
683
361
729
441
935
948
235
888
79
982
543
36
723
159
903
606
624
320
598
400
341
736
1016
753
952
501
999
717
782
270
946
360
127
743
305
847
497
528
310
721
0
3
989
554
984
547
514
67
716
735
583
896
724
538
437
481
94
970
887
197
76
971
768
899
397
910
676
251
332
737
246
452
523
645
615
510
90
436
35
176
594
343
836
421
61
133
584
722
513
601
345
920
557
632
6
276
396
733
706
383
763
186
117
328
678
338
669
992
303
962
861
1010
472
849
986
258
807
348
597
1004
450
817
818
172
787
227
101
415
918
968
339
143
373
693
1023
89
316
53
152
882
281
92
950
914
863
981
84
414
115
774
204
314
856
942
522
248
852
87
889
368
731
814
139
317
838
105
444
409
502
422
370
548
803
217
16
208
473
627
564
668
696
9
484
175
894
119
123
200
263
1015
371
532
550
499
966
855
33
99
17
526
299
740
917
425
715
653
687
137
520
664
734
931
118
748
933
290
44
732
1008
898
56
711
776
443
621
703
97
398
430
941
438
187
1018
364
113
40
183
419
54
1002
890
107
949
646
682
744
456
769
287
738
612
1017
476
674
709
725
875
790
525
269
334
620
318
566
11
424
432
288
567
273
835
591
884
346
284
829
15
239
754
294
245
440
93
427
892
249
323
512
244
827
876
907
820
821
815
565
291
215
255
337
771
511
209
707
897
613
764
376
812
639
470
391
289
560
913
793
577
810
145
728
555
358
83
171
274
236
52
976
581
938
163
238
980
929
518
655
177
837
574
128
874
479
916
478
109
282
839
904
883
865
493
895
718
26
199
88
831
466
945
658
12
144
509
359
822
977
130
151
893
286
487
912
136
86
357
806
393
366
351
39
631
1003
229
569
886
537
582
428
1000
773
182
541
91
858
923
940
902
629
126
563
544
568
321
546
758
705
309
18
975
65
295
850
155
306
994
712
352
862
602
714
70
681
219
797
648
604
252
405
848
324
220
445
618
468
106
108
873
173
932
216
727
959
158
423
50
956
826
51
505
607
844
82
757
353
322
198
66
403
21
247
828
185
95
987
1021
608
689
292
482
160
205
939
485
719
679
31
901
680
600
161
775
214
802
672
129
506
164
1
614
120
524
496
1019
644
780
575
919
589
312
972
80
508
1009
43
488
534
262
765
447
640
688
739
885
385
150
256
416
264
934
795
799
995
587
649
665
842
58
102
660
671
698
872
112
701
634
24
879
694
96
48
431
635
540
390
699
237
435
110
304
964
943
991
49
969
10
174
713
1006
168
857
191
477
111
156
464
68
418
378
580
265
4
132
63
900
201
77
491
372
561
162
647
576
22
908
308
267
1014
140
590
666
283
809
336
392
531
260
347
853
121
433
516
122
465
553
659
462
641
23
30
475
767
808
519
85
60
789
356
354
411
529
947
784
603
854
697
1012
867
406
562
202
667
277
504
57
495
805
165
684
490
636
843
300
55
922
702
253
599
974
759
29
449
535
670
830
595
331
1022
25
394
710
579
149
926
103
170
166
825
194
963
804
762
549
755
20
998
231
486
193
138
326
630
846
869
153
259
157
266
750
957
625
315
429
791
833
530
221
7
973
824
798
494
307
905
8
990
741
816
395
72
71
41
367
169
1020
365
210
19
752
148
407
467
656
623
585
335
460
296
184
382
928
434
379
870
192
751
559
489
14
417
142
654
98
930
985
420
745
243
224
124
760
195
800
377
880
206
840
936
401
794
257
708
32
404
104
996
230
413
592
271
552
686
234
73
213
663
46
74
834
906
622
2
141
633
960
891
596
279
720
813
642
961
446
786
64
225
909
545
28
643
453
796
340
349
333
203
610
254
211
474
924
125
212
675
851
272
47
