996
11
335
436
737
950
151
347
439
668
205
858
186
424
426
650
983
62
153
626
919
978
409
717
275
472
632
722
295
779
528
441
331
784
533
699
82
362
444
867
570
194
93
705
667
933
642
392
965
111
375
896
745
684
361
981
143
473
523
19
846
301
24
1008
442
786
238
842
40
536
923
710
692
512
962
176
228
386
960
94
431
262
713
267
989
855
395
945
849
794
1012
708
823
81
677
453
113
941
78
828
433
124
323
332
758
100
13
719
330
119
578
132
88
147
797
686
263
878
742
595
296
245
480
905
753
756
425
938
726
451
25
937
75
70
220
305
521
565
796
876
232
20
68
987
633
1013
740
58
229
255
243
831
547
18
212
598
44
37
387
188
958
765
72
311
452
317
203
821
415
995
45
621
200
673
408
647
948
924
573
917
585
897
657
520
56
640
270
859
680
1018
752
413
261
3
173
515
735
661
319
804
991
925
928
715
665
910
337
33
637
629
702
125
771
476
400
575
861
333
419
733
901
706
117
942
912
91
36
646
979
812
984
446
288
954
525
47
615
596
970
543
526
83
307
342
994
416
627
477
359
940
891
360
420
848
618
198
774
789
739
935
358
150
985
853
149
114
544
824
38
751
60
662
725
943
306
838
845
671
969
1009
454
380
26
884
322
447
908
847
741
778
499
80
625
974
410
48
107
49
803
14
558
537
299
913
603
312
540
253
614
638
181
788
696
248
177
251
77
459
955
55
258
313
567
639
193
562
672
697
148
568
377
700
586
105
729
168
484
435
402
875
857
414
183
378
682
888
76
97
606
180
720
561
873
986
115
21
382
412
887
556
951
329
217
231
787
140
5
503
215
916
903
338
559
914
738
308
35
687
352
247
909
956
121
246
90
483
2
1004
728
898
609
695
249
407
693
856
0
589
197
467
654
588
732
133
655
832
230
156
963
827
85
780
1003
163
972
980
430
384
364
327
818
862
139
498
479
59
744
371
982
868
617
495
466
899
799
931
401
291
721
850
108
539
398
353
89
808
87
388
471
623
28
949
934
689
57
932
802
187
109
99
1001
510
206
718
170
880
101
475
754
936
590
277
810
998
191
487
811
755
541
316
256
208
833
819
500
649
907
885
136
418
844
920
32
284
486
491
86
199
157
279
834
434
470
767
681
492
653
293
711
947
714
563
921
574
988
432
770
852
458
584
260
1010
723
158
445
747
593
69
746
792
964
259
496
815
616
926
805
707
137
110
396
703
781
587
793
428
185
195
207
343
237
663
41
103
31
236
643
866
344
175
990
704
385
641
611
357
96
383
604
264
234
440
34
468
461
9
554
691
429
405
289
79
922
636
61
785
820
135
155
242
591
900
658
22
759
144
968
287
560
881
273
550
214
298
485
482
764
64
549
674
370
325
106
339
30
427
605
112
283
522
276
239
532
546
577
455
54
1020
607
518
826
463
893
644
966
280
854
348
218
906
675
351
761
977
138
336
478
310
162
630
709
354
961
608
328
282
174
527
8
23
730
494
341
443
165
192
613
952
659
516
240
829
545
724
918
300
683
801
507
130
886
840
389
599
1005
421
104
355
519
538
776
141
497
835
582
967
285
27
184
39
957
202
502
830
145
460
15
356
120
524
235
391
651
807
685
999
449
268
731
274
490
670
417
53
757
760
326
564
164
281
619
734
727
1006
571
798
679
161
1023
50
874
530
437
223
167
29
374
265
210
712
182
514
508
226
997
367
314
126
890
946
929
290
889
676
102
372
552
221
74
864
465
211
814
600
233
535
870
219
750
583
602
806
548
345
252
652
513
92
6
768
46
292
462
612
772
166
883
95
1007
911
457
84
42
250
816
278
1015
634
209
201
953
422
635
266
179
303
628
622
71
488
160
944
438
244
631
836
66
464
660
1022
648
320
1002
302
775
4
975
839
553
782
17
511
73
321
795
800
572
557
509
851
98
698
1016
1021
506
394
531
837
620
190
254
930
566
690
872
67
504
204
542
376
902
763
939
397
762
894
324
393
178
843
456
1019
822
791
350
694
123
381
271
610
505
169
315
390
904
369
12
469
122
871
879
766
399
346
895
892
257
134
555
172
1017
576
272
869
569
10
131
882
474
294
116
534
769
877
809
118
777
976
992
196
773
1
817
601
65
915
154
1014
581
783
43
624
971
501
52
224
529
959
334
669
7
404
749
423
493
841
736
349
1011
304
222
716
365
269
309
171
1000
213
450
368
297
448
366
664
225
241
403
159
517
993
597
579
860
152
645
286
743
678
973
51
592
481
142
580
127
656
594
373
128
216
863
688
701
666
63
825
748
189
146
411
790
379
865
363
927
129
813
489
227
16
340
406
551
318
