942
607
83
927
58
938
796
426
921
256
376
539
1009
11
312
568
421
518
112
879
158
323
142
1006
963
137
411
619
736
645
46
495
508
107
203
955
455
939
465
1007
170
981
136
299
171
708
783
949
448
24
94
842
459
609
961
642
861
943
319
746
598
68
438
571
315
623
398
252
502
647
151
305
904
62
34
118
51
326
258
509
905
810
652
123
781
97
676
1
496
851
453
788
92
794
996
679
245
301
429
561
701
147
278
358
40
261
873
625
769
250
493
835
55
143
269
148
473
980
517
975
100
287
492
828
903
149
965
122
297
897
838
528
30
755
15
246
115
6
1002
437
451
64
546
232
599
849
558
855
18
600
133
836
570
527
738
587
993
956
811
59
435
366
893
719
362
98
2
899
526
194
805
757
204
604
91
947
439
967
618
126
937
467
982
490
239
23
444
978
723
334
784
622
264
228
869
971
1001
901
579
234
375
135
602
233
401
711
259
174
857
66
423
969
762
206
911
668
371
277
909
867
705
553
866
162
875
895
368
372
478
1015
908
912
241
168
832
43
521
948
131
1012
456
624
731
797
940
768
169
584
29
1004
667
663
296
614
306
683
342
538
317
341
157
859
272
898
78
845
191
803
739
550
941
201
396
1010
103
543
777
821
530
929
753
314
763
47
636
658
720
560
951
89
212
773
152
200
958
778
707
922
670
331
878
72
117
966
214
90
345
840
464
316
386
357
666
146
364
229
915
125
481
728
443
374
159
347
853
964
575
864
877
57
730
409
63
394
770
734
32
725
557
242
989
207
19
500
512
211
36
729
322
235
716
356
793
166
309
275
363
655
986
870
887
225
304
660
70
661
876
758
710
156
17
694
574
49
536
144
349
985
516
380
569
640
202
408
132
485
273
393
293
120
181
482
367
669
1013
634
113
197
102
742
215
268
325
544
551
673
460
262
767
167
42
501
627
348
9
355
61
639
121
991
218
154
950
503
621
594
886
977
198
801
756
743
410
957
691
787
809
195
244
223
416
390
192
608
841
109
830
617
984
463
643
253
484
418
48
330
44
703
754
431
84
650
1023
4
175
649
226
504
230
633
529
188
327
506
595
718
373
656
689
916
414
247
145
680
662
808
854
1016
629
95
54
217
111
605
923
856
370
588
353
682
531
302
270
389
582
807
288
21
567
792
436
332
1011
220
761
698
654
80
441
282
1022
318
847
913
337
139
657
412
717
106
449
422
33
632
829
997
50
74
712
848
995
906
565
339
894
128
361
67
0
395
514
486
745
45
606
852
468
60
350
360
476
534
520
968
920
722
104
75
260
522
554
351
392
865
427
696
308
733
928
479
959
900
328
505
583
952
488
638
556
298
800
491
236
224
684
383
934
153
776
601
646
816
88
310
721
858
494
837
179
184
541
648
868
795
1018
914
589
846
450
790
430
972
651
812
213
519
433
533
613
653
385
576
205
343
415
404
724
71
352
545
515
944
825
580
281
535
114
798
850
280
452
884
555
744
73
593
597
818
31
782
483
892
785
678
833
81
480
52
263
85
185
127
611
713
454
823
440
524
814
27
38
578
987
257
110
732
178
935
686
532
182
303
677
388
77
644
403
586
714
295
1005
577
834
695
208
487
129
457
740
407
890
22
510
1020
160
824
741
891
774
286
87
748
413
976
210
786
970
704
775
880
804
630
932
425
187
96
1021
924
65
101
324
140
180
827
1000
772
222
119
581
715
566
37
507
321
243
172
384
340
76
615
311
826
446
872
458
292
659
276
931
406
1017
193
53
799
447
291
164
379
843
559
863
209
596
979
693
265
391
973
240
284
690
779
79
789
697
998
641
5
424
585
962
902
603
10
466
469
382
461
933
248
992
889
251
637
20
542
320
150
14
333
477
300
7
674
279
896
499
25
994
766
56
839
1008
417
313
749
592
69
573
760
28
405
672
470
307
815
681
750
523
635
399
472
563
378
910
813
990
960
227
881
199
290
945
344
489
336
124
791
844
820
474
802
699
706
759
434
752
664
907
765
953
3
289
445
817
237
860
612
727
365
616
919
267
572
419
35
771
266
936
219
1014
116
631
155
687
255
216
377
819
926
163
497
39
620
1003
562
231
610
397
871
882
831
189
190
99
628
513
999
511
254
988
548
780
369
671
925
552
41
747
626
177
764
806
692
685
1019
26
420
16
173
709
917
471
387
329
108
402
176
702
86
249
665
737
381
885
141
822
238
134
165
93
726
954
82
221
12
283
888
285
675
930
862
700
983
354
590
428
525
540
271
918
974
462
183
138
475
196
338
547
591
874
688
751
13
432
400
130
946
564
359
498
346
105
186
883
549
294
735
274
8
161
442
537
335
