485
32
931
357
889
142
429
980
419
981
194
38
327
64
301
126
91
832
402
816
99
743
532
427
292
205
534
851
712
245
499
350
621
797
3
789
510
541
4
719
311
248
260
408
877
614
678
571
54
363
387
257
943
193
329
434
839
987
210
394
195
183
265
597
954
768
406
615
848
751
588
76
659
134
646
836
326
694
457
447
113
663
79
393
176
576
869
253
668
591
676
514
35
814
513
315
218
608
385
17
879
97
804
234
130
826
397
334
425
252
822
632
60
821
684
344
721
993
964
271
95
189
587
283
967
500
149
347
173
564
254
11
546
927
422
916
212
494
501
819
309
203
22
431
872
1015
924
493
899
462
400
473
395
444
860
947
15
259
375
169
1010
937
116
606
625
940
442
791
781
504
574
884
622
474
855
246
692
689
902
568
506
428
438
120
761
152
73
458
1008
581
1005
661
168
214
1013
963
788
577
930
482
670
34
374
976
787
307
426
268
903
747
360
895
760
261
290
948
631
617
1022
918
767
962
276
820
1009
423
762
291
414
80
382
897
799
834
40
812
231
748
145
807
119
144
37
533
863
949
103
626
953
545
1017
157
724
29
910
966
1006
215
164
165
579
55
629
362
146
241
900
71
439
738
696
1007
224
982
920
970
955
766
267
222
730
561
7
875
86
323
865
961
600
525
675
566
312
951
795
642
618
93
328
784
752
75
13
364
815
275
335
398
1020
305
471
1023
332
936
117
627
477
648
192
308
878
148
956
749
756
753
359
289
342
594
529
136
26
21
381
399
602
695
102
67
0
852
18
190
217
590
69
430
299
487
881
774
250
610
623
255
934
31
367
1002
202
825
838
582
596
235
321
539
945
90
297
483
978
155
424
23
664
758
354
66
213
870
859
653
1016
264
630
650
221
242
898
49
201
479
488
186
137
913
612
371
287
706
523
770
405
108
764
660
849
906
979
450
517
700
370
733
923
542
604
30
436
278
843
27
1018
52
578
182
844
677
384
754
628
421
808
519
140
272
251
496
293
896
595
416
656
919
522
453
714
107
185
125
562
158
43
281
850
154
348
652
715
498
373
569
316
907
728
74
78
5
476
647
845
737
320
759
725
244
911
658
112
41
361
583
133
475
346
468
977
972
413
810
460
207
177
480
502
50
867
143
1003
317
345
905
269
803
508
988
641
801
549
527
452
123
229
284
84
842
639
887
432
847
386
418
159
772
285
313
871
181
47
204
680
481
443
635
833
369
783
973
211
141
683
396
236
1014
914
555
433
388
179
14
688
100
151
841
904
687
160
827
209
302
997
343
161
707
698
225
813
723
538
124
355
156
461
702
20
998
129
132
175
750
796
270
732
53
486
196
585
445
353
669
830
1011
127
339
605
89
377
412
58
912
739
243
464
446
550
277
705
835
383
105
109
1004
840
666
654
575
601
938
720
657
72
779
558
547
336
925
607
673
449
543
665
2
818
995
793
736
986
59
524
48
28
121
263
917
171
959
727
325
693
984
417
526
817
83
403
200
349
667
634
304
401
942
599
42
792
794
780
713
570
685
882
12
785
389
572
456
170
711
853
1000
340
70
681
567
802
551
503
829
742
616
365
404
515
62
769
846
952
697
174
223
958
98
19
593
965
611
440
645
782
303
944
521
655
536
187
68
380
968
298
96
926
974
775
856
454
554
411
138
837
337
557
6
191
563
114
805
198
909
87
233
994
892
324
135
928
553
338
950
172
407
592
199
649
228
874
640
734
358
274
467
512
1
56
36
208
162
180
999
238
110
717
765
565
390
992
352
197
273
153
763
484
691
282
679
81
220
63
441
322
51
266
790
256
300
341
716
92
584
451
922
61
216
941
990
935
420
975
379
296
824
437
745
240
989
472
946
908
33
122
771
573
704
637
1019
465
886
880
548
893
507
798
741
831
219
368
823
295
518
864
644
455
288
286
861
492
232
809
806
227
744
699
613
854
333
410
888
722
991
166
528
206
470
469
77
497
139
435
921
280
773
560
391
106
247
463
258
239
306
580
65
598
540
969
45
755
883
490
929
731
718
915
537
319
366
226
111
459
25
310
516
505
495
643
356
10
828
619
478
57
279
392
862
1012
885
331
891
674
996
131
294
351
1001
709
778
178
701
167
651
9
776
710
873
672
662
376
556
8
757
318
933
857
983
118
16
88
188
971
866
128
559
735
690
636
230
448
409
46
314
163
586
811
44
104
150
101
82
932
184
682
746
147
901
890
703
960
777
633
876
330
800
378
638
511
726
671
237
1021
544
939
957
509
24
531
94
729
686
786
466
589
262
603
609
85
520
530
115
740
985
624
489
894
491
552
372
620
708
249
39
535
868
858
415
