216
872
462
111
669
312
847
619
977
319
945
57
503
773
807
961
956
245
599
289
576
879
207
507
478
472
22
628
191
7
276
673
339
332
556
347
178
816
46
140
18
1015
549
876
291
382
197
428
411
829
510
8
158
699
806
500
23
193
519
702
601
194
754
84
1014
812
96
362
566
78
755
712
805
144
231
269
891
720
552
6
54
366
661
227
329
965
390
374
251
701
595
757
53
1021
887
494
169
356
192
629
776
66
1012
985
363
623
449
864
889
940
224
305
951
615
496
577
685
883
49
335
691
581
44
80
463
830
152
703
489
176
352
323
281
590
70
931
82
736
529
284
73
267
597
59
137
505
809
262
693
89
175
902
838
427
831
964
814
540
939
102
735
665
568
942
384
77
317
639
282
457
550
717
183
235
987
884
796
189
92
886
671
740
2
160
969
337
30
667
215
944
652
333
747
120
719
676
696
353
435
328
578
504
214
846
293
634
278
784
513
205
1017
40
709
154
13
545
221
528
907
627
83
381
81
1009
751
616
620
464
392
560
241
232
300
823
302
398
162
75
729
475
688
731
491
380
906
878
502
996
476
903
342
611
982
760
148
33
100
253
234
854
466
672
104
741
697
1013
664
314
567
493
837
315
327
1022
743
318
107
27
361
920
320
442
417
633
894
396
97
219
972
414
958
728
71
592
718
873
114
336
947
845
131
16
74
266
842
932
55
888
376
733
109
970
456
534
618
395
391
976
525
584
955
208
306
803
686
153
589
523
296
799
642
451
101
410
544
758
182
756
934
17
115
5
921
521
992
211
156
64
325
738
626
41
383
223
95
443
630
199
402
0
233
841
828
407
31
520
582
452
658
135
10
694
910
195
4
279
663
968
679
35
877
1000
938
711
15
209
588
180
526
147
536
146
913
433
815
203
355
273
695
905
966
522
212
479
999
1020
179
439
971
268
308
408
524
865
20
643
487
271
430
867
143
785
594
242
802
36
863
280
388
469
565
832
149
748
935
840
986
164
348
61
303
364
585
963
93
850
801
858
32
128
397
3
949
187
761
997
608
766
922
225
762
272
210
988
437
822
19
116
662
914
297
24
904
650
979
261
470
943
170
538
527
531
645
770
47
174
501
492
959
967
638
473
142
706
750
871
90
804
123
950
852
285
580
583
954
700
350
632
378
689
606
1016
937
690
133
721
401
993
91
202
710
734
813
742
772
551
72
790
530
705
674
94
683
759
1003
422
448
26
893
675
763
186
514
256
11
614
506
779
43
377
895
125
654
562
575
739
88
509
778
298
698
136
399
953
880
692
68
321
912
787
204
238
360
67
25
511
124
274
257
508
936
573
660
286
1008
354
926
12
1001
237
602
218
973
636
56
635
561
851
168
653
765
418
264
167
65
338
843
535
622
892
313
898
870
499
555
974
682
60
122
250
446
453
909
648
849
990
425
295
818
570
421
406
794
791
989
299
196
827
419
287
248
657
311
185
151
246
420
604
543
460
542
37
283
745
793
113
438
1019
946
226
495
668
899
789
436
206
900
516
725
591
610
624
301
918
14
774
1005
753
444
416
727
358
69
882
558
541
166
957
42
367
659
817
881
415
112
678
459
252
908
150
159
405
163
868
177
431
600
975
130
960
930
108
948
808
121
991
574
666
901
490
480
844
800
572
213
309
860
477
373
34
98
379
294
777
548
769
424
603
454
244
795
537
656
771
190
62
429
744
375
331
467
641
50
923
387
834
824
265
326
1007
925
316
344
28
157
270
730
896
440
927
198
767
962
722
201
853
810
915
324
474
292
368
103
517
533
559
184
587
432
217
486
468
485
334
612
897
412
579
569
649
404
240
63
911
351
220
631
341
52
393
557
85
978
995
764
781
857
413
222
497
998
856
48
228
811
58
714
400
258
263
512
141
681
106
230
981
105
553
343
819
797
155
554
1
236
609
869
322
885
917
749
919
1002
110
117
45
484
617
607
259
394
820
775
9
260
79
188
465
481
1011
644
247
532
471
359
651
277
173
371
76
984
798
708
498
596
434
483
866
145
613
746
127
200
952
482
118
134
172
839
386
1018
99
450
826
349
684
768
715
723
539
737
546
372
119
455
861
647
640
598
1004
713
780
255
788
340
86
726
875
1006
792
732
783
461
994
126
403
249
138
848
680
357
458
87
29
704
593
310
345
586
39
625
370
139
564
941
571
924
423
1023
129
515
1010
547
447
874
855
488
243
426
161
833
275
389
890
707
724
782
605
445
928
51
655
307
518
980
369
229
288
646
290
835
304
365
670
171
687
409
385
254
825
859
621
933
132
441
181
563
752
677
821
21
330
929
716
836
637
916
165
786
862
38
983
346
239
