694
750
469
354
291
46
78
914
971
492
634
461
821
464
238
559
877
327
451
101
165
798
472
359
523
564
139
446
368
977
170
809
227
60
581
406
67
58
494
115
819
259
520
755
998
876
868
812
671
153
310
311
87
377
112
422
644
64
1020
561
356
263
76
39
1005
722
526
417
623
274
810
897
924
566
497
220
234
822
130
560
51
891
625
381
216
390
245
826
844
828
956
935
861
355
86
706
121
358
42
436
752
595
843
913
434
555
628
418
155
528
294
838
867
670
378
912
626
533
710
189
204
630
681
942
116
960
572
516
181
59
605
1
369
158
453
746
331
341
219
345
493
328
583
763
211
192
490
955
7
45
131
384
162
120
47
252
420
954
300
26
996
772
808
974
235
598
805
590
148
695
686
316
114
775
900
432
283
357
13
939
460
370
375
759
599
785
551
683
282
177
392
9
124
50
680
409
738
574
770
163
151
802
365
951
665
27
631
178
958
99
768
792
988
141
482
933
578
322
325
857
986
580
54
800
856
475
653
780
824
817
444
449
858
429
285
161
606
466
400
326
426
548
1003
660
872
687
508
335
437
509
691
616
231
932
200
308
537
771
993
109
262
608
309
223
184
502
577
889
519
1016
413
253
477
979
964
421
154
32
84
82
818
88
500
642
539
144
323
373
194
126
75
967
484
462
834
93
544
485
174
159
925
902
459
741
435
110
394
554
892
837
69
63
940
228
908
362
386
650
927
506
747
83
277
125
663
295
742
24
152
550
901
261
247
1001
297
699
835
113
617
995
483
92
579
661
336
367
303
217
540
862
916
21
929
716
675
592
596
150
761
57
280
841
567
425
726
991
183
81
1000
784
963
553
880
673
917
319
966
366
874
1002
999
934
753
659
402
278
882
414
305
455
233
600
197
833
941
855
649
570
292
981
728
1012
128
77
221
346
118
907
95
587
674
463
206
398
330
195
992
107
651
74
209
175
143
98
517
371
602
704
1007
542
260
196
980
481
337
201
565
457
945
636
320
610
225
212
984
938
111
618
831
887
658
149
353
186
816
347
619
5
734
350
875
667
764
203
307
441
718
930
403
806
17
814
135
430
180
230
588
374
1014
334
6
275
865
495
146
586
389
273
1013
315
156
899
773
807
842
985
443
711
740
703
620
169
968
61
869
293
668
531
729
543
568
715
638
627
948
736
215
535
104
794
313
987
1018
16
397
677
832
218
972
37
448
52
40
693
997
937
382
198
879
55
122
769
428
407
982
456
499
731
547
236
898
797
290
748
22
645
804
723
1022
3
108
401
922
157
284
329
176
635
518
692
193
166
90
512
11
852
697
641
950
249
946
445
765
250
781
80
702
312
129
480
431
757
507
813
978
603
611
296
654
38
815
976
68
317
614
342
714
541
147
576
885
866
117
989
811
549
647
281
173
468
782
20
214
286
656
532
884
846
994
440
959
609
242
213
724
12
267
961
504
571
690
405
276
803
700
751
762
1019
136
28
304
688
416
584
270
873
272
172
266
471
433
777
562
881
1004
388
709
931
427
915
823
352
190
473
424
106
895
31
524
749
801
793
696
1015
474
698
138
827
597
735
513
701
906
396
257
2
652
760
591
324
240
338
254
612
395
721
655
43
848
66
622
279
949
604
423
127
825
123
521
248
730
624
682
199
488
226
739
903
1017
637
379
632
845
25
85
672
268
689
361
134
990
947
1010
776
210
299
1021
372
339
100
256
412
167
271
496
530
646
103
640
796
545
883
415
789
438
719
34
363
269
306
344
0
851
920
142
829
487
102
447
594
491
348
725
188
454
849
621
552
936
878
911
778
489
904
364
969
73
340
119
318
585
251
767
187
229
633
575
905
479
289
774
376
790
783
970
207
387
89
224
332
467
470
909
133
79
795
205
503
546
717
836
527
850
29
613
137
140
975
383
720
918
536
71
515
244
589
839
558
522
391
744
62
302
351
859
97
30
510
666
601
168
676
853
505
246
160
191
678
685
314
890
886
712
65
525
185
743
452
465
15
179
237
529
847
926
458
766
222
871
10
241
35
343
896
854
657
4
756
732
53
745
607
573
41
208
232
679
965
615
563
953
860
514
72
410
450
243
419
202
943
669
863
182
301
476
498
662
145
1023
264
1006
952
684
439
399
569
360
380
758
164
239
511
538
333
788
840
534
1009
408
791
639
733
754
91
385
404
713
643
8
48
708
442
894
921
411
648
288
919
910
478
56
707
727
973
779
888
557
705
298
923
864
501
349
870
70
928
258
94
893
171
36
486
33
14
132
1008
96
629
787
786
799
593
737
255
1011
287
830
23
19
957
18
820
664
321
265
105
944
962
393
582
983
44
49
556
