117
305
132
620
774
121
465
677
483
558
979
325
497
962
533
59
683
382
471
488
118
108
500
78
971
152
348
504
234
111
675
698
211
652
392
831
602
674
53
442
600
398
454
526
544
253
123
3
841
286
672
776
839
735
244
114
2
226
441
639
955
415
19
653
407
608
794
896
577
535
205
124
209
182
341
597
67
1017
492
141
860
984
900
810
47
99
629
58
210
223
72
764
861
154
805
1008
252
440
227
140
604
42
96
932
139
660
425
799
581
377
34
1006
281
983
916
659
819
264
531
9
310
741
671
970
85
180
236
737
135
578
969
29
410
332
715
389
996
449
116
756
435
573
518
57
749
388
1005
261
321
724
986
419
914
429
547
238
899
546
401
536
520
169
476
107
523
312
23
352
470
878
318
456
728
413
893
693
909
373
954
746
960
813
744
422
340
376
797
263
616
381
569
778
642
342
881
753
173
338
767
200
944
88
678
463
747
506
834
949
717
306
624
177
696
63
566
191
934
216
201
913
428
710
378
46
552
452
251
87
49
25
658
609
966
768
517
283
852
40
193
574
654
4
1007
662
351
32
207
605
758
821
24
218
948
981
556
125
54
320
714
185
863
1012
964
851
898
464
553
1003
850
804
60
884
613
920
539
309
79
628
856
55
576
120
225
929
1000
271
366
656
583
888
864
484
817
897
510
455
703
162
872
126
561
70
733
551
742
326
403
131
265
404
362
160
873
82
371
880
892
315
750
230
420
203
572
633
434
273
835
258
975
833
421
844
237
331
901
156
17
459
239
570
480
498
514
787
626
329
840
250
166
625
846
655
144
129
911
907
1009
255
587
939
248
101
632
931
563
68
855
582
406
585
192
985
461
882
199
680
328
669
748
353
541
335
532
167
667
302
229
722
37
233
755
1019
676
73
385
98
247
745
122
106
772
502
785
243
446
957
13
458
584
445
359
231
279
999
383
6
275
951
491
859
694
142
151
598
688
989
700
692
828
959
734
137
950
189
825
44
181
803
384
93
187
657
443
967
175
400
550
322
601
172
41
473
393
559
344
260
149
980
11
684
977
71
290
670
136
481
704
105
104
895
720
554
5
760
830
560
76
766
206
21
83
208
679
372
783
61
842
871
540
668
89
148
820
596
543
738
405
711
940
754
972
634
272
1004
411
761
790
489
490
437
868
311
545
202
646
751
486
91
303
503
92
732
885
333
143
296
0
386
845
360
103
100
603
800
947
397
35
399
522
904
424
299
858
222
256
496
508
702
469
462
921
994
719
94
215
743
890
923
190
10
45
568
293
18
619
922
487
811
894
595
432
610
48
447
848
645
369
301
270
110
792
339
30
826
731
282
427
930
298
630
757
823
687
997
113
165
709
179
1001
259
788
155
163
937
254
412
164
288
75
614
527
725
607
109
663
865
257
8
650
507
494
689
769
887
705
379
355
915
773
555
926
827
291
886
414
178
246
354
995
43
319
390
943
416
86
196
511
176
277
430
643
365
528
777
308
990
242
267
221
875
627
147
780
740
924
991
622
102
15
51
519
220
204
730
515
575
588
184
274
853
1010
402
1023
334
530
808
801
16
426
224
375
637
699
289
485
495
648
941
26
450
564
739
1018
235
292
729
212
347
1016
358
843
992
276
589
965
1015
448
20
433
763
701
946
686
883
130
330
664
36
611
7
269
1014
784
467
857
891
770
791
942
912
571
262
905
525
146
228
38
594
161
478
621
361
364
815
879
956
818
906
314
665
460
438
549
380
982
493
795
644
802
474
793
268
917
512
586
647
786
423
548
649
557
775
974
417
194
993
350
832
908
1002
436
134
1011
978
695
14
150
1
902
849
691
278
762
829
513
1013
919
927
77
812
685
64
374
133
623
935
343
838
708
876
174
636
779
444
431
961
499
599
501
280
903
631
217
869
822
590
97
153
62
304
726
409
806
249
538
451
837
752
651
31
973
74
612
606
721
90
214
617
759
287
138
337
349
198
918
336
1021
145
368
482
112
874
186
889
127
963
925
394
266
567
27
323
816
213
363
171
69
240
521
307
866
867
987
716
534
579
28
765
345
245
877
936
976
219
56
723
472
295
638
408
529
824
697
316
391
505
782
457
952
439
681
771
195
690
945
313
673
294
158
285
284
183
580
707
324
395
327
297
591
466
357
998
477
300
718
22
542
862
928
798
666
509
713
661
33
52
807
781
910
232
39
712
157
618
356
592
524
615
958
241
468
453
814
80
640
346
12
854
479
641
65
537
168
565
396
847
562
370
188
50
938
736
119
81
475
66
953
968
727
159
789
317
128
836
418
933
115
682
706
516
170
197
988
95
593
796
84
387
809
635
367
1022
1020
870
