694
862
1016
437
194
965
625
894
127
564
948
110
261
588
103
62
473
85
665
38
891
586
1021
689
872
552
292
560
924
640
819
169
267
929
503
256
358
979
297
366
200
14
629
647
453
354
427
969
704
255
661
624
820
563
991
936
753
800
688
824
173
987
541
430
959
900
4
794
351
221
724
474
290
706
812
167
786
468
577
502
609
538
535
105
109
686
70
434
7
542
967
508
204
964
815
454
838
730
884
28
668
225
769
101
59
1005
238
937
833
585
449
323
793
450
734
161
809
446
84
610
336
1023
578
195
448
211
702
1012
956
452
524
532
299
923
957
1001
778
175
471
36
213
883
144
816
296
982
676
660
628
813
374
772
51
938
271
78
19
717
129
124
286
304
736
848
981
249
197
755
726
633
339
359
341
263
321
766
495
679
490
107
576
332
909
56
594
908
361
66
24
419
651
345
554
817
382
135
188
349
630
145
901
82
136
649
583
763
1013
15
549
631
159
767
569
379
174
228
47
258
983
191
337
907
1002
67
424
274
269
746
557
837
606
357
193
579
280
599
392
44
581
639
500
558
697
372
488
939
844
871
619
422
287
94
480
226
773
646
279
826
353
865
822
930
469
257
387
198
775
300
511
559
510
663
1022
289
248
821
360
334
888
456
506
758
715
235
988
117
617
411
485
231
855
928
863
151
163
721
245
412
364
858
432
632
63
853
318
33
205
40
373
515
882
1000
340
714
440
81
752
118
479
850
903
113
527
789
324
157
338
35
849
963
250
212
74
867
420
6
666
926
491
823
635
655
50
465
762
25
575
236
77
53
326
918
830
618
760
847
376
806
343
52
604
467
996
572
32
30
251
265
80
108
329
9
698
209
984
406
1003
244
522
836
309
217
459
876
520
230
683
748
54
620
139
303
223
521
797
156
13
659
785
45
409
254
208
723
570
774
534
505
978
1017
790
252
403
122
910
614
977
944
327
220
829
954
460
958
519
121
582
566
363
310
739
556
333
147
233
548
898
1
735
738
1020
973
860
232
313
499
149
841
771
414
512
691
526
98
737
222
391
272
933
940
551
206
611
690
791
827
73
72
722
992
260
138
634
112
856
787
155
955
126
745
75
378
365
268
537
207
731
776
825
146
612
162
795
880
1011
348
720
307
277
455
732
1010
284
942
565
879
472
170
39
892
83
904
927
669
770
86
102
315
857
703
687
834
93
693
514
913
951
935
133
369
116
229
828
597
466
203
16
436
407
887
461
792
869
119
445
384
92
123
1008
447
516
71
497
171
218
166
90
346
438
545
921
652
184
475
368
902
705
650
670
783
970
636
415
282
394
744
864
433
481
444
3
974
137
10
442
291
143
46
886
380
550
128
487
840
674
784
539
696
22
804
423
782
441
141
743
395
350
747
266
528
968
100
643
711
531
111
1004
131
989
680
573
439
716
88
178
708
667
561
757
264
960
302
79
985
189
947
89
210
513
0
533
405
283
1014
390
214
328
781
247
275
389
48
125
623
756
320
295
29
316
314
885
934
69
727
134
507
186
306
242
941
464
750
325
517
916
187
682
168
401
685
536
671
504
843
308
305
493
914
330
311
518
398
182
699
796
273
104
61
529
765
950
695
288
725
692
1018
851
478
593
130
404
759
999
293
642
627
177
417
322
498
729
285
749
426
709
971
972
868
383
451
672
896
861
37
637
331
889
543
810
492
1015
176
799
494
91
807
64
777
603
8
719
893
562
997
34
657
356
246
678
598
975
895
547
317
605
615
596
482
831
943
917
788
428
546
202
120
17
1009
1006
381
239
591
301
215
224
20
97
644
832
707
733
95
808
31
998
150
172
986
881
278
779
990
911
764
854
728
995
21
677
371
476
400
870
416
589
925
718
877
621
890
276
355
148
622
190
185
362
429
55
742
501
158
463
601
859
613
281
259
132
164
553
761
658
421
905
931
385
798
897
483
344
388
49
873
375
43
780
994
805
662
201
811
580
875
966
399
919
262
801
712
802
462
142
700
219
179
152
425
544
234
192
922
140
418
18
878
60
664
654
294
58
616
523
76
413
953
377
673
568
386
803
555
5
899
912
216
486
915
241
741
595
23
592
961
65
435
335
608
656
458
846
180
920
1007
42
106
114
945
835
530
701
26
842
367
509
962
68
402
470
153
347
319
199
540
41
99
754
571
298
196
874
484
87
525
949
57
932
607
567
237
641
590
370
993
574
814
253
976
457
845
96
600
852
181
397
946
587
312
906
352
396
408
626
675
443
477
115
980
227
489
684
645
740
818
342
653
240
638
713
751
584
243
12
681
27
393
154
1019
602
11
183
431
270
2
496
410
866
952
710
160
839
648
165
768
