351
957
448
424
531
758
648
529
605
795
722
155
483
1011
471
174
539
260
240
897
858
27
50
417
1005
705
535
16
375
1012
28
934
15
397
548
311
743
621
474
376
599
506
936
876
592
373
572
44
555
585
853
895
129
250
371
638
32
688
219
68
514
134
808
450
643
283
580
428
717
658
726
0
244
738
777
714
282
625
759
34
567
377
92
800
659
702
83
998
703
334
974
942
757
680
544
21
144
956
850
391
207
98
149
981
954
878
147
160
173
90
211
370
238
462
822
830
101
698
874
1023
602
761
551
609
557
203
550
289
171
322
394
1015
276
438
76
634
53
785
637
697
905
593
123
410
382
61
380
490
893
336
390
1004
624
809
824
946
894
434
984
209
584
86
110
951
95
436
831
649
190
348
574
842
243
982
844
950
964
279
332
558
94
556
210
152
862
684
455
931
130
763
274
232
765
46
771
258
887
611
576
218
1016
689
673
748
326
278
298
573
952
443
119
26
694
259
379
725
357
137
656
860
485
708
633
323
273
105
512
966
715
176
837
125
4
470
691
341
33
865
724
770
389
707
766
36
596
562
42
198
815
272
120
685
869
153
944
711
444
225
364
923
423
590
723
517
614
859
136
24
222
792
269
591
755
87
271
111
617
582
992
948
478
786
286
909
513
220
972
791
170
482
344
898
69
947
201
413
655
224
457
355
189
93
507
899
571
903
461
879
1
807
623
734
37
404
309
752
405
959
677
427
72
588
985
857
654
812
747
159
497
384
415
622
852
305
629
840
801
251
494
731
626
248
253
194
816
640
350
154
145
363
31
810
138
472
889
292
651
19
920
670
312
74
644
693
597
317
999
856
411
675
875
939
836
440
408
166
354
524
855
458
690
686
986
843
146
608
896
65
884
419
441
252
1001
912
385
193
416
300
412
197
546
215
928
821
709
803
682
719
303
324
958
904
395
196
993
526
233
908
635
213
177
263
955
508
721
285
1002
564
358
227
806
70
403
148
971
935
922
78
817
383
882
157
631
917
706
790
486
475
975
851
960
967
185
158
760
789
45
1020
55
727
426
980
872
594
773
603
85
313
756
868
814
294
776
990
445
453
290
728
521
965
297
97
536
183
184
113
452
500
783
665
1018
310
732
409
559
73
480
918
533
318
401
468
827
583
847
547
523
788
499
254
433
48
25
304
549
834
236
156
977
613
320
813
949
511
750
653
532
460
378
505
116
683
577
616
976
661
798
386
823
534
968
888
12
315
498
849
645
639
914
566
18
349
620
906
1013
530
143
117
262
970
481
241
414
435
885
200
581
712
487
867
1006
407
873
902
671
339
165
541
239
447
255
161
751
338
911
883
595
924
907
79
402
345
425
356
754
306
492
30
353
929
437
641
206
429
75
650
778
463
841
39
997
886
1010
2
150
122
275
753
469
745
762
1009
6
100
538
126
1022
301
915
168
368
388
449
681
337
392
560
780
439
519
772
49
983
398
818
418
787
729
945
749
9
299
109
128
969
782
256
328
775
835
994
509
543
932
501
916
245
140
115
604
451
927
66
825
431
89
805
59
268
601
861
270
600
996
3
8
114
139
182
20
261
866
647
205
735
733
335
839
103
961
321
81
545
77
744
367
17
43
38
60
701
663
779
308
925
216
11
208
630
135
863
132
264
632
988
400
280
476
307
742
327
217
692
579
141
266
570
249
121
56
64
627
900
774
537
612
112
495
163
104
374
979
247
926
740
284
794
296
88
987
343
510
178
257
7
456
930
35
142
464
767
80
51
973
696
372
365
151
212
319
845
575
503
520
420
106
838
195
569
720
228
799
746
381
796
23
422
237
477
369
430
491
1021
736
646
940
493
826
230
231
522
553
610
619
854
781
22
192
246
518
96
352
819
589
716
29
465
226
82
615
881
587
84
102
393
291
466
937
162
489
1007
578
288
695
730
739
229
330
678
54
167
768
91
342
179
63
340
877
664
131
741
242
361
941
181
467
360
642
314
540
267
172
62
561
565
938
820
421
832
488
891
293
186
669
676
175
662
921
40
265
277
864
586
704
329
516
666
901
910
668
802
10
188
784
325
598
552
713
124
359
41
606
829
346
331
913
1003
848
58
214
919
191
797
699
302
107
347
943
672
502
484
769
710
387
1008
223
568
554
127
527
199
234
607
180
828
52
793
989
833
657
962
459
995
187
442
871
700
636
118
399
652
454
5
1000
14
473
563
880
525
287
366
99
496
660
804
515
764
202
1014
628
221
446
67
870
479
204
892
933
846
57
963
47
890
679
316
737
71
528
281
396
953
295
1017
1019
362
169
991
978
542
618
13
718
667
406
687
432
504
133
674
164
333
108
235
811
