930
918
696
30
189
226
1009
733
136
691
1023
121
685
35
214
288
101
398
350
428
273
238
452
256
541
769
977
748
43
304
533
339
537
186
402
589
234
632
835
536
688
545
727
453
84
510
206
162
567
816
852
848
246
981
148
692
933
502
13
495
787
529
470
442
982
177
538
698
560
676
739
637
622
156
890
539
356
334
785
15
484
549
181
668
683
709
434
993
67
646
411
259
443
570
653
335
98
713
286
627
721
275
557
919
444
104
363
95
116
944
991
866
323
783
909
341
989
573
569
71
115
929
830
204
679
438
782
333
458
374
665
864
882
21
1001
970
561
331
604
534
457
968
147
285
378
219
660
954
856
553
381
825
587
102
870
305
791
619
988
684
898
456
712
528
1003
550
72
731
741
661
753
614
450
231
93
343
751
513
967
895
673
817
716
399
320
203
250
364
167
737
185
39
266
169
593
119
107
664
473
361
984
19
324
927
89
634
629
265
440
9
394
822
518
1007
952
42
94
987
659
182
997
224
544
800
847
471
609
178
252
295
328
871
820
218
317
111
957
404
400
465
542
777
695
654
229
911
729
690
382
840
483
562
491
582
135
953
174
371
272
758
49
292
257
913
415
974
996
693
548
523
543
671
708
900
558
568
264
490
112
845
535
985
886
942
25
672
910
591
327
270
51
299
179
938
61
670
818
435
241
475
596
180
1014
29
190
433
836
268
746
271
23
920
73
384
420
798
386
935
764
52
187
344
14
193
575
142
937
710
752
839
208
662
413
964
897
130
196
827
574
485
53
742
849
999
283
27
309
489
858
651
389
184
1020
802
138
17
424
644
64
601
342
315
771
303
705
772
291
884
418
390
493
508
397
821
516
905
833
894
143
441
722
192
551
757
559
532
118
375
580
770
650
526
340
565
215
805
854
326
144
552
975
939
1012
210
488
7
460
917
995
669
641
217
209
267
655
621
808
625
322
599
605
81
90
1013
832
838
715
2
416
0
387
743
280
610
888
110
686
855
134
597
83
414
636
336
795
76
759
761
368
515
873
714
588
58
774
1002
12
248
302
253
261
778
503
756
889
437
971
129
687
345
750
421
912
784
372
738
247
585
521
704
447
109
429
976
482
517
486
393
348
153
797
666
455
233
677
958
925
949
78
902
407
195
951
306
745
520
296
602
640
960
476
592
702
973
157
59
719
980
903
571
815
906
891
514
638
160
563
282
79
154
22
965
498
497
47
122
648
298
277
469
1018
555
824
790
165
38
232
924
132
735
33
1016
383
581
747
188
950
934
880
547
70
74
675
1004
916
4
145
728
611
793
249
220
1021
369
171
642
915
639
682
986
463
700
966
126
586
55
667
152
914
718
28
312
857
183
170
263
851
487
1022
616
763
699
762
994
338
221
293
279
850
1005
449
656
680
554
276
767
877
150
525
360
766
998
391
65
663
883
46
158
959
527
243
230
810
499
430
419
724
297
207
773
829
792
467
955
768
875
624
732
681
506
461
505
377
125
612
422
481
872
863
191
278
34
60
1006
846
294
289
254
834
54
717
647
123
788
540
983
631
31
137
928
140
18
114
164
198
963
645
512
100
577
936
1019
211
227
96
842
799
127
887
1010
91
607
346
726
749
146
359
379
251
355
943
859
50
477
213
235
367
26
40
37
786
789
354
623
794
290
923
879
212
754
496
403
992
1
576
120
843
20
723
479
99
133
56
216
804
5
643
500
117
87
633
865
969
947
351
896
124
878
308
106
780
501
755
657
330
388
904
284
357
932
311
706
370
11
600
740
979
819
48
237
396
395
603
228
300
885
201
63
583
225
519
658
509
907
244
811
478
615
161
329
511
881
1015
504
44
522
197
962
166
319
564
945
530
409
423
813
3
628
24
432
155
828
405
172
617
701
720
472
946
1000
32
373
75
972
990
57
578
410
86
439
606
674
809
68
703
608
803
595
892
347
812
408
445
352
427
176
159
978
425
66
200
365
468
474
507
1008
480
82
956
734
436
349
867
406
776
613
151
168
426
92
579
255
105
730
10
149
242
239
380
325
869
796
492
80
862
814
62
173
108
853
931
678
175
417
113
240
649
222
314
736
459
274
141
41
694
332
366
546
868
807
860
69
908
775
779
901
310
139
837
128
823
103
337
594
466
844
223
97
1011
281
806
707
205
620
313
524
412
245
446
287
618
826
725
922
85
8
584
531
940
392
831
464
262
401
893
88
448
652
961
236
202
697
876
598
841
626
316
451
941
77
131
801
385
630
318
948
321
45
358
874
861
765
899
454
353
689
258
260
199
163
269
556
307
566
760
926
921
572
462
744
362
1017
494
590
36
781
6
376
635
16
301
431
711
194
