764
849
189
507
230
897
402
859
752
144
202
317
362
60
179
880
410
677
681
543
222
864
369
903
281
107
744
785
1017
913
168
708
316
475
308
73
540
930
714
257
609
418
245
964
576
950
25
635
392
198
779
273
563
872
404
458
868
277
474
433
448
940
120
562
633
919
669
585
122
984
909
236
1016
377
791
19
981
150
207
480
828
229
238
561
166
621
106
951
493
816
360
899
393
193
647
774
1014
379
1020
110
982
552
553
911
466
702
799
835
717
99
852
889
114
788
953
587
905
602
237
129
819
958
200
519
1
715
224
416
498
320
187
544
524
754
741
242
76
778
512
973
157
884
33
985
247
124
923
13
452
177
451
30
556
253
210
7
385
780
825
1021
888
551
358
550
462
80
875
776
272
680
918
586
796
282
505
223
425
867
167
617
1009
1003
682
517
967
1006
840
782
542
944
664
704
128
595
740
999
329
190
22
987
716
961
603
363
125
132
972
74
109
726
1018
42
348
173
826
912
145
67
20
231
1002
719
568
246
472
31
488
478
232
720
43
435
127
180
482
773
422
968
881
5
584
314
833
384
258
804
91
851
887
502
81
234
1013
993
211
17
10
659
465
490
763
528
304
249
723
904
924
771
756
292
399
820
192
53
459
523
878
559
564
837
268
411
151
691
154
518
809
6
936
441
986
160
689
866
278
301
990
318
417
772
965
319
339
907
355
883
297
534
387
325
815
252
539
521
356
196
1011
63
742
855
565
75
743
438
997
434
136
786
613
673
175
615
437
394
656
976
927
469
943
473
712
111
16
276
979
353
400
902
794
921
135
241
464
233
240
264
933
818
250
477
139
346
374
261
197
735
365
424
630
62
526
989
293
893
700
1015
597
646
279
50
857
221
367
845
295
137
262
140
605
792
420
746
545
639
255
676
457
690
228
133
996
931
352
366
745
753
467
305
558
208
661
204
283
428
113
620
195
843
185
439
440
45
497
55
748
711
727
736
667
299
324
841
331
811
784
165
618
952
787
311
244
925
594
58
15
104
877
152
856
672
699
874
97
698
858
610
650
934
766
619
817
730
578
481
1012
115
531
163
960
761
948
382
47
332
529
941
814
1019
798
388
492
269
328
604
675
599
695
865
182
436
9
862
580
267
510
966
486
496
616
116
642
395
631
822
824
72
1004
734
569
444
203
153
679
660
515
468
239
61
1007
687
345
663
593
829
548
870
873
83
937
1010
341
504
171
309
869
266
412
697
149
511
963
37
956
397
914
685
427
696
1000
68
39
184
445
142
775
288
274
657
879
557
383
637
161
992
970
652
100
375
442
614
378
767
351
627
280
600
302
900
333
892
460
978
882
567
403
683
546
668
640
220
243
201
932
336
419
588
354
14
946
574
810
846
860
801
980
541
988
654
790
313
611
359
854
732
686
694
489
684
406
983
123
287
739
98
183
806
368
312
827
191
651
414
156
449
35
516
751
789
802
344
947
447
450
94
709
737
34
430
226
612
834
44
105
421
85
479
117
538
995
11
793
370
415
88
871
2
527
674
71
769
270
508
470
994
596
347
461
263
885
638
536
896
920
939
842
861
706
703
92
285
141
653
608
830
908
645
38
326
632
225
381
747
446
890
733
955
376
823
206
29
1022
991
707
949
212
41
917
485
87
894
284
455
969
57
499
227
342
554
315
371
693
898
483
570
126
194
426
998
555
390
235
372
209
32
1005
622
102
724
199
626
977
491
770
408
581
265
641
121
532
146
96
738
688
218
23
373
28
21
718
357
713
692
46
971
65
625
777
275
178
484
1008
335
624
503
307
945
549
103
118
577
254
644
26
655
560
330
494
831
583
942
648
24
398
432
52
838
501
935
759
364
916
89
51
294
130
159
8
463
847
1001
598
108
95
215
18
805
729
138
4
101
27
658
922
721
306
808
760
77
327
957
710
143
82
571
54
214
954
90
69
533
910
456
863
405
338
84
592
343
572
380
813
725
48
589
765
396
800
334
409
781
162
876
119
601
169
670
289
0
853
705
606
901
962
514
40
216
500
731
547
219
407
186
582
291
579
591
662
749
259
607
12
349
495
938
671
147
49
929
812
506
401
476
86
821
520
112
217
78
213
844
205
56
832
665
70
886
850
337
701
750
298
59
974
530
649
296
895
271
959
170
762
797
807
643
848
321
36
300
251
634
453
310
286
172
758
188
248
174
3
522
64
323
391
566
803
471
454
757
164
928
513
79
260
256
181
590
93
303
575
431
413
926
148
131
290
728
975
429
525
386
423
628
768
134
915
623
322
629
722
839
350
176
891
361
535
155
795
836
443
573
340
1023
666
678
158
537
783
509
636
66
487
755
906
389
