545
230
138
916
610
327
580
438
402
308
1004
934
876
586
133
337
714
620
411
571
767
12
152
525
931
347
774
126
813
214
632
773
678
146
51
801
399
268
8
955
752
896
315
342
690
709
75
504
951
304
468
25
104
696
357
925
744
590
543
83
454
741
38
836
95
911
718
249
972
262
362
548
509
39
597
0
761
453
291
181
73
226
422
544
850
665
699
510
715
490
313
164
168
113
306
61
742
687
566
926
139
124
757
783
928
834
794
108
482
415
232
990
751
522
577
465
839
172
394
519
448
864
457
540
875
294
861
613
194
55
202
583
114
404
32
766
619
598
816
44
892
641
679
52
844
756
707
148
717
618
405
953
557
255
223
122
771
373
131
171
546
894
574
333
948
845
645
828
219
180
863
986
541
551
995
155
263
937
866
82
379
830
701
929
899
600
201
559
814
1012
694
793
371
748
550
441
486
588
374
710
903
733
516
847
740
300
461
489
778
638
768
380
68
46
474
579
499
215
501
123
764
93
209
293
530
229
664
914
732
5
1009
488
378
336
458
137
987
224
237
117
71
553
602
725
888
272
572
183
439
322
198
596
737
841
921
614
251
724
803
976
184
406
1020
470
672
627
917
599
819
963
477
363
970
199
647
40
376
37
257
829
87
1017
846
266
650
729
297
10
162
243
312
994
1007
897
85
961
799
246
1003
156
288
865
538
212
196
290
671
636
898
575
341
434
147
749
27
173
608
534
74
667
98
997
537
200
651
351
826
848
649
368
118
303
674
236
120
939
506
106
443
930
92
908
601
852
505
708
475
238
28
493
254
821
182
872
984
45
359
812
584
428
973
542
227
264
23
857
437
1021
395
570
350
787
7
956
849
259
859
728
17
860
445
84
686
276
891
456
1016
511
35
655
867
24
653
851
220
80
34
1000
145
97
418
59
824
446
700
462
607
564
611
245
988
391
101
644
658
338
424
269
622
878
47
258
817
112
54
50
451
495
805
161
369
403
691
494
314
797
281
90
78
65
248
660
779
788
325
992
668
21
213
1022
485
176
1018
330
14
807
165
720
856
924
319
910
423
881
450
818
643
760
603
840
523
498
941
964
730
843
467
417
234
827
918
512
693
186
141
503
998
42
455
388
993
452
933
410
409
386
483
585
919
991
110
868
862
469
547
854
143
791
252
346
885
576
256
1011
301
786
41
222
91
324
595
89
111
663
239
842
48
592
309
49
289
125
416
552
496
517
676
216
983
680
365
94
218
15
228
781
160
321
1005
328
398
361
19
436
533
260
792
765
736
119
354
86
882
384
311
625
261
53
471
11
508
913
134
887
507
654
267
233
703
192
205
3
305
772
604
352
950
965
18
980
247
923
320
886
582
526
935
116
382
936
1019
721
822
250
167
713
36
157
871
648
947
770
835
692
539
366
81
777
789
58
628
567
762
629
375
960
343
241
877
683
285
758
833
279
922
72
440
476
286
472
484
639
907
413
60
609
33
109
360
115
13
372
535
823
624
307
401
735
527
589
568
132
612
529
444
208
906
136
962
292
425
513
1023
704
429
702
978
621
521
295
265
166
280
400
1010
975
170
759
355
331
282
129
739
775
217
302
558
142
880
231
420
869
353
174
999
344
22
795
339
151
149
890
514
177
4
323
419
943
169
815
820
659
154
657
481
889
630
831
806
497
565
912
563
743
967
345
800
957
902
977
900
895
685
909
905
407
985
144
16
832
784
809
500
681
745
329
920
463
808
31
397
1001
573
387
554
464
70
634
675
349
705
433
130
408
203
747
945
825
102
838
64
1002
449
76
56
810
105
726
666
626
642
442
62
79
1008
712
435
287
518
616
426
190
283
515
392
67
719
870
459
340
100
385
617
1013
750
317
670
901
969
187
195
99
682
412
790
677
524
528
502
1014
561
635
1015
20
431
593
746
949
695
30
982
235
1
837
754
858
711
432
605
959
383
348
944
804
776
662
873
615
158
270
594
77
942
555
298
69
904
159
853
225
427
140
532
727
562
491
716
29
656
971
531
1006
581
381
466
185
938
63
318
966
277
43
2
377
587
753
954
723
240
578
273
996
480
478
334
473
946
244
734
414
211
569
135
798
706
335
968
782
492
688
88
631
390
673
310
393
189
356
981
332
197
221
637
242
646
811
769
66
364
210
396
370
884
128
855
661
460
178
697
698
191
103
879
96
883
722
623
979
188
796
107
549
536
560
932
430
274
275
299
278
127
780
193
763
958
296
556
207
206
940
755
652
179
606
326
785
738
802
358
640
731
689
389
669
163
684
204
6
591
479
26
367
893
487
271
633
150
153
989
952
175
927
874
520
253
421
9
57
284
915
974
121
447
316
