294
505
796
355
870
801
894
292
469
179
518
500
413
364
841
562
308
640
218
125
593
820
568
737
599
484
755
774
711
254
9
165
938
700
615
907
977
136
251
880
143
569
423
536
61
78
1014
81
345
433
725
274
902
360
735
45
284
961
968
37
824
931
183
681
102
722
802
488
945
532
214
437
1013
508
3
773
253
425
339
871
363
708
604
928
1003
77
749
575
185
637
452
718
693
1000
121
787
126
133
408
453
909
478
379
430
975
540
129
73
370
879
715
706
1008
95
817
537
172
516
138
75
529
958
311
93
785
865
15
556
352
833
1005
743
327
940
719
468
986
440
533
628
171
586
489
728
161
89
16
228
570
376
356
819
279
451
219
510
685
822
314
665
910
651
828
402
769
668
567
641
96
576
272
357
566
703
849
710
984
197
269
29
168
951
900
635
993
99
167
893
374
856
458
150
1015
704
936
844
655
585
896
538
899
550
581
892
520
258
153
760
241
83
60
649
184
202
368
889
51
574
334
27
502
175
959
79
252
1017
88
837
82
511
52
650
646
720
507
605
331
483
201
596
845
723
493
633
431
950
447
960
663
868
981
512
858
362
361
878
417
1004
807
140
694
485
288
318
784
617
782
857
186
528
435
365
608
44
804
115
389
542
780
905
957
557
293
840
873
843
332
162
1006
618
795
4
206
565
724
0
1022
716
441
989
310
829
667
786
158
215
808
545
732
834
207
826
815
232
30
526
662
17
194
457
530
422
973
521
881
283
116
246
418
309
494
620
275
142
948
23
191
70
692
50
736
866
131
966
624
705
729
243
601
227
949
187
222
790
11
305
424
748
623
234
689
141
707
169
767
726
642
205
259
944
322
193
799
189
320
504
573
91
638
487
200
859
654
192
652
486
884
13
776
914
160
625
98
255
432
848
21
967
108
482
632
177
531
712
876
346
935
797
397
742
818
100
687
315
535
695
455
428
639
988
1016
589
503
806
290
794
124
577
778
980
582
128
1007
56
800
40
224
203
745
798
781
777
912
85
391
509
738
474
810
265
14
477
94
35
672
282
823
597
220
869
714
514
276
174
614
1001
860
970
763
629
244
522
112
195
407
465
926
395
616
472
947
182
328
123
864
606
342
427
344
701
266
302
120
659
429
908
445
267
867
24
378
956
636
546
343
497
256
759
885
854
898
242
734
630
39
791
924
62
448
307
101
813
349
684
348
471
20
199
952
336
953
1009
157
917
688
34
476
480
727
470
648
756
875
317
793
920
513
645
927
740
992
964
934
415
937
762
300
217
380
436
36
351
127
463
49
666
976
779
768
572
595
519
751
110
698
754
53
149
325
134
816
326
939
673
270
369
375
381
421
444
67
198
54
233
58
1012
590
409
329
525
76
373
41
295
963
247
490
699
661
929
669
479
783
87
757
461
872
954
750
245
146
321
558
132
250
658
350
1011
316
903
809
622
563
144
647
678
404
674
660
1021
285
584
393
772
340
113
987
498
371
644
278
6
886
671
304
600
506
111
592
543
221
400
846
235
312
159
610
580
223
358
107
403
1023
664
534
851
410
1002
337
621
354
690
338
390
766
675
744
313
626
289
891
163
388
547
921
555
273
296
839
262
347
443
999
539
492
913
741
825
277
387
156
631
696
495
291
680
911
771
946
286
919
287
548
103
527
18
10
414
426
827
588
190
764
449
643
709
713
863
353
491
366
459
922
553
831
248
683
753
583
607
32
65
239
28
971
564
117
268
812
974
229
333
119
324
481
249
933
135
26
855
473
656
164
598
730
225
297
97
918
446
979
882
653
281
2
499
382
985
264
717
916
396
603
559
80
612
280
1019
226
411
895
962
990
814
237
90
832
385
341
634
406
915
747
148
173
398
263
523
901
456
943
657
419
208
434
66
71
114
611
758
38
439
137
25
972
231
33
204
460
55
271
420
383
84
627
836
319
152
549
578
991
765
942
151
501
551
679
775
733
838
118
691
178
853
850
7
68
464
299
842
524
261
74
359
997
64
591
761
746
560
788
257
847
213
887
602
209
770
46
330
416
181
105
792
216
619
821
139
731
462
166
587
1010
721
47
890
670
835
930
210
897
236
877
69
196
306
401
260
789
31
996
412
888
697
941
861
923
147
12
932
8
883
212
240
874
805
238
1018
594
955
830
392
682
405
154
211
48
122
965
59
803
399
72
386
5
43
994
1
63
676
372
554
1020
925
983
106
739
176
544
613
92
145
702
394
579
995
155
466
686
571
104
454
109
130
561
188
377
904
852
467
230
22
303
978
515
323
42
442
541
298
969
552
170
998
450
517
862
367
301
335
496
19
752
475
438
57
811
982
384
906
86
180
677
609
