1010
656
329
92
249
875
967
914
918
804
579
431
781
186
989
88
584
767
733
697
382
921
126
4
369
710
331
95
894
869
663
529
452
771
1017
268
222
185
189
155
751
207
127
388
741
3
666
274
161
7
80
585
981
607
968
404
281
616
461
345
266
534
204
899
773
334
279
293
197
992
509
764
824
100
285
883
879
250
519
821
261
52
271
393
399
129
965
330
413
631
753
783
624
71
598
700
68
375
873
191
690
447
140
819
154
900
123
153
494
792
938
265
162
409
550
823
500
451
695
243
147
225
286
994
619
398
664
843
116
251
878
673
510
910
931
566
523
888
578
311
949
69
120
1009
633
340
203
691
365
543
768
683
57
904
199
857
302
295
668
912
772
435
468
86
131
430
269
173
854
253
903
264
581
164
23
828
736
723
396
708
811
822
35
837
62
621
90
554
272
214
987
425
777
352
625
383
524
234
613
744
180
378
391
597
115
262
118
659
527
569
343
150
148
907
705
433
296
364
985
130
919
198
948
512
917
858
219
707
1014
975
657
955
255
647
384
5
109
518
233
530
934
304
491
830
406
532
689
480
392
350
946
427
307
890
797
556
525
720
146
868
354
905
438
727
593
360
25
47
629
61
184
930
915
474
957
13
950
175
991
417
765
552
572
961
853
712
276
170
503
363
99
465
446
993
342
867
263
49
485
713
484
775
215
128
32
614
495
75
292
450
803
9
1007
984
865
672
758
541
111
31
51
29
546
897
834
980
866
560
287
478
685
820
280
157
24
338
1006
405
855
806
557
638
101
933
48
506
564
860
85
976
459
137
892
791
422
246
502
306
634
351
639
316
16
932
623
72
1018
74
661
604
896
2
476
698
171
856
40
53
21
441
770
599
620
97
909
0
728
397
752
841
470
368
645
320
245
874
617
349
637
314
487
183
1003
42
706
283
717
149
553
424
294
833
327
103
970
760
665
236
188
1000
1012
337
591
181
182
257
558
972
366
667
935
43
121
757
201
282
595
37
297
815
923
929
515
511
635
983
687
313
429
8
788
877
432
300
144
737
832
600
463
79
117
416
966
848
602
202
790
692
195
924
464
694
244
670
942
142
969
210
608
644
679
735
22
284
731
825
14
152
132
45
332
719
863
926
798
551
467
590
172
453
729
684
46
628
235
928
501
82
748
882
872
104
944
852
688
742
402
36
270
39
605
1
238
740
248
457
259
440
724
651
611
159
517
800
696
881
168
818
156
497
217
353
462
996
107
780
326
38
871
676
367
671
642
385
419
15
179
167
442
479
995
187
545
134
746
122
28
922
986
779
533
814
473
582
1004
301
845
386
420
813
444
106
973
568
232
192
718
335
901
240
507
649
538
722
827
561
208
273
26
643
70
317
514
895
542
520
627
324
778
278
151
763
211
376
528
840
580
81
333
66
58
460
762
610
521
216
290
289
318
586
1020
299
370
999
829
362
682
794
795
974
662
592
603
34
481
400
715
160
997
1005
859
920
537
212
870
838
743
555
439
418
252
686
50
67
482
526
902
19
745
102
793
739
601
27
958
114
426
801
596
505
133
488
220
83
787
1023
407
348
475
231
18
839
411
138
544
809
206
730
589
978
826
158
492
377
445
816
998
886
977
372
241
221
732
373
799
33
298
784
588
339
483
711
674
356
653
861
615
291
486
594
709
862
403
119
254
808
389
277
305
971
466
626
936
174
325
499
988
358
884
898
177
716
1015
213
472
654
223
303
913
89
701
490
677
59
78
322
567
940
954
769
136
761
844
434
194
513
573
817
714
41
176
776
951
63
346
105
428
421
309
408
449
680
952
893
196
547
20
200
493
145
471
548
703
587
267
563
522
312
630
323
98
371
1022
650
612
943
379
906
113
1011
163
87
237
606
648
734
847
979
93
54
135
414
849
84
836
321
341
693
756
395
962
947
226
387
469
960
570
448
357
575
359
12
880
415
536
260
953
516
141
725
646
228
925
258
963
916
361
344
721
726
436
498
496
239
842
218
864
336
812
319
310
288
652
749
786
937
618
489
247
660
908
209
755
1019
455
531
76
112
394
412
632
622
571
108
702
380
77
96
759
347
125
887
143
17
678
458
640
454
401
205
275
328
876
139
539
178
30
73
609
831
802
796
577
437
410
681
911
782
1013
504
641
699
549
964
774
658
939
891
754
227
941
810
423
559
576
655
224
889
1001
669
110
789
846
785
738
535
230
562
374
636
315
675
381
747
456
885
94
190
982
805
956
835
1002
166
850
927
990
390
229
443
766
6
565
807
308
242
851
508
193
583
44
64
11
704
574
1008
750
91
256
1016
355
56
959
165
55
945
169
540
477
124
10
60
65
1021
