285
825
760
387
281
51
763
564
989
665
856
845
308
209
530
397
861
61
472
454
4
287
25
494
372
131
744
544
84
449
260
159
0
799
709
59
463
406
620
607
958
371
2
178
565
32
74
982
654
190
879
60
213
265
315
931
441
713
848
818
986
480
327
331
392
1009
724
145
460
349
977
334
538
340
250
322
707
698
840
681
562
737
954
822
356
434
27
151
854
964
70
168
663
572
990
507
963
627
169
968
139
547
405
389
747
731
1015
458
288
19
750
264
370
710
97
604
815
715
901
258
257
299
700
673
44
785
57
556
908
22
498
35
295
272
635
7
18
777
789
185
522
630
525
339
688
539
768
376
827
91
75
418
37
593
9
433
712
751
420
439
725
118
608
354
634
55
62
611
775
846
296
639
693
218
584
149
659
317
122
429
135
269
807
199
328
292
957
606
1021
509
81
245
341
347
844
130
144
790
443
342
80
411
687
655
13
934
832
628
795
904
93
641
54
117
955
115
422
381
129
415
113
834
231
876
885
277
843
297
783
853
536
629
714
400
833
875
704
197
776
792
797
172
800
839
127
675
82
810
701
232
511
650
303
302
649
170
137
911
394
529
551
924
442
479
784
981
409
1011
267
499
858
284
648
814
589
691
621
514
774
543
221
821
176
586
425
738
597
567
576
949
432
193
598
638
682
826
531
669
326
1005
899
702
291
307
385
34
851
275
900
925
919
343
653
1008
270
492
219
1017
756
743
984
205
786
52
413
319
929
247
501
920
352
142
201
640
96
631
398
332
183
362
645
835
599
692
573
582
946
401
872
980
1007
462
937
554
842
809
196
594
1003
85
677
782
306
938
121
694
436
468
274
942
207
559
819
325
160
132
40
520
953
366
918
71
105
235
174
699
622
657
47
338
972
735
996
932
580
690
177
67
404
787
353
110
423
200
668
165
534
101
330
883
798
1019
644
504
89
227
324
850
464
1004
497
552
48
921
481
762
718
90
812
596
329
780
161
123
383
734
162
166
102
526
403
884
1016
733
696
533
727
471
616
922
742
887
246
732
930
1006
215
375
300
393
344
156
518
116
276
741
609
487
971
261
988
321
658
224
823
803
806
120
671
382
838
20
770
623
541
524
478
754
532
1012
683
841
680
364
222
864
173
575
157
755
975
515
802
708
672
711
907
749
83
206
945
17
351
811
500
136
289
866
999
419
824
399
505
587
697
892
960
1020
746
728
686
416
126
910
188
816
1000
304
228
240
301
992
447
50
3
78
33
128
571
155
94
298
150
451
881
944
408
991
895
927
600
897
985
757
467
369
475
184
412
758
705
448
503
950
592
26
428
517
716
158
495
703
998
318
255
906
109
68
753
273
574
791
194
426
868
915
647
204
367
147
100
590
894
486
361
965
502
976
615
660
452
189
220
6
236
63
446
947
794
729
38
667
229
152
778
320
928
252
230
476
435
761
374
5
21
336
76
388
95
28
208
390
624
891
828
251
43
563
359
516
24
939
377
203
736
652
591
745
605
528
661
143
259
490
457
626
764
469
1002
959
384
455
234
903
226
695
553
568
489
180
14
379
431
867
313
223
56
523
510
46
646
788
508
722
1013
191
909
914
540
869
335
79
171
23
804
550
730
967
662
748
917
241
1018
603
15
740
678
391
195
902
566
114
889
104
546
278
444
619
1001
124
979
262
877
58
913
103
396
978
414
323
689
140
179
956
41
182
427
402
333
943
570
535
16
886
933
995
65
595
36
88
483
527
752
569
521
545
739
12
1022
461
542
445
820
253
154
561
987
112
210
438
610
865
771
309
888
773
941
936
350
767
829
453
813
684
290
870
92
916
424
256
801
512
175
772
633
484
216
651
912
153
893
805
926
581
477
29
133
1023
316
577
873
766
474
674
271
830
294
817
898
8
637
378
952
242
249
871
882
337
268
948
723
11
410
459
450
346
53
311
49
625
491
549
685
719
558
855
77
348
73
254
852
983
857
466
125
618
417
726
656
430
119
244
578
636
994
769
506
560
519
380
632
896
263
214
974
45
282
613
138
973
163
602
808
537
905
225
72
305
557
781
878
721
796
395
293
167
164
314
831
759
355
386
601
643
670
585
496
211
860
148
961
30
108
874
940
111
706
286
31
99
836
493
363
239
280
470
10
373
283
98
962
39
421
212
765
345
87
488
1
202
642
890
456
969
862
69
555
779
485
66
847
186
357
266
238
793
248
134
310
717
64
966
279
198
407
583
192
951
141
106
437
617
993
465
666
935
859
588
720
187
676
579
233
365
997
217
1014
548
837
482
612
849
243
237
146
880
440
181
1010
86
614
360
42
513
863
664
679
368
107
473
312
358
970
923
