139
552
424
376
722
31
739
292
207
534
878
799
500
371
461
456
848
504
769
884
681
693
1023
1015
952
998
557
212
843
685
324
130
961
579
84
1003
427
318
494
297
264
691
255
659
391
393
765
692
652
874
978
152
9
395
639
732
648
411
352
898
904
944
420
501
762
131
274
153
700
147
792
603
232
976
772
86
289
892
778
859
491
780
660
805
951
235
864
581
549
927
68
602
155
512
397
182
818
103
227
222
1006
137
891
98
946
781
261
706
69
373
65
930
477
249
460
809
13
646
673
123
1011
330
715
76
245
766
814
689
322
6
645
445
240
836
802
871
638
51
189
564
768
839
940
58
787
18
117
387
710
499
239
764
826
218
213
220
270
12
350
273
326
246
535
263
912
94
840
498
276
594
936
174
442
550
323
540
696
257
806
887
935
507
847
920
622
827
77
960
877
492
11
465
185
283
506
357
921
906
804
810
800
417
596
953
8
650
829
554
418
798
472
22
558
487
279
290
190
390
178
610
320
735
537
211
614
578
704
329
520
832
24
199
820
699
280
733
80
148
657
597
382
380
987
754
726
381
315
803
947
475
541
100
327
367
734
72
49
455
971
115
683
404
577
728
166
753
200
872
358
104
359
495
522
339
332
343
335
618
682
90
712
563
868
895
956
286
169
958
262
372
560
713
248
85
484
631
408
334
149
567
146
1019
26
676
434
378
19
160
916
419
127
573
729
977
598
1009
819
377
812
913
591
844
413
830
109
464
767
514
39
10
429
543
305
636
784
386
731
430
401
1010
661
237
229
613
363
63
439
400
774
686
195
308
52
914
571
493
679
223
723
658
705
555
231
797
252
513
776
208
924
71
282
896
629
695
588
288
865
406
93
16
168
968
524
34
141
931
503
74
970
341
342
265
172
600
25
138
454
793
7
667
183
881
187
690
873
144
902
300
370
241
933
473
941
114
480
862
886
709
668
801
348
53
281
718
483
616
307
825
474
457
196
293
383
565
236
915
2
126
259
717
83
721
328
532
617
523
828
595
758
649
285
151
312
412
707
937
296
295
416
368
672
773
1000
701
385
360
789
356
287
882
985
674
15
129
671
725
957
467
490
697
922
964
215
428
950
875
846
885
471
680
271
973
626
32
879
210
984
164
929
972
905
209
698
331
925
630
948
845
893
743
551
1008
489
719
258
325
539
521
909
0
337
954
96
206
979
703
157
815
901
81
670
526
233
304
175
336
855
508
1018
795
163
653
294
949
519
811
817
1017
863
664
996
4
988
867
621
244
545
688
741
991
575
203
647
548
407
106
890
607
158
505
919
665
763
194
943
197
125
694
542
468
669
375
592
216
606
333
570
485
593
1
974
399
46
35
989
251
421
587
423
150
975
167
568
889
346
422
841
675
437
641
1020
605
1022
620
253
108
28
302
243
748
143
687
585
533
502
779
1013
135
50
44
379
479
20
415
986
133
894
275
536
782
36
436
78
214
663
857
268
750
711
161
724
599
102
3
156
897
306
580
926
37
849
736
234
116
870
344
562
511
807
396
55
119
510
633
122
834
1007
30
790
910
314
57
221
995
917
824
612
459
42
625
272
854
842
91
1021
277
310
643
469
47
883
969
188
433
939
967
88
173
900
932
582
816
628
299
771
752
67
309
301
999
619
29
447
27
994
992
345
354
179
1016
609
860
923
955
452
783
87
982
140
530
82
786
561
45
833
186
611
642
517
449
496
441
482
205
662
351
266
425
644
476
448
997
632
365
1014
823
755
627
1005
435
353
384
230
432
851
908
759
553
1002
569
742
193
311
317
531
38
938
928
154
727
247
761
219
177
298
822
48
112
451
963
321
714
89
635
124
959
615
110
604
145
813
640
142
316
250
624
751
226
566
775
438
608
980
651
488
880
347
853
678
601
260
509
990
79
993
528
869
107
634
1004
744
33
402
121
850
486
453
440
966
192
403
443
746
527
583
120
907
99
303
159
362
942
17
770
278
191
576
745
737
757
254
431
656
5
738
361
808
450
111
62
176
856
14
132
458
204
785
666
64
23
202
478
903
409
70
720
355
529
788
559
284
572
162
684
777
92
269
128
497
655
876
267
394
518
837
338
444
198
170
136
113
934
740
388
66
224
165
225
369
319
95
791
340
981
945
544
866
470
654
835
414
918
61
21
852
291
547
677
965
515
374
97
73
525
899
589
389
838
888
43
911
366
75
747
623
238
410
349
118
101
716
584
41
180
556
134
858
426
831
861
59
466
983
463
392
1012
730
405
749
56
105
40
702
217
398
181
516
462
256
962
481
546
242
313
794
54
171
228
708
796
637
538
760
60
364
201
1001
184
574
756
821
446
586
590
