366
573
506
617
188
851
495
690
221
638
823
762
628
871
93
170
29
643
537
994
794
218
728
331
655
807
501
310
1023
274
77
364
114
191
726
233
785
752
257
255
414
473
142
245
665
850
657
225
725
347
888
629
496
938
201
130
964
352
647
138
376
306
881
669
360
439
526
953
731
251
1013
455
705
902
30
582
565
578
780
177
911
711
401
250
140
116
65
341
451
568
609
805
978
588
868
276
387
482
185
239
591
867
662
286
703
712
999
1022
143
215
583
353
328
176
931
722
890
262
769
677
541
523
808
792
663
854
406
444
340
872
748
839
246
91
707
829
196
547
799
70
649
363
594
258
220
897
483
812
826
115
362
128
162
448
11
984
895
234
685
384
1019
862
772
259
551
528
365
59
292
505
544
593
516
242
436
795
892
958
238
189
539
658
650
816
72
165
975
587
361
320
724
937
672
85
592
299
46
908
671
966
599
674
446
10
31
615
870
821
36
853
294
494
632
484
600
503
254
58
490
575
247
610
172
511
569
369
420
811
92
153
471
623
145
156
833
991
667
400
729
305
535
284
965
779
1017
621
666
580
673
212
530
809
661
976
449
894
119
203
3
804
190
843
559
968
678
993
918
548
736
431
510
187
469
576
440
837
545
962
336
350
636
656
194
146
14
60
476
313
395
646
123
121
126
385
996
61
720
836
947
971
766
912
117
887
517
425
946
716
159
846
263
784
486
512
198
983
27
903
398
768
243
485
595
598
750
866
1007
761
151
560
498
980
916
759
589
4
841
556
161
283
216
34
357
577
741
744
876
136
1020
579
941
797
882
470
289
118
985
787
441
1016
989
18
653
113
277
17
863
874
1006
124
325
660
520
753
207
48
71
442
542
227
906
334
308
417
377
98
380
771
747
698
602
641
208
51
249
135
818
269
773
164
877
261
371
332
474
865
502
487
322
53
217
301
101
883
499
651
963
1003
26
210
607
452
749
562
41
358
830
228
5
755
727
774
521
633
260
367
1002
973
416
800
62
838
597
335
351
767
546
775
802
681
822
80
13
757
625
144
783
742
88
344
297
337
733
824
407
43
309
182
706
21
814
131
513
424
419
167
349
23
388
856
529
197
489
699
45
936
280
108
1005
282
285
127
914
844
709
760
700
319
603
642
155
236
244
622
293
945
859
99
95
691
35
740
702
572
939
435
950
402
25
842
743
278
497
393
992
831
581
1012
987
788
852
940
527
312
456
67
39
345
105
543
1010
979
333
982
630
107
739
56
78
205
860
905
174
1
315
619
256
346
923
688
106
87
111
1009
22
566
796
391
465
89
614
63
880
553
383
721
463
781
157
339
154
901
645
19
952
329
493
1018
97
776
152
120
68
163
74
995
927
524
563
171
316
900
564
777
464
150
468
845
166
16
418
430
746
181
2
913
211
372
555
102
717
848
786
986
981
693
626
910
616
12
932
47
849
652
550
1001
370
443
200
8
94
50
343
266
55
719
379
433
445
20
149
640
956
96
832
122
586
570
381
321
801
168
33
668
434
820
112
954
917
554
432
1000
180
429
183
303
100
704
644
79
782
413
840
763
934
195
810
90
608
359
132
264
288
323
134
631
1004
670
567
536
81
751
613
462
412
422
273
778
519
160
378
184
601
875
924
977
475
382
287
825
147
410
75
148
692
713
307
943
925
765
28
1015
873
793
231
961
891
458
248
907
879
919
66
373
533
990
710
37
974
235
84
480
532
920
342
193
697
133
696
24
9
889
509
141
855
708
326
428
948
885
415
518
921
438
935
639
421
942
454
857
933
664
408
230
957
540
969
7
324
457
389
604
898
828
392
348
83
222
679
0
522
695
178
864
169
756
959
620
701
612
988
57
680
682
173
574
318
611
104
909
834
492
815
129
764
928
204
654
304
477
82
354
515
488
6
478
390
684
460
69
813
375
397
538
42
338
806
624
687
634
232
770
926
967
213
461
635
192
723
396
209
491
1008
715
531
15
267
606
404
427
110
997
302
734
199
618
790
49
279
886
40
298
38
960
466
732
453
290
605
317
585
64
683
549
300
561
296
275
686
899
374
447
423
637
226
186
214
253
904
86
139
972
240
224
627
206
998
467
508
798
590
929
659
103
648
955
915
525
676
1021
552
689
202
827
137
858
405
694
281
426
730
893
758
403
500
714
179
861
949
386
789
675
295
229
835
754
1011
241
411
472
896
558
44
847
268
54
52
356
884
175
504
735
922
314
158
718
951
737
125
270
327
534
1014
368
76
237
252
819
930
291
32
584
109
817
223
571
311
803
73
738
596
878
219
507
272
745
450
970
399
459
394
355
271
869
265
437
514
409
330
944
557
479
481
791
