858
37
628
715
18
347
571
698
346
338
251
557
544
936
252
765
111
592
151
608
703
345
158
342
354
856
133
411
560
23
710
932
422
437
110
432
331
46
722
891
531
71
269
954
595
54
388
102
762
744
639
795
809
149
769
1008
545
298
782
973
282
261
590
977
766
225
847
556
266
897
436
248
591
527
970
176
528
808
552
564
53
165
45
134
611
193
377
343
989
615
717
70
159
663
960
602
814
1009
155
758
372
482
123
637
620
646
214
798
121
216
803
84
14
120
117
68
409
219
230
72
699
177
307
286
735
64
603
293
500
169
750
353
272
951
229
406
525
491
450
802
384
476
759
237
524
1004
576
451
51
63
488
365
401
881
474
909
985
284
241
697
171
828
109
704
129
901
921
383
842
113
407
302
892
319
612
647
203
320
224
838
844
315
567
781
570
863
914
601
609
850
325
412
516
440
533
185
274
281
817
629
210
115
217
785
520
182
186
334
957
103
290
291
949
467
463
188
62
458
874
783
997
876
939
156
1013
243
683
771
866
122
373
841
481
877
666
464
396
179
539
189
309
267
729
596
492
581
17
720
339
162
238
433
328
813
183
277
650
299
848
104
562
908
631
3
904
937
831
24
69
52
228
358
285
569
273
541
231
899
624
326
146
205
967
793
61
166
206
820
791
966
655
678
363
761
887
648
439
184
815
947
1005
587
9
510
768
136
304
532
48
572
124
344
644
395
375
394
597
672
312
126
884
152
260
993
244
125
582
296
635
860
108
745
235
836
561
336
306
773
754
278
454
147
739
810
716
671
137
534
88
486
627
610
1022
667
732
79
714
461
22
287
369
279
161
643
490
770
497
702
580
254
962
145
391
816
736
982
208
812
734
959
256
441
8
807
540
851
316
484
763
398
861
589
25
764
935
823
59
799
212
1014
13
913
907
399
94
931
594
832
664
239
400
112
465
958
221
257
829
313
416
670
98
496
688
479
682
849
100
775
975
387
20
420
593
12
167
726
924
371
414
873
695
426
466
641
870
864
1
740
1003
690
752
804
662
780
10
417
468
882
675
934
153
972
855
445
839
283
713
131
558
579
392
480
200
460
172
691
519
15
955
805
669
853
168
330
462
578
996
1007
170
57
651
247
945
538
397
988
536
707
971
894
630
747
588
867
784
906
404
150
681
393
402
512
140
969
998
26
566
915
948
537
1021
950
961
916
81
563
294
614
668
218
209
356
1000
657
890
424
442
502
265
638
926
658
833
938
423
323
918
568
616
586
268
676
222
74
868
132
738
321
389
32
382
942
811
652
418
896
211
886
253
453
919
90
348
333
506
380
446
429
923
86
381
47
498
236
107
264
521
202
258
575
245
473
1001
366
255
777
943
29
518
753
504
871
760
857
661
30
135
40
788
141
483
455
6
350
845
499
5
1018
280
708
613
885
888
142
787
444
223
101
341
711
288
413
878
403
751
794
976
800
660
364
731
953
723
535
649
196
435
854
968
749
742
317
790
940
114
983
199
1015
837
379
555
213
686
898
143
233
263
879
35
826
487
448
705
584
684
246
827
1017
327
797
1020
447
523
743
689
952
76
60
324
173
227
517
443
201
190
925
99
174
505
701
776
191
295
157
197
494
7
359
979
573
965
825
737
28
297
928
986
981
654
485
796
822
911
85
87
542
311
549
376
36
835
19
880
623
821
89
374
232
226
1010
93
66
756
31
478
903
834
405
964
687
741
139
818
385
636
457
583
16
148
963
408
332
192
116
164
357
452
77
438
733
748
472
50
308
852
621
693
990
154
501
622
11
514
4
262
665
58
559
95
456
234
607
922
362
495
862
724
181
187
82
276
368
421
696
38
618
289
978
677
712
767
895
430
130
335
361
617
778
633
477
554
305
546
415
600
127
215
522
337
987
625
830
270
900
980
933
917
507
275
292
553
605
242
910
515
721
475
67
78
301
195
929
984
56
97
786
180
526
96
718
941
1023
434
893
428
2
220
992
640
425
42
912
725
719
632
673
83
198
789
680
905
386
700
449
774
106
160
694
511
431
178
39
946
1019
598
1011
49
746
920
207
128
427
92
322
0
55
419
138
410
119
314
1012
508
642
995
604
846
772
459
340
27
659
626
709
194
547
779
930
565
875
548
819
470
310
300
727
994
513
144
204
469
859
755
872
806
34
974
956
840
367
163
21
824
318
792
577
390
355
902
865
65
944
889
105
801
43
728
41
360
634
91
679
303
550
599
529
493
656
999
883
653
543
80
471
869
271
1006
509
370
585
730
349
843
606
352
118
378
645
249
674
1016
351
692
619
73
503
1002
551
259
33
927
175
706
685
757
44
250
240
574
75
329
489
991
530
