849
223
565
804
503
978
184
902
238
28
720
775
594
79
557
288
723
200
622
364
273
16
578
969
152
289
541
304
732
1022
813
2
998
490
779
344
698
531
226
649
787
855
624
538
140
872
439
511
244
55
77
714
343
595
940
372
985
613
1010
1015
628
448
668
869
683
309
629
620
699
782
745
271
355
679
328
879
927
412
113
712
926
80
468
393
389
716
361
502
934
793
635
548
451
577
62
562
262
941
356
327
485
154
896
929
505
383
17
784
33
669
132
286
276
656
885
910
297
506
808
22
408
602
192
750
348
693
377
475
20
53
1018
894
305
4
160
875
743
65
338
912
209
483
122
840
534
171
591
828
657
329
188
108
641
254
215
824
658
1004
376
194
1011
176
817
524
959
660
379
330
703
495
522
43
965
465
27
142
358
497
946
81
513
6
508
936
270
952
396
164
54
857
207
150
102
70
530
478
676
665
456
331
829
421
50
758
868
843
401
186
722
424
700
349
183
87
1009
684
845
709
864
423
802
453
235
177
706
282
897
611
48
41
572
255
59
394
931
333
893
365
563
225
792
322
883
517
1017
385
471
313
157
303
760
352
488
362
719
504
736
670
311
206
334
135
236
805
336
644
149
263
78
1021
1000
756
1007
682
637
514
42
126
546
615
724
553
67
830
913
341
695
175
1005
833
680
939
335
821
516
966
878
292
1013
600
29
559
9
107
652
566
342
589
112
790
642
1014
155
918
874
461
58
617
545
690
125
547
921
610
831
707
765
86
907
795
797
13
818
512
621
672
839
834
777
472
218
60
100
212
987
605
347
274
487
196
85
891
98
214
961
354
920
281
619
574
673
770
239
180
316
509
479
687
955
84
440
997
399
489
373
169
370
109
537
638
89
246
734
1002
708
575
570
94
415
1001
66
533
290
521
587
287
544
26
306
139
90
960
332
731
118
738
807
302
39
890
480
104
717
280
702
369
666
258
231
75
411
345
911
167
924
266
117
187
172
249
217
949
989
296
463
942
691
131
0
701
260
783
576
115
173
253
367
721
37
1
742
156
105
314
227
950
580
146
536
865
111
859
626
945
798
360
982
35
467
83
675
318
11
990
856
414
492
384
908
571
124
185
851
459
10
182
647
486
346
34
601
791
136
550
596
324
437
392
529
954
30
232
970
593
730
52
381
430
148
195
298
877
773
190
904
623
141
240
1003
19
848
277
68
307
640
900
573
203
179
208
323
836
901
838
648
390
455
892
588
134
725
632
425
697
1008
426
991
462
18
525
71
123
567
153
606
948
193
973
764
916
789
138
650
636
308
654
930
608
387
923
291
405
1016
561
433
51
265
8
168
351
825
984
444
520
145
380
866
799
99
862
285
158
103
162
257
435
410
663
402
597
975
932
659
366
937
429
607
763
598
584
74
977
248
705
283
368
428
353
696
24
820
713
671
234
501
914
515
476
178
419
558
634
735
815
823
884
431
213
144
409
317
967
73
888
655
785
416
204
801
996
378
484
454
846
243
568
630
988
599
543
762
350
202
768
340
442
36
909
583
614
627
728
729
646
319
844
294
674
686
564
692
197
999
688
803
527
972
447
116
284
842
293
953
873
639
880
25
631
120
905
685
170
816
741
811
854
64
496
452
57
268
256
519
766
917
694
776
971
963
569
130
710
612
689
46
446
858
449
835
14
852
881
794
199
827
993
181
174
737
780
388
870
847
560
400
21
247
860
82
748
867
460
320
127
15
397
434
523
250
395
549
267
759
3
61
427
359
651
363
718
922
494
771
876
391
403
664
205
216
751
841
753
374
481
229
812
809
491
166
63
618
662
1012
528
956
237
778
539
443
678
382
93
786
261
31
38
201
114
161
579
585
850
325
938
645
906
633
667
944
189
457
321
532
744
800
339
968
814
418
45
1020
23
555
995
300
493
958
420
326
445
947
469
259
147
733
222
933
337
919
458
677
994
889
552
407
242
661
616
704
1023
643
556
586
757
746
653
121
981
540
7
310
887
143
159
295
275
886
740
727
979
974
604
711
551
466
95
72
12
32
241
151
681
755
269
133
474
500
826
749
398
915
752
582
279
1019
903
464
406
470
810
198
56
49
592
110
228
315
898
1006
837
832
951
47
754
233
69
432
252
554
983
40
44
96
375
417
101
106
97
88
957
899
357
450
590
806
477
976
245
507
925
943
422
609
739
581
964
91
772
928
404
871
386
371
499
535
441
438
272
518
767
210
221
603
935
510
822
980
992
895
747
220
129
301
128
819
542
224
962
413
796
165
986
473
769
853
882
137
230
625
726
5
219
482
76
861
781
299
312
498
251
92
278
436
163
191
761
715
526
211
264
119
863
788
774
