764
525
935
597
565
116
948
648
209
519
467
409
4
111
16
349
143
837
802
574
998
272
522
164
686
51
698
130
306
828
741
747
493
961
325
422
479
310
752
217
376
166
31
595
870
850
464
786
373
426
942
307
61
337
841
822
257
573
789
295
255
433
248
240
221
892
636
744
52
790
816
518
1001
109
823
193
394
40
408
606
0
289
330
891
542
923
767
933
987
527
941
499
1002
776
619
413
506
974
347
994
85
1013
391
336
908
560
344
591
862
925
275
538
577
866
851
791
557
436
801
334
792
139
173
190
223
516
127
653
915
214
497
640
346
937
770
757
919
32
834
233
751
670
319
406
219
466
778
395
327
198
383
755
220
663
370
274
949
124
470
588
358
864
629
159
716
137
954
461
181
232
298
434
112
732
585
758
322
250
943
97
847
928
357
417
197
355
677
869
602
268
605
161
284
148
714
411
743
59
459
326
1019
510
563
452
799
985
65
805
820
133
787
19
252
120
821
761
898
93
829
475
934
540
245
438
666
174
858
372
885
883
500
311
485
77
507
476
288
477
66
324
102
927
689
586
825
361
722
3
1015
14
807
481
398
951
471
341
813
447
800
724
547
843
735
149
9
594
528
129
462
642
521
375
888
930
68
87
647
867
182
984
893
53
468
91
582
726
811
18
225
186
526
465
17
681
75
958
189
81
940
28
562
140
360
531
504
678
713
415
286
831
74
83
877
691
545
244
646
293
759
403
596
688
82
20
868
249
793
69
766
991
316
783
914
857
580
607
909
655
727
772
878
292
845
451
808
22
178
342
804
486
446
692
33
207
160
407
313
982
598
901
576
99
637
363
513
683
239
489
86
211
731
8
622
584
456
798
634
535
210
58
690
964
604
916
138
553
1020
796
833
228
378
144
266
265
38
879
188
947
320
105
661
200
204
617
740
897
1010
926
658
649
900
488
564
656
952
300
675
457
566
815
428
703
819
1006
1000
662
271
704
680
151
650
765
437
12
872
812
896
142
495
639
297
806
760
571
95
652
175
711
983
671
348
913
128
668
350
333
550
626
609
54
894
769
615
889
912
706
448
887
944
203
37
256
863
975
290
39
338
432
749
572
429
509
419
742
561
285
920
911
167
832
601
697
753
302
34
511
118
172
536
321
999
549
654
184
904
317
618
213
978
590
389
41
141
501
335
30
959
24
226
212
123
665
768
533
754
241
899
917
1011
235
966
918
264
156
682
745
62
725
424
208
380
1004
44
270
624
981
416
269
202
988
455
113
180
508
352
524
881
717
351
490
106
90
502
56
929
64
733
777
910
578
5
382
412
687
968
861
377
215
739
279
405
644
48
720
603
472
89
29
614
558
539
859
222
627
218
581
314
1016
523
712
234
569
924
715
673
303
672
1005
42
191
387
1014
194
396
612
328
145
100
630
803
860
410
882
381
1022
838
971
973
684
855
818
340
177
695
474
273
339
995
343
854
482
587
25
962
613
10
693
201
441
439
423
567
773
849
548
301
1008
660
345
354
623
308
922
49
1023
431
122
318
384
119
243
26
254
43
969
368
379
154
544
192
6
155
163
385
784
1003
84
258
610
905
282
50
667
956
136
884
131
251
730
965
187
579
280
546
554
45
27
620
496
645
641
47
886
263
179
460
541
229
762
532
977
875
970
261
312
170
781
734
746
305
107
774
989
840
60
723
227
750
196
512
294
101
331
115
826
299
104
967
76
420
729
458
651
664
534
480
873
756
993
980
631
183
931
529
88
986
397
356
421
238
1012
997
702
230
79
848
809
505
353
7
856
839
963
237
685
921
890
491
1018
450
125
152
36
775
503
262
323
425
21
782
1021
94
445
367
96
430
158
865
738
635
836
231
67
638
278
628
442
393
737
721
621
374
287
699
972
247
259
359
1009
936
953
73
559
414
369
246
46
453
195
657
568
709
13
401
570
659
304
72
135
400
871
530
939
696
2
996
371
763
157
611
366
388
171
332
392
785
168
625
386
283
632
296
114
364
147
780
153
880
728
608
748
478
599
895
281
469
945
543
199
976
427
707
473
362
669
80
390
443
70
514
957
700
719
830
176
955
902
444
146
126
592
277
771
779
242
108
216
827
291
600
874
876
206
402
162
315
810
492
824
846
236
852
903
938
103
674
63
718
950
694
788
552
132
575
309
817
498
633
224
517
1017
589
795
932
705
134
555
276
797
121
418
57
267
185
906
98
814
253
399
15
556
946
1
960
593
117
55
1007
365
844
449
463
150
260
494
435
484
551
853
35
23
78
710
979
71
110
583
616
842
990
487
679
440
907
454
515
483
992
643
736
165
404
537
520
329
701
205
169
676
794
11
92
835
708
