222
604
974
482
927
219
65
832
240
592
689
375
514
869
28
303
167
189
698
860
184
722
699
1010
372
93
919
931
61
766
825
41
937
498
700
62
161
584
10
720
354
812
232
733
659
718
95
436
800
462
434
754
186
416
1023
352
259
129
690
682
147
571
341
1014
438
200
563
369
940
11
942
932
501
729
244
37
442
269
975
128
458
130
790
245
982
53
392
774
873
104
636
856
988
565
874
887
933
851
33
412
495
746
1015
228
666
575
930
985
823
339
310
511
166
81
642
473
148
326
628
380
512
295
756
70
1002
15
231
559
113
304
816
391
1007
405
996
995
638
795
583
54
787
6
646
187
164
287
84
308
132
543
47
581
207
685
954
811
810
227
506
493
562
877
56
483
582
508
23
43
431
622
202
122
253
74
229
430
623
407
327
183
311
279
332
715
280
162
17
999
288
958
538
637
22
896
840
44
373
724
831
468
651
872
42
751
313
351
757
268
55
858
921
181
539
359
897
411
662
218
4
993
726
381
367
557
305
977
765
654
595
98
366
960
79
833
544
911
114
909
90
100
613
329
591
923
217
328
597
943
711
77
145
643
238
938
527
191
210
415
1
163
553
578
214
157
522
456
101
139
794
900
80
548
640
890
976
437
997
549
1001
124
630
870
946
743
115
586
454
895
984
826
432
385
717
230
850
804
453
680
892
72
773
635
558
550
173
1016
775
748
8
656
0
335
596
193
853
123
585
600
951
116
670
63
154
284
655
593
497
78
979
261
803
136
340
602
529
441
556
156
51
519
363
410
471
521
619
170
926
588
788
419
813
140
716
246
388
808
103
830
513
395
952
772
31
358
764
201
324
566
89
657
626
204
426
587
667
792
457
677
481
625
347
180
653
929
20
338
861
702
945
69
697
348
448
965
243
780
289
781
736
455
345
248
678
568
801
955
206
572
377
365
603
285
353
868
271
978
293
323
594
360
541
52
262
914
234
837
737
961
570
282
714
899
723
789
155
605
903
660
357
1019
198
413
488
888
676
199
397
649
560
885
433
719
767
71
987
160
894
590
121
520
949
138
119
901
459
536
9
611
106
828
466
684
108
485
107
615
809
924
994
91
88
247
518
48
966
172
256
40
152
1017
616
252
99
631
141
409
880
992
117
267
834
491
239
60
192
143
829
423
418
3
92
49
319
469
707
683
159
633
29
632
25
26
502
489
286
862
664
402
953
863
755
235
96
535
944
928
947
525
477
509
296
920
64
713
824
133
865
297
827
537
661
589
18
913
182
317
989
849
451
665
882
567
704
507
793
797
902
579
422
681
30
264
971
174
783
972
337
472
178
336
216
820
672
86
179
266
417
1006
463
970
21
211
401
168
499
668
399
740
215
176
76
554
1013
1022
741
712
146
867
577
137
496
540
414
891
265
848
361
782
523
915
547
254
624
315
922
703
126
936
175
50
886
378
400
621
320
39
839
270
907
990
236
818
838
35
144
503
731
281
32
45
225
421
1011
197
445
169
306
675
819
257
275
692
516
768
847
763
476
1005
889
564
494
822
725
721
739
777
696
606
387
486
669
802
551
910
278
258
2
884
465
758
805
406
94
105
362
641
609
384
467
798
610
821
294
727
376
866
573
492
854
224
545
705
728
298
190
533
815
771
968
629
440
806
443
379
490
479
524
478
574
693
188
350
14
957
480
150
249
301
195
460
973
135
742
904
425
276
791
627
390
158
474
290
881
171
273
13
517
382
752
349
75
1012
607
424
986
205
709
845
464
841
109
843
1003
66
368
343
687
753
908
251
552
24
393
277
461
917
272
671
745
221
612
505
686
1018
916
487
608
546
852
730
1000
836
300
283
569
941
371
761
555
983
153
185
58
194
177
342
688
648
12
706
255
750
883
263
435
87
744
302
663
950
125
470
196
307
510
1021
213
38
526
226
762
580
212
898
893
939
309
475
967
1020
875
5
708
396
127
769
599
220
710
738
618
484
314
356
561
701
452
318
383
948
601
346
962
770
964
844
250
374
274
969
292
776
842
312
644
935
447
46
223
19
925
333
614
695
905
634
237
316
645
864
747
735
857
650
846
835
386
321
732
203
871
855
291
112
998
299
796
779
111
956
576
389
817
322
260
97
658
370
500
110
408
7
534
151
241
209
68
532
355
504
118
57
906
428
34
991
450
531
959
449
691
674
515
439
694
134
398
444
760
36
364
208
83
82
27
427
912
799
878
734
918
778
1008
876
331
679
639
673
814
759
528
647
785
73
598
233
120
784
1009
330
394
934
786
620
446
149
429
85
334
325
404
749
344
542
165
617
807
879
59
981
16
131
67
403
980
963
1004
859
142
420
242
652
102
530
