980
146
328
136
961
862
985
373
511
668
861
843
171
427
160
227
496
585
911
165
170
655
164
435
532
479
387
842
900
246
944
121
181
705
802
131
386
401
969
921
872
845
342
78
698
932
691
341
816
116
624
239
906
499
883
480
420
326
910
672
863
780
903
353
412
299
89
1004
947
940
39
794
847
978
135
926
346
683
1015
100
241
98
571
919
448
182
364
117
502
388
458
295
168
663
137
626
287
909
94
128
219
482
178
84
362
531
778
745
760
383
729
419
625
471
512
813
811
707
262
317
99
470
228
598
82
870
259
659
995
37
956
350
358
786
584
600
865
726
187
764
226
429
907
579
714
996
520
527
1000
85
408
984
42
636
793
536
591
799
453
563
273
508
819
72
34
647
203
391
292
46
443
76
633
282
405
494
397
289
629
950
640
888
118
734
80
759
935
58
291
378
975
755
618
422
327
263
885
812
959
945
198
770
859
457
737
761
472
336
177
294
275
768
163
803
5
607
431
1007
316
266
67
351
285
727
929
719
36
997
424
65
635
38
159
138
264
915
63
725
952
183
917
347
361
800
687
57
791
656
756
639
774
993
24
305
904
609
156
806
809
340
869
506
232
344
914
818
2
539
684
272
829
666
212
331
497
593
70
830
632
565
680
815
483
7
1013
17
644
805
605
247
857
678
169
265
949
392
208
175
106
49
132
601
685
315
19
255
599
382
79
966
384
646
669
268
724
148
69
546
374
439
154
699
333
256
610
693
519
498
831
765
827
937
296
838
963
161
748
229
741
891
249
81
134
970
104
716
686
828
897
568
528
312
597
414
553
925
850
235
643
998
694
432
31
449
48
473
288
500
589
717
309
214
68
52
783
1023
740
426
185
638
329
820
407
50
913
142
1
749
671
953
823
642
107
451
147
547
318
582
858
983
933
112
338
630
976
839
665
817
790
1006
6
518
988
143
211
126
718
999
354
489
303
403
91
300
751
444
1016
743
887
521
3
742
580
769
973
697
682
763
670
476
475
484
55
524
645
840
509
54
775
153
12
495
880
25
733
766
314
1012
957
92
464
277
402
16
569
465
892
356
777
377
867
111
1002
570
242
192
348
421
213
306
196
122
375
886
88
631
712
583
773
616
53
942
621
893
679
627
114
515
319
894
174
564
922
700
692
194
188
243
939
44
675
728
537
230
544
125
339
586
673
574
951
280
955
762
874
410
21
75
501
522
962
695
467
293
71
652
297
941
709
754
415
47
22
994
222
578
376
434
991
746
560
758
873
787
767
274
86
826
367
776
221
240
286
661
119
115
704
313
43
207
814
141
437
298
637
628
321
74
462
417
279
772
87
1018
549
29
200
4
856
73
581
468
889
990
477
139
660
835
855
290
400
123
270
33
97
304
144
320
418
572
14
960
13
588
389
654
428
172
590
771
379
15
992
587
615
430
614
821
552
715
875
56
721
513
603
541
928
1019
452
276
825
810
324
833
852
958
108
363
409
561
425
102
710
556
217
634
681
1022
368
901
986
554
238
251
943
641
307
517
223
253
271
411
267
557
450
416
788
923
0
390
440
608
179
225
224
1010
438
8
575
898
789
357
258
567
576
83
337
371
696
594
622
191
236
881
604
195
150
413
20
197
703
322
879
129
523
617
180
234
967
61
133
278
456
979
366
40
808
345
667
260
372
543
478
731
878
612
801
103
1003
595
824
447
720
423
460
516
335
325
834
209
404
706
201
796
302
596
542
323
514
708
446
526
977
836
503
1014
602
972
529
713
530
688
308
35
674
702
284
849
533
882
916
487
534
269
18
167
753
948
461
974
1009
140
924
744
548
193
157
206
730
441
311
152
784
968
488
127
1001
190
1008
155
455
981
30
930
864
120
896
797
902
677
846
837
832
442
145
486
982
27
689
189
662
41
491
334
151
257
332
90
490
965
750
807
649
359
577
851
936
283
93
250
492
964
406
59
657
301
510
360
28
365
254
504
987
124
648
653
369
261
566
11
792
971
199
782
474
573
493
204
868
109
651
398
26
779
884
701
66
798
795
281
505
752
9
355
1005
459
105
722
735
96
252
804
215
166
507
385
555
738
747
349
396
822
690
1020
844
871
463
237
723
899
535
559
550
23
395
343
739
525
393
954
380
176
433
485
32
540
732
676
620
216
130
623
330
158
920
45
912
658
611
853
664
854
848
113
946
989
399
184
905
890
606
220
562
551
785
592
841
210
436
205
218
162
149
394
60
558
95
781
186
619
233
454
931
711
248
757
51
613
866
934
876
1011
736
62
370
244
64
352
381
650
545
245
1021
469
908
110
466
877
101
927
538
202
445
1017
10
860
938
895
481
77
173
918
231
310
