918
287
284
435
101
813
353
223
59
762
320
860
138
395
483
239
453
962
89
585
491
510
43
450
164
898
134
728
764
801
494
475
337
530
550
288
715
137
231
142
217
637
836
241
848
676
790
853
558
378
398
588
118
779
852
993
977
392
710
61
258
891
467
1002
603
419
991
296
190
957
227
613
519
322
298
591
156
576
263
936
140
596
856
680
180
599
66
480
929
248
490
615
114
433
657
332
388
442
817
761
861
352
688
215
746
894
872
648
804
400
155
973
34
383
312
837
921
822
594
686
52
670
472
1015
41
386
884
261
846
427
717
317
537
63
952
776
866
642
159
503
197
75
504
18
270
347
275
200
949
705
713
324
489
577
944
816
544
571
681
1021
207
556
302
295
357
920
901
268
553
542
1006
187
154
870
854
984
545
662
486
548
116
107
1004
999
428
793
323
243
355
462
421
297
182
256
15
201
514
170
646
64
444
300
224
6
325
823
313
682
834
77
100
39
968
969
526
371
815
518
927
149
50
109
438
493
366
191
925
464
995
1017
535
28
359
647
575
280
299
833
584
849
7
318
843
240
360
12
931
755
716
525
784
589
1009
69
176
204
911
660
838
557
463
534
782
967
628
566
775
115
162
196
195
385
448
202
443
1001
70
831
766
516
887
306
640
601
689
13
994
250
734
702
622
529
178
794
507
902
341
92
279
54
943
460
787
880
774
361
418
740
639
523
407
549
242
905
319
982
540
139
990
24
877
818
696
547
129
158
456
948
709
561
244
839
587
950
933
105
673
711
579
72
981
136
311
445
342
597
919
131
850
874
125
348
374
554
521
737
425
234
351
345
600
404
145
735
559
771
1007
543
941
876
578
645
567
612
146
420
183
524
161
44
410
293
266
707
277
708
699
1018
840
220
326
148
171
370
397
415
405
693
928
157
878
609
721
989
356
723
903
926
611
1012
568
1020
253
750
181
692
49
113
701
25
273
961
531
922
777
719
778
121
678
1016
1019
375
867
327
330
133
773
517
656
120
532
251
225
749
958
631
665
632
629
1011
988
932
798
806
406
97
608
500
303
899
36
62
738
541
684
432
739
338
329
188
513
384
0
769
451
165
862
979
416
651
827
430
233
643
111
971
42
799
194
963
393
930
290
661
527
767
844
86
473
945
885
825
91
153
947
552
281
58
623
457
522
414
203
986
304
95
946
533
826
595
60
691
236
760
471
621
173
924
214
492
230
358
22
98
912
654
84
379
343
274
17
76
797
828
376
1008
93
820
209
110
45
213
16
79
485
821
970
496
29
939
1005
147
316
408
354
669
511
30
658
757
940
934
141
413
38
87
506
972
538
94
1014
803
992
373
1003
674
169
331
763
607
1013
690
40
144
222
401
482
565
2
33
871
655
714
505
283
269
48
955
51
436
152
604
985
228
913
362
938
272
389
339
143
882
335
634
221
37
344
367
659
987
424
783
800
394
974
452
745
677
583
653
650
626
437
636
336
893
997
468
212
346
495
368
744
754
163
865
381
772
638
167
917
652
391
697
412
192
364
616
809
476
996
219
119
858
382
602
32
814
429
883
819
983
896
791
1023
732
57
237
47
46
664
935
753
449
399
257
789
19
560
487
758
96
501
666
5
752
966
126
841
829
255
574
700
369
267
216
78
663
960
88
498
246
294
593
539
186
724
264
644
104
770
726
409
285
479
703
286
863
31
160
278
211
441
796
536
174
245
907
481
733
835
792
742
610
555
976
260
868
108
199
625
759
942
484
975
122
112
292
855
102
892
897
168
598
672
824
582
117
873
619
218
923
573
751
857
3
780
886
743
509
564
328
502
422
166
937
718
953
888
671
65
440
618
812
350
909
334
741
781
731
563
439
8
633
314
363
53
842
193
99
309
725
847
845
515
308
262
349
387
572
881
10
756
238
546
956
730
85
461
172
390
81
624
470
90
1
135
82
698
869
321
305
508
908
706
83
980
978
184
683
23
695
581
411
132
396
785
380
35
551
964
175
446
641
447
617
805
123
252
1022
808
900
310
474
27
20
916
830
704
431
649
377
14
520
426
11
68
675
80
1000
189
959
685
455
488
458
712
904
998
229
127
736
879
727
810
73
185
694
55
914
910
210
864
875
150
307
729
177
1010
208
906
679
315
130
802
205
151
635
512
570
668
807
454
247
722
9
74
469
786
788
402
614
259
235
477
465
795
592
851
103
768
282
832
569
289
26
889
590
198
434
630
333
124
271
254
56
951
811
620
915
627
365
372
580
21
340
748
226
206
417
276
291
249
459
954
890
859
232
265
965
67
720
128
179
687
765
562
605
747
4
497
71
478
301
895
586
403
466
528
499
423
106
667
606
