367
134
282
642
488
706
245
720
287
339
863
925
883
336
830
987
145
363
637
616
205
357
701
934
111
787
337
559
419
47
169
1014
503
698
892
865
895
348
401
802
819
108
107
199
808
97
797
195
612
920
249
509
638
548
257
30
475
884
444
417
1005
132
857
330
77
651
133
219
347
827
755
407
760
837
936
689
664
5
749
943
563
964
265
376
842
621
269
636
692
886
635
667
528
900
766
939
154
309
875
86
572
303
871
354
203
91
290
260
903
912
820
688
963
959
974
479
649
177
643
506
461
334
690
817
609
955
596
288
333
266
914
85
850
295
387
96
113
711
82
1
681
654
171
267
586
178
162
697
498
258
937
10
985
299
922
645
784
733
404
423
995
542
455
315
300
394
887
713
184
494
212
921
894
847
600
342
960
544
618
946
88
57
516
62
568
485
531
252
529
543
466
53
624
972
250
868
382
557
669
948
759
898
453
726
841
815
306
608
352
675
705
844
1007
467
180
880
408
165
144
888
813
217
341
268
1019
259
514
573
569
614
684
627
344
201
486
719
440
81
450
763
743
834
942
112
523
214
923
413
161
391
978
311
483
999
772
565
175
74
561
771
639
492
229
173
213
505
253
424
615
855
470
515
447
961
592
631
209
969
968
147
762
84
362
971
21
983
831
816
25
663
298
560
791
156
736
280
792
353
731
149
655
183
233
136
966
576
757
671
765
704
798
79
905
368
679
846
256
291
236
790
176
141
661
329
275
907
901
204
69
6
216
499
1000
986
996
338
200
202
716
482
104
1022
64
120
241
782
852
181
926
780
153
967
829
396
29
390
464
800
746
445
481
801
601
727
578
915
538
662
23
610
710
493
159
1010
174
172
809
709
474
160
8
364
459
691
135
648
597
416
457
346
325
804
103
248
123
526
13
793
878
803
137
469
722
484
289
856
715
237
271
302
410
465
617
836
916
167
776
885
244
670
889
882
965
150
191
552
11
838
861
51
748
566
46
218
462
369
929
539
864
146
194
867
0
783
142
95
231
677
773
770
42
536
246
611
640
644
700
860
226
157
442
824
853
443
714
927
349
525
859
522
652
370
932
547
751
163
454
286
427
32
207
372
452
738
28
673
665
768
451
234
155
588
695
708
55
1011
840
56
395
98
753
400
556
567
656
775
58
418
541
870
620
476
273
1020
192
737
358
143
593
957
500
728
521
976
65
319
26
72
50
127
740
1004
558
508
188
904
659
913
676
917
345
993
314
129
680
908
92
823
12
778
497
374
116
918
796
224
473
613
994
331
653
630
924
415
940
910
518
549
858
22
405
125
806
67
553
866
460
434
1008
788
851
909
911
378
587
59
747
550
118
513
682
477
876
49
626
897
435
278
873
222
468
767
264
301
324
66
343
139
935
754
686
991
438
189
270
845
537
327
950
554
951
517
274
725
678
822
571
717
262
899
138
187
310
158
977
284
752
535
992
988
606
320
810
406
386
835
958
490
694
718
928
94
570
756
795
931
34
190
365
377
40
119
304
1018
414
24
647
954
52
891
436
316
263
75
20
328
472
375
356
574
739
292
496
825
14
18
730
439
981
294
131
122
832
251
297
545
242
562
366
745
811
489
33
124
426
520
533
19
833
210
102
1003
373
585
323
699
350
821
685
449
629
590
420
41
777
761
48
758
105
839
906
100
1023
421
555
1006
785
37
741
952
276
769
979
646
527
628
828
540
255
998
826
625
432
441
546
712
874
938
595
312
510
437
504
340
990
254
919
962
326
193
794
392
76
31
890
179
170
672
151
196
707
318
7
399
381
789
279
61
70
109
293
313
502
35
412
63
371
750
39
185
384
385
862
166
607
90
577
383
602
398
87
379
456
641
164
403
1013
818
622
953
814
393
247
351
564
197
471
232
487
687
106
305
208
660
227
101
970
495
848
603
575
877
696
781
17
230
1021
117
36
551
989
997
744
43
594
16
511
941
703
281
83
68
668
99
1012
361
723
389
619
623
225
1002
27
605
152
893
869
261
944
1015
463
634
140
9
15
198
599
446
854
433
512
121
732
650
879
583
296
409
519
114
584
335
422
317
128
604
428
982
1016
228
742
580
402
388
1009
581
872
240
735
431
359
657
764
3
984
239
2
598
80
307
360
729
60
54
425
89
272
693
308
38
221
322
632
480
975
73
674
243
658
238
332
949
355
881
579
397
130
186
277
774
4
534
956
220
411
799
589
182
110
973
115
532
491
126
1001
843
285
779
235
902
78
724
591
71
380
786
321
458
223
45
501
945
430
211
702
721
148
633
807
507
283
44
168
530
478
849
933
683
947
582
206
666
930
980
448
93
215
805
524
734
896
1017
812
429
