141
5
829
416
63
790
230
231
725
944
395
331
72
469
106
310
177
25
129
418
763
955
380
229
639
420
894
640
842
269
481
170
246
714
879
890
32
166
383
642
187
522
816
681
807
131
218
627
622
851
854
37
386
338
137
228
265
71
64
273
455
911
340
124
412
704
4
388
411
708
390
509
888
413
878
672
858
417
392
173
248
787
855
993
400
379
133
706
259
240
532
783
60
557
571
33
744
130
802
575
291
995
930
226
46
339
910
237
425
20
988
969
595
263
397
50
214
345
671
381
121
715
810
410
244
478
434
320
256
618
42
233
922
111
698
628
48
457
805
344
351
149
892
623
633
803
377
1010
871
52
709
893
852
581
55
486
49
346
204
117
542
191
626
942
987
896
68
918
610
16
638
630
743
677
448
276
1016
620
601
319
966
150
720
703
324
65
607
947
914
812
850
1017
675
1019
913
492
519
891
600
713
676
215
917
862
964
30
906
24
904
555
939
789
382
203
328
997
357
408
431
375
23
484
738
479
511
61
10
730
990
162
384
393
976
167
341
1007
558
497
963
224
96
243
288
84
631
948
658
525
197
151
450
643
741
635
737
453
278
865
873
391
818
227
598
721
1014
105
443
198
770
15
342
650
958
358
302
122
690
619
398
996
659
501
327
693
472
806
78
895
994
781
687
923
101
446
323
569
58
190
697
421
475
194
644
549
584
123
645
0
909
959
289
364
952
981
282
804
617
625
688
524
533
782
582
362
593
389
51
182
767
872
347
864
158
494
216
414
436
18
70
169
536
722
967
843
636
201
221
927
332
447
954
125
898
825
260
836
343
665
577
293
863
785
19
349
406
838
47
152
915
513
108
110
544
326
609
103
483
314
514
719
586
179
175
543
212
207
978
359
352
757
919
301
716
764
317
889
297
354
847
565
132
143
442
403
73
211
21
90
924
710
202
79
69
529
656
281
92
682
36
637
498
115
1005
811
277
839
199
753
739
1023
798
223
926
213
165
235
867
615
274
689
534
1003
530
238
991
679
126
38
241
1001
602
552
495
670
801
95
432
322
874
154
1011
973
561
139
521
735
886
960
490
367
823
769
508
916
591
795
146
758
325
745
754
611
22
316
8
929
573
119
463
695
828
100
834
1009
142
456
307
907
949
57
424
724
652
147
76
318
499
232
970
621
161
438
28
476
488
178
774
711
298
402
989
780
473
772
485
897
242
546
819
765
921
856
775
41
1021
464
957
9
749
247
941
815
570
361
370
217
429
831
776
275
835
504
174
1022
91
1
306
691
506
902
172
120
881
788
998
59
1002
972
97
503
792
396
399
245
827
899
880
1006
517
747
353
62
748
983
109
321
551
606
648
474
768
578
731
674
752
657
979
401
435
980
796
684
112
419
937
200
751
444
350
85
841
189
663
660
750
371
538
116
813
512
641
945
597
81
528
26
330
901
740
206
527
662
694
794
262
793
588
755
185
999
866
466
284
157
647
80
777
537
956
6
225
590
171
458
234
313
762
580
94
387
822
699
1012
368
138
440
859
564
89
1018
661
932
820
261
935
649
928
500
99
931
272
566
422
181
505
778
686
905
877
156
144
814
287
452
369
975
585
760
303
1008
437
180
832
467
817
702
773
305
104
746
756
539
1000
336
135
965
205
846
283
114
510
553
946
568
884
548
459
833
718
712
1004
308
920
155
220
844
107
860
799
407
134
594
222
496
164
296
717
13
264
75
439
404
589
723
312
786
153
29
309
734
40
668
883
195
540
821
535
556
732
559
613
462
560
219
253
360
705
726
678
365
651
56
531
286
925
653
875
299
183
271
378
784
849
840
683
118
938
493
268
451
427
692
54
372
771
470
986
250
809
160
136
707
176
900
845
520
603
270
186
977
27
252
830
885
936
563
984
903
258
912
266
471
685
491
869
646
576
465
518
487
728
612
428
961
249
415
515
251
355
304
791
696
329
82
848
295
759
35
39
311
11
669
951
736
209
279
88
87
808
824
666
334
356
667
210
255
44
385
159
940
188
673
45
882
700
974
545
605
664
857
604
572
1020
733
254
853
168
148
800
280
66
482
592
184
562
145
77
409
461
779
547
587
634
43
2
507
376
526
680
1013
614
992
985
294
468
908
583
14
337
394
943
968
98
449
596
953
363
797
523
629
31
950
766
632
236
742
516
140
163
335
83
348
208
12
574
441
423
870
579
292
86
554
67
480
971
550
489
267
624
502
477
290
876
102
616
430
433
837
193
445
127
608
53
861
962
128
654
7
567
34
196
655
113
1015
761
315
982
541
868
333
366
426
599
405
239
701
374
3
727
285
74
257
192
729
373
933
460
93
887
826
300
934
17
454
