412
423
911
231
1015
630
490
784
763
790
794
545
513
95
701
780
197
150
133
6
384
622
983
215
48
404
555
521
49
425
405
793
686
528
352
65
610
494
549
507
445
97
530
598
55
196
670
929
178
648
117
971
214
539
933
172
817
915
886
640
399
652
758
775
451
368
816
818
407
827
1016
8
810
844
768
400
51
220
152
251
527
4
279
755
187
660
605
990
705
561
876
164
60
25
74
52
724
232
54
631
698
138
534
945
93
544
661
560
1019
413
306
895
803
311
764
19
428
744
591
619
500
441
509
56
158
446
137
319
452
484
957
228
856
67
392
174
841
606
26
828
140
258
704
221
57
447
760
654
312
254
372
443
307
742
634
926
485
434
479
78
976
365
890
155
909
350
110
514
227
609
85
748
437
717
419
360
134
477
564
824
91
898
504
680
751
284
149
857
369
882
923
548
607
910
111
756
675
712
323
906
914
903
925
94
846
637
761
29
410
325
562
878
922
559
262
90
996
642
345
287
364
438
440
131
629
873
204
673
651
697
246
835
107
728
169
318
887
624
973
263
464
752
523
456
872
517
242
948
348
243
1013
611
657
409
183
992
715
321
813
35
850
450
66
937
525
471
512
80
373
489
114
268
884
96
506
989
552
179
292
901
208
902
86
600
17
621
556
958
376
859
184
975
81
703
696
1017
298
77
420
699
269
825
104
734
130
199
46
34
965
61
771
713
608
129
759
950
814
163
618
877
553
194
684
238
340
861
978
595
874
200
842
676
802
840
286
526
160
203
112
749
875
329
5
444
649
330
40
644
336
714
310
223
265
241
502
952
386
316
326
695
574
994
612
403
567
125
275
305
658
745
665
787
465
202
253
299
176
159
693
378
820
206
568
865
967
28
863
565
999
245
225
880
314
585
829
709
11
991
798
1008
586
388
805
540
64
274
139
855
162
45
984
511
235
576
685
230
226
180
463
602
1023
516
904
845
731
894
237
31
296
905
449
1002
439
359
503
454
42
762
767
615
495
692
908
144
746
351
391
931
672
907
949
681
143
198
205
690
15
173
259
582
981
710
783
302
860
122
936
740
191
772
207
127
968
457
98
995
390
0
379
136
733
869
700
589
579
913
88
836
944
613
22
422
459
508
442
694
628
788
899
566
315
774
939
592
833
189
871
708
289
209
135
247
603
213
796
985
166
766
935
362
535
970
496
524
720
1003
7
331
455
942
118
633
993
786
406
24
811
218
689
361
411
313
597
293
998
168
309
62
636
328
23
113
1018
201
119
647
668
777
662
785
123
408
747
105
867
124
82
653
357
347
536
1009
730
795
581
458
470
723
616
853
380
255
590
572
358
664
806
70
102
418
551
896
583
236
735
1014
398
370
497
920
573
106
718
601
487
726
812
919
427
916
677
193
781
256
177
837
891
799
109
927
415
683
501
776
669
219
73
320
36
953
741
249
261
520
401
421
974
656
436
848
239
171
541
448
356
100
977
385
271
27
222
355
334
338
128
518
426
234
58
754
482
266
632
37
584
240
510
987
290
645
165
402
332
103
706
620
671
375
550
395
725
389
765
667
156
800
267
969
674
324
688
99
543
773
854
146
43
596
966
797
478
486
432
546
414
702
809
182
121
558
879
2
142
801
982
71
862
1020
417
580
972
83
570
248
461
951
18
750
554
839
431
997
282
930
346
481
257
483
195
474
480
707
491
157
116
956
889
475
472
778
216
1007
210
587
435
32
44
469
50
639
308
819
569
962
918
729
76
963
571
650
885
691
594
635
244
374
789
892
30
147
394
233
988
782
614
666
928
430
1004
291
337
335
849
224
108
716
868
954
593
300
604
10
961
832
89
341
188
643
468
617
383
387
979
679
264
870
154
858
148
33
301
986
1011
823
519
804
229
170
16
283
141
838
575
499
416
120
41
687
167
12
538
151
13
382
498
276
757
659
959
21
791
250
303
9
881
185
322
955
424
641
599
272
769
273
737
3
917
363
864
126
711
75
217
753
921
101
366
739
192
1005
280
211
980
1012
367
588
381
563
946
893
87
912
736
941
429
866
531
938
1006
396
779
270
626
943
68
79
353
252
333
940
847
339
719
852
354
738
145
815
721
190
557
732
462
1
84
947
349
722
285
39
460
646
317
678
529
327
822
343
834
547
69
1022
92
807
181
888
851
532
493
830
542
153
577
453
47
826
900
467
115
473
281
466
505
831
371
625
63
1010
727
1000
1021
578
476
295
278
638
186
288
770
897
655
932
883
934
533
960
344
20
792
175
492
14
964
843
53
161
260
342
682
38
808
377
924
488
212
537
663
304
397
393
132
743
1001
821
72
515
623
59
433
277
297
627
294
522
