932
559
137
256
978
789
352
557
451
597
669
325
706
709
467
495
128
836
924
643
877
102
530
742
604
915
434
906
32
316
308
893
782
528
344
34
81
841
712
914
424
506
997
912
206
1023
581
872
847
584
987
806
163
681
49
670
881
582
869
833
237
631
377
574
65
663
622
921
174
741
607
671
48
166
790
491
508
203
882
368
991
160
339
388
77
303
536
180
355
923
985
169
798
576
977
986
327
334
816
647
737
365
885
746
3
796
338
613
196
306
346
460
501
483
716
360
98
211
667
480
313
220
896
910
375
999
463
645
679
93
624
254
775
898
545
267
274
563
376
112
802
454
164
188
437
648
349
766
852
236
969
855
186
472
216
210
191
970
481
262
714
204
824
129
342
315
428
228
109
939
347
364
848
141
578
152
52
527
951
23
181
400
286
332
721
874
469
69
296
621
768
595
805
943
804
12
652
821
691
867
639
119
177
193
36
761
843
294
11
1008
588
461
752
126
356
933
651
764
123
219
391
538
835
264
496
616
292
139
507
430
791
1013
594
312
503
189
653
229
57
539
64
295
965
15
729
63
172
270
239
1004
519
431
319
433
19
572
954
260
876
484
402
698
149
404
318
842
871
482
895
976
405
916
723
406
962
1022
601
646
183
2
70
476
599
666
973
927
403
550
998
465
812
114
851
307
233
657
829
345
957
263
803
38
381
989
672
909
390
455
953
485
202
838
878
192
13
178
967
75
492
505
20
74
121
340
222
589
797
268
1007
351
593
182
440
464
995
389
317
713
79
138
214
27
190
179
858
980
879
281
329
936
37
673
1006
793
272
799
618
275
255
161
608
333
156
378
261
266
198
755
884
554
45
127
422
656
151
478
510
22
697
614
777
105
168
590
35
839
89
822
84
558
40
29
730
544
194
59
609
291
779
1009
205
131
414
73
17
903
830
792
642
489
265
447
945
457
586
1000
864
471
902
72
907
242
502
401
350
55
901
693
585
975
337
940
438
526
280
917
727
140
68
9
284
834
279
223
200
541
863
309
459
685
132
97
511
931
474
771
46
628
547
831
397
269
770
674
703
1001
366
257
31
637
398
445
747
94
811
392
87
466
245
575
675
610
690
892
800
95
80
556
665
814
757
399
627
971
512
247
579
310
564
890
409
763
136
243
849
524
500
50
783
889
283
372
930
444
875
650
513
470
992
749
208
238
719
116
6
343
516
509
738
640
832
147
925
733
532
157
122
117
946
167
571
215
520
450
224
302
769
423
786
623
218
271
244
118
850
809
221
493
153
826
30
756
241
894
988
807
739
778
452
226
880
14
784
24
453
704
88
911
323
844
311
937
715
39
859
1014
47
598
187
682
845
774
290
359
488
861
248
21
184
435
678
468
362
100
386
442
853
529
947
276
860
552
959
887
250
696
900
629
935
948
42
429
416
722
419
449
1016
785
676
1012
813
551
83
111
251
367
949
379
348
748
689
363
695
235
371
787
207
868
873
619
301
426
950
278
4
490
625
725
634
801
142
549
144
103
603
443
918
966
565
905
542
926
928
754
548
734
393
106
540
840
380
856
736
566
252
732
632
258
825
649
299
615
7
913
870
225
494
823
326
246
888
677
683
209
587
961
201
370
76
44
321
772
567
26
543
324
171
314
1019
0
655
891
938
212
960
135
1010
231
535
1
956
8
633
979
515
773
815
504
18
514
694
1021
425
133
213
195
96
780
687
955
253
411
710
952
148
101
692
418
249
16
531
537
636
134
753
417
573
421
86
751
394
427
240
287
441
120
56
91
331
660
497
382
720
972
862
230
583
130
759
664
934
5
217
994
436
983
165
373
684
701
546
658
568
475
897
562
58
412
630
175
446
298
788
479
941
361
577
384
857
820
92
827
561
580
328
234
176
439
335
922
499
767
518
591
145
708
150
71
635
110
982
688
170
410
617
659
282
620
336
810
420
162
996
358
795
592
904
227
521
154
158
707
702
641
61
448
51
462
293
458
705
456
60
570
611
700
487
865
330
173
297
407
596
717
680
259
1017
886
374
600
776
817
1020
758
534
605
62
740
486
383
662
53
396
745
731
908
146
304
273
984
920
82
929
25
10
288
99
395
883
104
533
413
232
41
612
711
743
107
699
408
919
944
113
415
762
185
866
1015
626
942
115
277
555
85
781
899
1018
819
724
66
606
357
964
320
341
828
90
602
981
385
968
735
54
1003
794
498
525
993
1011
818
387
1005
28
560
199
638
285
963
322
854
974
78
155
125
143
958
369
1002
837
668
846
473
765
305
750
718
522
354
353
432
644
159
553
523
686
728
289
67
108
197
124
654
744
300
517
33
808
726
990
477
760
569
661
43
