367
535
414
791
127
764
104
88
525
544
981
600
214
140
33
651
652
860
25
255
213
729
295
158
400
459
959
614
221
151
81
862
874
573
962
173
986
759
396
436
1023
333
609
953
910
898
97
413
319
481
105
546
893
707
286
260
4
321
732
441
834
567
503
807
138
667
142
605
227
368
938
922
678
289
216
133
366
147
72
979
1008
621
629
504
521
927
870
682
164
171
633
482
645
790
888
451
19
174
698
22
145
749
936
328
31
36
990
274
182
653
505
77
185
1013
492
866
551
672
963
232
372
466
1022
703
818
612
659
580
26
373
540
539
385
457
517
55
317
478
584
446
868
692
797
1001
571
419
522
341
262
52
358
601
347
679
702
599
59
933
512
562
583
382
251
968
93
474
123
111
578
136
668
531
666
677
304
579
998
309
956
43
591
723
881
886
325
390
533
426
422
393
49
757
335
188
342
34
846
10
958
500
1006
292
523
954
410
820
616
322
345
5
819
308
248
452
896
849
284
316
107
405
486
556
738
57
491
332
782
431
257
727
437
800
116
976
717
323
399
359
739
261
1012
779
423
987
463
618
462
772
489
1016
443
137
194
376
654
387
570
318
273
688
526
746
113
545
83
804
303
576
977
108
485
869
186
357
814
439
686
192
130
337
966
838
178
628
1002
768
632
488
649
285
298
722
233
29
793
275
23
150
230
365
149
464
808
63
836
680
715
586
392
620
250
940
468
765
774
343
75
949
391
980
762
129
610
450
220
27
848
833
776
294
378
775
885
948
999
817
597
996
101
444
992
637
518
882
131
263
310
472
17
338
480
644
733
575
40
110
655
658
380
135
11
549
360
647
362
247
704
878
695
905
756
272
837
827
803
634
305
1018
758
461
982
346
857
625
351
240
900
228
156
301
830
191
558
427
211
675
404
102
24
383
180
483
524
169
671
673
926
476
201
354
798
447
821
592
507
209
641
226
930
448
602
406
859
944
78
401
424
162
904
217
784
840
566
157
1
76
557
252
282
208
312
731
510
242
469
428
581
38
7
364
872
805
94
50
685
467
407
572
442
863
631
231
908
64
189
811
8
218
839
0
355
537
51
815
290
146
785
53
689
39
239
115
13
432
315
636
236
45
934
435
134
1017
279
743
471
984
994
780
742
418
244
412
82
937
12
877
302
326
350
1000
100
646
871
777
917
398
264
845
725
409
363
440
411
340
957
421
513
735
740
626
563
663
456
215
596
574
1015
336
99
813
30
812
254
9
415
706
736
883
607
670
985
769
588
271
403
433
850
276
458
258
665
494
924
603
118
942
661
897
79
841
595
952
694
206
238
283
854
778
858
311
709
377
152
932
296
519
824
402
802
975
71
635
501
125
810
389
669
70
728
699
520
920
84
585
324
606
855
972
639
408
166
1007
196
243
349
890
842
508
997
964
542
361
935
465
475
553
657
755
160
1021
716
417
973
98
297
894
128
68
175
119
864
656
744
561
1019
726
490
212
344
425
1011
224
449
991
223
604
536
96
916
170
697
681
1005
375
179
624
66
847
734
249
498
674
852
622
370
995
559
923
684
69
967
660
873
912
122
720
516
851
638
511
54
794
766
15
708
530
330
700
891
945
1010
109
121
724
219
195
470
515
269
235
696
664
931
334
627
867
648
267
763
397
266
650
594
56
384
767
978
538
371
73
106
42
62
47
356
569
369
348
615
880
246
865
148
1004
514
989
28
176
528
395
630
37
210
222
831
388
941
955
947
167
911
988
199
902
801
960
901
181
608
278
737
161
748
445
816
16
306
288
853
193
506
892
237
155
705
889
835
710
74
291
786
829
509
495
198
611
479
339
177
204
299
190
394
946
300
132
103
822
760
974
58
832
48
229
139
41
61
386
281
379
761
352
541
969
613
14
590
555
961
473
929
86
327
225
788
643
307
823
683
919
809
719
921
918
711
502
270
598
434
202
741
589
771
141
1003
844
499
496
895
200
153
884
265
587
534
593
950
87
713
1020
497
420
287
554
687
806
548
529
701
89
455
18
32
577
203
939
91
253
120
712
1009
640
796
693
582
676
754
773
983
374
993
430
789
532
234
313
550
143
35
747
828
876
565
750
826
856
114
293
112
484
154
721
745
825
20
92
906
887
915
914
277
126
564
752
730
662
65
925
60
381
205
617
714
6
909
1014
245
184
552
21
454
623
241
493
903
770
416
314
943
477
438
875
197
965
3
753
642
329
487
560
899
879
183
799
280
159
165
453
429
619
163
792
168
80
95
44
144
907
527
543
124
751
46
787
690
85
795
568
843
781
691
353
187
320
783
256
970
207
718
331
861
971
928
547
913
117
268
259
90
951
2
460
172
67
