808
300
950
434
557
1012
483
877
154
904
375
605
812
1018
200
643
309
722
423
27
539
104
618
835
240
630
622
729
246
931
400
135
669
360
838
875
520
347
372
313
721
709
699
822
671
9
726
678
737
635
128
98
604
782
100
740
310
783
36
854
910
774
229
852
155
153
25
42
450
878
515
177
591
647
180
71
299
125
158
211
728
929
776
391
435
900
772
82
691
645
1009
463
357
517
86
734
196
250
903
439
395
502
355
329
3
326
343
582
580
222
821
730
664
916
465
467
763
484
15
341
224
214
977
259
574
541
588
816
946
884
947
356
839
818
944
445
769
532
942
686
365
504
759
883
489
216
112
55
631
150
90
34
689
20
956
543
308
765
4
402
276
995
853
969
452
460
784
732
48
350
403
866
89
37
957
378
105
317
932
848
526
179
137
764
700
537
569
750
373
146
464
280
172
193
994
681
221
612
377
872
542
472
970
292
359
789
529
864
295
802
238
934
952
991
267
829
220
724
149
823
156
210
147
754
103
255
454
522
746
980
608
599
725
920
12
553
613
909
609
701
7
528
339
807
940
888
778
1008
477
32
345
1006
962
845
46
272
176
453
163
715
269
703
719
560
262
739
831
129
814
159
29
837
181
521
145
342
979
499
344
874
797
381
24
270
614
843
549
986
817
75
811
168
188
547
670
140
243
791
597
652
234
540
366
987
190
885
985
1015
497
185
610
834
514
634
584
285
428
825
564
524
124
293
110
535
114
632
798
566
419
436
485
392
996
442
555
695
408
710
998
88
637
925
479
785
412
174
761
228
546
628
850
871
451
717
316
552
882
33
257
22
849
385
617
914
232
417
958
495
1014
136
56
611
889
241
752
118
225
331
206
667
668
869
398
641
218
476
468
1017
531
813
312
623
69
975
606
775
836
201
563
586
182
665
266
92
102
619
573
844
18
795
422
892
561
23
205
508
279
49
283
215
966
481
917
318
490
694
857
660
766
440
616
912
322
91
723
38
59
755
745
507
706
792
780
58
627
525
974
108
364
478
687
963
708
519
488
119
474
78
233
827
57
661
186
1005
856
988
348
142
571
777
321
688
384
418
879
1022
973
928
742
572
733
518
139
636
289
415
939
173
548
469
846
672
880
404
50
376
961
53
658
593
558
411
937
598
720
263
390
881
760
197
887
570
1
183
203
867
43
301
1002
663
101
800
121
683
562
230
486
711
405
245
705
494
650
679
751
60
382
1007
449
249
444
642
413
354
898
397
389
648
85
662
1004
194
713
659
968
143
264
496
945
633
804
167
906
913
256
993
429
21
426
855
17
16
918
747
865
83
915
134
296
698
242
644
796
248
407
673
133
510
828
862
674
131
786
860
577
61
470
923
324
383
638
930
567
842
107
951
805
252
833
217
247
189
328
358
361
704
336
236
545
767
93
773
1003
409
298
410
1020
924
868
801
981
171
738
513
847
556
277
325
735
500
239
294
462
768
304
602
438
39
374
858
441
680
749
997
65
202
651
424
896
333
443
94
601
657
901
770
908
707
841
68
684
148
420
258
911
446
675
41
753
810
5
0
551
790
386
1010
52
948
576
254
935
1000
178
954
964
40
73
685
30
487
311
425
132
307
907
809
693
581
788
503
379
459
187
585
897
534
972
876
268
414
160
976
44
64
84
757
859
265
523
677
456
45
67
471
473
394
275
594
982
290
938
960
380
302
95
63
536
744
482
716
353
1016
349
575
199
388
111
592
421
123
983
621
70
212
607
873
369
81
819
113
281
165
999
653
14
646
13
130
116
590
164
219
79
625
978
799
320
538
363
72
820
303
74
371
899
99
793
583
157
223
10
198
315
120
919
894
492
943
568
332
654
815
191
271
501
676
949
166
282
274
273
512
455
493
933
431
122
335
141
589
251
396
77
702
352
886
35
554
748
367
682
97
204
227
578
587
47
51
448
213
207
437
840
278
226
340
109
615
527
491
401
544
803
370
184
458
559
192
334
895
151
655
305
2
28
1011
620
824
457
741
1021
106
80
399
346
955
76
516
718
971
922
832
511
54
8
806
62
1013
319
905
953
550
127
126
368
565
327
965
714
639
861
162
891
26
870
447
461
253
505
175
727
416
1023
666
530
603
830
291
466
261
480
690
595
984
208
890
787
351
432
756
779
990
781
579
362
297
11
902
430
323
195
170
697
926
498
596
314
387
287
286
992
1001
393
161
244
851
743
19
330
967
771
629
736
762
288
144
921
712
758
235
509
66
649
696
936
231
138
115
237
533
337
338
941
152
87
626
96
506
692
826
624
427
284
731
893
989
794
656
209
927
863
31
169
600
640
6
1019
433
406
306
475
959
260
117
