813
655
634
173
170
598
110
797
724
26
854
204
586
126
855
639
858
454
927
62
211
167
503
323
574
783
969
532
37
871
544
618
972
310
18
720
827
251
804
550
235
570
496
370
836
284
808
1015
317
6
860
905
359
507
344
97
743
332
67
624
131
116
222
894
153
781
845
977
940
583
712
384
642
215
568
415
109
24
337
502
400
74
913
372
774
189
728
957
36
883
403
237
898
113
768
625
911
83
86
535
29
171
986
161
528
459
561
663
893
989
952
508
892
915
410
575
716
694
936
299
184
27
209
509
747
422
669
758
341
92
258
667
246
387
917
152
542
877
632
325
771
906
700
722
316
210
887
1020
606
379
186
541
514
166
51
111
630
828
183
11
793
280
356
340
745
391
930
489
729
558
673
72
620
328
784
141
500
401
135
637
726
903
896
649
414
175
256
792
656
847
959
607
524
908
336
54
715
826
907
548
947
788
531
753
19
682
816
123
380
1006
47
824
122
1005
443
964
725
128
140
103
719
302
202
53
862
978
196
252
346
601
734
589
803
622
923
562
241
926
361
177
61
483
351
273
599
234
817
154
176
941
731
58
494
168
144
820
378
984
759
129
138
249
49
322
363
861
279
294
931
320
569
897
272
979
268
584
254
661
75
100
709
198
115
932
844
221
540
756
89
693
231
424
751
889
383
292
943
288
613
610
364
749
511
395
388
102
501
518
402
881
195
132
147
657
840
1003
510
633
868
445
467
928
597
519
870
653
587
681
672
711
968
742
157
32
368
321
411
616
248
212
247
890
740
554
65
521
739
650
114
106
1004
394
466
148
430
130
304
309
914
238
546
274
963
1019
457
641
305
373
560
87
727
648
266
738
645
790
714
873
283
442
651
522
971
69
991
151
267
628
765
506
285
354
80
8
311
733
895
127
56
990
94
787
478
227
689
190
619
686
533
207
919
995
763
257
203
143
867
880
730
242
174
93
371
449
692
556
611
600
1017
909
695
933
105
829
416
81
99
878
547
335
757
679
199
375
185
205
736
301
999
505
678
696
841
461
1014
567
150
160
680
298
925
412
421
937
339
675
578
950
1021
593
464
236
1010
270
64
224
290
499
28
406
660
474
79
465
48
814
441
504
537
134
326
327
800
201
84
137
802
289
436
819
389
615
2
857
741
879
429
608
226
46
409
866
369
40
220
296
789
951
659
491
773
985
545
348
626
735
516
1009
515
523
41
687
275
658
791
472
921
549
815
1008
50
471
484
837
973
20
766
676
38
863
596
95
809
614
218
644
638
434
350
73
776
746
1023
760
347
876
193
407
338
200
609
955
697
396
795
945
333
527
520
96
961
490
529
954
538
976
377
775
433
900
197
357
23
612
349
691
553
750
10
864
31
539
1007
428
282
704
44
594
458
57
497
460
563
643
987
423
604
646
566
865
419
425
293
9
59
313
353
382
688
856
393
831
417
271
451
629
439
621
992
255
723
946
717
3
580
956
884
929
16
602
462
770
70
838
498
476
1018
392
512
187
785
219
666
342
420
4
399
486
362
345
882
551
145
125
778
944
962
744
492
413
165
228
899
782
571
654
112
295
78
307
366
934
874
582
517
834
777
446
794
1013
158
229
761
796
181
223
216
974
315
493
155
179
91
703
674
588
603
390
552
801
60
136
910
822
939
85
334
924
818
376
786
12
853
846
66
107
182
591
859
281
239
513
213
885
25
208
994
34
585
217
983
1022
431
942
265
572
565
456
0
1000
432
799
967
769
21
595
214
904
764
473
192
319
133
699
677
76
640
698
191
386
798
52
146
440
485
264
381
581
920
993
286
737
352
534
664
590
355
15
163
479
172
690
397
780
14
872
71
671
825
805
573
886
495
718
869
997
823
98
1011
953
665
918
891
142
88
82
358
244
194
156
812
762
35
437
636
652
670
365
970
1012
772
779
1001
480
164
579
839
525
230
101
306
754
42
277
843
902
949
821
477
875
260
988
912
1
564
240
324
435
447
662
178
43
888
481
253
118
708
250
180
63
7
557
438
811
124
1016
259
450
468
269
487
706
121
404
5
300
605
960
385
232
262
418
33
308
119
206
852
901
948
810
287
225
245
427
408
559
470
806
807
1002
752
631
592
998
576
713
701
627
30
577
117
312
343
748
263
996
623
405
104
617
243
721
555
981
842
330
958
278
850
469
17
77
448
732
935
455
922
965
452
526
374
530
647
683
543
702
536
835
55
426
851
329
916
684
849
68
120
188
39
707
966
635
276
463
444
108
767
685
398
833
710
980
360
367
139
705
318
291
162
169
297
149
938
482
13
475
314
22
982
45
755
488
975
233
848
303
90
832
830
668
453
331
261
159
