344
450
228
708
284
693
565
397
977
162
745
1021
748
17
14
733
722
8
657
21
611
984
551
155
509
309
719
879
856
718
848
787
263
379
795
74
407
578
416
493
810
125
520
775
275
798
744
783
458
904
272
335
1014
660
258
556
975
768
384
248
374
342
899
604
790
610
647
317
471
130
714
47
166
435
439
478
734
238
907
526
654
49
882
120
667
10
126
876
70
94
297
315
627
1019
515
764
998
957
674
873
536
269
703
921
1001
937
81
925
752
837
767
838
185
110
924
1009
192
916
758
63
367
319
731
469
100
840
927
763
548
972
694
980
12
80
897
847
105
772
295
368
543
920
835
528
447
362
482
325
706
884
156
872
78
418
691
519
217
715
973
955
175
547
553
546
194
522
507
331
475
697
159
350
373
569
487
801
943
449
632
806
572
893
82
395
200
406
648
197
332
508
878
369
622
97
326
152
750
623
743
158
167
820
6
625
677
989
264
905
19
539
7
518
875
377
171
931
93
741
641
865
512
1002
779
55
9
76
291
334
662
962
738
451
176
670
766
1006
668
1020
760
579
577
394
894
220
532
467
285
968
181
576
638
866
118
460
404
664
971
785
780
172
314
684
28
250
58
354
492
616
608
836
405
602
170
340
129
687
204
251
42
534
720
788
237
111
88
392
549
891
500
615
425
992
341
585
491
868
419
672
557
316
79
886
288
596
215
776
99
182
71
591
993
212
521
637
113
277
24
852
561
347
777
441
459
940
559
289
497
385
822
45
1008
756
979
345
143
982
299
356
85
887
193
571
963
538
913
271
769
516
366
310
786
253
210
150
803
671
640
792
643
986
455
498
161
443
348
531
343
15
939
378
318
529
95
115
39
60
234
499
255
190
902
593
322
265
814
496
678
252
107
112
259
589
387
966
919
307
900
430
832
649
62
266
517
222
324
1017
618
376
305
502
241
842
72
555
1018
858
854
53
484
69
262
759
73
44
1012
525
1007
124
27
696
321
794
504
688
725
941
127
809
116
136
409
791
92
652
656
799
857
139
486
770
142
582
849
970
431
476
513
427
294
953
128
32
740
20
216
329
1003
2
308
96
969
609
566
414
823
138
828
956
619
524
586
817
339
612
178
444
951
68
729
774
313
749
214
613
754
436
98
141
1011
358
800
466
360
199
242
952
402
448
488
0
598
311
296
562
273
909
243
535
281
229
883
66
682
433
208
995
302
146
903
802
581
723
424
510
363
877
46
675
841
477
826
249
885
218
730
636
976
550
617
860
870
831
137
583
51
337
108
1005
739
327
101
370
933
393
712
908
833
328
494
735
834
805
29
56
280
607
279
5
422
732
605
558
389
145
31
330
889
926
149
189
65
298
710
57
689
590
206
26
932
983
570
728
944
154
530
312
901
895
479
133
950
481
888
25
196
445
704
818
1023
109
646
954
1015
261
30
947
164
144
184
930
399
853
168
1016
917
239
663
644
364
761
537
390
240
187
645
446
415
912
396
50
737
468
861
698
685
673
506
230
635
987
869
247
403
967
700
104
639
918
134
23
554
994
603
850
89
43
523
54
221
830
400
434
33
235
958
202
568
254
463
34
359
346
371
965
871
470
533
960
819
472
552
633
209
1
829
372
453
153
361
527
797
653
624
495
676
679
401
16
211
461
804
103
183
90
514
981
584
114
629
601
880
751
628
244
267
380
423
480
398
132
922
201
11
4
929
990
383
349
276
301
736
355
151
991
292
815
587
293
961
896
300
18
793
287
119
621
454
410
665
997
782
666
906
597
173
3
236
890
988
224
541
701
709
456
306
542
432
898
705
411
600
567
716
147
428
651
223
874
505
755
333
747
52
846
408
892
48
180
580
260
721
812
699
231
413
35
86
650
936
40
544
713
61
121
365
245
692
386
123
915
821
351
614
680
938
948
452
811
232
77
620
816
375
825
575
928
37
205
160
198
946
843
282
270
1000
303
1022
807
702
661
256
429
474
985
338
41
412
781
174
257
949
391
753
352
501
323
669
381
464
1013
274
388
511
844
135
773
440
659
631
839
573
417
1010
357
165
207
490
711
996
594
964
268
630
106
203
191
686
225
188
560
489
862
233
227
655
658
426
304
796
75
91
588
824
283
473
382
421
867
626
140
22
1004
859
864
59
910
186
923
117
83
483
213
942
437
717
226
286
67
999
784
757
808
38
599
246
959
148
974
934
746
564
695
881
789
771
278
195
914
503
642
845
320
563
813
935
762
442
545
707
157
827
606
742
978
911
726
855
36
64
13
595
540
353
465
592
131
683
945
102
863
727
690
724
634
420
681
485
87
290
163
462
457
84
574
851
169
778
765
438
219
179
336
122
177
