935
187
92
853
664
829
849
40
316
153
269
895
144
585
430
288
337
175
902
379
615
332
64
720
47
200
926
338
502
399
225
656
966
559
38
560
411
257
277
178
977
256
177
245
190
391
170
622
754
901
385
708
864
970
45
238
678
981
555
440
483
291
485
702
756
301
230
467
903
755
14
758
608
1023
431
760
340
838
294
57
265
847
591
863
797
342
128
625
237
390
963
43
657
913
921
141
335
156
396
174
512
402
478
439
761
1018
193
429
122
1012
616
123
592
475
61
717
611
54
648
649
214
703
278
681
494
783
209
455
367
115
602
682
66
726
259
352
691
185
194
15
545
766
775
765
588
326
358
133
835
599
635
35
762
166
96
232
250
809
368
743
933
105
346
376
763
219
854
614
1011
120
281
819
716
505
446
124
378
600
634
296
825
568
67
934
892
132
607
606
129
750
466
739
773
71
891
363
451
688
420
548
121
292
1003
389
527
820
831
524
111
191
642
400
11
349
308
272
534
939
179
870
826
973
805
164
940
102
666
139
941
382
93
148
998
550
646
651
7
126
551
73
91
729
889
919
873
639
814
322
737
46
715
881
233
50
788
880
112
364
533
19
844
793
201
566
227
916
404
777
517
993
20
932
39
924
578
994
355
570
195
850
704
506
794
90
336
768
76
504
928
350
767
806
114
909
954
857
605
872
463
523
510
320
264
885
442
12
1014
213
295
81
95
830
149
158
727
386
215
309
388
244
653
1004
255
557
868
1021
489
41
383
211
220
558
357
163
271
800
17
774
595
840
996
285
493
536
471
202
274
749
917
242
311
674
18
776
131
843
315
235
329
486
262
32
601
995
718
154
638
165
915
1006
561
484
406
617
511
392
169
894
884
325
753
407
80
273
22
359
832
234
628
631
744
452
871
412
283
26
722
428
552
437
980
371
298
531
110
905
947
240
44
948
509
246
354
474
848
377
679
381
289
426
541
86
705
258
918
297
51
851
418
946
735
576
496
931
436
263
573
79
432
949
846
398
260
686
109
310
957
695
16
312
633
836
101
77
890
859
537
1005
366
97
410
593
866
252
621
457
586
9
992
875
929
563
990
1013
313
742
747
218
293
438
780
675
914
818
897
944
772
58
198
630
224
733
662
867
150
447
684
393
305
699
553
660
663
672
417
565
356
34
841
499
87
978
405
223
116
862
403
284
0
878
543
665
59
343
930
113
526
372
1015
507
961
173
286
771
189
142
314
427
460
374
861
539
748
239
99
879
1001
811
692
145
581
997
950
882
249
828
983
473
70
969
414
168
728
217
373
815
317
450
27
157
68
458
927
477
554
808
596
146
904
501
886
898
799
130
812
986
821
951
104
955
528
231
623
421
956
613
514
435
833
518
658
83
590
25
21
100
319
547
387
52
813
433
594
822
304
858
778
196
210
707
979
569
151
624
786
869
736
172
384
48
60
323
798
167
419
476
490
275
839
645
401
117
942
958
13
764
530
171
302
395
181
72
182
661
965
229
1009
1020
987
353
669
138
827
817
676
287
266
375
689
147
94
82
299
823
55
711
333
701
959
802
300
796
938
380
521
481
10
577
226
883
75
549
84
670
199
784
936
188
29
709
161
984
1002
24
643
714
974
8
544
370
627
183
78
667
719
962
712
745
899
687
360
637
103
911
1000
991
659
160
1
461
731
125
270
462
449
445
267
1007
331
908
303
785
567
732
910
108
920
468
307
236
341
803
63
655
498
454
746
683
972
480
740
361
852
751
339
62
243
472
365
801
629
241
923
865
855
37
789
2
208
912
556
221
408
324
424
816
69
351
572
562
251
522
42
137
520
975
696
907
999
770
416
888
985
328
597
619
441
564
394
953
579
282
306
444
118
186
791
976
127
618
680
759
971
952
513
469
723
500
347
85
4
787
1016
279
925
65
575
877
140
1022
673
248
542
409
49
724
334
804
107
203
584
423
752
700
464
23
276
795
540
626
960
253
725
515
459
348
807
535
650
525
685
136
413
612
228
1010
652
603
5
88
937
757
397
1008
184
988
582
434
792
6
538
143
589
730
30
330
741
529
345
268
900
152
74
893
609
781
982
587
945
644
247
671
837
3
422
834
967
647
327
31
222
968
119
1019
697
876
56
159
28
36
516
906
1017
491
180
207
668
362
453
713
344
610
162
465
497
874
290
896
487
176
33
580
620
492
456
810
943
654
706
571
693
216
448
782
922
546
205
598
495
532
261
280
503
519
964
790
734
479
443
204
710
318
779
106
98
206
842
212
583
53
155
887
856
694
690
636
989
197
192
369
698
254
134
470
135
738
508
677
769
482
860
574
824
604
321
89
721
632
641
845
488
415
640
425
