313
506
539
224
299
300
143
339
543
743
208
927
557
616
409
803
931
109
500
758
341
328
161
188
693
614
387
552
4
532
55
378
279
183
351
148
723
474
520
607
984
56
309
275
120
788
710
54
425
730
610
489
816
782
954
894
706
493
757
63
118
689
158
642
353
892
344
780
278
123
669
868
342
619
574
257
986
918
523
36
431
180
128
688
347
696
92
819
486
575
634
8
879
231
168
881
73
67
401
526
317
765
917
256
636
357
794
1017
678
203
439
874
580
830
435
416
770
373
988
242
70
893
751
206
621
606
720
295
287
842
969
354
545
46
888
319
454
738
919
662
119
336
457
223
236
716
566
663
728
363
932
641
398
198
452
390
86
603
166
150
862
209
718
335
756
587
999
629
550
959
542
866
216
752
732
851
630
929
14
117
154
928
134
987
579
442
291
460
694
1023
797
337
657
569
659
712
445
215
674
59
144
280
956
90
149
639
778
665
612
593
101
99
563
6
463
66
12
577
957
455
430
1022
91
602
340
212
469
306
102
380
408
915
482
648
745
171
478
777
47
121
346
661
876
586
325
673
930
996
681
628
1015
259
82
329
960
267
900
790
501
945
936
218
516
33
844
727
382
176
740
200
617
898
392
331
724
533
536
243
733
615
281
670
992
850
529
633
591
943
937
837
89
26
384
338
410
213
60
1020
653
643
904
162
418
831
173
473
503
108
763
494
470
883
897
159
983
221
110
939
260
620
133
52
891
787
934
779
195
654
332
849
685
938
127
432
878
492
462
546
374
961
423
737
651
179
534
972
949
796
854
857
417
835
1016
496
468
3
107
103
792
982
722
505
839
1
62
366
437
541
268
573
441
744
978
646
581
953
448
389
361
605
461
578
61
79
15
292
901
859
1019
480
181
71
365
998
400
739
23
721
438
17
507
852
367
747
801
272
113
232
307
750
274
806
644
196
793
631
627
96
913
229
1009
547
184
947
624
53
890
785
415
499
276
510
555
253
28
971
560
656
771
594
481
671
327
51
551
528
451
315
72
371
487
18
625
152
169
734
330
623
22
703
406
847
290
322
85
234
35
799
422
880
156
513
479
576
81
405
318
823
464
966
597
199
814
345
472
926
767
80
136
944
544
69
222
818
456
87
130
433
125
795
88
303
613
840
514
655
640
475
177
990
680
989
84
889
24
561
753
687
755
225
333
248
975
742
748
504
356
48
399
873
192
394
596
386
194
715
31
11
167
286
145
836
39
251
509
302
250
78
877
668
867
191
160
230
5
164
381
258
254
817
106
178
549
249
658
74
682
146
571
860
285
599
766
429
502
137
165
935
349
440
595
525
9
776
871
266
805
68
211
808
155
27
484
902
316
568
719
736
1000
517
32
498
921
714
483
609
75
7
905
383
1018
925
946
933
508
434
684
804
379
465
994
824
414
695
1014
19
132
396
564
241
772
153
467
691
995
584
821
942
531
364
588
993
1013
370
802
872
773
701
126
963
702
58
244
112
570
83
491
967
672
391
186
201
582
964
914
784
886
907
650
252
858
305
1003
660
807
355
589
444
991
227
598
193
334
519
962
1004
749
856
768
952
43
809
240
350
601
189
875
44
524
709
273
735
746
205
449
815
413
1002
407
13
10
372
262
115
861
289
558
447
175
916
57
397
855
271
412
40
98
45
909
834
697
233
955
980
781
774
667
142
204
100
822
798
1001
185
885
825
308
282
903
402
705
521
436
906
312
829
172
21
920
527
649
419
49
122
369
64
572
490
471
358
764
869
220
94
600
261
50
515
522
141
1005
293
512
833
388
622
974
237
769
922
977
754
647
832
941
376
726
255
424
604
791
42
30
950
450
16
789
37
210
810
296
247
321
632
375
666
140
131
219
459
762
0
116
310
138
583
228
911
981
820
458
645
157
652
343
554
393
676
426
323
731
320
2
686
970
848
411
864
453
34
683
707
690
923
725
443
20
245
135
559
202
41
846
895
700
638
352
477
485
368
565
421
1021
845
129
377
77
979
997
537
246
187
896
466
114
265
395
1007
708
298
838
958
713
637
664
948
973
759
538
226
717
940
104
976
812
592
29
348
562
775
294
297
828
217
1012
324
553
556
25
968
38
924
535
420
360
677
314
124
263
910
269
182
951
511
741
899
311
826
95
304
675
497
239
853
884
786
283
207
93
704
590
139
548
1011
567
699
147
403
882
626
608
284
813
151
811
692
427
270
865
635
698
76
870
783
288
1008
446
495
170
65
385
540
985
965
1010
362
111
238
163
679
800
760
843
863
887
827
174
105
214
326
264
611
761
476
277
841
97
1006
404
359
618
301
488
908
729
585
518
428
711
190
235
912
530
197
