168
428
446
512
159
422
837
244
911
630
326
939
631
18
553
863
766
89
144
464
893
240
312
803
263
614
825
840
194
179
511
381
907
695
715
906
522
855
747
712
178
609
796
13
254
70
72
407
109
548
239
290
942
394
43
276
81
262
59
629
984
279
537
694
733
162
919
200
301
332
268
15
933
236
1018
833
802
670
751
363
491
484
487
213
273
33
713
887
972
121
411
562
571
623
393
791
518
186
921
656
79
492
285
669
5
709
228
890
637
141
843
829
992
249
1014
405
804
126
779
311
982
156
441
421
47
723
406
990
969
777
891
892
926
944
632
342
155
1001
564
1000
702
957
316
574
613
309
7
77
151
181
745
505
26
325
801
433
615
563
328
689
458
499
527
466
964
1022
828
154
881
14
401
768
282
686
753
463
321
1019
934
576
130
879
819
588
294
171
597
510
566
558
798
69
681
449
23
46
514
772
438
39
897
396
617
462
567
114
386
912
211
1006
66
388
661
820
672
93
25
981
599
63
483
160
164
503
665
53
633
235
657
234
102
521
634
649
922
850
304
404
260
781
581
525
943
794
758
271
937
858
821
193
253
472
660
136
859
142
734
731
809
871
146
170
539
245
561
961
152
918
147
684
450
210
560
454
346
782
427
832
888
3
962
899
30
717
327
175
704
280
496
476
177
526
1008
94
541
111
443
187
307
619
330
862
606
71
208
573
241
185
641
846
127
519
848
203
277
216
750
773
812
134
220
898
497
259
976
289
701
315
1013
547
122
869
353
725
397
822
998
474
585
44
874
217
836
113
663
618
718
928
662
952
362
764
400
391
987
586
845
124
896
607
857
655
319
432
997
283
329
493
413
91
589
625
41
201
275
940
852
470
467
842
550
865
488
453
587
806
721
851
202
161
367
376
973
903
676
905
601
305
286
530
414
96
1003
473
958
297
776
173
51
517
221
373
140
830
673
375
688
131
752
674
426
647
749
953
967
423
960
834
927
551
223
705
966
1021
387
894
771
703
139
575
310
402
500
540
554
913
711
197
56
995
420
826
598
696
523
84
730
775
99
648
123
32
675
769
10
908
902
941
639
425
38
738
324
885
1020
377
910
616
591
780
651
680
716
248
54
532
199
456
157
784
320
251
61
169
370
611
592
58
658
337
593
697
356
48
854
255
603
392
816
281
755
267
180
744
284
555
345
690
582
596
748
509
538
9
789
580
374
486
465
82
583
8
92
78
883
45
24
743
278
313
55
678
827
653
760
783
64
97
810
970
439
604
757
209
471
317
983
350
931
106
225
448
380
75
314
974
608
303
977
542
6
98
204
86
28
128
415
445
915
671
724
137
1007
955
950
231
785
889
163
372
513
878
502
787
645
1005
659
815
946
945
895
459
835
371
565
338
34
979
853
506
642
298
691
790
877
174
442
101
1017
770
735
774
257
636
158
182
996
80
797
67
818
37
176
936
243
980
536
364
105
875
88
677
206
722
104
266
480
300
29
920
461
265
385
19
20
355
242
389
860
31
399
600
103
457
740
219
949
948
882
165
49
172
1
578
971
687
195
256
793
11
341
714
817
191
481
552
412
166
495
150
679
726
167
107
951
570
666
336
1015
90
369
508
196
120
455
74
621
360
706
478
1011
549
638
227
867
507
968
739
408
489
333
557
322
534
395
36
719
42
2
811
999
435
947
590
612
288
430
117
57
778
143
813
482
264
378
108
876
384
956
291
880
861
339
866
904
409
872
584
12
916
335
149
323
205
272
133
237
635
132
504
35
233
222
348
73
765
83
652
501
737
524
340
344
978
65
452
469
183
767
238
923
800
994
398
116
699
460
886
390
258
418
229
546
468
383
215
403
308
954
148
732
667
1016
543
40
224
302
520
431
252
434
351
579
924
799
0
786
479
559
293
494
839
963
823
485
417
759
343
87
901
668
807
707
214
490
331
763
626
515
368
529
720
627
841
864
985
184
814
410
451
424
292
824
756
831
959
347
533
577
261
100
447
692
498
762
870
693
1002
125
556
85
531
1004
727
27
230
1010
646
145
269
436
1023
382
247
318
847
115
295
988
792
742
685
805
989
118
741
352
991
605
419
602
21
379
909
868
60
95
192
610
440
849
643
986
62
795
708
930
917
856
52
965
838
761
366
844
594
475
246
568
287
429
444
153
135
622
664
544
189
361
110
993
112
935
925
232
873
788
50
334
416
138
1009
477
299
683
17
650
682
710
929
16
354
640
700
595
728
644
569
270
296
22
528
900
358
516
932
698
188
357
884
746
198
808
938
535
914
119
76
754
572
226
624
628
349
129
620
4
545
975
190
437
218
212
274
1012
250
207
68
306
365
729
654
359
736
