974
1015
679
918
554
822
673
996
851
240
953
782
675
689
440
513
308
934
608
177
398
759
723
165
181
581
734
134
441
971
583
527
911
347
1014
404
610
867
475
891
631
15
877
992
1023
714
22
79
184
419
927
218
823
471
138
588
280
757
214
874
335
302
834
414
12
68
913
919
52
850
405
550
461
638
339
772
462
148
864
738
814
460
72
629
78
32
110
908
287
742
991
393
332
667
853
319
162
997
229
726
589
939
893
516
798
699
90
80
356
603
0
920
616
1021
978
628
591
747
278
195
1003
693
882
845
804
623
702
1017
764
320
40
58
150
198
672
164
543
196
166
988
136
523
819
391
914
452
434
654
577
575
123
84
658
573
681
160
695
830
269
779
910
336
1013
238
211
788
265
969
246
215
483
590
800
972
11
495
737
21
208
318
898
354
915
771
86
46
415
946
669
251
750
81
859
875
601
555
995
514
753
802
964
692
605
642
185
71
175
88
937
570
811
748
630
281
713
585
866
169
936
201
670
840
626
389
457
375
916
87
847
93
75
474
130
210
444
906
503
45
712
423
828
24
364
1010
39
449
186
67
321
622
89
728
812
493
668
432
676
900
225
634
346
359
344
837
62
8
450
818
439
473
416
948
968
949
526
858
108
562
242
445
648
657
531
833
28
643
865
227
147
1022
539
612
1001
594
340
36
264
947
465
649
959
360
442
567
537
725
520
153
666
478
135
199
43
986
366
705
841
172
724
674
249
491
117
958
519
329
977
625
783
256
436
113
17
807
561
938
861
552
159
652
129
254
549
848
357
118
595
382
341
403
260
338
680
928
786
435
143
243
524
961
611
762
1012
413
856
448
998
653
751
468
560
700
470
37
720
124
276
671
960
529
174
886
931
220
374
133
897
746
384
387
427
203
95
889
394
179
26
809
718
535
407
899
907
499
862
63
563
717
923
372
396
418
587
868
890
826
698
863
454
614
400
487
727
765
685
119
1004
796
686
453
191
477
606
691
787
902
388
173
792
745
852
10
586
492
176
18
710
365
752
77
596
248
970
188
145
954
980
409
749
510
494
518
1005
126
580
849
371
235
9
310
54
279
231
258
342
463
337
212
500
644
239
428
255
426
272
706
730
334
424
905
140
813
635
976
521
962
609
313
455
965
690
994
784
370
111
703
349
774
311
53
785
639
29
505
47
640
650
797
66
687
397
507
368
83
987
755
34
19
490
202
85
533
223
451
207
363
458
855
204
323
582
187
661
167
309
553
793
144
369
270
206
975
744
447
241
945
171
707
266
317
558
536
935
951
719
170
743
1009
484
904
402
545
1
571
497
99
2
956
102
697
104
361
226
55
522
821
74
655
60
870
233
376
502
921
275
820
607
1002
98
65
534
569
282
216
348
808
14
252
183
1018
578
51
168
383
498
709
1000
422
292
163
268
410
350
620
286
716
740
219
854
602
627
525
993
82
739
790
401
299
532
842
541
556
597
565
618
929
546
778
378
274
294
35
846
817
91
464
559
903
925
548
381
306
267
576
420
459
59
482
131
476
754
97
158
232
766
876
733
1008
194
324
932
942
25
421
615
92
433
572
417
869
489
990
873
1006
5
989
775
773
325
857
205
7
213
930
496
651
330
96
343
161
711
963
23
704
760
304
721
646
641
696
636
682
528
197
781
892
228
967
353
884
283
314
257
408
300
632
508
27
120
791
816
901
377
328
259
542
290
56
926
217
735
285
736
1019
952
684
574
701
551
149
827
593
663
380
6
425
61
230
127
506
944
677
326
112
395
999
645
806
469
617
794
880
50
770
154
122
125
30
291
843
894
761
481
456
31
103
825
156
315
966
438
501
592
4
109
263
49
182
768
486
598
392
443
566
115
829
48
137
538
76
221
390
245
659
708
178
466
515
430
511
295
222
940
839
386
662
780
358
121
624
345
924
895
20
763
885
385
429
741
472
192
305
922
517
732
564
729
887
193
917
303
941
331
665
683
872
789
312
209
985
479
373
284
694
1016
933
3
116
984
114
253
190
637
234
333
619
38
810
44
883
189
664
250
247
1007
584
715
815
446
881
70
106
647
100
844
799
835
836
824
237
769
633
101
871
678
69
604
777
322
767
879
327
412
955
139
943
832
355
42
399
831
613
107
73
94
293
896
979
1011
480
157
57
722
599
660
795
33
132
151
431
128
155
488
512
656
950
504
105
912
803
289
273
64
973
485
288
224
600
141
142
298
41
16
909
983
758
621
467
406
579
236
731
297
180
262
568
982
776
362
1020
801
351
888
805
200
152
301
244
352
878
530
146
277
307
557
411
437
13
860
547
271
296
981
540
509
316
379
261
544
957
838
756
688
367
