337
467
163
917
971
410
171
850
493
1020
56
810
117
250
945
939
950
550
111
418
231
975
327
721
902
272
962
709
480
357
216
195
432
107
899
434
792
192
905
446
674
959
753
301
921
342
499
927
17
548
386
681
261
119
926
815
930
768
795
898
958
393
106
589
333
19
811
545
629
112
455
80
456
364
67
495
979
592
338
293
623
781
335
403
1000
572
490
194
74
1018
727
222
24
534
748
663
0
205
53
909
350
542
392
208
785
353
180
479
405
158
234
129
671
791
153
366
560
282
724
626
730
134
461
696
717
221
518
69
701
308
41
794
673
865
330
20
438
610
228
252
651
179
291
377
716
395
265
894
691
722
576
509
914
164
113
1022
361
279
88
104
413
537
334
933
215
951
454
575
402
21
198
989
669
331
992
787
184
831
150
627
452
904
420
998
40
870
729
478
230
375
508
187
697
745
906
968
139
702
749
760
199
290
188
210
598
577
541
783
836
201
741
443
126
540
491
719
655
93
1010
430
953
232
13
803
162
800
99
934
611
553
7
125
408
421
388
263
287
75
60
1013
137
559
852
39
36
808
503
485
224
136
678
798
980
656
412
470
928
695
492
604
601
273
173
12
189
416
227
886
65
829
876
864
631
683
124
206
931
103
647
834
462
603
630
109
37
765
146
329
555
1007
161
713
758
840
5
297
425
145
567
320
522
919
213
235
255
731
885
91
686
685
182
879
86
325
583
186
160
71
474
200
481
860
368
389
50
938
779
954
750
374
515
409
397
854
769
1009
466
274
633
757
517
130
700
33
102
233
239
966
726
632
219
648
677
937
249
535
963
895
987
825
384
802
502
264
711
457
837
8
941
569
82
271
1001
511
431
449
340
561
608
620
746
777
822
528
797
524
482
256
304
981
733
100
149
251
497
536
612
225
241
628
530
284
501
118
835
972
658
606
347
218
505
435
732
547
704
635
558
698
867
843
888
688
49
636
595
298
394
922
367
4
404
609
309
211
805
128
489
172
417
723
390
317
254
778
564
183
532
278
354
3
498
641
764
665
343
844
332
459
986
473
140
115
771
314
549
772
193
689
143
873
693
893
581
311
440
72
280
1005
833
114
202
519
703
828
714
58
29
692
57
602
657
1014
484
754
780
1023
258
156
73
61
634
369
875
236
358
127
813
451
988
615
429
238
1015
646
846
324
955
653
789
878
428
590
68
985
292
947
1011
1021
997
78
712
994
946
774
999
790
151
373
767
52
229
596
892
322
766
706
863
826
588
670
690
204
819
212
890
468
90
949
737
642
639
565
578
310
286
42
83
600
901
889
92
269
1004
512
414
422
302
321
544
793
728
858
796
973
25
880
660
907
1002
869
857
1003
268
507
436
15
573
346
679
1017
245
751
289
148
574
299
326
903
22
101
969
28
116
267
427
744
715
566
637
965
419
285
385
174
911
591
407
853
960
35
381
79
152
463
582
355
26
910
44
925
176
14
667
32
650
424
48
97
662
506
570
43
884
387
66
371
376
344
441
964
444
10
918
664
275
475
593
400
649
855
699
940
912
585
260
460
942
259
437
543
277
821
935
659
513
952
847
652
824
982
871
976
710
897
605
465
776
638
915
752
318
806
144
694
526
406
262
423
372
770
207
11
63
916
597
132
838
851
708
209
168
471
64
458
295
433
191
312
616
469
621
1
396
929
675
370
720
46
788
445
978
924
563
533
401
303
580
307
1006
849
359
587
735
398
740
755
818
476
676
961
920
316
1019
253
81
782
990
142
617
814
488
138
579
862
294
557
827
936
842
98
242
866
190
672
89
742
514
718
276
147
640
319
296
442
399
306
487
352
9
707
167
315
739
378
240
970
450
643
154
830
1012
439
345
266
613
105
464
586
747
165
448
523
426
349
504
682
175
244
799
725
6
887
131
270
77
529
217
762
178
31
356
341
313
16
486
472
684
223
551
300
159
38
47
848
661
773
668
123
817
775
996
786
360
820
516
944
169
55
339
477
59
705
323
362
380
607
520
108
743
856
983
913
1016
807
120
521
977
391
121
96
874
351
932
614
30
288
654
816
411
556
763
761
644
18
967
257
618
823
133
447
584
510
991
900
943
527
571
859
84
27
891
562
122
157
500
382
214
453
365
363
619
845
348
839
841
552
624
923
734
948
861
135
45
247
594
62
801
185
220
328
110
226
809
166
76
993
23
243
155
281
141
984
85
784
70
203
554
196
336
531
804
237
625
415
525
877
305
494
177
87
483
383
812
666
995
568
379
974
2
34
538
54
832
957
546
170
496
95
881
687
882
896
872
908
868
248
736
759
738
645
246
1008
283
94
622
181
756
197
599
883
539
956
680
51
