912
817
831
806
383
871
877
120
1002
217
898
533
493
576
971
345
1004
3
649
29
522
342
443
537
201
69
66
96
472
645
801
117
223
301
637
26
563
582
799
592
903
735
661
827
628
808
894
170
419
748
876
534
462
159
556
939
688
942
899
714
328
972
283
980
450
539
488
562
232
902
975
995
921
610
357
405
864
420
946
211
852
577
447
90
521
549
415
906
764
678
613
464
95
245
486
313
589
530
923
497
512
656
113
559
349
855
886
926
538
813
49
802
200
374
702
363
403
627
689
498
371
595
525
461
674
358
526
47
757
803
1017
891
222
220
369
212
848
132
208
910
1014
683
737
725
531
941
470
21
739
786
905
511
996
54
920
578
6
437
111
999
911
965
597
434
1020
890
423
918
794
828
751
499
747
901
153
48
936
173
913
18
768
775
431
754
195
118
341
39
202
734
269
210
304
851
496
298
952
146
138
484
38
924
709
749
352
379
257
966
250
504
27
79
963
507
546
50
277
442
614
13
897
446
190
760
810
779
430
593
453
204
834
1012
1003
657
448
795
783
416
85
781
62
987
230
664
553
334
583
982
386
841
729
707
161
278
957
477
150
91
455
503
655
291
686
528
14
594
1018
106
235
179
116
796
59
370
691
130
435
24
64
110
382
246
482
641
815
168
712
555
823
425
618
284
742
517
822
199
452
699
247
55
968
320
700
380
172
789
705
840
867
662
667
956
770
598
487
243
763
947
381
165
255
797
888
621
42
35
149
602
550
274
721
518
609
432
585
659
724
87
579
773
33
295
127
98
105
573
536
646
310
986
68
77
361
1
935
305
726
807
244
72
86
52
114
413
468
938
575
340
658
812
97
853
364
588
516
861
611
326
398
908
30
677
471
491
422
718
860
981
325
44
790
580
469
319
816
568
194
557
259
56
542
717
722
492
467
857
863
933
632
409
889
988
564
418
185
427
174
624
930
524
572
574
697
384
429
551
61
58
825
351
818
428
842
360
449
540
296
704
216
992
336
292
669
746
249
829
300
303
663
109
826
1023
473
914
900
606
907
819
82
329
711
520
362
71
454
276
622
642
532
7
581
316
155
196
385
839
107
438
135
684
218
878
272
631
182
909
73
654
970
178
323
928
519
2
396
777
723
804
339
847
387
544
690
673
480
514
102
811
635
312
128
237
1010
193
154
213
740
651
456
543
229
719
158
337
638
67
650
103
788
152
219
137
466
221
41
869
389
962
672
676
745
845
187
874
791
824
171
931
943
391
0
483
694
353
16
554
687
680
665
299
412
394
348
934
397
693
417
565
733
949
253
31
214
314
870
708
782
294
1008
752
251
692
28
765
647
854
666
774
198
976
338
652
643
883
143
129
984
586
1021
302
322
612
263
377
584
378
32
355
969
603
716
136
625
771
459
772
620
922
836
974
919
233
226
275
224
163
548
402
465
481
142
78
599
547
850
92
881
495
792
88
561
985
882
508
696
279
181
925
166
94
591
732
215
23
523
407
904
604
356
9
115
169
281
180
318
433
206
264
560
22
927
953
100
75
19
630
513
63
973
134
145
636
289
175
634
675
527
11
1001
767
70
188
880
439
607
424
489
240
917
270
458
373
84
327
147
738
1005
131
506
1013
515
510
785
189
332
727
186
124
273
615
104
741
119
710
192
372
89
242
784
343
191
4
713
940
769
843
720
567
978
865
451
37
271
160
463
884
8
474
101
262
990
36
164
701
616
203
809
375
915
346
731
960
892
833
225
162
151
1009
126
45
53
743
12
837
285
436
998
51
633
639
916
478
359
280
148
958
896
307
623
619
937
868
133
311
787
644
475
125
798
671
653
421
862
951
552
545
324
997
703
587
571
393
991
648
793
76
502
227
569
838
81
83
679
60
989
306
570
414
460
617
858
20
494
955
730
15
590
57
74
122
288
476
500
932
333
331
406
1006
367
509
248
979
411
983
600
977
640
207
80
228
401
330
267
670
766
176
368
256
408
505
290
668
308
893
293
541
321
879
967
197
820
139
753
706
347
950
601
239
183
830
885
728
814
17
400
755
846
309
350
236
99
685
1007
209
65
265
608
286
736
501
157
682
40
365
344
410
994
444
929
317
441
254
184
805
46
440
1019
205
832
887
177
399
1022
287
43
961
835
123
141
144
756
10
780
895
25
156
821
873
715
695
778
354
944
948
959
167
241
758
993
866
1000
335
629
485
776
252
596
800
112
875
388
231
761
529
297
859
376
566
759
268
108
392
1011
964
1015
605
762
426
849
1016
315
844
856
234
660
238
258
698
535
626
395
266
445
872
558
945
457
744
681
5
404
121
750
390
366
261
479
260
140
490
93
282
954
34
