446
950
293
414
124
880
582
33
640
648
91
784
251
700
768
707
448
906
669
422
175
709
35
942
820
247
633
763
385
510
207
299
364
180
390
192
814
999
602
738
1004
335
105
216
484
873
912
798
222
339
996
885
983
481
705
514
756
667
850
426
152
415
596
57
474
374
129
944
652
691
457
737
479
647
656
405
531
826
852
465
563
320
607
165
454
393
948
369
298
831
241
218
198
639
82
623
433
263
279
550
809
21
347
432
617
227
884
403
600
102
635
517
632
684
726
670
981
143
985
651
634
848
204
94
886
665
359
779
296
418
881
90
1017
172
408
449
468
184
240
394
702
971
840
842
540
195
107
407
813
208
907
257
230
360
785
823
51
780
450
541
792
74
140
22
740
161
1015
601
23
555
965
495
322
194
300
610
703
504
764
997
101
153
497
205
572
758
401
774
319
436
720
728
637
87
76
605
159
645
15
685
463
868
123
866
169
477
917
352
612
919
32
382
109
215
899
628
735
522
225
154
817
460
58
1022
936
925
73
974
821
857
500
653
954
989
273
458
342
992
220
638
167
783
532
316
324
256
1008
388
112
979
234
365
790
713
723
395
897
125
358
95
972
941
525
518
244
447
455
160
11
599
4
1
166
861
534
991
777
210
48
303
606
1020
704
696
558
212
932
581
773
443
88
53
683
692
168
6
266
315
986
211
502
565
811
918
576
1019
799
727
30
156
775
336
276
782
72
483
869
832
250
31
354
849
52
590
243
615
511
311
128
934
117
1011
753
487
588
398
946
1012
658
434
644
229
126
120
81
103
926
190
149
805
65
439
838
835
664
988
410
45
121
419
681
584
478
292
694
891
903
759
961
962
237
614
409
373
908
771
137
70
910
538
297
191
659
14
400
931
69
746
977
672
595
772
947
706
561
1003
317
953
54
1002
724
200
854
718
435
769
420
689
67
473
260
923
536
695
751
305
810
264
147
955
730
577
174
96
929
743
499
170
295
331
141
503
486
269
642
858
249
800
242
618
349
246
173
548
824
714
363
274
894
425
671
323
1023
742
976
902
131
111
747
417
834
356
209
778
839
523
733
467
761
693
662
97
438
183
660
130
291
583
384
40
556
187
34
680
851
856
333
392
5
516
44
551
507
589
969
655
980
624
288
46
741
909
896
98
429
213
253
567
708
544
994
770
47
882
521
666
375
982
901
318
348
836
75
325
765
688
182
629
469
470
829
308
935
372
539
162
621
378
239
978
508
587
71
716
114
346
490
181
326
916
18
430
494
973
893
314
744
690
722
459
876
406
806
199
313
68
749
822
80
99
104
282
754
515
228
281
620
498
585
898
301
196
189
442
509
330
78
959
462
26
122
461
362
593
924
402
133
451
900
232
42
528
547
36
546
862
843
597
646
796
663
549
575
206
951
940
255
202
819
424
77
760
506
0
915
39
277
485
83
307
710
254
19
151
89
870
371
943
37
285
261
776
807
649
345
748
786
108
391
570
998
938
186
476
967
396
745
732
353
9
933
306
631
627
571
179
890
579
386
1018
290
203
687
343
564
619
533
366
397
138
1021
734
591
259
355
755
920
553
952
445
361
145
767
650
7
859
245
872
729
404
25
368
501
970
905
530
990
964
413
830
678
699
148
674
686
492
717
84
828
883
613
731
573
677
421
750
956
715
657
475
176
794
2
557
24
928
569
17
837
661
163
272
766
559
914
221
711
440
340
444
118
520
1013
332
464
110
622
904
975
142
762
466
334
545
1006
197
844
789
554
1010
491
155
284
871
56
399
636
892
513
505
493
387
960
808
578
92
930
787
529
164
815
968
535
879
719
752
289
376
38
471
3
519
252
757
357
721
116
966
377
286
224
922
55
802
383
911
1001
79
188
568
61
1014
265
275
235
27
654
739
957
62
85
231
1016
736
379
1000
337
594
344
673
10
427
608
64
127
309
144
8
675
616
537
846
679
889
411
812
927
294
668
119
100
552
641
781
146
895
875
574
412
350
945
698
921
219
312
304
877
28
604
389
803
115
865
16
453
864
270
788
643
136
321
984
29
157
338
958
86
66
41
625
874
267
278
351
223
150
416
847
217
437
268
937
580
860
995
542
423
171
63
20
795
226
93
271
238
193
1005
987
630
178
341
201
527
43
49
816
60
380
993
524
887
603
113
452
214
381
818
963
428
845
863
283
867
258
302
562
833
560
512
878
135
106
543
841
480
59
586
236
609
329
310
456
1009
793
1007
853
139
482
855
12
496
913
626
489
158
592
682
248
712
50
280
185
701
13
566
825
598
367
697
827
488
441
611
134
725
370
949
472
676
888
262
791
233
526
327
431
797
939
287
132
328
801
804
177
