395
997
335
313
230
231
475
553
693
447
101
976
154
352
929
103
301
829
249
684
188
372
273
720
614
59
644
274
833
623
116
766
1000
294
742
151
893
237
576
931
986
750
690
211
495
836
675
875
334
613
672
109
30
406
853
1019
62
674
619
60
445
754
391
864
203
508
262
435
808
719
200
795
1011
666
543
726
248
91
392
72
664
548
442
355
433
1022
841
878
290
95
451
137
76
485
991
900
749
778
4
367
261
186
527
897
980
846
879
679
99
14
888
461
127
46
0
517
350
173
535
118
293
375
178
850
501
259
951
785
110
272
709
708
220
253
1008
316
551
97
494
890
164
615
910
753
162
250
913
266
455
27
85
255
777
703
504
673
206
182
782
818
537
992
354
434
723
973
36
707
254
521
555
873
993
16
877
320
845
462
135
26
681
807
479
912
960
149
601
826
529
51
152
566
285
605
31
33
685
688
268
410
761
942
743
295
534
768
751
292
242
310
22
695
196
520
822
43
705
224
958
9
439
284
170
774
885
812
880
618
19
990
814
441
823
241
945
775
670
364
506
276
172
946
409
168
246
115
609
346
65
425
559
345
938
512
496
217
752
561
404
779
401
368
590
788
225
635
985
460
357
79
704
921
834
23
444
129
132
701
932
235
396
574
622
511
376
486
47
617
82
278
204
702
450
887
995
667
55
815
167
323
735
218
339
965
37
552
895
216
1010
821
528
762
68
160
567
620
214
827
914
260
139
497
312
739
765
786
996
918
107
647
955
939
811
145
279
299
163
280
212
906
994
861
50
437
459
771
138
499
28
563
570
147
698
1
599
373
957
713
78
597
728
64
184
840
934
341
792
490
35
112
369
130
842
522
491
838
634
119
431
87
509
819
126
148
730
696
653
56
471
247
585
594
660
15
711
740
238
469
854
882
436
113
222
502
271
847
587
800
806
111
737
624
983
226
416
383
393
631
839
473
591
388
48
365
318
10
917
179
686
603
286
525
468
856
927
998
716
34
538
793
81
287
961
205
627
1020
562
11
483
245
717
526
886
142
71
88
443
804
39
571
269
277
70
832
625
789
656
371
658
360
394
549
598
221
759
661
41
547
180
712
229
150
453
457
874
783
772
1003
515
948
715
500
930
283
480
5
6
308
104
96
83
412
550
380
69
649
423
583
748
677
52
802
926
536
223
424
908
140
363
925
493
191
640
773
964
606
467
199
159
415
602
803
616
731
755
402
564
417
438
513
358
545
58
868
968
837
683
848
510
233
317
860
891
896
297
953
398
374
265
13
718
482
974
201
478
790
21
813
923
193
966
612
344
362
42
595
665
572
642
291
770
546
999
61
74
256
472
825
156
600
809
866
207
232
306
44
760
263
858
799
593
637
400
784
464
20
687
328
239
769
446
892
428
781
49
884
741
682
857
919
477
75
131
944
689
596
105
831
560
210
333
727
817
66
384
824
100
714
136
470
721
353
907
176
680
426
474
533
155
554
121
971
816
915
80
275
321
236
928
628
732
898
1007
663
569
24
639
143
342
54
153
429
194
901
532
414
336
309
916
580
252
319
844
432
452
63
899
448
530
389
724
764
797
92
197
183
456
568
314
463
192
337
736
422
801
93
281
767
758
282
169
195
305
366
810
577
959
45
852
725
641
227
950
430
382
650
377
315
488
405
984
359
746
849
872
440
581
40
487
967
542
102
419
514
489
181
219
524
209
870
981
881
73
1017
903
240
29
208
586
98
1012
361
177
257
791
1005
326
604
505
141
146
949
215
729
1018
1013
331
300
228
378
988
607
498
632
289
296
122
941
972
411
710
1015
924
298
558
165
541
780
645
458
190
970
744
302
420
397
588
733
403
124
348
611
851
332
830
123
787
185
53
518
902
7
484
651
584
954
610
32
234
330
8
697
2
745
573
630
264
678
134
578
86
692
539
747
540
338
828
108
303
492
796
922
963
978
427
805
258
592
757
174
324
776
608
161
106
1006
386
977
202
1009
385
975
691
454
676
120
519
244
243
643
556
867
876
662
213
936
794
883
855
648
987
694
347
671
798
379
340
158
940
133
633
911
189
699
381
531
270
421
449
859
982
327
565
267
418
763
956
481
3
1023
626
349
198
700
12
387
659
1002
1014
322
407
251
655
351
166
399
979
523
589
920
952
933
629
544
187
89
304
516
57
38
889
937
636
734
869
706
646
90
390
1004
1016
865
871
370
408
557
175
579
465
114
325
413
722
84
1021
343
962
171
947
466
307
935
128
657
638
503
17
1001
157
894
738
67
669
507
863
329
288
668
969
94
125
582
575
989
356
18
904
756
117
654
835
25
905
943
144
77
862
652
909
476
311
621
843
820
