840
39
914
144
401
447
364
427
497
702
256
386
417
389
471
527
203
225
824
936
873
814
165
732
211
867
883
251
654
982
519
680
564
323
759
902
836
708
853
259
429
790
919
160
268
719
139
341
878
941
414
127
796
909
868
747
602
784
353
753
954
807
977
162
943
778
1019
478
357
489
100
485
493
188
625
933
976
661
161
199
262
783
155
85
504
120
280
841
420
183
1
296
587
330
0
83
496
522
832
464
150
510
235
356
488
69
491
627
354
893
975
887
1013
153
213
503
175
647
710
554
279
928
911
968
793
735
502
726
184
741
501
181
955
1003
924
541
691
45
634
17
138
289
905
415
997
73
699
1006
507
701
566
952
509
92
44
1008
517
474
818
570
314
716
30
419
896
869
721
885
543
576
615
52
526
377
795
714
157
243
678
14
435
523
858
574
788
600
16
694
305
222
744
263
445
993
142
395
442
301
233
51
816
306
168
1011
998
641
293
551
380
317
948
91
7
882
185
43
593
619
143
245
731
700
727
917
544
131
563
829
881
424
372
629
84
755
895
119
850
369
546
269
605
658
176
674
663
590
644
137
252
359
612
515
473
246
409
3
337
383
197
798
287
763
769
989
254
910
99
560
212
801
126
1017
687
455
152
325
12
129
942
743
19
639
70
476
41
345
643
253
406
81
169
733
728
689
230
393
995
802
68
540
134
98
1022
78
861
62
128
548
903
752
42
106
597
276
311
750
536
845
304
267
821
757
538
734
349
416
690
857
908
110
234
332
201
405
745
366
365
520
321
872
71
413
326
470
884
688
376
586
888
652
946
613
308
18
765
236
534
145
315
500
864
469
300
499
966
508
813
35
717
1002
358
805
614
1016
49
23
937
611
147
2
261
596
425
327
610
257
319
912
646
457
686
956
61
40
931
93
838
907
837
803
397
856
529
638
539
742
980
335
218
740
951
826
718
351
248
572
573
964
682
223
891
63
495
307
149
202
189
1014
136
342
403
453
463
451
932
545
410
822
720
1010
378
628
367
278
737
965
648
777
462
216
890
724
547
436
281
1020
655
232
482
923
33
860
72
616
418
950
348
1001
859
97
477
535
277
608
195
339
343
578
958
820
422
756
604
298
1004
774
830
1012
407
959
192
945
786
842
748
549
894
598
874
274
220
513
102
210
592
811
606
650
929
481
1009
87
433
677
82
103
56
561
283
940
581
154
116
177
434
312
900
448
60
454
28
792
542
231
226
421
196
904
823
163
412
204
74
971
399
50
960
219
711
799
533
466
104
221
80
862
531
205
260
164
925
797
284
623
920
730
970
621
450
667
411
9
979
170
725
640
182
371
384
770
48
518
101
125
557
396
107
428
292
114
722
88
847
432
6
630
567
794
709
209
282
291
115
37
537
65
159
430
812
10
553
96
5
135
685
665
140
112
863
460
512
767
575
118
1005
286
528
440
963
760
957
505
310
1023
388
187
363
739
186
437
916
334
117
328
1015
662
723
1007
32
53
198
918
146
921
174
985
247
780
676
375
653
938
31
930
320
331
362
379
303
785
431
632
374
809
599
340
64
158
766
810
787
852
390
57
915
808
381
346
270
876
151
458
132
479
582
670
148
696
609
580
659
947
870
828
400
791
983
879
738
173
24
693
524
618
408
607
585
15
906
804
974
459
927
521
193
11
239
962
657
897
480
825
34
313
329
54
200
443
664
516
620
439
438
238
922
683
475
402
848
266
875
275
58
472
642
123
333
617
347
86
775
779
190
729
229
111
255
953
988
603
336
846
831
498
645
506
1000
754
815
635
806
973
681
660
679
926
758
22
483
556
692
240
38
981
398
456
352
272
854
166
368
13
94
122
194
25
764
819
295
844
583
486
749
666
668
782
899
322
588
392
404
684
265
465
949
8
67
781
113
591
827
1018
20
961
108
773
633
761
624
866
901
244
290
27
241
984
171
297
514
36
391
258
913
834
990
385
969
697
839
559
855
746
461
490
768
167
338
552
130
242
441
294
562
550
584
361
89
987
672
636
649
886
762
468
452
671
133
972
577
736
124
316
651
898
601
935
76
446
571
707
595
835
55
589
95
355
996
626
492
370
217
833
934
712
877
105
109
789
350
309
179
121
318
302
622
706
849
865
66
800
264
237
47
511
382
215
77
141
172
967
178
207
776
494
249
214
703
991
285
423
631
530
713
889
250
698
871
449
90
224
637
579
75
880
817
360
79
324
29
944
656
344
288
675
669
444
532
273
986
228
4
594
772
525
394
939
771
180
26
46
387
843
992
487
569
978
892
191
695
467
705
715
426
994
206
299
208
227
373
1021
565
673
21
704
999
271
751
555
851
484
568
59
558
156
