408
337
613
429
241
509
7
916
861
831
401
99
58
467
135
77
229
243
362
957
403
591
390
516
100
39
323
877
980
773
278
821
681
193
220
232
612
161
132
280
60
142
1007
785
187
120
744
562
173
799
657
893
965
539
741
332
828
357
174
839
375
850
606
273
808
775
835
643
3
533
644
425
279
555
148
627
610
692
979
534
915
953
443
495
123
342
27
66
618
405
921
433
453
420
713
540
669
414
360
1011
585
993
90
200
579
646
136
955
941
409
2
864
481
83
524
410
168
104
870
234
199
415
505
558
793
212
189
395
747
473
134
434
82
546
194
259
72
500
695
306
795
86
556
444
186
655
349
41
687
171
715
343
684
74
418
326
347
51
879
908
984
520
109
1022
29
755
925
451
68
299
103
632
371
631
569
301
317
716
460
788
163
13
802
399
503
787
645
797
625
577
482
776
258
834
478
464
889
322
334
352
366
694
705
137
866
290
1019
331
966
647
12
680
689
422
760
726
227
284
504
599
335
640
340
487
141
990
942
880
729
830
623
994
518
778
404
289
873
17
73
260
423
909
968
703
379
734
155
238
172
707
54
781
827
282
639
470
871
382
944
652
667
18
265
152
525
911
406
929
1013
59
770
491
804
593
305
485
907
995
601
811
9
936
636
976
350
145
972
158
589
368
105
348
545
810
967
80
116
779
392
670
537
463
642
6
912
648
712
14
15
361
167
1008
166
10
43
865
32
211
44
507
97
538
718
245
293
752
761
363
841
315
950
256
440
190
794
454
890
1016
530
254
376
367
574
53
833
659
195
803
111
493
895
756
89
668
590
621
151
267
764
297
95
902
634
637
108
628
217
774
931
480
228
918
985
536
568
275
825
153
283
771
753
869
197
727
904
665
424
749
672
93
1003
354
358
767
709
255
476
552
274
121
700
792
728
854
751
878
308
133
801
872
519
532
252
483
745
183
184
798
336
1015
430
143
333
983
796
600
341
126
977
112
973
917
685
1002
786
272
36
595
339
1004
900
214
324
344
819
626
658
818
748
927
719
697
130
706
560
157
185
961
369
875
598
901
754
829
182
882
373
384
359
523
975
94
553
411
441
765
412
231
257
937
946
847
144
61
484
486
295
736
26
70
46
477
677
926
88
914
1005
364
85
294
225
849
345
45
550
823
244
192
38
310
956
427
81
215
863
502
898
250
885
862
743
263
498
814
714
721
176
886
731
576
469
281
76
920
67
312
805
780
699
853
230
35
572
438
269
939
1014
822
506
892
419
1000
922
206
388
894
664
1010
763
64
969
813
222
746
559
378
682
650
740
840
413
458
251
490
888
11
653
201
928
494
1001
313
673
800
982
338
33
609
204
84
210
264
417
733
949
629
25
571
952
372
663
21
635
867
113
179
246
387
962
177
777
1009
128
686
115
698
724
720
769
701
588
905
924
365
398
563
981
455
437
28
102
604
49
884
649
461
236
224
531
117
954
330
139
998
311
580
947
165
843
858
757
118
940
528
521
963
638
466
394
1017
107
923
959
824
772
475
253
750
896
489
400
851
584
140
710
146
96
30
319
759
622
154
988
203
910
1020
188
723
675
37
8
65
766
131
848
474
691
261
758
78
271
974
150
832
79
586
114
615
56
542
619
436
807
566
87
845
237
4
859
762
442
508
817
860
575
221
320
730
852
355
407
958
683
581
784
945
223
704
125
887
836
708
857
1021
587
277
106
247
582
52
933
276
789
554
216
205
262
0
561
624
31
386
837
846
91
62
514
101
608
381
327
690
930
351
768
978
688
325
380
235
303
377
208
170
300
651
492
826
573
149
209
198
239
996
513
583
285
630
47
34
964
1023
178
328
696
557
605
738
314
286
903
397
287
815
298
302
548
181
19
809
307
353
497
456
641
674
876
868
693
742
662
42
987
40
180
98
63
501
55
488
535
739
541
607
620
782
732
24
971
717
515
122
735
162
156
119
439
431
416
57
452
666
385
997
20
679
790
906
522
938
934
960
725
791
446
943
226
855
499
989
329
527
578
948
614
722
812
426
291
838
999
23
471
242
510
249
594
874
1006
48
270
127
891
219
292
16
526
268
844
309
611
175
160
207
396
806
129
1
346
617
544
596
457
676
468
549
565
592
567
50
602
1018
288
356
603
633
316
402
447
304
856
517
191
92
75
935
445
899
551
318
138
932
737
951
448
496
897
479
543
465
389
159
374
266
110
570
616
816
124
660
820
71
702
986
512
383
462
970
421
564
233
919
393
428
218
671
22
296
196
240
213
597
202
511
656
547
1012
661
370
783
459
248
5
169
842
991
711
321
450
881
992
883
449
654
147
432
69
913
678
391
472
529
164
435
