480
679
688
99
878
531
659
954
956
757
580
569
765
259
466
574
26
779
526
532
270
566
444
407
55
895
51
153
675
248
520
905
1010
71
766
904
787
267
404
13
631
53
346
587
634
913
576
792
8
795
510
808
145
205
497
530
91
683
685
381
66
758
460
180
947
333
230
881
727
439
996
582
375
492
345
306
352
894
877
835
392
660
429
427
347
957
1017
762
63
408
535
863
134
443
739
359
559
575
1015
849
506
129
215
469
361
945
264
4
726
714
716
743
315
440
696
227
121
648
471
932
678
750
557
661
930
649
629
83
482
887
201
991
655
707
243
890
312
273
70
929
394
931
217
308
724
199
516
368
476
458
397
208
379
870
917
1013
507
216
912
914
92
558
748
893
602
7
775
821
374
22
246
337
554
479
799
503
276
900
934
328
494
620
819
265
426
949
462
842
689
1020
791
902
961
118
36
349
168
662
305
505
876
519
395
617
946
709
220
907
419
565
827
645
572
670
802
997
186
382
31
191
702
571
57
764
518
341
993
331
100
636
24
824
983
271
310
56
39
68
279
564
433
939
442
608
657
288
25
262
818
9
401
656
240
254
287
642
72
749
552
834
536
174
986
784
854
640
899
398
786
1018
780
644
290
209
722
705
908
41
131
167
282
206
692
861
708
944
897
263
34
673
713
706
377
353
229
483
438
667
88
96
820
528
651
1001
909
533
289
472
351
992
874
428
402
721
93
260
244
942
805
496
258
452
189
183
355
916
80
82
309
207
782
60
474
298
650
694
17
672
409
317
868
384
976
38
223
562
550
453
923
218
570
777
613
383
925
938
833
360
637
959
213
614
370
296
933
242
513
769
776
450
584
172
432
521
737
58
502
772
807
882
814
800
481
862
275
1002
387
969
112
703
247
823
338
941
85
618
754
846
266
789
693
19
21
84
561
697
926
269
616
619
847
12
809
1023
796
200
517
489
555
577
421
165
760
64
138
523
903
169
610
525
623
979
222
723
798
612
806
151
160
369
545
110
527
127
425
101
321
599
511
1019
578
104
123
910
45
44
804
43
853
274
790
586
541
441
641
105
406
1005
720
181
718
365
871
182
94
740
475
454
467
487
27
159
339
831
548
102
335
1022
889
1021
990
803
1006
253
638
147
446
524
915
883
198
674
488
249
122
540
534
734
311
731
711
413
560
74
546
449
252
304
358
434
37
632
788
292
161
855
663
62
146
144
418
677
156
579
589
212
733
86
299
164
844
380
759
10
49
378
313
581
840
135
0
654
810
297
11
111
943
29
822
875
710
188
892
410
225
322
756
224
114
314
621
87
192
585
770
647
457
67
774
210
152
921
948
40
239
761
356
184
157
430
176
611
664
228
272
568
415
828
955
951
715
1009
15
256
952
52
326
128
126
391
107
364
238
436
386
730
500
1007
671
268
563
422
124
866
42
73
490
336
1000
888
371
456
537
316
234
465
940
75
630
120
573
47
424
974
977
886
981
829
162
686
583
459
735
484
59
113
719
825
357
690
155
698
447
699
928
625
119
781
592
163
591
653
28
633
344
300
995
785
79
103
700
609
603
133
363
728
173
687
935
414
437
175
973
879
736
681
668
691
1
76
478
203
865
988
499
738
504
1004
628
106
77
396
116
448
598
763
342
963
884
729
652
950
850
50
463
669
30
605
226
143
417
250
962
920
512
1012
280
896
142
1011
953
590
588
405
843
295
20
211
998
95
318
745
400
334
593
233
695
596
498
839
927
601
964
367
567
665
732
307
245
755
717
3
793
130
485
627
388
622
445
255
98
852
994
117
477
32
451
278
643
204
136
872
869
712
742
343
880
291
594
529
332
553
303
547
970
16
911
508
860
108
794
461
725
509
658
811
676
635
390
277
832
987
219
972
966
149
284
14
514
366
556
294
845
891
898
753
293
684
194
81
919
615
826
551
193
984
139
924
607
751
543
971
1003
752
411
1014
838
302
301
348
491
327
812
680
980
320
815
544
841
286
701
187
773
595
340
148
325
109
399
214
158
257
97
132
323
960
747
867
626
241
968
237
5
90
372
848
985
744
35
783
137
435
283
978
171
801
455
639
140
89
1008
936
281
202
236
197
473
150
170
767
542
389
606
837
873
350
495
54
682
464
468
768
154
1016
856
922
975
362
958
46
251
385
918
376
431
354
851
195
329
196
906
324
501
646
330
797
261
373
48
115
33
178
166
18
704
493
177
232
600
771
817
836
666
470
23
937
423
597
816
515
185
604
830
857
190
221
393
179
864
746
235
285
999
741
989
125
486
231
859
778
967
885
539
61
65
416
141
403
69
6
624
319
901
412
982
965
538
549
420
813
522
2
858
78
