699
642
1
460
478
903
92
783
794
935
46
83
378
339
876
15
443
598
385
418
450
961
358
711
737
692
237
902
86
662
204
624
983
471
831
922
173
221
840
24
126
576
323
489
919
484
774
456
288
707
400
941
217
200
839
970
590
778
147
496
446
476
325
531
585
781
30
122
996
1022
376
801
915
281
784
688
548
630
739
1023
872
1013
679
725
392
667
294
818
352
535
898
914
827
304
552
953
141
396
924
836
36
19
413
293
422
849
464
525
870
495
940
587
855
414
671
29
124
853
38
179
102
312
769
925
225
973
283
834
0
702
68
158
938
520
199
341
930
177
206
823
330
499
863
742
992
22
328
139
152
610
485
195
546
247
501
261
148
377
743
609
80
103
541
625
634
599
381
570
321
556
216
773
481
620
437
958
685
301
373
545
16
18
721
779
244
375
119
1016
832
583
582
480
537
888
796
192
275
271
833
991
821
149
274
236
926
430
197
202
754
279
9
892
246
558
78
74
292
521
881
716
48
674
543
969
879
333
25
360
709
212
308
550
878
865
602
409
549
622
731
708
305
219
663
81
690
479
329
145
681
399
933
287
553
114
435
659
944
858
890
349
804
813
52
60
554
350
595
448
730
49
571
50
412
835
390
431
184
744
310
34
165
1021
137
815
986
214
159
98
943
790
782
131
752
251
317
108
42
7
766
171
419
660
359
666
755
89
120
929
169
586
340
509
697
367
106
901
257
623
85
335
127
791
429
160
492
812
273
614
793
280
424
893
208
241
594
727
235
451
227
63
406
8
789
880
717
530
998
4
180
205
228
647
714
125
62
956
911
185
75
664
135
43
154
1012
491
320
824
907
254
220
56
331
698
723
112
380
338
572
802
130
629
807
134
512
224
113
874
517
635
910
560
993
732
934
838
366
722
1011
816
932
229
231
374
894
856
190
398
168
189
128
656
608
357
472
533
270
403
747
455
90
121
931
297
528
962
632
432
277
889
604
950
843
1007
240
453
500
313
820
759
897
140
733
470
309
316
337
825
800
3
465
645
210
420
70
573
164
945
14
569
405
442
757
695
391
1001
298
40
805
35
265
434
988
596
249
457
916
166
234
532
665
342
28
899
493
527
860
626
282
885
780
577
683
639
441
859
181
905
475
245
869
17
444
361
947
999
389
238
71
631
715
26
712
362
232
611
411
994
230
955
136
58
1004
644
637
77
563
873
985
751
1017
967
59
151
710
544
519
750
1006
503
638
959
248
567
515
514
597
844
162
454
290
686
726
67
673
252
904
379
513
368
296
382
887
343
12
423
687
72
651
461
522
612
395
207
677
524
33
538
161
847
196
761
701
906
830
862
753
226
466
867
591
477
948
23
286
45
964
770
718
808
482
51
242
740
939
65
289
600
353
851
439
428
57
69
39
425
559
295
494
483
138
438
923
105
268
854
5
314
966
486
946
657
649
826
539
918
473
895
795
488
734
562
364
536
186
182
551
799
183
557
592
47
264
143
952
191
369
284
646
719
332
463
365
621
942
372
263
394
452
575
315
318
129
917
222
10
115
696
767
861
653
882
506
1003
954
542
900
187
936
61
990
814
648
720
490
393
266
155
133
593
581
347
322
32
724
79
848
255
243
256
327
260
426
960
912
218
842
606
706
976
73
829
927
31
775
1018
53
20
655
777
669
776
762
94
348
440
871
864
96
601
875
561
436
449
828
579
502
100
410
741
746
144
792
118
957
142
745
1014
326
640
303
351
387
652
1015
971
253
678
987
306
157
841
146
891
756
259
55
1000
356
768
837
87
676
565
211
239
291
748
507
668
589
82
921
363
402
421
498
97
603
76
680
628
213
415
806
388
267
765
736
877
88
949
909
101
682
64
615
694
817
345
1019
578
617
607
334
997
176
703
41
819
116
150
459
203
215
276
811
785
738
93
223
797
386
822
458
705
772
658
95
618
588
99
534
850
729
132
469
508
278
951
1002
262
371
175
110
978
404
13
713
510
417
433
852
167
884
547
643
605
370
6
516
300
84
336
619
178
555
163
447
758
540
568
504
462
408
198
427
654
302
613
650
979
153
54
1010
523
627
445
809
299
111
170
1020
845
487
193
91
319
272
641
968
689
529
700
995
580
526
981
311
868
307
1008
188
566
258
117
11
467
401
886
977
913
982
691
324
468
984
803
883
787
584
866
346
763
511
1005
798
693
172
616
397
980
788
209
44
786
407
920
908
27
250
233
846
344
194
1009
174
384
633
107
66
269
937
857
636
383
972
670
109
896
2
505
355
928
989
354
672
675
728
37
564
123
474
810
201
574
760
518
965
104
661
704
749
764
963
975
416
684
156
771
21
285
974
735
497
