506
574
273
931
839
636
647
201
869
704
696
348
263
271
878
724
184
367
107
667
274
571
384
763
580
390
557
450
378
530
457
621
438
568
820
298
278
830
874
842
733
1000
240
16
824
292
663
105
665
577
113
780
984
848
147
426
713
472
507
167
342
65
463
175
966
68
262
1001
224
765
875
290
740
453
695
1012
588
996
216
176
56
666
954
174
96
558
392
464
379
473
991
617
144
919
692
353
694
604
252
330
413
355
758
253
838
237
5
523
264
325
911
88
670
317
560
994
584
650
405
178
194
804
493
970
412
491
129
679
1005
182
494
715
899
871
40
957
800
490
907
710
671
659
890
318
965
383
336
204
894
614
308
660
186
748
452
834
870
183
983
726
82
203
141
711
554
227
135
998
394
295
887
591
277
165
836
742
527
676
152
753
526
770
971
627
934
757
357
449
1003
828
955
422
445
239
47
686
687
835
809
233
690
434
112
419
24
891
387
241
283
732
826
655
191
623
611
618
1006
619
338
674
340
648
143
535
779
4
561
132
599
280
868
926
181
329
461
551
625
672
901
407
651
446
393
400
723
572
310
459
784
964
219
220
644
75
752
980
693
1016
787
610
658
79
811
607
115
134
729
389
161
116
230
157
853
886
927
275
121
427
668
759
917
714
63
948
751
805
680
851
343
272
78
889
628
987
640
14
685
140
768
776
652
825
301
70
699
138
97
1014
145
528
95
409
39
103
396
249
1
709
319
83
153
602
368
867
576
786
397
31
1023
513
818
42
1010
402
862
69
19
487
320
177
53
855
951
309
888
282
154
958
505
681
898
382
941
442
341
573
823
882
196
399
245
539
305
94
372
997
117
192
675
792
754
30
28
631
302
0
360
924
22
925
654
556
293
351
808
717
872
540
172
796
206
373
545
728
12
581
892
638
716
532
861
483
439
902
718
187
218
677
481
124
552
661
598
286
27
662
596
370
151
846
228
518
3
915
403
114
200
52
35
289
605
251
37
592
197
62
860
995
311
482
950
563
913
81
460
1004
454
769
579
669
642
720
142
437
649
569
831
629
537
479
916
708
164
1002
43
827
771
381
332
327
817
99
744
510
474
764
247
807
488
401
118
21
897
477
380
775
388
150
6
1019
705
312
255
226
969
41
832
7
858
735
612
879
813
633
76
89
428
876
634
462
932
859
25
904
546
529
566
29
745
415
34
323
548
900
609
511
23
952
213
429
467
865
896
296
179
66
365
64
435
555
243
369
657
266
257
207
688
922
567
297
936
541
468
72
697
198
928
977
816
706
356
944
905
448
406
643
313
707
587
522
801
866
349
960
689
208
199
515
259
254
578
475
880
877
210
961
466
549
484
497
512
139
845
443
755
214
993
101
354
58
947
918
843
339
521
395
436
358
456
525
725
857
160
15
55
1022
613
235
570
294
750
202
489
91
61
86
425
503
361
424
225
155
514
169
788
773
1021
130
232
782
444
624
98
967
767
597
267
193
242
986
937
601
33
404
691
606
962
17
630
945
36
664
673
229
1007
1015
772
582
1011
248
502
100
802
346
128
104
256
829
778
933
371
377
883
721
978
737
854
559
46
790
593
500
180
920
797
812
11
188
125
480
170
93
781
635
8
209
120
421
127
622
547
322
815
864
350
163
608
77
534
212
85
9
314
171
700
414
1013
844
620
430
2
731
988
590
307
850
451
806
516
586
972
912
565
80
67
499
478
968
304
159
943
847
335
783
976
223
1008
533
417
269
234
148
795
344
44
938
992
149
375
45
719
334
684
881
102
261
433
359
942
626
736
109
420
849
166
146
501
486
432
306
126
979
585
268
789
291
564
13
739
814
953
345
410
1017
734
173
985
975
819
701
837
553
331
645
646
110
963
873
485
756
50
583
106
122
519
90
476
982
821
616
989
48
798
416
57
73
524
285
840
730
447
211
51
333
131
215
455
326
222
364
260
18
703
774
84
508
712
923
856
189
974
999
471
990
337
250
74
852
244
408
702
884
276
133
841
903
906
315
760
794
520
398
1020
20
363
470
929
981
940
531
440
156
741
595
639
270
287
458
949
498
761
946
791
562
123
863
136
777
509
517
185
939
1009
956
246
385
600
190
111
536
366
217
32
589
698
504
465
785
418
347
205
60
221
538
162
743
799
793
137
722
930
495
300
727
893
423
469
594
637
236
168
914
973
833
352
119
265
543
909
238
766
747
885
653
195
376
683
59
895
746
158
288
682
362
492
544
303
324
738
258
10
441
935
678
411
810
71
391
496
281
299
26
959
284
431
575
910
615
641
542
316
374
803
108
1018
762
321
87
328
92
54
38
632
279
386
749
921
550
908
49
822
603
231
656
