61
690
212
240
392
269
479
157
750
862
627
644
140
25
196
340
300
145
684
812
943
759
502
328
553
853
484
775
12
121
996
897
150
38
460
804
443
855
709
819
111
185
678
882
483
458
616
378
563
255
471
621
131
952
866
243
540
911
321
674
701
923
935
846
1009
311
449
286
904
476
0
334
54
505
958
457
303
629
714
497
95
524
306
385
833
820
250
214
733
565
580
748
149
934
372
97
177
217
901
176
391
594
993
516
125
256
607
115
552
441
92
646
221
337
620
492
802
295
39
58
916
19
751
332
264
868
564
422
317
845
805
576
622
151
517
223
171
557
799
190
62
519
254
278
360
665
174
164
817
349
980
421
188
356
312
455
508
583
159
702
856
898
373
330
450
219
178
197
696
983
320
561
165
560
307
655
906
362
685
527
376
699
971
884
917
731
461
273
495
704
554
584
366
939
985
129
442
756
512
504
941
1022
211
189
491
944
950
606
801
75
658
852
32
981
937
530
465
989
169
259
566
1014
472
940
1012
237
454
900
377
1002
739
1013
319
496
633
575
80
822
984
352
28
116
536
459
767
825
761
515
680
329
574
521
427
841
70
677
920
637
673
859
17
374
947
113
224
550
10
464
847
29
305
967
545
839
63
16
982
724
393
676
905
473
210
732
187
407
537
663
543
412
23
50
168
867
803
710
350
991
734
695
78
843
227
234
102
142
226
91
67
1017
579
778
120
108
742
861
908
660
896
296
791
534
720
930
697
634
603
876
152
229
14
895
444
650
87
383
903
625
100
708
707
873
546
118
160
549
109
986
98
834
998
654
945
746
318
639
135
175
1011
610
244
387
291
324
119
988
784
800
440
203
671
667
975
675
271
262
154
1006
913
51
344
718
588
826
279
837
500
124
276
681
611
361
745
647
513
624
595
764
68
851
313
290
253
452
114
99
842
346
573
181
130
390
239
489
929
798
706
408
395
424
310
510
773
664
274
88
829
326
94
57
1
849
869
398
1010
447
193
999
679
170
338
754
645
90
462
123
5
342
275
961
267
910
752
59
626
870
146
693
587
466
721
47
959
475
331
389
559
301
827
899
670
55
970
716
948
345
762
600
810
436
486
288
743
249
428
757
7
252
419
33
909
445
741
501
902
725
933
919
172
572
832
433
636
1020
371
381
400
199
40
46
348
727
932
794
263
570
37
973
987
257
782
992
705
921
232
183
339
1008
467
42
22
783
402
106
136
247
251
268
914
453
994
191
73
200
482
523
954
744
34
682
194
581
792
304
703
922
953
793
601
238
555
446
711
82
141
969
358
585
558
79
487
11
628
1000
198
972
410
881
692
964
2
335
860
93
863
1007
415
222
811
493
836
1023
48
167
314
990
220
635
394
965
779
738
143
76
614
892
35
1019
60
763
686
363
722
24
737
689
887
608
297
368
195
411
133
404
927
951
413
586
341
380
144
213
451
179
228
604
235
438
878
1005
765
469
889
431
333
456
127
806
613
642
598
1004
425
977
796
823
45
813
354
835
968
241
883
246
838
382
755
261
712
180
593
430
139
260
242
617
77
294
236
282
995
776
562
434
208
529
206
325
955
299
370
715
230
963
375
403
336
429
215
468
915
8
571
788
103
104
511
488
831
602
787
619
957
854
590
531
69
740
772
691
71
284
809
615
568
781
298
596
885
418
327
364
117
777
713
544
522
638
659
641
864
49
43
379
698
907
65
926
265
760
728
931
293
84
66
946
541
533
384
768
432
283
357
315
780
64
1003
477
347
86
717
420
808
15
448
365
6
786
960
270
653
890
158
643
700
666
875
18
494
506
924
397
416
439
623
173
723
814
683
669
56
790
888
824
285
490
218
962
470
161
162
766
353
747
277
309
661
815
736
542
1001
589
137
509
128
912
26
535
894
258
289
599
848
316
893
406
209
818
474
569
463
280
687
20
156
874
1015
13
52
551
83
567
147
399
828
688
503
956
426
577
789
771
405
548
388
797
201
525
770
101
582
979
938
872
532
107
292
122
652
308
272
649
192
694
520
245
526
401
435
437
949
758
138
396
507
155
112
871
891
850
978
323
231
184
753
591
266
657
769
74
928
322
44
749
4
423
726
27
729
630
153
857
355
367
287
186
163
85
840
609
556
640
478
795
126
974
886
31
605
774
997
30
612
110
132
480
3
865
966
830
248
359
9
662
538
807
942
481
302
41
417
656
735
816
528
369
148
81
879
182
414
631
651
351
36
785
877
96
409
53
858
134
207
925
1018
632
547
499
618
21
539
880
936
1021
672
281
668
204
844
719
730
1016
976
648
821
72
343
498
592
518
918
202
225
89
233
216
205
578
105
166
597
514
485
386
