354
945
992
494
558
18
731
285
315
602
844
39
876
145
879
863
673
662
143
21
818
215
4
1011
544
518
12
555
504
730
400
389
376
763
842
927
695
860
262
553
469
905
450
752
403
393
784
172
1002
384
964
251
734
223
828
582
470
448
492
351
883
278
182
294
767
994
1008
525
153
975
540
871
991
377
445
378
562
567
599
865
451
27
526
950
895
985
454
681
999
204
1007
622
672
595
179
473
969
128
171
826
115
276
691
342
314
584
192
732
104
19
851
339
399
754
159
325
581
1018
812
164
310
714
699
365
38
309
73
864
96
490
946
677
529
257
746
502
543
248
565
244
756
668
551
948
287
83
620
742
265
953
743
432
604
253
508
319
345
759
74
298
493
737
240
513
37
606
729
326
419
611
765
535
724
801
896
739
674
139
926
327
466
835
861
405
619
867
166
283
100
594
882
468
50
162
499
46
885
522
249
66
51
371
921
120
931
485
626
198
434
225
57
973
484
474
238
194
233
308
907
583
72
618
557
102
554
20
101
716
848
144
579
3
1021
693
983
277
643
117
523
989
193
284
444
917
859
463
873
793
961
654
61
838
744
652
578
736
449
447
338
795
79
749
988
891
981
89
141
799
647
919
1004
260
778
528
569
750
726
503
217
8
954
723
878
43
1016
534
802
155
34
189
813
566
134
585
241
363
402
984
704
702
924
410
781
418
541
36
560
206
168
54
23
254
422
348
621
497
630
255
663
635
870
62
331
628
995
766
443
853
16
203
457
224
833
121
77
70
901
998
13
690
545
561
943
282
806
56
335
264
531
572
390
35
313
127
701
632
107
28
501
1001
821
459
392
675
361
359
78
790
874
570
687
188
453
324
140
718
678
559
280
903
367
520
686
1003
173
391
550
696
715
671
267
796
822
151
427
318
323
191
893
997
330
498
637
245
829
831
465
286
441
60
587
918
184
435
738
542
304
717
1019
935
246
316
947
479
126
902
292
125
458
401
703
242
868
556
836
656
605
142
934
800
65
751
409
75
856
532
659
187
64
808
218
609
920
271
500
210
897
824
982
779
1020
580
379
588
780
939
963
937
452
136
642
462
633
219
208
834
980
798
1017
615
475
722
805
608
546
263
725
482
866
185
616
527
183
967
147
664
426
915
404
106
810
694
586
607
1014
898
928
347
270
80
320
460
987
425
119
912
670
679
156
76
706
195
480
970
788
33
306
93
489
890
721
186
530
598
105
548
600
823
563
97
571
495
712
111
221
623
941
667
17
396
131
862
118
524
252
850
370
387
290
735
1006
803
476
442
317
728
110
237
913
906
644
362
95
640
539
787
322
373
236
547
417
849
312
274
697
243
775
837
892
291
428
11
446
197
1013
521
487
24
207
15
305
519
574
552
296
31
343
792
627
471
589
211
239
666
613
269
352
804
293
971
201
281
437
256
275
167
847
601
597
509
1
617
408
815
638
976
30
311
755
680
464
229
114
636
990
747
575
26
82
774
507
877
146
949
412
429
855
421
491
92
288
9
958
321
355
176
439
406
122
776
653
777
593
770
872
978
94
888
614
1023
486
880
511
81
381
974
952
299
109
753
771
231
748
625
222
472
228
979
234
374
212
940
467
624
773
972
1015
676
407
900
825
590
791
909
369
161
413
129
910
925
382
85
340
386
922
84
336
174
440
785
786
684
266
416
273
232
424
177
951
44
170
58
148
533
957
852
455
178
337
5
302
916
708
360
124
564
683
817
814
98
220
227
1010
719
965
209
297
333
741
247
157
811
49
536
772
430
807
908
301
226
132
0
820
650
230
596
357
303
152
689
761
158
196
858
904
436
516
59
977
854
794
48
932
840
956
496
380
649
289
577
344
91
711
398
758
968
610
944
841
477
568
1022
388
816
783
55
655
71
356
760
250
510
200
420
358
478
669
517
846
720
631
612
845
875
705
300
942
709
14
639
69
395
1012
929
923
657
431
414
886
40
29
768
698
887
415
933
7
745
368
135
130
25
205
112
190
782
41
103
641
592
914
576
629
53
138
86
645
959
960
514
32
375
1005
832
47
2
116
843
214
996
364
710
372
936
769
764
235
133
268
573
634
692
341
591
962
411
154
869
334
63
123
67
986
727
137
889
216
175
682
488
660
438
87
108
149
349
22
42
819
165
423
461
10
329
713
456
661
966
397
549
295
1009
830
307
180
150
648
261
202
857
52
537
99
385
955
346
481
199
651
685
506
163
688
258
350
646
700
603
332
6
740
272
930
809
894
658
45
90
505
113
993
279
394
733
169
383
328
512
797
899
353
483
789
839
433
881
762
884
213
181
665
259
707
911
757
68
1000
160
938
88
827
538
366
515
