819
416
624
338
473
541
567
525
151
439
969
683
393
988
208
228
471
801
671
1006
861
345
449
387
537
919
760
118
131
174
363
196
984
936
490
929
39
985
756
514
310
262
479
802
949
279
625
164
598
450
137
560
273
809
402
740
877
829
558
221
690
601
701
31
25
258
183
786
1019
900
162
765
564
245
499
508
371
667
362
483
189
41
911
302
611
395
680
34
496
53
424
794
351
231
16
337
369
233
247
105
459
8
405
1002
64
250
704
507
415
706
905
961
903
545
18
792
265
524
237
313
475
281
845
523
605
915
203
946
425
604
584
388
289
87
587
125
240
207
259
945
872
306
138
513
474
748
235
368
70
957
20
15
89
991
812
232
121
735
743
134
823
665
252
114
391
412
925
110
632
932
600
867
972
272
97
47
1010
462
236
185
711
234
148
799
1
959
142
182
790
800
907
271
406
522
276
650
993
546
333
940
782
242
1007
882
1005
719
887
215
826
656
238
243
516
698
960
325
647
300
574
924
566
952
968
1001
199
107
787
727
521
995
500
715
755
275
860
974
344
268
223
542
139
91
793
249
913
95
191
791
301
891
67
495
106
824
1017
295
920
321
159
992
296
54
898
82
354
366
612
723
86
588
736
640
83
193
538
700
370
822
847
944
146
739
328
297
200
186
568
30
734
472
420
696
725
63
569
17
163
434
104
570
817
1008
359
869
57
1023
384
884
865
119
550
857
843
177
890
92
176
230
332
619
62
222
526
962
873
902
98
852
6
170
639
288
404
642
311
451
576
374
37
478
101
747
1003
10
679
318
466
687
840
964
807
168
586
440
652
226
855
256
314
460
339
494
853
994
5
175
899
827
766
862
458
670
1021
805
674
673
661
901
287
254
409
606
941
212
916
336
989
675
928
444
658
770
147
585
618
65
40
830
583
90
758
217
96
527
260
117
694
455
445
364
294
746
797
636
947
112
52
463
74
293
699
48
804
413
934
160
426
120
722
505
33
579
563
305
401
122
421
326
555
145
291
436
78
582
990
557
906
771
187
741
808
956
394
493
417
312
518
1014
178
340
396
274
702
621
789
821
476
695
255
660
688
677
749
341
166
452
480
645
762
637
506
966
497
482
169
591
910
1022
154
73
320
216
465
724
390
411
241
144
213
511
180
876
7
609
761
443
942
530
438
836
622
813
536
308
668
837
709
720
784
868
997
43
595
433
376
572
1018
66
825
307
257
590
689
742
156
714
204
360
729
838
651
529
468
565
422
654
848
703
912
981
355
810
943
21
975
539
883
659
753
653
556
470
2
224
389
705
227
908
361
893
239
94
485
664
999
879
627
161
759
798
79
432
615
783
504
379
540
616
533
875
334
986
330
820
602
0
745
954
150
190
26
103
60
1004
113
155
225
772
895
408
937
608
42
543
303
933
918
414
353
1020
51
71
950
477
948
976
710
38
977
672
157
980
970
367
581
593
68
214
100
198
290
464
50
578
562
864
818
382
718
731
544
814
285
835
646
386
641
738
76
75
617
547
218
666
510
129
365
885
124
597
603
638
796
623
481
708
140
697
678
448
850
486
707
202
554
11
263
19
730
979
596
519
503
870
348
953
894
575
373
559
844
292
315
286
785
282
691
676
4
9
381
551
788
754
102
607
431
133
299
88
141
126
99
429
628
77
599
130
317
580
1009
549
372
776
803
816
111
329
331
58
509
403
153
220
45
135
342
188
69
123
846
392
264
955
324
266
454
49
184
491
24
109
712
143
779
594
764
244
3
487
397
115
253
229
768
1013
197
267
983
926
194
14
219
866
55
59
859
828
453
531
171
277
1012
22
298
854
380
935
614
634
655
832
682
375
192
721
322
767
773
36
856
815
501
927
967
283
29
631
613
467
931
407
248
561
152
553
280
880
81
251
973
871
349
108
610
649
644
383
419
85
693
410
686
834
128
842
316
206
423
851
512
716
528
323
886
774
418
346
517
173
456
116
498
662
441
181
620
878
502
978
717
648
179
713
278
201
399
335
922
428
209
442
630
127
917
874
685
149
728
795
80
589
350
1016
744
27
195
951
889
261
430
987
343
881
211
769
669
172
269
777
327
446
629
763
385
692
750
132
377
923
982
849
158
246
1000
839
573
400
757
28
863
996
1011
958
72
775
965
398
909
93
84
778
726
284
492
930
858
732
13
592
46
352
469
435
841
488
12
205
378
44
56
534
210
963
457
552
643
515
684
165
733
921
657
633
939
61
35
897
437
319
737
833
806
484
167
357
938
358
811
681
663
520
971
532
461
626
535
635
136
309
270
904
304
427
781
23
548
489
752
831
780
892
1015
751
347
577
998
896
914
356
447
888
32
571
