912
920
879
417
100
41
545
324
734
1015
632
26
765
721
725
591
377
531
340
323
788
256
604
848
334
418
305
967
992
849
374
976
72
46
208
488
550
866
357
945
830
552
900
369
827
483
615
660
373
179
117
985
680
159
559
648
915
589
787
914
856
659
3
54
469
809
644
1010
414
304
111
702
90
461
247
23
385
616
124
350
409
99
569
110
64
107
382
169
186
666
451
532
1007
520
329
585
202
502
757
484
684
68
435
760
773
836
364
125
98
739
1023
570
901
712
445
547
503
605
822
710
800
415
803
524
457
601
942
161
516
683
495
392
449
704
893
730
366
473
896
232
39
462
196
968
951
476
27
477
641
397
746
586
941
136
619
175
946
6
635
657
628
496
969
145
187
351
658
745
271
708
403
386
1008
162
857
863
581
226
572
490
391
478
454
654
180
597
280
574
647
952
241
249
625
935
416
750
358
419
751
143
791
580
673
593
862
474
554
349
855
596
618
423
732
731
18
703
587
352
758
408
153
525
274
718
228
421
92
634
674
907
150
873
332
105
20
69
575
89
770
360
480
198
265
560
905
943
452
939
1001
235
288
346
14
870
960
785
393
850
317
938
847
486
434
972
509
801
668
1014
824
239
748
236
829
979
177
115
507
869
218
883
521
927
577
576
315
36
845
460
804
752
782
627
62
253
744
667
17
286
664
716
676
565
44
910
767
7
463
1022
131
697
207
497
313
88
672
290
441
841
778
884
549
890
325
633
359
85
1013
962
944
813
137
87
711
231
653
678
540
282
337
174
692
167
1016
522
808
193
753
297
1006
216
1
28
728
345
74
528
859
934
281
1011
805
602
622
612
311
189
948
933
50
542
43
937
93
1004
381
688
990
458
530
326
606
402
1003
188
579
557
687
513
13
819
864
892
936
493
694
164
259
170
157
35
904
699
889
21
383
724
140
510
956
354
772
898
45
492
119
783
298
171
133
677
245
185
529
160
144
851
120
982
759
675
876
29
947
368
287
413
103
485
398
295
810
713
261
614
679
194
953
475
48
101
353
802
740
61
886
918
127
355
881
237
986
534
363
729
116
113
277
260
638
57
405
47
594
5
330
646
973
372
104
926
184
65
563
66
607
173
963
31
911
798
222
931
599
94
97
9
720
891
156
456
411
199
860
275
376
852
835
436
225
780
122
438
339
336
217
527
479
243
37
309
149
42
865
134
613
135
229
950
966
200
219
880
885
504
300
714
440
894
909
380
726
837
695
595
776
465
656
698
58
558
148
546
10
384
388
250
209
76
344
505
51
367
213
929
227
980
142
764
854
681
481
494
686
291
696
816
276
279
335
25
877
316
67
487
853
389
141
897
108
868
447
761
338
34
310
631
899
762
270
878
535
584
993
794
401
821
811
536
203
539
464
206
623
689
582
642
754
769
548
215
258
84
362
888
294
378
210
908
832
404
163
544
795
555
742
79
991
78
875
1021
561
400
306
467
500
328
343
212
763
112
793
293
70
826
205
515
781
342
621
831
526
643
790
651
453
690
629
263
995
146
375
234
997
538
506
988
779
284
387
166
784
221
709
958
331
268
768
998
471
129
940
844
214
365
314
608
121
812
424
774
319
1018
639
954
321
974
932
637
12
155
19
916
83
706
138
251
743
603
737
590
489
230
432
273
296
2
437
818
617
172
63
333
499
543
422
1002
420
971
32
996
470
671
640
238
715
151
872
1009
130
303
553
707
566
871
792
53
16
8
299
109
1012
717
682
71
75
705
262
220
806
176
272
396
139
957
693
428
395
455
223
749
165
81
562
970
132
984
211
118
15
154
312
797
283
568
301
747
833
292
701
442
182
86
727
645
858
195
446
722
955
514
838
201
178
254
738
517
537
426
433
106
735
399
789
799
59
371
567
839
861
661
327
80
823
766
491
255
573
1005
348
278
959
665
994
60
429
267
289
913
394
624
264
807
356
551
741
244
846
123
700
670
431
650
630
965
508
817
578
24
40
771
820
322
95
723
320
600
975
843
0
842
903
266
987
964
663
882
669
756
922
49
73
4
919
248
406
649
999
191
796
450
126
519
102
541
55
444
895
410
828
347
82
168
302
609
204
412
30
91
906
183
777
307
318
77
11
240
1020
379
775
685
755
981
1019
181
38
511
867
33
390
691
523
736
370
564
887
498
902
949
427
978
733
190
611
361
556
443
192
923
233
1000
269
114
924
921
917
152
533
472
242
598
285
501
815
252
719
308
466
786
592
197
928
588
1017
439
977
96
224
128
52
814
983
834
989
571
147
407
961
257
840
512
518
636
448
430
158
662
655
482
925
459
425
22
930
56
341
652
610
825
468
626
620
874
246
583
