753
605
193
75
812
303
791
50
556
259
511
642
768
623
668
504
3
654
93
635
215
148
185
644
888
396
512
426
224
52
344
376
563
246
938
414
254
660
919
446
769
218
798
901
94
314
776
722
415
650
108
375
200
978
141
76
718
1003
191
252
230
474
961
658
730
968
22
759
382
169
459
984
473
325
176
705
500
561
980
711
161
119
163
526
56
601
158
273
583
23
732
931
580
963
443
433
333
794
774
815
485
1010
593
1006
442
942
880
896
340
67
553
132
34
334
83
981
997
721
63
652
606
248
192
897
13
947
779
548
539
1005
31
516
651
466
326
914
16
227
588
77
567
717
91
592
574
508
849
114
33
57
469
1014
253
20
738
955
265
423
428
861
280
182
406
58
845
61
145
350
498
173
228
941
207
741
478
559
404
142
619
82
994
691
184
72
24
170
729
222
413
628
700
40
183
925
339
257
494
419
775
529
795
101
92
435
295
42
477
65
275
390
918
78
62
319
293
30
701
421
461
223
970
96
922
220
480
610
475
85
238
329
118
765
100
436
943
407
669
578
986
853
386
858
557
111
976
811
831
566
917
949
532
930
633
138
272
37
893
541
758
385
537
322
249
565
757
79
454
875
789
995
290
482
872
434
226
653
301
545
481
823
786
515
643
483
695
41
27
837
387
327
996
582
929
496
1004
883
131
1001
739
534
232
370
549
143
1002
155
749
36
898
488
362
974
196
5
590
144
581
373
300
731
692
19
162
843
856
424
258
586
462
210
45
294
813
495
703
245
920
780
502
308
338
716
884
311
857
208
969
657
378
666
568
438
781
201
946
521
962
973
134
430
860
345
49
802
172
447
867
822
890
99
950
289
234
472
149
934
825
836
525
952
219
522
936
124
1022
625
851
528
453
614
603
740
964
97
1015
231
418
125
46
634
73
64
489
801
367
527
747
838
782
665
935
104
348
558
520
840
1000
891
714
174
121
267
410
903
982
944
156
971
939
1016
296
336
767
384
796
733
852
948
271
186
519
569
618
667
133
846
673
850
389
328
11
214
490
346
177
425
615
499
906
535
664
576
140
470
487
284
979
632
927
332
762
804
991
189
881
113
464
299
202
178
788
542
987
564
120
871
686
116
427
945
551
129
302
806
677
826
641
29
448
360
887
596
924
656
937
636
514
1020
440
750
809
420
484
9
892
965
467
15
877
734
866
1013
147
229
597
865
745
748
409
372
452
639
608
713
55
746
599
640
688
323
305
117
833
873
975
312
198
631
130
764
719
699
365
694
0
842
366
646
349
242
790
112
351
422
755
698
84
320
546
723
627
999
402
497
374
715
661
1019
47
233
777
240
159
217
855
827
297
291
197
787
255
225
416
899
579
595
702
432
814
411
468
735
371
612
916
279
841
359
39
1008
894
915
316
555
727
513
364
839
179
687
1
763
509
904
766
554
977
352
571
647
616
309
431
772
150
696
678
589
983
285
213
792
160
773
304
356
807
885
95
1023
932
4
146
818
886
35
816
401
676
609
902
617
361
263
743
913
956
262
451
48
266
256
629
152
784
126
844
926
959
570
244
697
137
594
972
492
990
533
269
797
604
278
337
318
400
953
905
445
600
164
25
518
672
940
1012
212
626
879
752
552
540
283
110
395
216
550
330
1009
958
441
690
544
662
264
123
10
7
785
353
282
26
460
671
921
43
493
829
726
243
869
450
751
684
954
355
211
260
221
276
368
832
859
261
315
863
429
306
998
591
621
313
135
536
602
587
800
524
103
377
624
51
908
239
394
862
923
674
637
59
397
60
675
742
195
754
503
824
1011
171
388
728
966
107
187
463
543
87
471
760
830
190
577
638
383
611
74
510
712
951
288
241
707
391
572
505
985
737
398
127
268
90
277
523
8
379
783
175
437
810
68
622
1021
292
157
988
88
206
911
18
181
54
380
71
307
725
649
321
960
704
993
342
706
408
828
324
235
479
805
44
21
681
166
250
878
967
205
151
808
122
310
895
53
381
992
12
98
778
659
771
562
89
874
341
335
165
680
204
710
417
663
357
560
38
648
458
1017
331
180
412
685
507
835
247
457
106
693
645
270
455
343
476
724
598
14
358
153
847
86
392
736
237
670
928
912
69
720
1018
909
630
957
28
770
819
167
683
607
655
870
405
744
136
6
274
287
347
81
708
547
575
793
933
689
709
439
399
486
236
17
105
317
864
115
281
854
817
531
491
449
393
286
203
501
989
209
188
907
613
66
194
80
585
70
910
369
803
868
834
403
251
679
199
363
354
32
1007
799
444
573
756
821
882
456
538
168
102
465
154
128
761
620
876
530
298
517
889
584
139
2
848
682
900
506
820
109
