897
663
859
264
12
30
634
895
318
949
84
501
284
223
491
769
15
741
90
745
162
423
849
610
766
636
879
921
631
739
225
607
196
341
107
1001
714
77
753
694
771
373
585
279
484
479
507
426
167
515
722
518
740
908
972
588
905
953
779
112
144
221
114
111
946
684
817
183
93
749
415
546
257
843
25
850
613
578
68
715
1016
187
928
962
1008
344
59
47
182
1006
855
171
161
827
6
237
234
21
254
536
19
320
742
76
455
522
488
1004
594
429
296
463
362
57
678
316
295
967
367
72
336
375
525
711
258
140
867
545
971
806
17
302
625
538
212
576
961
130
63
995
989
1014
725
495
89
630
657
330
614
828
542
537
521
954
192
582
574
729
360
243
1000
527
583
904
734
797
18
379
459
1009
335
789
601
245
662
686
619
898
680
543
365
79
203
244
871
503
718
508
65
486
235
29
847
835
69
431
425
969
974
557
340
617
787
792
934
727
306
689
1015
668
91
307
384
277
48
978
677
125
165
239
231
85
562
612
228
143
516
483
1022
75
443
735
901
679
520
490
632
461
208
49
573
629
549
880
405
882
51
355
705
193
983
226
509
236
728
261
174
938
604
158
181
217
288
396
179
801
826
380
7
413
389
759
100
911
633
903
942
263
46
470
500
419
984
348
326
356
297
909
966
881
695
844
172
886
246
40
998
873
189
200
241
977
790
671
267
595
8
104
698
559
180
108
205
175
580
312
458
152
310
732
147
930
178
796
489
185
814
1007
359
145
830
534
864
890
88
195
361
281
923
649
450
105
121
670
311
920
840
720
33
519
134
250
812
750
513
207
621
462
528
1011
156
975
50
319
20
116
466
334
947
270
798
778
990
249
775
804
673
276
641
876
603
472
870
468
1010
309
959
186
363
55
842
253
1023
540
700
523
454
478
381
1020
913
438
83
219
251
970
432
1002
724
471
113
803
346
278
865
23
327
751
511
737
349
919
591
385
635
324
422
952
371
286
821
530
605
872
529
996
988
53
561
61
194
407
860
891
206
485
692
857
927
260
287
343
78
712
786
110
958
572
762
620
157
987
289
433
428
282
304
894
933
36
442
168
541
285
841
651
1021
308
951
197
402
577
524
476
2
642
794
533
494
772
748
242
94
352
719
770
845
173
153
948
397
13
137
1
696
440
795
707
160
569
943
45
42
807
548
833
398
758
131
731
146
776
412
710
492
369
874
736
22
188
526
944
323
815
9
639
441
606
92
774
460
599
991
322
832
155
936
451
35
283
445
434
581
699
201
142
504
608
899
799
514
819
10
510
41
575
414
676
888
209
554
592
409
456
656
997
321
424
957
149
54
517
81
496
598
97
650
654
404
535
597
256
403
337
99
273
339
191
123
647
498
86
1018
924
227
24
374
464
117
437
683
823
653
571
248
32
746
215
568
238
372
640
0
669
551
910
674
210
1013
473
941
960
3
838
666
38
761
1012
837
884
198
272
259
912
240
224
56
661
390
863
220
314
747
808
300
376
163
151
600
315
16
586
816
906
877
839
675
982
101
834
616
622
965
386
325
665
979
383
106
767
184
532
342
611
70
268
400
44
467
726
624
39
531
875
66
836
986
566
638
350
138
199
664
135
421
846
317
981
80
713
98
892
916
593
716
681
709
643
294
465
570
452
793
382
565
896
102
856
150
417
672
902
885
229
587
28
869
133
73
811
453
743
889
291
945
802
416
4
564
784
915
477
499
170
120
124
887
926
132
623
648
82
448
993
596
878
388
781
418
474
918
765
646
964
299
301
883
395
427
584
269
645
800
818
280
730
813
293
706
166
502
615
27
690
275
589
262
980
687
763
703
95
658
129
963
929
655
353
704
11
777
233
214
1003
764
141
773
937
345
497
682
788
579
558
164
822
378
58
410
255
449
851
71
791
204
862
820
935
708
487
782
480
976
667
854
26
118
370
701
768
62
52
338
563
552
290
5
756
940
555
358
435
539
266
780
265
738
717
825
783
702
128
1017
190
723
973
303
481
567
126
37
305
292
406
505
436
351
644
420
87
968
1005
853
917
177
1019
136
932
447
446
119
955
439
602
329
652
148
154
34
893
733
347
693
391
60
399
109
659
493
950
366
785
831
590
176
626
721
169
810
364
506
457
328
560
852
222
298
992
377
931
754
331
848
31
159
824
392
67
512
809
252
387
271
914
115
74
858
216
829
866
999
907
956
64
688
313
939
685
232
755
368
618
394
430
697
628
96
103
994
691
218
556
401
127
544
139
922
408
553
744
354
760
357
333
550
14
274
411
627
757
861
868
247
393
660
925
475
609
230
900
444
637
805
43
985
122
213
547
332
211
202
752
469
482
