310
874
367
745
511
188
390
859
719
362
375
741
287
1007
887
781
476
576
985
729
386
457
66
269
475
59
989
41
276
873
571
421
529
331
1021
898
821
914
278
572
1013
578
521
303
942
865
238
736
618
1018
747
981
826
304
897
469
70
783
463
950
274
61
437
757
293
569
79
574
514
906
19
853
222
328
920
500
509
75
992
311
689
631
936
52
292
756
54
743
1023
858
360
498
411
739
377
566
370
212
589
702
619
115
754
541
684
158
313
243
250
894
430
879
100
4
557
767
863
249
340
661
415
230
442
674
955
870
779
11
427
654
847
217
871
862
710
15
438
567
900
307
552
160
565
81
63
117
162
37
655
712
837
173
672
182
740
468
718
970
210
789
817
474
95
671
459
685
737
439
844
291
195
8
327
636
547
346
116
585
88
297
27
551
275
611
972
609
617
214
624
132
388
272
29
428
525
649
678
846
235
788
927
562
946
282
335
1
977
399
563
368
186
880
794
448
295
424
979
852
658
1012
532
456
647
446
630
470
731
242
110
708
902
169
395
968
638
975
934
806
213
78
172
7
420
140
983
259
776
534
93
118
505
108
720
10
836
449
941
763
595
963
279
613
270
782
575
704
128
537
748
550
886
216
384
727
341
1000
639
644
363
231
860
478
134
725
780
594
353
319
72
161
201
423
855
648
501
699
891
790
818
784
185
751
224
984
991
89
933
742
623
499
690
990
964
121
152
598
444
544
21
538
786
339
76
956
605
828
614
809
179
9
120
681
626
621
445
951
676
90
176
545
180
535
627
184
866
197
913
734
129
392
494
1004
583
351
409
918
573
20
265
662
504
16
74
819
391
267
937
447
436
800
596
408
682
773
38
481
417
138
30
822
616
520
797
246
670
928
921
234
733
700
716
68
60
915
777
209
336
513
590
348
925
997
365
829
5
312
726
600
515
645
410
244
325
771
366
607
156
461
493
97
523
948
376
838
378
199
527
71
522
938
14
967
123
344
109
389
101
422
604
772
691
570
1017
202
248
888
587
919
778
815
711
895
592
153
497
261
1008
6
947
151
284
869
317
960
407
113
405
746
229
926
861
239
147
53
299
99
314
508
227
688
369
190
843
798
177
620
271
33
264
477
343
633
434
978
300
404
111
787
358
554
122
419
973
204
728
83
945
878
1015
695
345
215
324
830
744
652
832
517
47
485
833
166
187
193
233
622
722
924
256
971
219
910
258
510
651
761
149
1014
288
237
490
848
487
316
451
714
536
460
62
0
612
441
601
104
136
142
1011
342
98
155
683
834
966
542
825
471
85
2
77
944
507
876
46
413
92
418
854
440
174
883
251
425
236
659
154
326
591
916
318
36
393
831
884
766
646
322
696
496
1016
986
464
208
999
486
857
842
580
387
953
285
255
735
903
232
452
329
850
841
34
564
374
416
289
882
808
26
987
774
845
998
479
55
431
579
338
969
641
13
22
597
581
91
218
175
877
528
443
1019
952
107
805
769
668
642
976
660
694
373
608
765
426
923
677
663
482
146
717
183
730
922
755
802
759
603
355
856
1002
713
472
954
352
396
584
273
813
323
958
96
252
281
872
679
935
904
835
308
656
170
526
84
792
764
558
893
406
698
885
586
247
701
125
3
189
23
480
1020
653
524
811
890
875
347
206
931
240
301
86
484
133
996
350
203
35
724
268
198
1003
105
192
697
666
150
506
762
752
357
306
686
491
65
466
932
164
168
556
171
512
827
39
503
432
911
205
257
220
245
770
112
959
401
705
548
546
667
599
64
43
980
141
791
593
896
334
629
560
961
379
492
321
628
402
143
400
127
1022
354
502
495
839
67
139
196
693
549
801
899
568
403
383
1009
851
294
559
760
675
909
454
145
650
254
664
473
703
266
868
394
126
994
930
816
982
24
372
606
995
414
793
381
785
397
167
48
260
124
144
106
483
1010
191
32
917
881
42
1001
709
50
56
577
349
489
458
309
87
263
277
130
296
820
290
283
51
207
993
540
643
912
867
555
262
94
795
588
298
939
824
864
715
69
518
775
804
398
635
687
315
40
330
707
228
31
665
45
943
889
337
302
758
753
226
962
905
157
194
892
908
412
533
602
553
435
57
28
488
462
332
823
738
371
385
356
223
467
669
796
516
988
25
940
211
732
359
901
333
305
380
17
80
221
103
849
320
102
114
531
632
673
530
163
812
543
615
433
178
135
429
803
364
692
382
625
561
810
657
706
82
131
929
49
450
807
73
610
361
949
768
1006
799
907
957
840
455
965
181
634
18
721
750
44
1005
814
241
137
519
286
974
280
165
539
453
465
749
582
253
148
640
159
58
680
119
12
200
225
723
637
