103
926
192
595
720
283
990
522
586
309
42
703
805
395
191
973
266
620
989
561
841
201
664
396
907
542
745
44
964
374
284
997
892
755
868
240
993
806
672
996
878
429
1000
326
942
430
358
863
4
160
614
41
364
154
761
909
220
314
441
397
150
642
667
334
572
112
924
502
939
74
119
704
117
55
523
965
756
588
229
540
1006
420
179
500
650
779
611
82
129
959
418
264
780
570
872
8
92
327
312
767
782
928
623
629
584
635
548
454
913
669
109
641
406
948
1007
339
203
871
604
71
248
790
564
835
373
823
1009
317
911
372
347
423
936
945
61
6
96
789
175
131
288
211
398
531
299
362
929
3
525
322
654
184
123
628
740
450
687
513
410
986
784
655
156
663
781
437
270
78
534
306
597
748
257
808
282
43
603
320
904
751
744
793
212
214
547
287
809
169
798
394
1003
758
933
361
947
444
165
176
473
608
195
803
53
994
648
57
301
698
464
721
447
731
158
714
634
237
32
575
427
606
77
850
246
113
85
880
219
1021
147
587
702
476
277
249
477
163
535
137
636
368
665
93
967
630
856
393
344
230
98
830
754
319
585
21
107
591
353
17
521
173
864
920
725
140
774
399
579
438
978
821
526
127
733
62
894
315
615
445
847
172
465
877
681
799
235
873
498
434
354
979
215
515
508
870
329
321
562
267
574
845
516
1011
388
659
1020
19
435
145
814
560
839
622
859
94
955
549
999
612
838
114
183
675
800
590
9
151
236
797
709
387
676
45
355
627
899
795
24
763
816
376
268
599
966
568
142
272
14
310
832
1019
613
490
261
857
404
656
461
234
759
409
977
443
858
711
300
893
918
533
132
988
263
247
504
914
517
931
102
463
903
200
666
492
554
124
510
995
600
699
953
50
557
738
824
952
228
503
238
259
250
844
637
529
196
474
915
408
577
671
922
38
749
765
207
646
992
762
567
16
511
825
743
208
643
689
972
363
836
99
619
673
605
436
49
97
764
507
812
80
616
343
524
39
862
1001
867
1
482
357
60
467
335
649
177
960
678
644
541
30
440
164
352
457
480
802
828
1015
506
874
677
116
479
670
842
313
370
47
34
241
555
916
168
258
143
153
686
439
976
881
696
251
371
302
729
807
136
757
162
553
912
453
556
262
890
925
735
801
205
256
65
694
210
366
349
917
70
7
130
126
341
843
818
135
908
624
539
471
58
253
446
390
1008
379
726
182
152
496
383
289
691
378
170
804
519
346
138
483
883
360
775
776
944
199
108
717
822
582
900
36
713
186
919
325
954
887
512
226
139
566
647
653
159
213
225
773
961
149
469
243
290
52
886
189
384
753
596
381
73
88
626
730
486
951
455
451
742
970
285
377
367
657
853
22
1014
336
365
324
416
752
985
693
766
66
194
403
884
278
746
543
957
125
697
83
573
271
276
209
460
791
407
382
122
956
40
308
244
405
470
254
350
722
110
1010
148
351
389
485
414
737
700
640
442
311
90
885
316
392
895
851
120
29
81
72
144
718
91
178
652
386
501
943
1012
536
963
710
732
708
787
962
876
580
11
233
345
385
25
104
401
937
1017
815
223
788
359
487
304
411
690
1004
514
532
433
578
826
67
134
239
827
87
840
421
682
520
1005
796
12
297
157
462
589
811
897
679
348
193
495
375
307
115
466
998
984
987
252
369
896
342
133
46
879
854
831
849
683
402
661
76
269
852
331
783
715
848
281
950
772
51
769
356
274
180
59
932
609
813
20
981
625
456
558
898
174
493
412
633
538
505
910
328
692
206
35
905
286
15
934
218
971
484
190
318
785
583
295
227
923
747
941
544
478
723
618
846
921
576
245
739
674
494
63
422
1016
188
527
10
662
602
935
333
819
56
716
167
166
820
481
728
330
592
106
472
593
621
155
491
280
415
1018
946
940
121
340
101
417
607
891
786
332
2
231
638
865
888
969
563
432
499
707
569
222
991
571
778
695
431
294
701
95
768
13
202
861
426
724
187
610
18
265
337
86
685
224
658
5
938
792
866
930
260
255
882
232
509
79
546
760
817
906
741
688
902
413
105
980
705
64
651
829
146
380
983
975
84
400
869
118
684
185
338
927
1023
639
279
794
901
736
727
770
459
452
488
550
242
296
26
197
1002
565
68
552
31
216
28
100
734
27
810
89
668
1013
680
428
291
475
458
875
33
974
54
204
660
833
594
530
860
303
968
37
855
161
425
424
305
750
889
273
293
292
834
581
617
1022
949
982
537
275
712
141
419
449
323
217
198
489
958
171
128
632
645
468
111
221
298
181
448
719
69
0
559
631
391
48
706
777
528
598
601
75
518
771
837
497
545
551
23
