179
134
356
967
644
621
956
500
405
407
582
722
866
773
34
794
39
820
898
22
830
273
263
224
77
72
537
418
736
340
79
343
163
29
349
503
826
587
939
576
455
175
525
629
682
912
565
374
364
889
160
607
603
95
688
839
242
697
286
506
787
448
1018
686
451
854
558
1005
155
316
575
626
181
254
531
871
675
216
236
98
980
605
551
555
315
333
827
120
620
41
302
714
87
669
867
321
234
81
46
299
815
25
833
924
289
536
670
293
477
40
409
249
652
402
665
408
801
962
989
841
954
71
106
829
291
195
300
623
876
868
82
469
131
85
713
703
706
17
446
487
915
387
548
614
89
86
128
94
492
875
344
358
250
514
112
105
68
138
594
936
744
406
214
171
265
90
208
319
770
734
283
689
73
35
728
74
1000
246
719
447
427
1019
608
844
219
602
190
280
643
371
1011
631
127
375
489
152
549
931
848
311
165
597
798
470
978
410
945
647
861
113
78
53
799
76
768
188
43
437
359
317
277
288
126
444
183
213
475
718
18
771
817
36
963
422
895
577
538
878
389
952
906
955
810
845
209
997
1014
396
896
596
70
150
186
903
243
710
625
31
741
663
121
301
459
973
660
118
377
445
132
369
497
173
589
361
19
93
760
786
651
350
534
819
977
5
256
509
846
439
720
467
701
233
3
348
662
657
937
376
116
458
26
570
681
970
671
221
119
779
58
695
747
429
37
687
16
742
227
23
777
891
210
11
151
600
953
922
851
392
174
320
823
750
313
639
613
795
12
784
862
1020
294
380
4
645
892
258
145
636
508
52
685
267
569
656
452
917
677
905
1017
386
50
1010
617
92
454
711
812
367
920
1015
791
415
99
136
148
197
740
421
926
599
856
483
942
843
158
135
465
874
960
413
425
769
990
914
731
96
1003
1
269
650
388
203
252
222
591
194
767
944
822
114
619
42
745
193
290
580
365
433
519
560
609
553
97
48
808
401
738
775
9
314
679
478
399
934
384
434
832
658
223
969
393
217
828
749
404
530
790
109
928
211
879
480
988
737
228
372
101
279
1007
253
940
140
806
976
698
257
785
668
585
529
593
271
982
164
974
802
673
147
872
124
285
610
325
83
287
702
482
56
809
498
15
395
67
959
431
965
206
1021
335
337
270
672
573
863
363
416
485
873
44
739
638
992
232
567
423
993
75
943
201
339
450
366
460
564
611
646
890
590
715
107
307
351
255
622
394
397
104
824
612
207
816
110
972
353
275
707
63
949
913
0
426
239
838
834
1013
499
199
543
789
45
864
305
515
616
507
10
909
14
453
664
259
877
544
260
436
231
474
488
226
723
419
373
329
491
618
417
526
225
764
370
807
545
215
1002
322
1016
550
411
932
323
62
615
539
546
212
907
202
142
49
700
27
55
527
885
69
986
20
882
342
724
901
463
295
835
420
674
721
355
902
385
950
540
648
966
159
743
247
513
910
592
884
583
123
930
676
586
493
571
272
732
783
496
994
30
200
709
141
486
502
238
464
766
533
65
778
466
428
574
303
357
347
818
345
661
975
730
1006
725
814
167
957
309
535
60
557
144
584
985
528
178
170
542
883
495
541
378
133
230
166
855
205
756
948
2
840
191
284
505
630
761
825
880
220
797
156
562
693
304
1001
476
624
683
733
958
979
1022
804
870
336
479
981
765
556
517
984
900
566
88
796
524
606
904
865
511
933
346
494
472
847
103
122
390
130
552
935
946
634
332
182
704
157
754
649
282
398
961
218
572
735
522
836
412
262
189
261
532
64
850
352
153
1009
172
241
278
308
869
245
334
811
341
1004
987
637
111
793
125
235
923
327
264
244
360
8
837
281
727
362
32
559
149
757
753
21
432
51
628
916
991
292
842
821
694
139
391
204
381
641
780
1023
468
666
318
691
382
857
627
33
601
776
788
888
516
198
712
184
306
57
632
746
117
180
240
964
400
998
324
758
792
579
54
512
115
274
938
705
251
748
430
6
642
7
481
547
440
947
667
813
849
655
91
999
899
726
298
708
894
755
654
781
561
684
354
129
925
563
328
66
310
588
379
162
38
782
805
996
860
424
800
297
897
983
918
568
161
471
490
520
852
403
635
443
484
501
146
803
442
521
13
185
102
187
772
176
168
659
554
858
908
1008
312
581
435
137
473
578
929
831
919
604
59
441
893
911
296
678
177
653
268
921
859
383
462
100
330
108
717
751
143
24
941
154
47
266
438
248
995
762
461
640
729
456
853
774
763
61
368
971
927
449
881
326
716
1012
690
951
518
523
237
696
331
84
699
196
510
887
759
28
80
598
192
504
680
633
752
169
692
457
414
229
968
338
595
276
886
