619
417
382
914
588
820
495
924
944
741
353
553
868
227
359
42
308
806
294
361
774
790
263
212
523
865
502
763
307
919
473
323
824
875
687
530
26
843
120
550
564
119
443
602
845
645
897
710
38
693
1003
876
129
991
71
366
942
673
233
332
283
281
807
973
374
372
964
28
318
777
605
717
369
241
746
396
190
902
933
676
892
4
97
613
595
479
858
32
904
19
319
313
791
194
250
92
305
345
846
631
857
428
792
112
146
142
282
330
113
718
796
152
214
510
57
99
211
977
491
985
889
522
513
77
798
952
883
416
195
992
484
300
615
508
110
654
217
153
398
641
938
751
30
1000
34
8
507
91
331
141
339
501
744
669
234
1016
634
630
565
966
503
68
922
548
14
486
1002
689
295
855
414
230
959
466
621
748
1012
51
450
655
996
847
560
859
890
40
156
59
787
893
819
574
498
139
1015
242
926
628
21
773
421
201
159
957
987
304
691
50
649
36
800
90
831
760
471
271
776
384
581
596
200
921
984
1001
572
946
149
607
930
832
586
903
136
509
608
161
822
812
16
953
351
3
229
626
349
604
784
182
183
983
25
279
617
781
86
172
320
122
395
672
770
237
768
801
350
860
178
849
570
273
355
940
702
935
373
517
743
704
109
186
1019
962
841
1005
524
726
280
150
267
647
210
936
225
197
472
1013
336
410
618
31
685
43
707
802
779
459
105
47
162
5
118
549
427
418
420
1011
633
402
547
346
825
552
196
452
442
567
920
293
541
679
885
767
166
908
627
600
830
1018
444
470
236
298
677
896
535
554
238
804
180
435
362
11
643
821
480
462
842
46
333
354
941
274
9
218
764
520
125
328
670
945
1010
275
82
597
569
246
368
357
131
529
489
583
76
1017
422
257
729
532
951
439
107
512
277
956
1023
440
834
49
635
923
284
363
762
747
750
928
724
312
888
955
867
315
688
545
757
151
390
259
700
321
603
325
232
45
220
678
78
52
33
712
66
799
880
499
436
703
434
970
585
163
352
566
380
850
891
154
861
884
558
449
429
863
358
371
934
356
433
56
490
55
198
894
265
544
917
911
698
476
389
656
27
527
392
536
561
314
731
504
465
839
963
261
115
782
179
616
286
455
460
929
132
20
642
54
226
12
701
448
252
247
316
716
742
206
598
958
814
276
738
243
899
869
620
805
668
181
188
740
725
589
128
403
209
568
694
758
575
173
22
53
207
715
221
184
95
683
204
709
836
268
61
818
203
838
133
29
576
785
158
686
254
431
378
518
485
419
140
580
1014
175
754
457
811
114
692
813
780
216
882
794
80
827
948
297
753
533
971
467
397
135
171
720
925
37
487
235
62
965
506
13
127
606
334
138
413
759
189
360
474
979
167
469
658
324
116
895
719
191
728
650
526
752
400
998
87
666
913
697
905
657
551
463
961
521
88
430
690
24
833
680
454
721
713
41
412
272
409
335
844
664
659
909
906
223
696
393
199
266
394
456
516
723
771
577
326
64
124
424
916
461
788
123
245
176
871
651
681
327
70
660
593
1004
947
662
881
636
493
733
174
927
826
735
864
7
931
377
737
329
525
949
601
587
126
646
853
6
594
117
437
264
877
912
386
270
975
494
980
816
287
705
239
622
974
488
539
446
85
441
534
364
732
240
624
993
311
447
711
445
370
886
840
348
675
579
101
978
665
483
727
408
39
482
543
269
809
170
542
388
990
557
208
828
766
960
969
783
997
148
341
872
609
137
75
98
708
303
1007
299
343
982
478
730
972
976
795
808
755
582
48
592
734
375
79
205
663
468
674
954
391
640
17
401
714
121
988
94
736
425
15
399
365
611
103
381
301
231
629
255
648
74
653
415
93
451
789
108
514
765
379
610
900
870
540
614
160
407
837
590
639
879
219
96
1008
699
432
862
775
317
81
249
111
599
661
817
497
102
145
340
706
404
671
852
67
367
2
810
563
887
185
756
192
35
573
438
835
722
989
289
147
58
387
918
411
937
290
285
143
528
749
623
761
994
344
1020
309
578
511
815
986
638
950
968
829
910
406
682
106
10
915
306
475
556
296
519
515
423
73
848
258
134
18
898
803
667
745
854
559
546
262
907
69
644
193
739
571
224
999
851
347
260
322
1009
458
65
278
995
769
481
1006
157
177
83
793
248
310
684
584
213
562
100
1
878
426
939
537
165
169
901
538
778
874
786
376
477
244
0
652
772
1022
60
1021
253
492
405
797
342
202
932
222
464
555
130
251
337
505
453
625
637
228
981
338
967
144
302
873
44
23
155
591
256
89
823
695
187
291
856
164
215
866
383
288
84
63
292
496
612
168
632
943
531
72
500
104
385
