841
761
664
588
252
164
47
1016
671
926
291
458
213
50
114
325
703
609
567
498
16
745
627
173
366
243
490
214
608
423
589
819
950
396
1005
980
810
339
178
793
320
60
554
440
587
40
383
66
680
1010
693
544
128
237
278
429
407
677
476
912
24
421
623
489
784
679
469
497
217
181
73
788
958
166
829
165
560
248
734
855
340
372
645
987
730
610
561
253
527
942
781
654
13
55
77
266
891
460
534
758
694
537
804
271
249
785
288
572
540
795
466
1003
492
688
611
62
51
550
416
229
361
776
546
565
197
120
682
427
935
731
746
735
448
1021
653
807
740
753
5
750
981
83
821
162
313
581
44
593
155
206
549
348
900
678
437
457
292
1023
543
658
117
836
463
149
385
938
522
344
293
201
547
937
741
881
660
335
198
123
494
413
199
535
899
347
650
484
284
863
673
700
474
203
343
196
350
38
482
765
1006
971
830
849
689
360
705
701
603
400
641
796
102
390
1012
772
778
124
171
353
324
218
0
94
81
1015
886
183
556
176
837
191
190
563
997
505
552
488
948
602
104
341
185
286
359
459
692
113
462
539
296
909
471
970
281
153
501
311
446
848
699
510
414
119
853
67
787
30
760
977
835
375
58
763
451
110
929
668
355
101
268
918
838
966
513
260
426
798
676
1002
328
195
578
354
42
12
432
859
126
204
975
450
453
46
34
702
461
130
681
893
716
48
834
960
276
754
794
687
235
584
774
159
928
721
919
246
767
530
36
895
686
780
902
234
930
275
714
652
752
97
405
299
903
872
499
541
122
1022
150
23
521
905
57
434
312
583
635
555
158
860
433
478
933
295
349
812
500
709
397
524
984
333
307
642
630
85
907
280
392
143
756
388
811
318
477
222
151
894
1013
486
111
364
179
116
884
862
972
35
401
846
287
519
691
662
789
239
508
133
447
495
298
152
718
386
518
669
559
258
9
408
710
137
952
990
910
882
76
887
737
107
439
384
529
736
531
921
885
856
957
685
259
100
969
391
480
828
822
131
205
394
415
345
732
769
931
98
39
10
282
255
483
332
211
455
389
346
979
542
666
861
592
621
526
393
949
127
228
409
236
962
779
598
775
924
305
254
590
868
262
878
989
402
11
632
487
720
289
403
901
875
208
573
879
965
443
99
845
840
418
377
1011
419
330
417
818
945
70
79
791
189
614
309
936
56
157
817
998
464
202
923
548
336
379
655
706
976
986
91
22
504
833
575
771
596
964
514
174
528
713
715
904
265
585
783
188
244
762
649
177
591
380
378
1004
764
808
493
274
663
816
711
302
515
586
221
973
435
43
357
163
129
109
21
725
481
52
799
485
369
847
251
670
326
869
843
934
870
503
226
74
132
428
755
643
41
261
304
708
441
138
999
946
387
533
192
381
331
61
25
209
858
395
695
303
319
75
29
532
690
193
470
115
625
399
951
605
224
160
272
121
445
227
406
87
897
941
827
696
564
411
786
1001
358
512
17
317
726
169
257
327
84
371
792
633
916
322
139
704
105
337
656
604
616
988
727
54
963
140
362
32
634
167
850
797
888
802
805
883
368
917
28
49
516
913
523
667
491
108
826
874
351
947
553
511
161
967
242
582
545
106
200
647
536
363
15
914
768
974
922
777
558
579
279
739
954
576
637
612
801
172
823
674
247
468
45
53
472
867
873
184
615
896
600
813
939
880
757
932
675
144
168
742
557
412
376
367
438
628
145
648
568
624
245
751
270
782
225
898
876
978
889
496
574
683
773
927
334
89
619
815
639
68
506
456
216
712
832
7
747
207
1020
19
210
509
613
92
220
215
329
6
80
300
180
26
993
230
944
569
800
2
310
1017
170
373
651
743
626
606
820
269
953
983
95
831
538
212
338
985
420
1018
146
374
525
136
994
72
31
398
148
93
112
125
3
629
507
852
232
475
238
4
182
892
749
646
617
219
982
955
356
622
90
316
134
672
580
636
263
959
141
175
620
844
851
147
352
65
365
290
925
306
824
842
308
814
733
82
194
156
940
294
187
839
571
915
854
314
991
14
273
473
264
551
698
665
640
992
223
424
644
142
956
64
707
570
465
444
425
618
724
297
1000
968
719
890
717
63
267
566
382
1019
454
597
906
806
722
729
277
728
631
78
759
657
865
69
118
315
452
342
577
250
1007
601
520
370
8
738
1
595
431
59
770
1014
479
661
684
71
33
871
135
430
231
449
186
233
154
996
256
790
599
285
911
301
467
321
422
748
103
766
864
809
908
86
517
943
18
37
1008
240
857
744
723
995
825
410
502
442
436
96
88
323
961
877
594
638
283
607
404
659
866
1009
562
20
241
27
803
697
920
