971
735
148
811
70
831
946
936
795
91
251
384
504
843
960
824
173
236
311
1008
767
870
83
616
953
456
401
909
260
515
317
862
47
426
640
212
34
190
974
446
286
1023
340
580
162
785
357
393
552
1001
312
593
489
1009
809
926
177
246
158
553
835
664
581
585
204
637
339
497
649
775
659
427
746
58
518
433
938
885
74
428
256
685
859
478
417
844
54
1006
612
437
777
796
220
482
921
922
457
182
257
670
845
78
392
846
856
680
709
479
320
160
958
928
524
738
733
759
634
233
164
3
993
638
421
353
146
184
467
819
161
739
551
258
871
689
179
197
279
287
300
620
189
646
338
38
168
222
485
850
207
600
766
549
109
98
57
472
371
474
875
275
817
791
648
674
530
986
234
992
225
798
95
985
17
30
344
372
295
44
136
55
987
569
820
203
159
623
349
968
675
874
681
451
966
532
857
39
601
583
405
877
806
903
935
787
663
947
917
507
588
66
970
22
730
491
139
440
7
880
432
23
888
282
21
178
961
395
412
145
138
224
328
94
597
18
230
1017
14
464
1012
50
567
826
377
802
818
100
991
594
697
430
121
631
110
579
512
273
772
982
939
107
930
175
11
46
470
1018
954
516
151
952
627
42
250
140
550
907
705
816
249
313
450
115
407
842
285
573
326
144
812
153
316
776
25
748
783
647
752
671
142
691
969
359
591
879
343
714
438
823
769
673
1007
429
810
559
410
571
469
56
617
84
503
712
226
665
763
276
528
771
336
708
758
296
104
435
881
829
170
134
834
172
1021
123
132
211
356
323
895
176
147
191
565
794
868
740
195
59
331
872
16
466
574
324
213
727
867
335
180
79
218
931
533
476
48
68
302
656
1004
267
668
575
534
762
389
858
898
108
672
792
245
0
200
789
887
513
737
678
471
695
404
510
606
271
825
219
800
554
981
319
480
262
555
13
385
386
751
374
828
950
1019
618
753
394
247
452
525
956
653
801
561
754
416
441
143
644
603
905
301
540
890
967
362
542
731
81
284
111
933
492
608
268
830
496
891
303
86
676
202
848
920
199
423
35
696
780
77
560
586
155
361
900
866
462
196
103
607
572
997
813
5
494
36
448
864
625
487
484
382
498
804
667
391
458
919
615
741
998
699
283
853
32
137
838
499
630
364
904
983
241
306
304
995
979
422
169
439
141
725
366
622
1013
520
1022
662
67
125
526
341
167
309
768
181
509
347
962
297
152
350
117
6
238
943
707
849
9
413
252
840
325
210
19
923
976
2
743
114
365
679
1011
370
523
289
944
293
628
367
901
242
942
192
886
598
376
912
803
259
20
193
690
274
445
60
330
235
1002
654
543
93
765
693
836
468
539
704
863
596
896
805
298
544
908
639
4
642
701
120
112
31
215
650
635
63
609
363
342
582
411
977
839
272
814
403
761
129
288
578
537
425
980
538
15
205
264
505
624
1014
463
719
736
747
713
154
475
557
380
684
201
278
124
449
305
228
400
248
959
666
194
486
722
88
87
541
292
643
716
837
409
861
965
130
291
375
807
745
447
333
72
290
764
1020
61
990
187
932
502
217
501
934
945
351
221
910
508
348
308
106
71
379
703
688
321
460
626
314
873
261
388
237
399
402
841
545
660
833
12
29
118
270
255
577
396
797
924
383
957
652
337
683
490
294
563
883
989
546
773
760
318
611
157
239
102
307
254
734
281
360
755
49
855
686
444
443
52
415
911
851
723
269
949
815
408
564
65
45
590
852
614
133
893
82
889
223
500
562
529
131
774
915
595
135
1016
757
481
832
948
860
742
514
527
346
40
788
473
531
592
955
265
97
636
315
790
902
101
334
171
677
352
92
73
227
33
521
604
424
854
1015
483
436
994
1003
354
477
198
62
973
700
941
266
414
576
80
884
892
558
799
459
345
85
821
27
876
589
964
711
651
206
495
587
89
310
186
778
698
229
702
610
556
916
506
398
185
434
808
431
721
1000
113
76
547
996
454
927
781
406
231
126
536
692
732
937
869
770
726
216
105
786
584
368
453
918
420
894
418
519
165
214
332
1005
442
174
1
373
865
127
188
243
718
253
119
69
10
999
493
390
397
41
827
641
8
369
913
963
156
166
629
710
661
822
240
899
208
694
43
605
358
658
387
522
209
277
355
906
925
706
90
914
568
566
750
729
602
116
232
613
1010
150
897
621
749
619
244
280
263
488
724
75
51
779
465
847
419
548
972
53
37
782
756
517
645
329
717
511
24
669
682
951
322
461
715
657
878
655
882
299
599
96
26
793
122
978
381
744
940
64
149
378
183
984
163
632
570
975
327
28
929
988
687
535
455
720
99
728
784
633
128
