195
648
559
501
28
874
354
612
204
770
495
869
78
878
805
344
489
347
755
320
936
924
155
392
523
506
481
205
398
971
164
223
96
720
221
184
449
705
135
306
43
934
651
937
753
574
767
31
84
460
787
697
455
382
433
587
233
872
710
336
663
247
999
735
352
480
752
293
1007
41
308
698
26
969
950
975
712
1
365
631
717
519
597
881
368
444
462
44
582
87
479
1014
454
74
499
985
211
691
714
24
235
234
280
315
694
765
768
2
907
262
294
381
524
530
70
11
372
938
99
371
851
65
583
225
182
301
355
440
914
166
23
979
76
607
996
917
749
579
16
286
115
784
838
419
143
77
953
645
323
762
0
357
187
964
106
395
208
837
494
127
826
193
650
173
488
253
857
760
804
539
156
629
910
879
66
116
333
792
660
980
718
928
183
370
895
241
391
974
136
351
1008
849
733
756
429
706
1010
594
389
130
965
823
775
853
945
30
510
798
295
782
340
216
260
453
675
13
192
929
86
552
377
586
435
276
600
511
145
218
245
797
919
842
408
27
179
686
558
177
610
364
855
335
5
827
47
57
399
292
734
858
721
963
560
288
180
236
149
25
902
509
662
757
446
943
159
723
596
901
671
988
401
527
738
52
572
342
272
104
376
273
49
570
564
737
402
781
581
102
970
188
516
129
806
708
55
212
191
396
148
58
831
547
850
420
466
562
443
432
896
796
268
743
473
799
900
745
794
690
214
549
595
703
978
64
815
959
998
742
229
426
189
832
541
750
101
434
808
390
261
436
190
171
513
114
185
300
362
151
1023
341
624
254
477
82
467
833
646
911
555
644
318
995
463
452
10
291
113
909
568
670
6
394
12
864
198
955
227
863
537
108
766
91
457
621
677
186
239
715
877
550
609
478
456
616
34
989
814
672
431
834
875
468
322
120
567
500
279
759
887
427
213
42
802
893
994
67
416
702
360
486
302
275
483
194
176
545
699
754
744
256
689
1011
438
682
90
786
348
51
317
324
174
778
636
361
349
777
56
729
92
502
604
780
492
3
328
652
146
50
635
270
674
363
534
657
487
385
554
474
913
538
255
637
533
925
1020
824
81
868
17
593
668
200
898
822
883
224
203
465
946
818
369
716
580
142
870
845
783
817
844
693
577
36
343
836
1017
669
820
411
79
1021
647
95
769
339
7
514
297
103
476
215
123
485
274
736
865
59
968
997
860
325
346
290
916
228
329
62
659
561
611
118
889
526
37
404
700
14
894
217
202
334
590
222
490
867
665
602
508
109
912
305
445
649
764
131
264
383
134
566
713
313
930
871
803
397
421
269
331
327
259
680
46
249
206
719
892
1002
125
563
585
450
140
854
100
277
498
471
258
373
701
828
124
252
962
265
976
886
35
417
296
414
852
622
493
939
861
119
374
571
386
307
664
771
630
632
263
746
993
957
927
39
231
287
358
891
63
94
83
918
888
960
20
447
981
153
724
520
482
728
942
695
439
330
197
638
1000
4
319
469
655
93
72
242
451
932
954
617
785
546
727
75
111
442
843
314
776
732
931
1001
9
606
696
897
311
170
941
548
983
409
19
415
977
536
816
367
1012
740
551
948
773
503
316
633
150
240
1015
791
789
388
154
144
238
1013
430
97
133
518
908
40
61
126
423
403
811
209
424
400
71
441
162
350
940
304
885
687
748
906
667
846
470
337
605
882
848
856
681
830
958
751
289
589
614
666
862
623
33
244
160
556
575
880
923
15
220
726
684
472
531
1016
810
413
741
809
643
711
1018
147
437
410
565
603
243
973
884
85
172
461
841
425
653
321
407
359
507
812
866
504
152
387
847
915
88
515
232
54
497
517
271
628
840
576
904
966
18
540
138
679
428
984
825
956
542
21
553
266
80
384
181
230
284
48
45
1019
393
573
178
250
522
626
859
535
654
1003
739
353
592
591
32
569
378
283
484
707
692
207
926
458
801
829
599
196
53
219
285
375
475
29
529
496
405
165
105
747
528
922
1022
299
608
807
210
578
89
110
722
312
459
625
779
128
944
639
309
619
332
1004
158
345
641
935
873
161
98
903
112
464
949
380
986
613
947
366
338
992
448
683
821
310
521
972
141
379
772
790
952
598
987
658
248
1005
819
920
257
588
640
532
282
175
107
615
281
627
661
730
557
618
226
356
491
543
990
201
132
139
876
835
688
505
761
237
763
22
168
620
69
525
157
839
813
967
68
725
678
685
1006
544
246
169
137
673
121
795
584
656
303
793
163
758
418
1009
899
251
122
642
731
199
982
412
890
933
788
8
326
634
512
704
921
774
709
800
298
601
267
676
117
905
991
60
422
951
167
73
38
406
278
961
