34
813
914
822
653
992
425
632
571
446
102
567
373
379
783
491
344
13
116
580
335
556
842
640
674
404
27
431
733
461
1013
885
999
334
622
600
603
49
189
368
293
941
1018
6
619
701
940
447
488
157
532
883
22
25
58
371
704
540
1001
320
496
627
845
805
770
799
351
673
42
683
1007
752
907
629
267
2
121
961
834
996
774
422
516
796
354
92
832
560
318
382
342
668
158
659
39
823
1011
695
530
933
932
528
437
459
775
612
212
194
877
843
133
1004
700
499
489
255
94
665
238
904
966
573
336
182
67
546
581
254
372
844
245
663
778
772
544
444
286
433
882
635
826
506
531
419
314
381
993
487
749
680
888
321
428
122
289
855
40
134
515
256
258
719
124
154
767
299
340
265
771
971
729
145
510
100
64
68
337
310
756
139
298
482
120
17
266
582
717
852
651
559
300
29
167
69
631
347
722
209
755
916
332
831
931
859
761
301
1012
743
550
38
288
423
19
325
983
307
227
887
795
577
316
568
367
308
718
713
616
386
415
76
126
234
574
902
689
214
473
1
118
836
197
803
747
148
543
734
62
921
911
243
871
804
135
807
264
498
903
73
596
203
801
563
261
225
485
78
984
893
828
369
296
584
780
737
768
672
204
724
814
942
639
59
137
36
592
617
500
104
661
502
187
445
350
628
939
991
867
870
872
1003
851
348
989
944
507
985
802
950
364
458
503
900
454
535
112
24
764
881
1020
471
856
83
773
561
292
113
710
110
620
895
290
709
529
880
52
686
779
317
929
523
978
981
723
279
912
716
426
179
684
294
37
451
205
610
613
925
781
233
758
847
615
657
509
355
295
727
875
997
439
934
662
396
974
443
670
175
682
706
746
143
35
868
759
115
740
1019
607
146
276
477
181
998
427
378
518
835
731
226
31
403
973
453
171
390
954
817
125
557
986
951
55
548
306
377
430
468
190
521
878
677
114
798
141
241
222
128
9
198
897
312
866
455
595
391
420
406
690
829
915
366
830
26
864
520
327
809
231
313
524
800
876
232
119
60
605
302
74
732
211
322
184
782
765
650
329
309
155
558
81
562
963
452
53
720
890
849
1009
806
132
389
206
636
923
637
356
634
63
494
188
769
517
812
41
964
4
777
408
501
303
606
469
399
579
191
107
14
839
164
790
693
715
10
414
18
736
465
109
570
470
522
857
169
588
644
793
551
611
959
609
533
874
228
183
82
151
174
748
65
166
671
608
1016
441
846
741
464
702
392
402
1000
891
960
319
594
655
730
84
268
352
976
788
358
744
23
324
599
614
242
625
108
545
213
375
185
237
818
20
648
751
968
908
977
602
71
263
235
591
824
1014
315
707
554
537
787
411
87
626
810
967
467
460
385
863
943
388
127
975
75
623
359
85
462
173
583
229
511
705
547
5
760
860
995
410
50
792
681
721
572
987
432
928
692
277
821
486
481
192
493
57
854
794
527
601
694
475
513
333
360
480
728
397
376
284
275
297
304
884
417
862
136
827
448
56
201
820
797
142
898
220
542
539
285
589
159
240
130
745
735
953
216
170
196
819
965
72
341
413
541
946
223
328
472
811
564
667
208
326
456
742
152
698
435
195
873
784
89
654
565
3
86
763
394
97
476
753
339
457
172
936
32
221
409
239
99
725
393
899
1017
675
901
664
398
679
88
15
816
552
45
138
791
492
345
7
260
331
638
534
519
658
250
400
66
442
688
47
495
569
168
841
418
131
892
586
252
61
575
407
969
576
988
808
886
1010
79
374
869
917
219
412
894
305
913
280
955
218
48
207
896
144
652
44
685
920
555
853
526
98
786
353
193
349
666
160
1002
147
508
699
714
129
217
46
1015
962
697
249
33
538
178
421
945
938
246
176
980
1005
656
274
163
282
597
927
696
646
858
490
91
1023
162
982
165
497
678
466
210
958
343
259
815
505
850
150
848
621
536
587
43
504
930
270
16
273
924
956
370
330
438
553
361
30
54
251
865
478
186
384
311
123
199
287
11
922
647
633
434
405
269
247
484
111
483
585
96
861
750
970
838
512
383
177
257
937
224
889
726
879
161
957
660
754
948
380
910
739
641
757
1021
416
905
450
106
365
153
149
949
21
918
708
909
80
363
244
262
395
429
947
28
281
338
687
549
323
463
593
703
952
271
598
95
624
994
837
525
618
105
762
919
140
215
789
479
200
972
436
566
691
272
669
346
785
990
1006
645
101
0
676
103
449
1022
776
70
590
248
926
156
283
90
979
362
401
643
180
51
424
630
236
474
12
935
117
8
766
825
642
357
840
649
253
93
712
711
230
202
906
387
578
440
77
738
604
833
291
278
1008
514
