421
700
93
1013
94
414
116
765
460
495
610
983
938
415
878
727
623
161
173
921
466
859
755
113
7
776
75
688
1010
956
290
835
24
916
78
998
1005
807
451
528
88
402
109
858
275
22
747
995
616
1003
649
605
92
552
821
404
387
224
478
555
74
628
250
159
553
852
563
520
29
165
889
726
432
837
617
737
702
210
403
832
625
46
612
524
662
746
236
840
810
846
869
966
228
697
458
373
533
66
283
690
361
68
1023
637
530
609
578
120
235
663
550
932
888
463
36
569
809
192
152
671
793
808
693
304
679
301
992
462
707
650
686
577
849
141
356
272
336
561
816
156
49
870
687
641
398
471
913
665
423
135
791
168
215
521
76
209
34
125
804
128
119
773
20
710
795
185
142
61
358
374
343
227
102
864
454
225
654
741
876
90
370
376
18
221
833
348
347
918
639
368
800
484
778
431
197
955
218
934
25
894
108
426
200
274
582
140
130
410
863
80
479
554
798
265
871
48
127
467
55
10
769
1002
42
952
515
30
546
874
642
106
497
174
367
962
901
818
762
514
751
970
920
445
797
758
626
587
861
780
202
464
470
891
241
311
309
803
391
996
346
251
951
636
40
914
652
900
545
942
645
457
277
526
483
748
213
881
115
890
498
714
719
101
943
369
121
993
930
984
170
730
706
436
91
505
899
449
999
382
743
761
357
262
393
254
51
38
8
929
389
433
148
947
171
499
532
59
1020
785
63
257
1022
853
0
482
949
633
724
860
584
614
517
653
531
759
320
684
418
298
280
905
15
114
444
349
137
167
506
371
305
317
712
720
603
158
708
567
504
405
946
242
111
377
17
594
230
757
953
994
836
718
321
203
205
19
401
618
959
299
842
670
487
413
395
601
646
915
57
812
385
411
685
538
664
796
562
21
435
745
243
739
873
392
312
344
694
41
379
1001
596
132
814
815
211
968
60
163
345
39
830
794
327
784
895
638
342
827
231
229
867
313
909
843
178
287
975
425
823
420
79
547
160
264
548
394
655
574
1012
189
233
1019
980
783
558
721
26
27
131
948
627
62
182
527
198
319
589
825
740
315
468
491
989
307
295
293
786
851
237
1007
917
103
615
1011
722
207
542
608
136
223
557
896
245
716
180
925
752
503
191
819
239
253
419
779
839
513
607
455
960
583
635
97
138
689
658
1015
939
300
437
806
640
893
459
969
439
868
731
529
73
216
725
742
296
77
817
297
678
123
352
940
738
954
105
500
126
591
857
23
155
261
621
961
187
399
813
986
717
476
597
711
351
766
314
194
354
519
417
381
704
118
271
732
872
767
965
47
363
179
551
592
219
919
792
705
365
83
43
922
536
886
885
2
570
559
699
366
988
651
585
104
981
282
100
927
560
824
865
246
568
634
481
324
541
13
862
14
644
701
599
193
190
991
434
286
268
936
350
222
422
276
188
667
28
440
238
122
139
32
65
682
571
523
335
303
488
537
763
566
196
492
269
157
465
4
979
510
657
613
774
847
86
306
175
620
802
383
941
341
828
490
820
811
95
362
632
928
602
279
256
380
412
1
595
845
855
736
416
110
606
5
169
1008
781
247
489
56
509
672
656
248
907
648
848
770
887
33
117
944
456
772
285
64
244
572
879
70
183
734
372
469
409
713
396
96
145
162
801
660
973
186
266
923
44
378
166
292
134
199
924
316
325
696
666
624
875
260
294
353
112
448
799
543
329
360
580
212
220
232
1014
604
259
486
474
446
408
935
288
214
882
629
438
926
477
522
544
338
308
910
987
255
172
539
575
337
429
475
850
355
390
963
622
508
98
723
643
441
331
790
950
485
330
611
771
472
787
856
147
516
99
69
967
1006
673
146
9
302
89
473
972
964
164
974
822
985
898
586
195
728
84
590
1021
775
760
72
428
844
695
442
45
877
339
494
826
144
176
461
447
556
897
507
386
764
957
681
16
997
267
67
631
884
715
902
588
258
430
669
990
201
12
480
903
85
375
124
904
323
931
450
424
453
511
729
977
703
1004
177
600
982
647
181
31
332
854
273
284
676
834
217
749
501
278
540
326
805
675
744
443
400
397
270
911
782
945
906
754
154
226
184
6
978
81
777
691
534
677
579
750
768
291
1016
334
735
933
683
1009
838
407
50
976
71
310
340
756
668
281
518
82
912
364
37
698
630
502
318
11
129
535
573
831
753
35
680
427
512
359
249
1018
406
593
841
384
788
1000
866
240
263
692
150
709
52
496
937
333
87
829
525
149
3
598
252
133
971
328
107
565
388
892
733
619
289
659
581
493
883
1017
452
234
206
58
674
153
208
880
204
143
151
549
661
789
564
908
576
322
53
958
54
