753
103
247
365
99
757
535
404
91
484
21
471
95
15
241
859
980
824
516
57
651
81
245
311
197
607
145
609
1018
871
915
520
469
948
507
919
495
580
334
687
709
873
638
27
229
601
747
376
511
88
129
955
995
450
264
742
423
983
954
55
97
211
877
159
258
254
642
20
867
308
568
654
73
856
539
4
61
782
427
50
623
902
116
278
406
923
966
662
603
163
445
368
298
762
652
317
128
761
296
785
828
465
545
5
492
265
765
958
751
970
1
935
456
169
467
540
136
974
932
384
939
667
362
816
697
489
917
12
552
236
797
430
548
982
1023
240
905
978
283
310
31
455
889
348
748
891
300
122
293
198
845
391
719
903
417
694
302
972
909
13
996
428
854
988
529
71
795
927
429
901
991
356
614
965
776
147
488
653
337
378
840
210
800
482
777
564
878
286
577
549
466
836
590
689
144
454
339
555
578
993
319
115
84
364
134
168
929
146
679
436
884
672
963
536
829
139
690
111
120
237
599
396
678
263
582
17
670
447
272
277
717
66
686
316
985
7
855
1015
328
852
936
227
801
335
131
486
1006
249
586
1012
106
821
898
371
32
54
92
811
1021
704
559
399
40
359
649
474
926
498
179
338
234
846
759
38
46
360
842
172
946
848
100
803
663
805
853
869
589
192
209
754
60
666
480
876
770
47
394
610
444
1008
928
888
598
222
775
392
468
981
773
731
912
161
355
943
475
951
255
10
333
33
426
774
87
301
737
707
913
640
942
243
82
366
94
421
295
576
718
772
22
781
671
514
990
554
0
890
862
36
802
479
722
624
58
897
738
156
24
714
104
822
818
107
698
817
416
860
908
250
117
83
397
712
864
98
875
692
56
167
726
185
493
327
157
1003
768
280
953
183
571
641
39
1014
29
307
303
546
1005
383
763
787
49
3
904
664
752
361
288
866
745
340
989
857
425
1011
512
152
74
561
808
372
585
385
505
655
69
470
569
294
150
142
85
887
741
621
907
870
138
402
937
235
398
166
413
973
910
344
883
619
459
872
204
644
734
171
323
851
299
218
401
784
494
326
223
321
920
541
858
736
314
592
739
490
685
916
196
451
611
331
647
186
699
631
77
618
419
269
977
788
164
403
52
113
594
710
448
93
956
834
684
796
544
971
819
118
175
160
274
501
225
767
620
896
220
281
863
353
563
755
89
375
424
835
674
645
141
387
534
443
605
976
262
648
1010
732
119
575
886
810
435
960
205
11
320
789
408
880
626
894
716
604
112
725
708
485
986
162
75
457
315
228
899
37
593
634
584
217
756
622
837
508
114
588
547
395
433
200
377
1009
6
823
214
558
602
226
533
969
502
945
191
940
266
721
246
658
233
251
155
675
949
625
132
279
997
780
143
208
749
764
453
213
509
579
90
806
523
345
418
660
706
616
550
477
202
565
947
957
700
219
232
44
868
952
750
51
400
123
8
405
961
793
799
656
370
313
181
276
786
133
434
583
291
703
343
628
1007
28
242
906
449
994
76
45
635
673
458
177
438
813
312
522
86
151
199
18
688
260
460
892
324
574
174
525
267
59
67
346
184
351
597
967
527
79
282
783
121
14
779
528
187
950
487
207
519
595
538
309
173
305
650
16
369
1000
178
215
987
1019
446
596
190
743
48
127
26
43
636
849
212
41
744
941
542
256
350
841
843
318
657
244
713
290
390
729
53
659
705
108
374
921
532
778
322
833
342
341
629
581
271
931
193
270
292
253
861
766
137
807
65
882
64
826
839
975
984
268
473
1002
80
879
412
608
830
72
42
259
410
239
248
591
149
637
911
924
231
273
524
1013
815
165
573
510
347
182
639
2
170
881
206
354
998
287
715
933
723
617
153
30
557
831
922
224
126
386
357
463
515
798
537
504
730
680
812
195
68
194
606
668
478
925
643
1020
289
189
503
109
393
893
646
252
615
78
496
944
500
560
180
572
630
125
110
566
373
201
691
695
677
297
330
499
389
437
491
154
358
790
962
148
827
432
832
388
483
9
462
1016
825
461
838
809
612
158
513
676
669
665
415
497
521
683
758
1022
791
600
820
440
895
124
23
874
411
681
420
414
216
794
771
900
407
352
804
526
363
964
261
25
506
96
702
329
518
727
19
257
844
409
238
35
769
733
531
332
221
203
63
627
885
633
34
701
382
746
431
740
567
349
230
381
570
188
380
792
135
682
1004
140
735
530
613
930
711
724
632
101
439
914
562
553
865
304
934
556
452
284
814
587
517
999
476
481
979
130
442
661
422
336
176
968
1001
62
472
285
918
102
760
325
551
70
464
379
275
696
105
367
850
693
938
441
720
992
543
728
959
306
847
1017
