823
244
1832
3878
915
403
484
449
3391
493
2417
417
1247
2463
2553
0
1097
2617
3808
1127
3122
89
4072
1377
2975
409
2955
4021
2452
3372
117
2686
3971
3771
3147
2002
538
553
1557
1671
320
3843
1432
1779
1879
1965
3326
1365
2455
245
1979
602
723
2753
3243
3927
2854
1009
1763
1695
1590
2991
1977
2990
1071
2612
2169
2371
1341
27
2239
4063
3776
2882
4
256
2001
1750
1319
393
162
2346
2281
3667
4015
3916
1460
2761
2655
1555
3082
1158
981
834
412
1546
62
3217
3744
4091
2971
3932
2704
1090
254
1162
2836
774
2886
667
2960
420
2802
1628
1056
2601
273
1588
3673
659
1134
958
1075
3041
2035
3358
1315
3399
2400
3600
2335
1897
383
1040
1596
2234
1956
2885
3865
1421
3192
395
2431
3301
2498
950
345
3493
1777
18
1081
3509
2294
227
1807
3654
1828
2743
1998
3417
1973
1839
550
2769
1506
3245
3371
1224
2495
815
908
1761
2685
3939
3012
2374
770
2458
3583
595
1442
1028
1482
1739
3484
2451
3692
3685
2180
649
1132
149
266
2271
392
2246
4054
3364
620
2705
3021
2171
557
1698
3123
994
2081
1641
1778
1536
3410
3894
936
2139
2157
316
75
991
2258
2255
2369
2611
3752
2085
1509
259
3919
3871
3705
3762
1550
619
1985
4052
3610
2380
2531
2332
4003
3109
70
724
567
2479
1331
3716
2644
1522
3298
3940
167
204
3770
4011
2210
1751
4032
3669
1508
2424
57
1822
1930
3582
654
53
1745
1540
2554
2490
2161
2789
543
3789
2618
112
160
145
3205
1484
3675
1054
3378
419
1688
1817
1428
3401
849
2925
268
3816
3033
1436
888
797
2109
3056
607
3370
488
3612
3616
1453
2560
2859
3670
2748
608
2845
829
1068
3001
3953
4022
2689
3786
3827
2402
661
458
2244
1790
2942
3694
1917
1871
856
3260
2016
2773
351
2310
985
519
2945
2852
2734
3292
2865
3003
1023
917
695
166
3474
604
3170
613
710
3309
492
2599
252
3593
846
3882
1868
3445
3212
3844
422
742
1502
2522
2530
1802
234
386
2122
2708
3584
4089
3368
1837
2973
208
1281
942
1485
431
3267
2946
3566
2143
955
363
811
1848
4057
3688
783
1566
3613
1327
26
1437
2884
2962
2649
496
1143
1752
3678
1710
750
2931
3249
3315
2124
426
1422
2492
527
2868
3601
2280
1854
564
3367
1267
3837
2582
384
2646
3621
3805
3224
1310
3891
3336
2415
895
2129
1856
2986
232
3052
3039
1000
2902
853
2750
1863
1967
4038
2739
3608
2425
688
3030
163
2903
897
3793
2008
3242
2465
2270
2874
741
114
2558
1559
2403
510
3172
1383
3151
2049
3016
1094
2871
2077
3617
616
2397
470
3639
4025
882
3472
1984
1803
1654
2923
3821
3759
4004
2855
4034
2150
2953
3419
3769
125
1674
983
2313
2913
978
2861
2399
3169
2412
3494
396
1345
3514
3366
1760
2588
1733
2793
1487
3464
3553
1037
3061
1108
1801
2312
235
2825
314
831
1121
1336
1320
3791
2691
763
1737
2660
995
3729
3254
745
2742
2216
2838
2309
3537
3447
1286
1548
1118
455
539
3725
1403
2494
305
612
2396
2965
1198
400
1378
3289
3175
2099
520
3628
2509
532
3163
3648
2409
3764
3259
3869
482
3088
1032
653
179
1772
3995
3457
3099
1150
382
1148
4055
2976
2562
2307
3467
1256
306
3627
1010
1251
4064
2565
206
2259
2841
2267
2984
1734
87
1418
814
4080
2780
2578
3797
2631
3294
4042
3266
248
2819
1625
1538
3906
1059
1196
2889
1976
1535
3899
1391
1123
2548
3547
2987
278
1135
3815
3998
2727
922
3909
1637
3917
827
2256
3722
2466
2284
3984
4044
3090
2349
1961
4075
1966
926
779
3002
14
3382
2189
2033
1216
500
3519
2741
3680
2199
1573
2170
3594
3525
2044
220
2978
3603
786
1296
1263
1318
3913
2625
3620
1541
3285
1122
591
2709
1887
2930
1991
3884
1219
2120
2624
657
1083
1876
1496
2613
3468
443
3565
1161
2141
998
1836
2702
2675
3025
503
1730
1687
2934
2497
1253
1343
744
3313
1138
1355
1016
3825
295
2549
1080
2079
3944
3278
1043
2086
898
4041
1346
2536
962
477
2569
2117
4051
1831
200
356
2526
1928
568
2988
226
406
701
1387
2338
3480
2614
3689
3113
1211
3637
3623
2806
1999
1997
3186
1382
3203
2373
2242
2949
2433
3142
662
379
3656
3842
2620
43
1789
3963
3491
907
1923
3036
3999
3239
3560
3054
3079
1964
3255
143
596
261
2017
2393
28
1447
1153
2391
1561
3004
293
645
771
2894
3580
432
230
4087
1146
2791
2240
2648
880
1451
1582
2929
611
1228
3609
2935
2959
3230
4073
72
4008
1769
3263
1183
2006
3411
3191
2167
2643
3188
2061
490
1532
421
331
2853
2585
1702
2941
2429
1649
184
850
3271
640
2094
2980
528
2627
3504
3952
2292
1299
3498
601
3659
2513
135
2084
2031
3197
2967
2206
1706
3644
1619
731
683
30
333
342
2595
1236
3870
2186
3564
3811
466
46
1049
3915
1139
1833
3529
1454
413
3413
666
1129
1242
1712
1534
2918
4028
3149
2658
2505
1067
2039
1783
761
3497
1545
3806
2572
2404
2939
1963
265
2135
2315
3152
129
2422
1529
716
3195
2940
1431
2295
1416
3704
872
3223
2367
2833
2414
2659
1970
1412
1005
410
3440
3866
3860
965
1478
2657
1349
861
2036
1511
2550
2173
3926
1455
300
328
2048
2506
85
42
82
3047
1087
1180
3859
1859
1015
1366
216
2445
2160
755
2515
3782
3048
623
242
1250
3107
2857
576
3586
1142
1328
3854
3343
2359
1419
32
3559
193
2037
1141
2232
1894
1137
860
1519
2936
130
1531
3671
1525
1796
1821
2619
2353
2723
3819
249
1292
3604
2846
1513
1800
2909
977
3965
3767
2916
1521
2362
3387
2197
1208
1606
2054
2528
3801
2944
2547
2300
1057
3983
1758
1393
748
2342
3633
185
2696
3905
2003
848
1765
1101
459
2948
1339
2905
1245
1673
924
3908
3453
1079
1197
373
3154
1027
505
3543
2223
12
2523
2483
3855
3527
2794
992
3438
3257
933
1264
68
2469
133
3783
2650
233
2423
1112
1280
221
651
2851
2058
1684
692
2351
3247
866
3619
2487
2552
2482
2354
3388
3181
1073
1663
2443
1306
547
3124
2661
530
3363
3787
2792
439
434
2862
603
870
877
2263
903
1600
489
325
2329
108
1728
2997
4053
879
3794
2544
1918
2419
1034
1972
2790
2202
1994
2799
734
3420
1992
3962
597
3758
3521
1314
2317
2056
912
3997
39
2324
669
2701
3851
684
2899
257
671
914
1372
2080
3134
2262
2907
3456
2066
3139
1893
531
25
2628
1191
3928
1935
2872
286
844
3121
3818
2596
1981
2
867
1885
3000
358
1665
1768
446
1104
1636
2015
3272
1145
3880
2092
1170
454
147
618
240
2005
2623
3957
1623
522
3857
795
3715
3352
2241
3177
332
2007
788
571
2132
1209
3585
685
2679
1266
1697
3807
674
1322
583
474
2622
821
2556
1312
4092
900
542
3738
4024
3233
3831
2179
2760
1351
1809
3200
262
1696
2087
3385
3437
1317
902
3743
2128
2133
213
224
1113
3155
3755
3310
2774
1884
3720
2728
2566
128
1592
1017
5
1069
1658
3840
873
2798
2778
3250
3626
1061
3760
1397
3314
3248
808
2564
1269
1125
517
243
106
1013
1865
1647
2021
2525
1849
177
2662
3713
2583
3650
2410
3892
88
1052
1617
2609
2651
178
2238
1131
1989
3549
2815
425
3841
2464
1520
1603
3462
2740
1258
3622
2339
336
697
3846
1560
1271
699
3104
1788
2584
2192
1735
1458
3567
865
1095
3924
863
614
428
1614
1686
3185
3010
2735
51
2732
1624
3477
2274
3009
610
1011
1035
2837
2688
1896
96
2754
789
3007
7
708
515
1399
1189
1835
3094
560
2266
3717
3502
1490
2121
3615
3581
250
2969
1041
2208
1147
1066
862
2996
1086
2958
1294
3773
1488
2804
956
1342
2226
3384
1669
3164
3380
2831
1210
3361
3495
541
885
2893
80
2668
338
2472
3166
1260
2512
175
1008
3463
3961
747
4039
3945
90
2297
3174
2384
622
1111
3850
3796
2190
617
2731
1955
3737
2302
2477
760
3599
2694
2029
3923
1213
3989
483
1877
1604
3328
3473
1046
83
883
44
3220
197
2834
3421
1003
95
3303
1640
2187
1764
3665
1693
1775
3078
589
1811
2910
1257
2489
1732
168
98
1676
858
3589
996
3029
2198
1173
1773
3531
1581
1692
2390
3135
3496
2926
2527
367
4040
3718
2430
3244
1579
2866
1223
86
3458
1605
3360
890
3430
1433
3393
1363
3219
2580
2041
154
2264
605
3069
2322
2442
2933
2301
2304
1645
1787
989
3351
3947
2446
3994
3015
1757
365
3712
2152
792
3253
3100
3176
105
2989
3814
1077
3969
3140
2405
545
3374
3376
416
3766
151
1993
2178
3296
979
171
2481
2779
1554
2725
1249
326
2917
2000
1846
680
3938
2172
893
267
3800
2205
2912
3096
3820
3066
180
113
1715
910
2432
464
3312
3925
2781
2046
1594
3679
1983
3145
3337
804
1826
2116
1093
3976
726
3929
1004
3863
289
1589
3978
1660
656
3130
1203
3299
1114
182
3053
3261
2083
775
3642
3546
3
1953
3037
1957
263
3466
150
1895
2406
1920
3785
1703
2119
2207
3083
636
585
3614
1552
1759
3874
3492
1542
3649
3607
4076
1405
803
1
3228
2630
1875
2260
1225
2607
2823
423
2107
3117
2217
3028
2250
1670
3682
3510
718
1124
3115
881
2963
1259
2762
2253
276
1932
1864
1771
2114
2710
1423
1608
1456
3400
1082
3194
2602
2765
3888
1878
3321
102
626
127
558
1100
2333
2603
3777
3080
450
1392
1915
782
1452
502
3756
3019
2878
4067
790
3548
2683
1024
4006
3885
3406
3068
205
2876
3442
563
1629
3597
3150
3398
2719
381
1996
190
3611
1151
514
2181
2764
229
2222
2303
1543
920
210
1618
471
988
2504
1376
165
2887
3323
1547
1438
3443
2777
1933
1268
2155
2898
1630
561
3652
3081
1571
2137
2715
2875
3761
3281
1064
2420
628
3178
1381
3949
2518
2356
2496
2203
833
3918
2744
2235
1398
318
354
456
3596
3059
544
2722
791
1975
3288
71
3674
3476
424
1708
1106
3210
3136
158
1099
633
1844
3662
111
1047
3273
1756
3073
1178
3635
3641
3666
3446
1220
1329
115
451
2733
209
634
757
2647
1425
2713
1845
3508
346
756
2456
807
3218
253
635
1389
904
3977
1144
2587
1936
3265
580
3954
49
1275
2298
2863
2921
3528
629
2278
2025
463
2653
1724
3038
1471
36
740
3887
749
1226
3868
3064
4061
899
971
142
594
3867
551
1838
1238
3941
461
3165
4086
717
3304
3237
3968
725
1048
3735
1941
2401
1524
1380
1062
1675
3156
2687
2726
207
1814
1470
599
3550
1098
1401
1055
1644
2231
3696
4058
3736
1539
2757
4010
296
1584
448
974
4036
2072
2755
1946
3168
2097
3992
1850
4093
953
3335
1873
966
2110
728
264
4023
3571
737
1120
2546
689
2801
2626
4085
871
1791
390
2503
691
2811
1825
851
3552
1580
2355
2200
2784
3213
1475
1562
3202
3324
2444
339
3246
3638
884
285
2676
3084
2669
2183
73
3381
2869
1742
3103
1714
2237
2020
1816
2144
3658
153
825
3359
3207
2319
2100
3011
3439
41
437
1241
1188
1924
3834
1621
2835
2703
2185
3182
1940
2981
3765
2165
21
1007
76
1867
3300
37
56
3375
4078
1792
334
3861
2348
238
3105
1503
66
1480
2873
3225
122
1020
1254
1570
467
1916
99
1461
2690
2641
1919
2856
2093
3708
1486
3672
714
3485
176
29
1171
2233
192
2635
2605
3114
753
1786
3551
3221
183
3595
1648
2670
2881
2543
2816
1793
169
1938
3128
3060
1830
2336
2947
1890
4084
3486
2091
1921
6
280
3091
875
2257
2082
2977
3349
2475
3137
1140
3809
836
3232
830
1303
40
486
3810
1279
1643
1036
3291
344
1591
2721
1031
1725
1891
578
627
123
2331
2615
949
762
1514
3573
3317
598
2480
957
1900
2772
1185
1354
632
1246
3839
2700
1685
3726
195
3389
3503
575
1222
1709
4068
460
2770
1755
1410
1907
1021
1815
1847
3554
1396
2656
584
1533
3506
20
360
1166
2010
2142
2634
48
1668
1297
104
806
2053
838
1747
3441
1564
1507
405
3630
2027
1899
415
3731
1272
3987
1217
277
1820
1352
2364
1633
3980
1853
4031
3365
3013
161
1309
1898
3795
812
3647
1646
1415
2078
1385
2042
1661
3544
581
1718
271
2666
2717
2277
3572
1130
2436
4083
3563
141
3753
3533
59
1563
1262
2225
3742
2343
549
2293
2473
3681
2681
1705
3333
2968
2227
766
3050
2783
518
816
2510
1400
1025
2064
1731
2752
2849
2579
3362
739
2269
4029
2219
1841
2807
1255
2720
2153
4045
119
453
1207
664
3101
973
3403
1770
556
2568
1813
495
3515
1568
3979
170
3875
2673
793
1204
1717
964
999
4081
15
1746
31
1510
3269
1404
625
2395
2345
2325
1516
4074
343
445
2957
3724
3353
3920
1426
3427
707
1781
134
2340
2176
706
2738
984
2323
2567
3306
2998
1901
1843
2214
3790
1063
4026
1855
2839
2484
3973
3416
2711
1851
672
3346
3034
3933
3322
772
2075
272
837
3631
3475
943
1109
2204
586
1298
3005
2508
1493
3699
1738
946
1744
681
523
896
1937
768
1888
3238
1136
2598
188
3436
3095
3703
3856
2900
2932
4019
2638
1748
2521
1958
1586
4020
1395
3946
2334
2842
3574
1394
736
3557
1165
1282
2447
2535
687
1022
270
258
4056
4033
1598
843
3208
1440
3721
374
521
952
1711
840
2714
2154
1572
2229
4005
1819
698
1174
198
1414
1289
1980
109
1842
847
1231
2328
1949
3014
776
1476
427
773
1767
832
1518
1556
1300
1157
711
3751
2050
593
3690
3193
819
3588
2800
1353
3408
2471
3461
2379
1408
1610
1501
796
3339
337
918
479
1701
911
2847
588
2392
139
355
1942
3449
3179
3251
1558
2068
2448
2500
1934
524
3227
2908
2575
3981
3071
932
4002
2716
3748
2347
1350
157
274
440
2820
631
1651
3316
3845
1549
1679
275
4007
1092
1726
469
1889
961
1468
3189
1240
1472
2063
1678
1782
1302
869
3479
24
107
3046
1019
4094
1409
246
2289
504
4017
2434
3937
2177
3710
1716
3951
1368
301
2028
2970
3392
294
3898
137
555
2440
136
2327
3625
1445
1639
2252
2285
826
2985
402
1316
3057
3876
3043
968
928
1892
3540
3958
3231
2224
3180
967
1912
1754
1313
303
1078
982
1886
3568
3425
3974
2805
719
3302
2062
2308
2555
2057
2541
222
2024
554
3405
2812
2188
859
2537
13
2438
1214
809
835
590
1926
1505
3118
738
3534
4043
1872
371
820
975
1743
1276
3591
2808
436
901
2810
1233
2460
138
74
2672
1908
2047
2972
3126
3138
1677
3902
2992
3173
3320
3838
1304
3409
3698
1014
2682
2108
1947
2995
3632
1324
251
3896
317
181
2149
2019
146
223
4079
4070
758
1968
886
3402
3643
3931
3833
478
3734
2358
2437
852
3023
3636
2511
1978
3072
592
2040
1880
3284
1700
536
777
2922
1091
372
2158
3344
1656
2175
2576
2476
3893
675
2052
349
3471
1105
3379
2321
2911
2352
2311
281
1420
1218
2407
1611
1595
1544
700
2051
3823
231
3651
1870
1133
3415
1530
2488
3511
2766
572
1925
3629
2858
3350
4066
3035
574
1597
1248
2090
3432
2586
2848
2439
963
1386
2441
1652
375
1489
1155
2645
1632
1902
2867
1029
2877
1528
3822
3943
255
548
2370
8
3886
3076
2213
498
3102
4062
3539
2520
2751
2983
1499
3849
663
2491
3063
3342
2551
3778
2707
2111
1943
3133
3452
202
283
368
3032
2247
3201
58
131
1929
1326
3829
2787
3695
347
2904
211
801
3907
730
269
3110
3618
1834
652
1206
3798
2684
3204
2539
3031
462
887
290
3348
299
3991
1537
2616
1311
67
292
2211
1497
1103
3602
2228
2193
4069
69
686
2621
3901
3558
3817
429
3055
159
2168
2693
1749
1720
2286
3106
759
1762
1285
785
77
3373
3966
1810
3847
1235
2914
2639
4060
3481
217
3740
84
3686
3499
3942
3709
1110
2982
1860
1694
174
330
501
377
1199
47
3691
3745
2022
2803
4030
1045
1583
1406
1944
874
1927
3535
3116
435
3561
2023
1060
2427
196
3108
3125
1607
1874
1463
3085
2943
2030
2788
3520
1474
319
2829
810
3772
3835
1910
4090
4013
2896
3290
1988
913
709
1361
1466
3252
2589
2950
857
1359
3235
1622
391
715
2166
3579
116
1338
491
937
172
2067
637
3972
562
1939
3507
2350
3357
324
639
721
565
219
1168
2059
1156
3714
4046
1612
438
1053
341
186
3836
3668
3143
3516
1364
1945
780
3879
1117
441
1201
2730
2341
2994
3858
187
468
1050
3407
1852
2162
1481
1869
310
980
1261
3469
2411
2182
3959
387
3523
3190
3683
155
4088
1931
2640
3329
401
1464
63
2891
55
1662
3562
54
1553
3483
2261
3428
923
511
799
389
2606
2485
802
3587
2809
969
302
2372
1182
2043
1084
1290
976
638
3993
805
570
2695
4049
3206
4035
329
1829
45
3482
2125
1373
767
2832
2221
1808
2275
1205
2499
1435
4077
3812
1498
3305
2089
3318
3158
1362
2428
948
93
648
1332
1954
2408
2629
3404
1681
1527
132
225
1344
404
3500
2076
1657
3058
2529
1194
2279
1881
237
2610
876
2699
1413
2674
388
2215
2890
1682
1184
855
941
3283
2136
2501
3914
3308
1950
2394
2368
1504
312
1862
2113
9
52
1601
3093
1089
2538
854
2507
2758
1128
3422
703
764
1653
1333
473
2532
3732
2045
2134
1443
2502
2534
694
2105
682
2664
2138
2813
1190
2360
2654
2468
2421
2608
3577
3489
3784
2014
891
94
2604
3286
2870
144
2557
1323
3319
2747
3418
3522
1971
1370
2459
3575
1780
1857
2126
1347
525
2065
1411
1719
1704
787
2296
2450
3327
3590
2880
335
573
3727
2776
3702
1367
241
3377
397
931
3487
720
3264
3935
894
2775
1741
33
2724
2326
1883
3877
472
690
3930
1030
79
3334
1987
2115
2413
2272
2318
930
3799
506
3768
418
727
3274
2209
2220
2828
4050
214
247
3542
2600
3262
380
2305
3747
282
2592
2018
215
3070
3287
2718
364
765
3824
3813
3277
3873
2026
2418
236
940
3396
398
2127
348
878
678
3183
1244
2454
3132
1672
1794
1334
3990
972
1818
3222
552
3062
1444
3184
481
1116
3383
3215
103
3460
1348
1740
1449
3955
2822
3592
2038
769
4014
577
2897
1753
1172
3936
3707
1221
2095
359
3355
2920
1866
1565
2771
1691
1457
3282
2306
457
2344
357
121
228
3701
385
546
3655
97
2291
3934
394
673
1340
3394
3279
1252
1567
1107
817
3657
3975
2398
643
340
3733
1593
658
2194
2844
16
1613
2636
566
3526
2677
1824
3040
3788
1467
2652
944
4018
3996
3435
311
3067
1360
2195
3864
1006
630
1149
1587
3089
321
3026
2073
3431
3120
1243
3017
1330
1384
3229
3730
78
3832
945
2746
507
2517
2375
1922
1096
3754
609
2316
3986
1473
3345
2843
3340
3792
2559
3488
1033
4016
2381
1187
1430
1664
3982
3354
3910
2088
559
2299
3311
2191
444
3852
1293
1239
91
2366
430
3775
1909
3216
2337
1074
2004
452
1655
3395
1270
1026
778
2156
2821
3661
2966
2516
1305
2265
3325
3605
3444
3275
1212
2493
4012
2389
1827
288
537
2756
1766
297
934
2462
582
954
642
1388
670
1642
1722
3677
100
2378
2453
1812
3045
1301
3524
1707
3160
3624
587
3455
1450
2594
3757
735
1906
3338
600
2759
1072
3900
2383
140
3051
1287
3687
824
3234
3872
1335
1195
1616
2287
892
1163
1070
315
1434
2106
3295
1357
951
3660
746
1574
2388
1723
189
2131
2593
2467
485
3904
2901
2098
3964
414
3948
2248
3386
2236
1795
650
784
1215
2112
2667
2665
1904
2795
2590
1417
693
1638
3448
677
3763
126
818
839
2387
2678
798
2663
800
1291
841
2671
309
3490
376
533
2974
569
2103
3127
2290
2591
713
3911
3414
1232
1903
2357
2561
1039
2254
2230
647
1192
947
621
3258
4059
1065
3606
579
3268
3465
65
2184
2276
362
3711
1181
864
3890
3746
4047
4071
925
3270
1076
2524
3044
3956
615
487
3802
3848
2243
1951
2071
1962
3157
2376
3741
1840
1858
3390
1193
3897
3347
1799
1441
668
1602
2147
60
465
2283
2032
2130
606
3086
705
1237
1736
3075
1959
2581
3397
2749
3570
173
399
3454
2879
433
3501
1462
1325
1634
733
370
2956
3211
1784
2827
4027
3541
828
1058
2888
2288
2377
201
921
3131
516
3750
17
2282
369
3024
2012
1126
1284
1491
2330
1650
1337
361
3209
1515
2906
2915
732
3256
655
665
38
260
1913
987
4001
2245
529
2895
3129
2382
2060
3646
3693
4048
1439
781
1115
2314
2573
1689
1690
3728
990
2363
3087
61
3512
1044
3518
1578
646
2570
2563
3226
3749
986
1051
1102
3161
3171
2540
997
4082
3883
905
1626
752
1492
1969
2840
3187
1154
1804
1227
3424
2883
534
2768
287
1500
2814
1230
1585
754
4065
1806
1495
2435
239
2070
3774
407
3960
712
2633
3236
1169
1797
110
2786
1448
624
3141
1402
702
3241
2148
1483
1774
411
2964
1615
1986
307
2979
2461
508
81
408
644
1551
3828
4000
1727
2736
2449
3697
676
23
3356
3330
92
2961
1371
3676
3653
3049
3459
822
1667
1167
1494
1627
164
3307
442
3008
993
2069
3426
352
1018
2163
2013
1798
1631
2140
3921
1274
1609
1995
2767
118
939
2249
1321
2151
2212
2146
1375
3578
3881
322
378
2993
3700
2201
1358
1176
3276
1160
2514
2009
1699
2824
2361
2386
2273
3112
447
3640
3159
3634
1429
191
2474
2692
2745
1002
513
156
2817
2577
2924
298
1119
1277
323
148
497
3097
2102
2196
3569
3803
3434
696
279
2533
1202
1407
101
729
64
1477
1307
3111
475
813
3020
641
2796
218
3153
1356
2096
3470
2268
842
3970
3146
2571
2864
480
3092
2830
3555
3645
845
3830
22
3684
3781
2416
1776
3478
3853
3536
1620
535
2159
3950
2385
2698
308
4095
2123
3739
794
2218
1374
3889
1186
3293
313
1882
2927
3895
3369
1659
2478
2919
1713
927
1517
1175
3098
751
3530
3077
194
3804
2860
1666
2952
499
1577
1088
1680
3903
2706
1152
3167
1038
2937
1159
3706
1179
935
3148
3538
540
2782
1905
1229
1948
1390
2850
1861
2486
1465
1982
916
1012
3022
660
1823
1635
1974
1424
2174
1177
10
2999
353
970
1164
304
1288
3144
3423
3517
3433
350
1911
1085
34
2763
1234
3018
476
4037
1523
3988
1278
2737
868
2697
3598
512
1273
3826
1446
2034
1427
679
3450
2426
1569
2457
284
2637
1721
3332
2928
2785
3967
2118
3331
3779
2545
1575
35
1283
1379
1729
3198
959
919
1785
1200
3412
722
1369
2104
3663
2542
2055
3074
494
906
2365
3780
1042
1952
50
152
2951
1265
4009
3912
2251
3922
3985
1459
960
1295
2892
2632
3576
2597
19
1805
3556
3006
2826
1990
1576
1479
3280
3027
1512
2320
1469
3341
3240
2642
3719
2729
3199
3862
938
3297
929
2164
3119
2574
1683
327
743
1599
212
2470
704
909
11
1001
2680
120
1960
203
889
291
526
2818
2712
3429
2954
3545
3162
3065
2011
366
3196
2797
3042
124
3513
3505
2074
1526
2101
3451
3723
3214
2519
3532
199
2145
3664
1308
509
2938
1914
