2961
2663
673
2511
7
2466
227
203
2883
3140
3081
2384
1272
3039
1267
2091
3548
1270
1008
3049
1574
1744
1466
2501
2993
3349
1245
998
1687
3500
3016
1323
44
3763
2505
3819
2508
991
1580
190
3256
3235
2009
2410
2956
3837
442
3972
2086
2250
2831
1146
2065
1707
3062
906
3010
3798
3169
1097
793
2269
1797
3432
1052
2692
4000
881
771
148
82
1268
2770
1575
1329
1825
329
2697
1208
4009
414
2044
922
1184
757
2387
1315
3341
439
1963
1899
3048
2799
3698
3741
3562
1238
2783
912
1465
3703
2502
702
2959
2584
2947
3606
324
610
3194
261
633
651
1548
140
1157
1989
1035
2640
1762
1114
2121
2684
1065
2794
527
2424
1338
415
2035
3420
597
1229
2880
1058
1734
2537
1711
1723
36
2534
871
3738
2233
1235
3661
566
2298
2138
1084
92
445
3948
2997
364
2787
2185
473
2050
3779
1099
58
1039
2769
1882
224
3078
3891
3
775
1620
928
3168
791
727
711
938
3669
930
992
1485
3719
1747
3619
2054
1728
1131
3691
606
1150
502
1696
1384
582
2474
730
2330
3537
2824
650
3823
348
3311
1428
217
617
2442
1564
3445
2142
3981
660
2064
2530
3403
1539
423
2422
3409
623
286
973
2941
1202
3111
1105
1708
4056
2844
2087
3082
2995
485
2405
2668
3657
1948
1220
1741
3483
2911
2237
1051
1199
950
681
3534
3376
2886
3923
866
1663
1688
722
1678
1986
3874
1779
122
2952
987
2206
3664
3714
463
3371
2218
3128
3561
936
4083
2021
1576
4085
359
3004
3463
245
39
1809
2976
1289
2717
2497
3892
3326
1641
64
3851
2734
984
1805
1936
3749
805
3320
138
1110
1075
1898
3338
2194
403
3145
511
4043
3455
2676
1956
2691
1579
2420
2319
1925
1185
2281
567
231
870
357
1590
157
4019
2541
3456
1764
1158
645
557
845
1919
1506
2038
1662
297
358
1794
789
394
1180
3104
1214
2786
389
3899
630
1172
433
1165
3314
3006
1492
3248
1240
4071
1547
2325
1462
1577
3533
4
1102
1608
180
2304
508
2849
1375
230
208
2809
1943
199
409
464
3638
3352
1319
3886
2590
388
1457
2559
1092
144
2364
204
1811
1840
1967
1582
516
784
1014
3959
1336
1923
2996
2023
2586
2755
882
1881
1082
3845
1868
1042
3771
401
2161
1135
2069
3835
4047
381
3272
1617
33
1778
3902
2636
1160
781
3308
2853
2389
3240
3742
836
3143
1427
972
3783
1656
32
1767
1831
2863
259
3747
1573
1505
2226
2248
2529
3829
3898
2859
2860
3224
1519
2118
3318
103
2748
201
335
467
281
2753
608
3702
3720
1581
2735
581
2637
3203
2896
3893
641
696
1225
1658
1639
3615
1675
206
2244
3866
1604
1232
2661
1252
1404
2430
2870
2778
612
3644
739
2811
2934
3008
2247
1837
3812
2798
3315
250
3493
2253
2026
3018
2273
899
1248
3550
1241
1422
579
504
1768
1009
1987
2680
143
814
2376
2198
910
1209
3916
1609
2336
701
862
280
693
2367
1138
4004
3880
2963
1751
4063
43
2580
676
3568
1399
1007
105
1835
1834
290
255
3685
1197
2935
3791
3553
2907
737
3440
2149
3504
785
2582
3727
988
1250
3289
3805
10
2472
3884
588
3175
1786
1164
1971
927
2765
1644
2176
1435
3883
1411
3177
653
2904
2301
3711
1585
3520
2616
1592
3699
628
1000
2392
249
2203
1091
2385
1025
3514
2300
573
3629
1791
546
750
205
2140
3860
2638
1128
2741
3750
1044
2308
1783
3930
1391
1154
670
2563
407
2169
916
575
2606
3756
3286
2768
3540
522
79
3261
695
3277
2122
1978
2804
1863
2210
75
1712
832
2438
131
3814
3683
3642
3022
1005
619
3765
2657
3121
3502
2688
3080
2382
1529
2746
2205
1872
2245
2074
2002
890
1434
3929
196
3598
328
2555
1416
472
4081
4067
1737
2255
2100
2496
515
1860
2986
3603
315
327
490
1226
625
1897
3180
718
1995
456
3368
1071
1540
3467
120
3778
267
2316
2006
1140
1516
3604
3850
1854
3159
1777
3712
4062
2747
1689
848
1727
2432
482
2354
2137
2374
2264
2791
1436
3127
3844
371
749
742
278
1170
1181
627
2650
3372
4095
1020
3620
1233
3275
2929
2546
3503
2324
3663
3067
3044
1258
3497
458
1866
1998
238
2596
829
343
3680
1703
2569
1192
3585
1839
4093
2888
2520
147
995
2763
3394
3576
859
1721
1890
99
680
308
1646
3593
2090
948
443
4072
1630
1425
2550
1606
2151
2292
1364
1534
4066
1174
2456
3888
366
1390
3285
1966
716
3904
3459
2196
2172
2790
2257
3215
3977
3188
1504
1930
3101
2328
3523
2730
3218
4074
1141
807
2843
2451
1651
2081
62
1743
819
2381
2878
3438
2857
975
1610
3841
1888
3312
1537
1324
3065
1002
2543
2008
3299
1297
797
400
386
1203
1996
2045
3160
3137
207
360
175
1169
614
3815
605
124
2740
609
2346
2146
3208
3831
746
2695
3479
2433
820
1955
3422
2729
1152
354
3017
1523
2123
2160
2779
4040
3114
1210
1037
3468
3310
1972
1382
1413
2178
1542
3551
545
2630
1307
2554
1109
95
3985
1954
1405
3229
402
898
1098
3470
1624
3600
2412
2431
3053
3019
2022
3343
1409
3132
382
3966
544
555
2604
1349
2648
1266
495
45
1867
1780
468
1729
3265
4091
3655
3618
3621
126
2899
1951
181
3761
3828
3212
2876
2187
132
2230
3554
322
235
844
1628
3914
1227
1842
1156
3480
3872
3284
3846
4094
4007
270
642
1121
1368
3789
3557
2944
1408
332
786
2673
2573
3895
3108
3476
3708
2595
1383
3090
1079
3427
3754
345
1521
3000
2174
2003
3199
3767
187
268
1836
367
2470
274
3543
1100
1393
3109
1053
2426
563
2293
179
435
3415
2396
2802
1196
4002
1746
1027
3068
1952
3515
735
3665
692
1090
664
1979
2190
3414
2360
3810
387
3528
2782
1692
1341
3730
307
951
1127
3927
3153
2722
4034
981
2922
934
2225
2167
2107
2936
2058
1371
1862
3586
2975
162
1861
1207
1814
632
876
851
2923
1356
1969
2414
707
2240
1417
562
3331
3095
283
822
3830
2268
3998
3242
1690
3781
2073
3524
2039
3919
3091
2565
3855
758
3538
3166
2421
3384
858
801
767
1429
1695
2626
3319
1891
905
1738
1827
713
2398
1168
648
3915
1026
533
4045
2593
237
3211
1063
1284
1064
336
1153
3531
2535
953
2589
3029
1757
1724
1953
1254
1167
2942
2987
3390
1290
1473
3956
453
3611
591
2874
580
3965
253
383
3259
1357
2141
3768
2163
300
3329
3219
2419
723
2066
637
3263
1043
1804
2777
1980
4036
159
2658
363
3035
616
1066
2901
1430
3171
594
1345
1243
2826
3558
764
1201
3656
2758
1186
2750
1322
2326
3734
3241
3678
489
4010
1992
748
1478
4078
2542
3963
3950
971
2287
1437
3005
301
3014
2498
171
2810
2259
302
1914
460
1300
3610
1451
523
1017
2103
1257
1369
2341
2362
2587
2427
2575
2084
1555
1054
1299
826
3865
2223
1022
356
2525
4059
2461
4079
2548
3373
917
1671
3609
1748
3672
2834
114
111
1432
1175
1929
2614
2067
2852
1673
697
1012
2869
4005
924
3596
1736
3013
87
4046
2992
1028
1869
2553
2486
2252
3163
3590
2797
861
284
2980
503
3052
411
1198
2235
2170
3411
1918
1106
1308
1974
486
3991
1665
3096
1669
1279
2545
698
3465
1716
2358
1433
1558
1682
2504
2953
1274
3176
3616
4028
556
2126
3083
2752
3900
1820
2641
3569
3626
1460
375
2655
3116
512
3675
2440
1591
1394
3584
2303
761
1586
3792
1822
1795
347
2104
3250
3875
1033
1503
3881
239
2028
1698
3418
4014
3746
513
1420
1903
2613
694
3867
2378
3856
3578
1474
1112
3980
1273
112
769
3774
1256
3258
629
554
2620
589
2806
1637
4064
2920
2220
1314
2912
1389
4032
2454
223
1816
337
2685
3043
1456
2813
314
3544
2299
2047
3953
2837
11
939
2229
52
1668
2088
3777
4050
1295
72
1647
3461
3921
3098
2643
233
3607
2678
272
2924
3387
2703
1155
3939
1528
1213
3369
1380
812
377
3113
418
602
3362
2331
1536
1189
1288
3630
1982
2282
2610
1361
2998
719
2848
3123
1818
1739
2928
2353
3885
2007
2099
2305
982
2415
4008
964
424
2510
321
2743
2527
2144
1200
3378
2280
2954
1010
1813
1632
3984
3905
2394
3391
978
1563
2889
961
3979
3255
2131
3654
379
2759
1823
3375
2977
3306
2049
3136
3861
2402
3408
2318
2623
2357
2377
1346
27
499
3496
2696
1760
1049
3955
1211
310
1215
3227
1715
1421
2343
1769
4023
22
3690
1419
430
97
2669
3757
2428
3773
1589
1796
3715
296
1292
3423
3332
390
177
510
3563
1885
3521
2208
1700
1339
728
659
1553
3429
3666
1788
248
3822
3498
1228
3485
3460
2046
226
478
2285
506
1878
1385
2760
3635
2549
2651
3499
1650
447
3012
684
3764
1414
3074
2373
3262
2875
937
2209
1448
317
3321
2726
2649
2221
1622
2564
1685
416
1994
932
1752
2702
1543
3088
2538
2347
1060
3464
1119
2289
2408
849
2260
3612
1535
1122
3186
634
287
3097
2060
850
3056
299
3003
1446
3709
878
3323
496
1204
3968
1931
2320
2647
1983
3817
3863
1041
1344
1370
3852
2202
470
3270
1849
3744
1218
2483
2556
3007
2507
2816
3124
3648
3545
1476
3402
3864
1681
1631
1601
2621
191
243
1085
3897
1717
2239
1616
3701
3380
529
1640
3330
1761
768
3567
2216
1190
1242
2500
3204
3185
3932
145
3673
3957
2983
725
1949
2709
1855
2592
3839
1988
3426
794
1990
491
3317
125
689
3355
3238
2180
2943
3410
3671
3495
2828
352
1993
2994
4011
2585
2096
559
1149
703
1265
3645
887
706
2615
893
3990
2642
654
2745
2979
2393
2999
1139
2572
2334
3054
2133
3345
1745
1612
1976
747
4053
2453
3064
3760
2132
2370
2605
1735
3668
1271
3933
240
3370
1424
2307
658
1847
4012
2840
3689
3934
1115
3210
1076
3157
3151
852
1596
3339
2313
2737
109
1194
4080
1962
1674
2197
1800
1901
900
1469
1251
2278
1937
257
1661
3447
2075
2182
2129
1237
3436
2116
26
1373
497
3729
896
2013
2052
2227
2241
2001
874
1975
3399
1568
2351
3075
2854
3530
1909
1733
3970
894
4022
3119
3359
2115
154
1924
895
2365
195
2558
3769
1406
3784
2337
2652
2766
3404
118
161
1048
666
1527
2914
3303
2632
3572
2448
3071
1900
4048
362
3801
2503
3200
3794
3174
1664
1530
1224
1843
2832
3581
2761
417
9
788
3055
2773
3232
817
1884
1508
276
3943
3382
2471
1807
2784
1773
3879
1359
212
3383
1549
569
3704
2019
3996
1117
3451
1636
2955
714
141
3649
1961
2095
3202
222
1533
885
1353
2818
252
1
2361
2577
1018
2707
3694
1587
246
3356
3149
2136
2186
1396
576
31
2927
2671
780
2443
2807
4089
2243
3512
1774
2312
3710
2031
1479
2079
3293
1333
234
2171
3938
1029
488
1570
3442
2532
309
269
2363
1040
856
160
365
2698
2124
603
762
107
266
1829
1569
1625
2900
2110
2627
1101
2871
262
2823
1541
1306
21
419
2829
4030
444
1607
271
1113
346
3679
626
3580
256
3051
2130
2736
1677
15
2898
1627
1657
1147
2162
3120
1852
251
1693
3444
2340
2971
498
1277
954
685
156
1572
3790
3449
1096
2801
679
3973
2677
875
2644
306
1067
3755
213
6
4021
2524
1287
1132
507
2246
1074
3566
4058
14
2574
687
168
1293
3167
3381
3705
647
986
2526
3660
590
3913
2030
3144
28
3821
2970
2544
2011
1068
3634
3795
2295
803
1449
821
638
886
2212
1163
1191
3529
1468
2903
3452
550
1571
643
2056
2117
2937
4037
3640
884
552
3135
2457
3954
3305
466
1892
2629
1415
3086
2618
349
2143
2439
2390
1070
320
2355
2266
1603
1452
3221
759
1276
2034
312
531
955
3993
3674
2607
963
2855
1944
2825
787
3057
2873
457
3069
2712
712
1704
3967
285
3446
3488
3094
1230
2894
3818
3624
2085
3249
173
2314
2493
3848
2261
2617
1633
1859
2517
3142
3890
210
2570
1802
3107
772
2494
1402
2189
1321
102
3412
3825
538
3213
3999
1879
1475
3269
3222
755
3877
3740
2693
3532
3198
802
2297
149
3316
2267
1253
3951
2744
3034
3024
3042
3220
166
3908
2938
2861
1785
1680
1942
1463
2968
3328
70
2329
571
3926
1055
810
2489
640
2774
891
3336
2114
232
3686
649
1223
1072
3477
3941
1754
3623
455
399
2872
847
3960
3509
2258
1426
3239
663
3302
907
2017
1003
56
897
1464
792
3541
3518
1808
1853
831
1275
1367
3154
1362
3658
2447
3225
1880
1471
3560
2397
493
2718
2817
2153
3847
3706
3564
2449
1615
4087
2820
1179
1691
790
133
2603
1326
2918
1312
2670
2436
483
2369
2322
2930
2539
3775
3589
3156
1334
3115
339
395
2916
956
35
1328
37
1032
525
941
2238
1512
289
3001
808
84
1450
1709
2795
3417
153
1050
636
2277
4068
2576
3431
3141
2183
152
518
2591
753
89
3386
3994
3466
2254
3348
877
2633
2662
2168
2236
935
1116
2063
372
1239
247
1016
1841
2728
3687
3489
3266
2059
3592
3670
1920
74
2945
2635
2672
1261
2093
3251
449
3228
3125
3946
374
3478
1725
3505
841
2098
2988
2265
2083
2279
867
3063
3469
997
3733
708
1496
4018
942
1935
2113
2583
3876
3969
2723
432
2714
2562
2179
65
3653
1459
3425
2344
1593
705
1111
1330
840
1684
1522
1234
3517
3273
2155
2192
4042
677
3519
1089
3393
2036
3184
1588
3406
621
1895
2506
586
2062
3854
2403
1968
3772
3758
1851
665
3357
3974
1694
3365
3292
1960
2139
1317
717
1731
1766
2660
3928
505
1438
3602
2612
2884
3570
3366
1912
2926
2732
1667
355
2048
3264
1798
3591
1501
965
2222
3627
3392
2125
1088
3766
3516
3374
2531
1567
2338
999
1423
974
41
2276
2939
3650
2478
3716
81
2682
465
2057
2469
3428
1445
1755
2808
1302
2933
1940
1560
3253
3395
3439
857
150
2533
3780
2274
3838
3214
130
3770
2076
2890
494
3947
434
3117
1439
869
1683
842
3556
3793
3385
48
2214
338
1801
3688
1087
751
1833
1019
2148
127
2290
17
1902
2984
743
2598
492
2195
1407
839
958
873
1130
3454
734
2089
3559
1933
914
54
1865
4003
229
3462
2166
592
3613
2371
2109
2867
661
2368
1905
184
91
1706
3105
194
110
134
724
1104
1871
2004
2463
1036
279
1221
3139
3207
38
3130
3457
2969
3737
1722
2687
2958
30
3072
3023
1095
1932
193
985
1183
431
699
1395
3735
1765
1911
4060
2981
2345
752
3430
90
3887
709
3246
968
351
3987
3647
108
3031
776
3450
1455
2864
1672
1477
2473
3889
1038
1212
3354
3597
3507
34
2725
2272
3776
1812
2270
273
2164
1291
2708
3363
3935
1094
3028
744
1486
1195
3896
1896
93
209
809
3870
2666
1600
67
520
66
3351
59
783
2948
3093
1378
1316
1318
3745
3728
1776
754
2468
3257
480
2552
1332
426
69
4075
4013
1173
4051
3525
1810
265
933
3288
1806
2720
2495
1059
1182
3511
3911
413
1166
2446
1594
3971
3903
3759
2919
2990
1493
1803
3134
3944
1480
428
2452
2014
1621
1894
3732
1763
3992
1133
1623
733
1351
3133
410
2231
1458
1006
2731
137
3397
1304
574
8
3961
1638
3325
391
798
1750
1134
2921
715
2611
1653
2751
1705
2296
2462
1965
3753
2417
3601
1222
3565
846
3271
923
1889
57
1939
2119
3907
3643
3723
373
1176
2040
1467
1255
3230
2256
1216
334
1188
990
2042
1513
1870
1793
461
913
2742
872
691
2547
1518
1629
164
2985
1129
2719
1850
2925
2102
3924
2906
3037
2757
438
3824
3364
528
2602
2509
3862
945
2158
1655
3223
2005
3041
3021
1686
4054
446
683
2856
1613
3577
3820
254
2134
3435
437
2792
3172
3940
3632
818
1030
3492
2513
353
1973
2756
1045
2071
2838
3327
3811
2159
2291
216
1282
2181
24
2839
1381
3058
3506
1461
2776
2070
319
3173
142
1171
570
2072
3389
1498
2733
624
1873
1556
2885
1652
622
1205
4070
2957
1981
656
860
1599
1125
2082
2286
378
3178
408
420
1532
3089
2557
3060
1400
1470
813
940
652
2204
1775
3807
1244
3490
1759
3243
3588
1515
3964
2348
3536
3333
1264
3388
3587
1726
2701
3433
3843
1081
1392
2349
2327
816
3307
3148
2879
2833
977
721
926
3367
225
2215
2690
3009
1347
1061
220
1298
1418
3797
2051
537
2567
2656
3181
2094
1846
2
73
2249
2342
228
2184
2418
779
3011
1126
3322
2041
3279
119
71
1454
397
3695
474
3002
3922
799
2488
3206
3205
1634
3038
2413
4090
639
3040
2012
1483
258
2931
2152
1614
815
477
2754
2055
1648
4027
2667
2491
1538
1670
3522
3628
3158
2796
3379
3150
1491
293
2165
3165
855
2877
3112
331
469
29
2909
3617
244
94
1159
1915
3337
584
3542
1484
1740
2704
704
3802
2891
2767
3546
277
12
1062
3937
2866
2716
827
311
1985
291
3949
2917
2173
3945
1781
519
2619
1845
3481
3419
421
3976
2228
2423
3748
1921
448
2400
2455
1342
167
883
5
2762
631
1507
2441
837
4049
688
3925
361
1137
1511
1247
3405
560
979
2211
3441
2263
2459
1950
2404
3296
3809
3527
3283
96
2850
1388
548
3110
1355
3901
1559
2201
323
2830
3662
675
3652
3725
657
960
920
1838
3216
578
2445
1565
2681
2120
3398
3448
1552
517
2675
1732
2724
422
1343
3608
2902
3697
3061
316
796
2234
2892
3693
40
183
2674
915
1830
1790
976
2781
1311
3131
3803
25
3633
3152
1531
1945
3209
3103
2653
3162
3161
1024
2288
3859
3582
1730
2608
530
1550
163
1597
412
1259
3731
854
1441
214
3260
2150
1710
2199
1080
158
3437
669
1792
2010
3274
731
2686
174
1309
1069
341
139
198
595
3453
585
2379
2951
50
2560
2310
2519
1562
843
3539
3233
3682
2356
644
3087
1320
969
2972
2749
908
3434
1350
80
1561
3681
370
1926
3350
1177
376
966
1354
1676
774
957
1046
3983
4073
3189
1883
1107
3050
943
2842
2032
219
825
1286
186
732
2978
385
2350
1643
172
1799
1957
200
547
2092
2865
4026
3047
611
2905
2444
3832
1120
911
4055
221
2416
3147
2949
1999
113
3027
1444
1583
77
13
2739
100
959
620
46
3636
1335
770
2437
577
2665
2333
2380
3659
185
800
729
340
2819
3836
169
613
1187
1031
1713
3508
4015
3997
756
1906
3335
2789
782
2352
3353
462
3816
1753
4031
1151
835
18
2025
2835
49
3025
3155
1984
2679
2631
380
2450
1136
778
2219
1303
3187
76
3552
4001
3236
2579
1526
264
1546
475
1013
541
16
2112
441
2271
1635
983
565
1340
2915
2803
3036
2111
2846
3868
3421
3827
1001
2571
4061
1015
1566
2960
2242
3309
534
3487
1946
3252
313
3346
599
2721
3484
3473
4092
452
3245
405
128
4041
2053
1489
1442
2847
1660
2213
2191
3361
1305
3226
2359
1578
393
3579
2588
451
540
2836
3513
3501
1997
3301
1959
3986
3407
2895
1178
2772
690
996
3909
3622
1482
2940
795
3045
1771
2484
211
2224
1021
1278
3059
3713
2481
2027
2193
3344
106
3692
1296
3254
392
1666
260
3912
2646
2217
1858
3684
3826
863
1363
3032
834
189
1922
1877
1517
2683
3547
3377
3834
0
1310
888
2659
1907
1509
3594
1848
1749
2015
88
404
3813
561
946
2467
3717
514
564
3298
3033
811
1756
1011
1659
2788
4024
429
3290
1964
2154
406
98
4086
1611
3906
2991
1938
135
2566
1281
1857
2827
3347
944
3555
1073
3092
2785
2966
368
3583
2018
2492
2283
1294
1815
2699
282
2106
396
2490
333
601
3231
3099
2946
1148
1947
2302
1057
3268
178
2306
1864
2335
777
2465
901
804
1412
1618
3267
3190
1718
671
2973
662
1103
3595
2399
1481
1702
3291
1520
2910
3637
2601
3857
3360
3192
4035
2713
2512
325
1958
824
1928
4025
2551
806
2624
931
2962
3936
288
2706
123
1162
1720
909
2700
318
2339
1431
3046
3077
667
2475
1217
3234
151
1387
2029
2024
1397
3217
1828
2965
2982
23
2822
2523
1497
1619
2634
838
853
1263
1742
2858
2386
3696
3853
583
2694
2477
4065
738
2841
2639
369
2628
1358
484
1554
3334
604
2207
3164
3614
1714
3605
1488
3721
2101
20
2528
2689
1927
2868
2383
4016
1605
2145
3995
2645
1077
615
2540
655
3918
4020
1494
3026
1893
2000
542
2411
1047
2077
4039
500
3796
68
543
101
2128
2950
2068
1124
1701
3244
3526
1313
1679
678
2793
2262
1502
1143
3571
558
3639
3958
3575
2156
104
1649
19
3182
2464
828
1875
1782
4038
2401
598
2321
3342
3599
2815
526
1327
3739
539
2425
3842
1078
1598
524
2395
1886
3625
830
2311
2561
760
3743
459
4088
487
1193
1386
1876
521
3736
3471
1144
2135
170
2188
3808
2108
2317
1034
2487
479
1108
1557
2536
2932
2200
129
889
165
1758
2391
2388
3707
1447
3833
436
427
2514
1260
3474
1161
2157
2664
350
4082
3700
1826
726
115
2499
3762
865
3931
1642
1908
2764
3122
3126
904
970
2908
47
3989
2989
2897
700
1376
3785
3573
2594
2600
2893
1514
868
2851
947
672
3978
1595
342
42
2521
4069
952
3196
242
2332
1887
2814
962
1472
1360
593
3910
3799
2435
326
925
2882
3787
4076
2609
1772
3201
4033
1770
686
1262
551
618
1654
83
3340
903
535
3102
3138
2037
3800
3400
3304
1784
745
2599
2080
1524
2016
2480
202
3073
1348
668
2711
919
2061
3247
3917
3085
3858
3482
2597
2366
2294
3401
1236
1584
2175
3170
864
60
1817
993
3641
1219
3313
1510
1525
295
1499
1366
949
3718
1352
549
3416
4029
2097
2881
4044
63
2020
2654
298
1487
2812
2625
1913
86
3191
2177
1231
3804
2482
773
879
344
136
1246
2715
635
3278
2821
2974
1934
596
3100
4052
710
3295
3982
3458
2738
3491
3849
1495
3396
292
1904
155
1719
1410
501
481
1056
1544
116
1379
1787
450
2845
1377
3129
1325
197
892
2775
1490
3494
3030
1249
2078
3475
1500
1123
2771
3942
2043
1991
2406
55
3724
2780
2458
1910
3878
2127
3146
763
1645
304
121
3510
1283
918
3280
3676
2805
3988
2409
741
263
2033
2275
454
3920
1301
3667
218
2913
3118
1832
2964
3574
1269
2460
3183
1970
176
117
2429
536
294
303
2710
85
1093
215
3726
1443
902
2479
646
330
305
3840
1372
1118
3882
1083
2578
3424
1874
3549
1401
51
3486
736
3015
3806
572
3237
2568
2581
967
3324
929
61
1453
1398
3869
1023
78
3287
3782
471
600
3020
236
1917
1004
766
476
3197
3443
2727
1545
1626
2434
921
2147
2622
1403
3788
2323
682
1285
3535
674
3871
765
2407
3079
3193
1821
1977
4077
3076
4006
3751
2862
3070
568
4017
509
989
3281
1941
3651
2476
1819
1374
182
2515
2309
980
3472
4057
1697
607
146
740
398
2522
3962
553
3413
880
3179
241
1337
425
3677
3752
3066
2705
720
1789
2516
1844
1856
994
2375
532
2800
2105
3297
1142
2232
1824
3975
3084
2967
823
1280
3358
384
1602
188
3294
1365
3722
3300
1086
3952
3276
3894
3631
3786
1206
4084
53
2284
587
1551
2251
2485
3106
1145
3195
1440
3646
2887
1331
2315
192
1699
2372
3873
1916
275
833
440
3282
2518
