3535
1
622
2563
3095
3260
3101
1022
3577
131
1201
3963
1572
3452
1469
3580
3867
2572
669
3787
3659
193
563
1430
3142
697
4052
353
1573
2124
3241
1710
2237
1260
3244
1746
3708
1878
491
820
573
1926
683
3728
3427
54
1427
1004
402
1738
143
2419
846
3904
511
1390
2906
1948
192
705
4007
156
2679
1900
2510
983
2868
3642
699
153
3539
3900
1807
1857
1991
3516
2627
2397
271
2114
3076
184
118
3991
2128
2778
643
2904
2759
2391
99
282
2881
3211
245
2596
967
3245
796
3902
357
2985
371
2414
3443
1704
775
3153
735
2502
305
3464
773
459
857
1437
365
197
3608
2575
649
2100
2071
7
3422
3877
797
2343
996
2499
1323
312
3979
714
1646
2550
3582
3409
1102
2047
2162
1087
28
1439
1428
2917
2674
1950
170
2309
3559
262
3919
765
2455
583
2212
1386
3311
3008
681
1720
3027
3057
73
22
3917
2012
2329
2876
3882
1048
1270
1600
3881
350
1743
2839
2901
1255
2789
1199
484
569
1796
2925
2134
3908
1028
3978
1110
1708
1301
1996
1327
3999
171
2262
211
1116
478
2362
1548
1591
3724
82
1088
2507
2998
2643
2290
2501
3489
2054
1719
1387
2370
2075
2256
630
2608
2198
2521
3613
3920
1236
2543
4034
2610
995
1707
3250
230
1641
1990
3982
1438
1535
1320
711
1373
2896
2992
3182
2837
497
2005
3696
210
1339
1055
906
68
1635
1919
1420
173
411
2620
2215
281
3133
1521
1425
642
377
1139
915
4062
3639
3746
3959
1197
3814
195
3968
832
33
2497
1876
1477
382
2921
3119
3977
2733
1513
2618
802
1537
3772
1781
1621
953
4014
1371
2803
1655
984
1902
2835
522
1462
84
3308
2738
1429
3482
2130
1355
201
604
496
3375
3235
3099
3641
3418
283
662
1529
1502
1372
4088
747
1840
1772
1080
3446
1459
1485
1174
686
2538
692
3853
3162
3576
1569
1586
1233
1811
2046
2472
1061
4069
2781
2942
107
3109
2600
1315
2168
1175
2871
2810
1944
553
2894
97
737
2045
1423
3216
3385
2991
2319
3439
3398
2221
2266
3980
728
3629
1705
2431
1234
2292
2036
1633
332
3976
2594
140
2261
2410
1696
2977
1511
3564
3686
3706
1892
1489
940
3662
673
2751
3683
1853
2774
3844
336
1463
2359
3481
2579
629
4020
1939
2599
34
2366
2673
1907
1364
1951
1264
3310
2249
2474
176
2611
3536
452
2253
337
706
3279
1701
3839
3417
1992
4042
2710
1497
1291
2407
2859
3649
1383
3019
3294
947
221
1650
390
1571
3178
4037
251
1799
2680
2458
758
3379
149
1076
2324
905
2554
499
1709
3186
3768
611
347
2216
1981
1658
3573
3615
952
2791
2321
355
1732
2743
3139
3190
1519
602
2433
3108
1587
3846
1528
1855
893
3762
3322
2062
2841
2389
3845
881
395
3238
2814
2794
2195
3793
253
2293
85
2371
4011
2246
3521
3343
3383
1509
1820
2954
1424
2103
2398
970
1838
2
2232
2564
1506
4040
2288
462
1056
3705
3185
401
2504
1809
3981
500
3344
3369
388
3239
2087
1254
1927
2587
3475
1674
4083
861
3941
1973
2804
4075
2967
2802
3676
2488
425
1019
743
558
2322
72
1544
3532
2798
1231
884
1335
4039
917
1165
241
821
1582
3289
3114
266
603
2320
787
3284
892
321
2442
2180
2382
1589
1760
2589
1400
3447
3098
3382
2892
762
3704
1699
2202
2280
1740
1414
764
972
1949
1366
3460
3623
1072
1986
2354
434
3486
2529
3731
1637
3752
954
3855
3531
1564
2027
3794
994
575
2157
246
3237
1107
3257
3007
1501
2720
3777
2438
3333
691
2070
961
987
3208
2739
931
1750
182
2619
982
3930
3797
2314
2813
2644
2369
3832
4022
3859
1555
1321
3463
2934
2358
708
3680
259
3722
1475
3962
2870
1082
1777
2824
2171
2544
2605
849
2147
2771
288
3661
234
2254
385
2711
70
2088
1180
2251
3611
1536
3152
338
3617
3064
3672
2969
2869
1620
1153
267
504
1700
1074
767
668
3444
6
31
4079
745
166
1101
2716
1998
3864
1064
328
3420
1212
3823
2211
2940
2089
41
65
3806
946
212
2361
1052
4018
1276
3678
1033
2333
361
3910
433
2327
317
936
2971
1379
2938
1741
2126
3811
3374
2782
2838
464
1136
2491
1668
998
2851
1941
3947
1914
316
258
3831
3480
1923
2509
183
1866
2160
3974
4066
539
3014
1520
3565
807
2666
2667
4044
1588
1163
2307
490
2339
2582
2250
2549
3494
2713
1404
2765
1240
1340
476
2893
3042
1162
2028
1664
880
1070
3865
1121
2129
742
1384
1220
620
2736
415
655
1603
26
273
3994
2617
1412
3732
3632
937
2690
1326
1706
2494
1667
3929
1898
1176
1085
626
3888
3997
3873
808
3271
2421
4074
2430
1470
3805
1734
3983
4095
3710
3350
2897
541
608
627
3471
3734
3849
1965
2997
4093
2167
538
2323
2043
3747
1974
2888
280
1473
2436
529
3055
3400
3301
3490
1839
1806
386
899
701
1735
1897
2465
3497
3804
3956
231
2178
2459
1615
3558
3538
2820
2408
2640
2350
3259
492
2706
570
891
3586
941
2039
2210
4003
2478
4050
2336
1665
606
1693
3016
1619
1934
1558
3325
3633
3360
2017
3508
2920
3518
112
1913
2445
1956
1578
3146
1829
164
1493
2939
3779
3502
3668
122
2678
1095
3691
457
1868
1126
3078
3053
3466
1325
108
1385
2191
2800
1204
2353
1184
1645
343
3428
700
1531
2393
3643
3033
3713
3367
2744
2603
1094
897
3137
3737
1715
2714
3209
35
1079
1628
945
2120
460
2185
3561
3329
4090
3416
3656
854
3907
160
2909
1955
3487
1905
428
847
895
1023
3563
1638
1722
1547
3924
1687
376
1787
2760
925
2924
3791
303
1562
3184
3335
2498
1318
3274
4082
3336
2732
1614
2811
3935
1474
923
2098
1043
2898
534
3202
599
1426
2200
875
2695
2723
1561
429
2861
1729
920
3359
1317
1928
3135
1873
3381
1293
1841
27
3313
2106
1441
3949
3061
471
1821
3194
1978
2030
3389
3129
2204
3993
4041
1207
2051
1408
2228
2285
2903
145
1099
3890
2244
3458
3847
1682
933
167
930
2825
3084
1968
768
3622
3790
3589
348
580
222
3397
3474
2974
1344
102
4032
468
2146
515
3807
2842
3601
3413
2449
942
225
3868
4013
969
3505
4057
359
2783
139
2793
836
1835
249
2409
3733
2808
3124
1322
3249
2683
106
3876
624
1129
1889
2118
442
3121
545
4017
2769
2245
678
1375
3751
479
1966
1464
1007
687
516
1289
3222
3692
3276
2830
412
1259
2973
1187
3048
2697
92
1803
904
3262
2568
1859
2963
287
158
79
1436
2121
2637
2950
2874
851
1308
3054
1848
912
1211
1202
1361
1018
3478
3936
2809
124
1205
1360
2485
2109
2941
2806
2373
781
3965
1152
1745
3321
2885
1551
977
531
3996
1300
3891
1230
1575
243
774
23
2328
3571
1446
3028
2096
2009
537
2677
1159
1021
3886
2615
1398
3063
1026
2176
733
2077
3943
2899
1891
42
3786
609
625
2531
3450
3645
2238
400
2648
1237
2318
2065
1292
416
127
868
2763
2890
3570
2492
1852
1142
1490
1959
1418
3265
3213
694
508
2091
2990
219
1631
18
760
3957
1362
1144
2189
2014
1421
344
3522
1345
784
1607
2749
2966
3784
2127
2936
389
1762
4010
2719
427
3754
1730
2659
111
1191
2638
275
582
3964
2718
3118
1935
1609
1576
3667
50
1712
3088
4043
2131
1272
2257
988
3314
3664
319
1585
3410
2819
731
887
1583
3386
2571
1227
1636
3702
1029
1228
1287
4053
1407
2437
2422
2931
3125
2649
2330
1765
804
2473
2528
1298
3068
959
3022
838
2064
2583
698
2847
19
3961
3204
1263
4064
3258
313
237
990
4030
3141
1431
2699
3602
1512
489
2335
3179
1138
2023
3089
2482
3017
327
4073
3167
2273
1350
2291
557
1761
788
265
2565
3767
3618
3203
1879
4063
3948
1411
1357
189
3229
264
4
2943
1359
817
2040
2033
474
3049
3730
1602
1871
2948
420
2022
1273
4051
1663
1566
1188
1347
3555
3506
2995
331
525
1215
1453
2372
589
57
1001
2691
1850
1005
3551
3039
3346
2785
989
3339
2951
435
2117
3504
437
196
3714
1594
3607
2505
3282
48
2428
3584
67
286
2777
1518
1971
997
1757
1916
3712
3988
2348
3496
588
105
1049
494
552
333
2112
1382
736
3334
3776
3735
3283
2239
2306
613
1604
2727
3951
1565
1980
3402
3485
3419
962
3105
1846
3295
2086
1623
3106
1396
1039
3918
1168
2163
1784
1392
4055
1020
2598
2269
865
612
64
2520
2715
2107
4005
117
44
1305
3792
458
3511
2443
2616
3364
2553
4061
1456
4046
310
707
3009
301
748
1789
3392
3574
870
2656
96
571
2041
2624
766
783
3297
169
3451
3759
785
1040
2085
263
1117
3995
61
342
2304
2752
1967
1280
2377
520
1867
2846
3938
3278
2316
2390
1553
3525
1906
24
1017
2856
2289
2916
3685
2799
1194
2299
3092
3697
1713
2011
853
152
340
2607
2560
469
3462
2770
3670
2048
2217
770
2434
3989
4033
2020
2173
2660
3087
3874
3075
3513
2817
1903
2511
3598
2905
208
2542
4067
1151
822
3739
2693
1065
2080
3899
2055
3821
2231
3631
3436
1593
3307
3897
597
1060
1137
3128
1494
1776
1768
2994
2650
3550
1222
1030
715
38
2476
927
3517
2025
1161
949
381
3581
1073
3648
3013
1224
3026
3320
3230
2360
3761
1037
3774
864
3520
1059
2192
2050
2136
901
1160
789
3246
3479
3830
2900
2961
2447
2567
528
279
3348
3913
1312
1200
2258
1958
3169
3110
1467
3528
776
2849
3726
3755
517
3549
547
2642
2540
750
3448
307
1173
3813
824
2038
3785
1961
3298
1739
3052
223
2305
4068
2108
2907
2423
2230
2487
3725
2953
1640
3158
4058
2671
1849
3414
2584
1314
309
2912
2268
11
3758
186
3937
179
3038
2882
1915
1995
311
3548
1899
1422
4021
1997
1413
2024
3572
862
278
1793
3499
1252
76
674
826
2832
3727
3898
677
2708
837
1218
856
4026
1610
3472
2259
3537
2181
1286
3783
3059
3542
227
1662
1869
207
3404
3810
424
617
719
2334
2945
566
3635
3097
3161
2123
560
1617
3341
1504
1468
1962
2376
3217
2042
2686
2955
2959
3441
805
3663
689
3291
2483
3560
4016
1568
1685
3189
1391
2657
150
593
3426
2593
3020
2767
551
481
3628
4012
1369
3698
3172
1164
513
1405
3143
1132
1307
2199
610
3782
248
1223
3254
397
1249
2002
3721
1660
2633
723
978
2187
3197
968
890
3319
1150
2707
2076
2152
3372
2052
3834
3954
3132
2384
3887
2965
1932
488
2274
3679
3399
1351
2018
1354
732
430
1044
2797
754
2158
2234
2404
523
372
1009
187
3816
215
1545
2534
233
2692
341
757
3256
3637
2270
1946
2105
3036
950
2169
2875
1193
1109
3157
966
3145
2833
3468
2786
3065
2689
590
878
2149
896
3688
250
4089
3371
1309
3630
1976
965
1773
2008
3942
1901
3743
1649
3958
2944
12
1221
2284
1041
2364
3288
2058
3856
2367
1596
1343
2226
1334
3837
1567
1808
1771
1918
1115
2535
3971
2970
1229
1266
1484
685
3340
2332
43
2513
128
3236
2927
1931
2486
3510
1210
423
4025
104
1290
3147
3302
2845
78
1081
1466
1016
2177
3842
810
1815
813
463
1177
3588
373
3220
1434
3781
3286
1987
1395
1331
1053
929
2592
2537
206
845
3671
2403
51
3
2621
521
1143
3970
1135
236
4015
115
3455
3869
2454
2079
1370
676
1863
114
2532
1702
304
4072
3689
2083
3952
2294
3140
577
957
2154
1313
2555
1368
3445
1032
2267
3509
704
556
1624
2773
1581
844
2766
3711
472
2441
1288
2355
2300
1133
1262
2133
3870
645
2669
1050
165
1827
426
2805
3330
3391
3090
446
383
3749
159
440
3800
1584
753
1737
325
121
2807
2626
39
218
2883
4084
32
3138
1047
2067
2381
3852
422
3160
2150
3740
3196
3218
1845
2517
270
1216
3647
586
302
1999
293
605
614
2613
2670
1983
3848
2400
485
2703
1120
3857
2446
907
786
351
1108
3349
526
2516
1393
456
466
1179
3273
709
3151
1731
519
3175
1283
95
761
2165
2141
3931
1195
3620
1697
1749
1680
2203
3144
138
2932
2059
3666
2415
1695
1349
1563
1440
1940
1533
834
2310
3646
3851
806
3592
3596
163
548
414
3932
2326
94
1248
2225
3424
2190
2737
3923
1557
1825
3934
2424
2926
1804
1689
3393
3681
3763
3627
3304
3465
568
2910
4059
1505
3484
1066
2489
980
2252
2984
2405
1577
3199
1063
3268
596
2862
1711
3126
3862
1281
2337
3590
1694
3309
1092
1479
2281
125
1629
3269
1238
814
2877
3812
1817
3071
60
3111
2019
2341
2417
1622
1457
1090
2712
2902
1517
958
1788
679
3102
3206
1670
2735
3575
3841
1203
1113
436
1035
828
3483
852
1051
4048
1478
2448
4045
2425
228
1969
2815
2523
1994
2850
2387
1595
2113
1250
52
1374
2731
3406
3599
3263
1842
3363
2860
2843
2853
2265
1333
3215
1541
939
791
1410
37
2004
2432
46
981
3116
2879
3247
3673
2946
56
1612
4028
2756
1989
2402
214
1024
1503
3514
2379
2734
2601
2026
2533
3553
4086
530
3198
1356
1979
2345
628
356
229
3944
3429
2630
2352
1648
2344
3748
3638
3287
2968
1716
3533
2580
2625
1921
1972
2701
2063
1406
3495
2347
66
324
3545
58
2863
3488
3384
1134
3619
3358
2726
2993
712
80
798
654
154
951
3883
1681
1856
682
1993
693
2704
819
3566
2604
3223
2750
3524
2684
2641
2468
3741
483
1798
725
600
1925
419
1800
1034
3799
1714
2223
2929
346
3684
199
2536
1337
3221
800
1084
1131
2566
963
533
3299
664
2976
3449
1125
1632
1465
3361
2831
1077
4054
1442
2729
238
1822
3176
3174
1435
991
2762
3461
3225
3107
3070
1105
1698
2006
746
2418
2015
795
1297
2227
417
3293
3233
3127
574
2661
2363
1471
1445
3985
2748
2854
384
803
3901
3315
637
3034
2573
360
592
3682
1828
3905
1495
3955
3975
2964
2557
615
2878
1461
1721
1794
2919
2685
2574
1419
175
1546
1644
2101
323
576
3503
2139
289
2233
518
1560
2298
3352
4004
1813
3578
2795
1626
2490
1257
3817
368
493
109
1960
2287
188
2779
2475
1452
431
1067
3356
898
1449
4081
1450
2380
1235
3003
2297
1860
1241
2142
2175
772
1922
90
2179
88
2247
1433
2219
3285
818
2889
3470
20
2576
133
378
2388
3940
3653
358
1837
1481
194
1522
1130
2122
1833
2073
3557
2647
239
1071
2053
938
3456
2724
1534
255
2340
2645
3368
2646
3219
3863
2928
1507
1147
3032
486
296
3554
155
1524
2960
3224
3195
3255
1742
3332
1346
2125
2652
3750
1341
1753
2197
1778
2801
2639
1770
3872
688
2311
3306
1261
3051
848
2908
329
1790
2416
2135
1213
1045
3395
3365
413
3700
1011
619
2709
2016
83
2411
3879
2548
3073
1277
2032
812
1342
375
3421
4000
3547
3407
2031
3987
2207
1675
993
2525
2591
3366
2606
2527
1279
473
3880
2271
3457
721
1118
1394
4076
2037
1460
3005
1510
2395
1883
3950
1128
866
811
3838
3822
3434
1451
2949
3044
1733
3201
1476
663
1657
3625
180
1219
635
3077
3556
2569
1444
2676
1920
2170
3742
1242
639
3723
2935
1389
1666
3677
1954
1332
3569
2700
1690
1294
453
1274
751
1148
3440
2508
1554
1498
1310
1097
2796
1154
3693
2947
3760
2586
40
3568
81
3115
3378
777
1775
441
3939
2068
638
3757
2325
4065
3925
2687
475
4056
3292
3745
403
2915
2331
3614
794
3267
2515
3025
3438
1963
2725
1945
3415
598
292
1472
631
3624
2886
2556
3585
4077
3896
3327
3884
2213
406
374
495
718
1015
1805
93
2668
268
2383
2754
379
3815
591
1057
618
1075
1910
3719
2013
2622
542
3515
2887
985
3984
932
2000
3326
1106
3903
1964
3744
3010
1008
2194
3854
2315
587
1942
3788
298
392
1618
3972
2464
825
979
3453
2654
3006
690
2214
2570
2151
2578
409
2240
394
2069
815
1896
3600
110
3771
1012
916
450
1338
1171
922
644
595
3001
2758
1096
297
601
2914
3305
391
404
2159
1122
900
2780
3232
2530
744
1304
3029
1599
527
2577
3579
827
1872
2394
1455
2864
75
2412
5
235
935
1225
148
2093
877
465
181
1611
2730
1268
2747
257
3187
3798
3079
2562
137
3875
1540
3707
572
3871
3612
1089
2283
2218
291
2989
4091
3720
554
1454
3002
1764
3699
116
3770
1824
2826
2552
1881
91
2787
3015
3921
1062
2264
132
872
2182
657
4009
1812
3342
1686
4036
1957
3062
1725
3280
3082
2034
2467
4023
1527
2209
3709
2982
640
671
1000
3316
367
1724
3715
641
205
2923
1100
3780
633
3166
2222
2439
455
3377
2277
3432
3050
734
1208
1448
1397
3093
1943
1598
252
405
2741
3248
3405
3651
833
3833
1192
1643
432
1217
2375
1782
3270
1358
1378
3168
665
1306
461
1688
2551
2653
2061
2110
3766
1013
1093
885
396
1348
3170
2746
2272
3347
1525
330
2866
3655
451
3835
1112
2922
2099
226
2827
2541
2094
1579
2761
174
3501
3802
1377
3041
2590
2512
769
924
1226
2460
1038
1181
1886
955
1365
3473
3148
3729
147
2757
1324
3045
4092
3616
3824
579
3540
3021
3640
9
1844
4006
2702
623
254
2918
2406
2636
1832
1758
3703
45
2816
2111
948
3296
1754
1550
2035
1874
717
2206
3836
1823
1654
77
726
217
829
1402
1206
1124
3056
1036
1353
272
21
1247
87
926
2524
2962
2857
2295
487
3192
1819
2386
2980
1284
740
2278
366
3687
2440
976
2456
2722
2628
3773
190
1605
1447
607
216
1748
696
2356
1909
3228
2243
3083
2694
702
1267
3067
1676
1843
3809
3103
352
168
2481
120
3373
3945
1104
3205
2010
399
790
2342
2658
2665
2776
2374
3512
1608
3476
1027
2471
2822
2451
3066
2102
30
3277
2911
2255
2303
2470
1755
2559
543
2183
1826
999
47
2097
2880
661
3858
2930
2981
1299
3337
3829
653
3351
667
2477
1861
652
1747
3778
2631
3552
3401
224
3543
1515
1590
3112
3085
3960
3657
2143
3644
209
1559
306
1539
3000
1766
839
1232
1882
69
675
2821
1542
1172
1836
867
2066
879
1186
911
3134
3491
2469
3403
1487
380
1042
3040
3843
103
2539
284
2166
1970
843
1401
1924
1415
1167
2457
1831
919
3430
2585
524
975
3591
244
113
4038
1769
1329
2078
3324
831
3251
2768
387
1759
2999
3210
792
1726
4027
364
1678
1652
3431
2296
101
3467
1880
3411
1328
647
2242
3252
2484
2651
2081
3226
2663
1282
1613
3756
1157
3231
1847
1302
3795
322
1679
3191
4019
860
1170
3825
1239
142
2788
1182
2891
418
443
581
2696
2462
1002
3544
1127
1169
144
840
2302
3046
1376
2522
4085
130
739
3030
204
3214
1975
650
3605
2205
89
3669
2581
2466
1684
3911
1834
2463
3328
1783
3916
3354
2452
3889
3675
3992
59
3526
2095
536
1549
660
2401
172
759
2003
3011
3665
799
4047
1616
25
2119
2260
2988
1500
1691
2276
2500
2588
2595
1196
2546
1677
3037
2895
621
3893
1482
4094
285
1895
220
876
1785
2855
2317
16
559
2156
1592
1570
3594
3738
2196
1363
1499
2072
349
506
909
1046
2558
720
2357
1258
3171
1514
903
498
1091
294
3650
2996
477
2986
1543
2220
1069
2503
4031
198
1209
3035
1086
858
1336
934
2201
3149
1244
3130
2840
3850
1119
3156
1630
3895
3345
2632
2547
1285
3769
1552
3796
1183
4001
3275
1984
3597
1717
1003
1797
724
2978
636
3338
2346
3212
3323
1214
1792
1178
1556
1031
4070
509
29
3004
2450
55
3113
2399
3493
921
1253
3173
2823
3654
2184
2983
3253
943
3159
318
3523
871
1953
3765
3303
1639
2056
3998
830
151
339
918
3370
3353
3435
1190
1114
3914
2453
503
2635
3412
2007
2784
3492
1884
320
1723
1432
578
1634
13
2444
889
1158
3892
1256
129
398
470
2526
4080
1763
823
741
3519
850
1912
2728
3181
1530
2790
71
203
3990
2672
555
3023
1933
1271
3926
4049
656
445
914
135
2664
410
1851
146
269
3775
782
1054
3820
1123
2351
3096
816
3690
727
1864
3695
3861
1904
4078
3433
779
1661
3188
3595
1736
1774
1245
3177
2858
670
326
3927
157
1417
3507
902
2044
2681
730
3266
3120
134
3355
3058
1251
2132
1083
3380
894
1887
1659
3701
873
632
2235
1627
447
2229
2852
973
2655
3885
2844
3912
512
1492
1403
1947
2623
3423
1275
2675
778
1010
4035
1908
3261
3072
3207
1399
1985
3281
308
3069
3165
1198
2957
3593
62
1936
1508
863
3117
480
1751
141
2629
2224
1155
1352
855
2479
3567
648
2090
1779
594
771
2140
3136
659
1409
2153
1816
584
2263
3819
3818
3694
1656
2493
1068
2662
1303
1025
4029
3123
3163
1295
2429
98
2435
1269
2721
421
3969
439
1791
1486
2829
1526
2188
964
780
1416
2609
1488
1930
2461
2174
1911
565
616
1532
1601
908
1673
835
3454
3583
4071
1145
3953
2282
801
232
1146
3610
2745
3718
334
1988
4087
240
369
2913
634
1265
3394
3154
883
1058
3803
1483
3674
36
1653
3024
2873
2378
1870
2828
2496
3909
3808
2057
213
986
3500
3193
3764
2427
1141
1006
1523
793
1458
3074
1938
1937
2792
562
1319
2413
335
585
290
3318
3826
1802
535
448
3587
3967
2172
3477
1818
540
3300
2001
74
1977
869
1014
256
2286
4008
53
299
3606
2772
2338
3840
449
162
2506
2116
2104
3164
2975
2682
2313
3104
3534
1651
1166
1189
3227
550
729
2208
2308
161
1367
3242
3180
2193
2614
1574
3390
749
960
505
3828
2495
3660
261
3717
1316
2349
2884
2952
1890
3469
2979
842
956
3634
1597
2074
2818
1669
295
3047
971
407
2115
1443
886
185
974
1917
2155
3442
1929
2634
1727
3396
2137
3459
438
1795
3240
1830
2764
2972
3789
3604
2561
15
2084
3609
3716
3530
1786
3387
1491
3331
3603
3973
482
2301
1480
567
510
2987
1728
3408
514
3915
3736
2740
370
3362
1801
2021
1671
277
3860
859
1703
1606
1683
1246
646
2275
2755
2186
2365
752
1078
2872
882
242
992
1885
2396
910
2029
1098
913
2688
2514
2956
3636
1111
1854
2937
1243
1496
3621
2049
1865
3527
1744
666
928
3086
200
703
2426
544
1516
1767
408
3388
3894
2698
2775
809
1858
3827
755
3043
2368
1877
3933
1388
8
2717
3801
1642
3652
10
3986
247
3317
2958
136
3541
3234
1672
2161
3155
2144
4002
2092
3060
3437
2705
2279
3498
2385
695
3200
177
3312
3866
1156
561
2836
3150
2480
2834
3183
2865
2145
2082
546
3562
888
354
2867
716
3966
3626
1718
100
444
507
1625
756
1982
1952
1185
1580
2545
1752
1296
3131
362
1692
1149
2812
4024
300
315
1875
260
502
178
684
3272
738
3946
4060
3658
3376
363
2248
722
549
49
3122
1538
1647
3290
2138
2060
393
3357
532
713
3091
2742
202
2241
2848
3080
1140
763
1278
680
191
14
1814
3081
86
1780
2518
345
314
2933
1330
1862
564
467
276
2392
3878
3100
126
1311
119
3264
501
3546
3018
2420
2753
3906
2164
1103
1893
3529
3243
3012
3753
3928
123
2612
63
1888
658
710
2148
841
874
3031
454
2312
3922
1894
17
651
2602
944
1810
3094
2597
672
1381
2519
0
274
1380
2236
1756
3425
