3347
3461
2255
2363
764
4022
2214
3771
3822
2464
448
439
127
1749
1963
2076
735
37
3716
2148
1621
1675
666
1143
3182
770
1091
246
893
2952
3422
2723
1763
2618
2748
4019
208
1802
3810
2897
3014
3296
1587
3284
2220
422
1089
1720
3299
3345
767
538
3225
4080
589
2896
177
915
2793
229
1974
3873
2817
509
3953
3867
3761
2725
2825
848
411
2450
918
3537
300
3499
2093
342
1730
91
4095
2409
51
2435
3261
612
2747
1543
720
1433
639
3097
237
183
190
3920
3332
1965
3933
3845
437
1550
719
3553
2444
3066
1537
2642
3942
3804
117
2070
2670
1411
257
323
4074
1032
3584
313
3233
3189
3666
782
575
3476
3968
2470
2203
2163
888
3118
2386
3009
650
3977
3043
1036
2753
1227
651
3082
727
2389
2927
3971
2048
2721
3732
41
527
2668
302
1482
184
430
100
2872
943
2931
2662
2036
3053
1315
3830
2405
68
3760
3124
2351
957
2388
464
2259
3342
1721
3714
3380
4055
2677
2473
2798
2857
3527
2198
3420
2038
368
2940
1589
2969
671
3426
1228
1256
1962
1854
1693
2683
3687
902
3376
2046
1928
1080
2586
774
965
2176
1852
3160
2544
2526
2354
186
2689
933
2582
1682
3240
1340
4014
3561
2594
472
591
3862
417
2669
909
92
2557
3363
2105
1640
2568
1718
3206
3267
2008
3969
3185
2184
2741
1687
2756
1454
400
1593
714
1755
772
1910
2352
3423
3389
4084
982
1728
3937
2419
602
3012
4013
2102
2894
320
2870
103
2667
3000
1735
1250
3224
2304
3158
931
3196
1241
169
547
3186
407
3060
2960
3832
494
423
2812
2303
3421
2849
1961
2380
2672
856
3404
2853
74
857
690
1941
1033
1458
851
3806
3105
1781
45
2597
3655
2701
145
1388
3616
1527
3444
176
3784
2091
3777
3350
1858
2847
2617
2959
1389
379
2505
3328
1792
539
1130
1206
3798
87
3237
47
3491
1983
4060
2792
3254
1010
2833
1544
385
2810
3708
2094
1065
3740
2898
2879
1019
2241
3889
3954
995
161
3660
258
1497
3853
436
3884
1505
3117
251
3682
3634
1930
2454
298
259
4092
3676
3453
2053
1760
212
3072
2758
1113
3863
391
2595
2269
2651
1088
4044
1392
698
2579
545
12
89
665
164
431
1751
3113
1950
1128
2088
2406
380
904
1292
1003
1838
2434
1034
498
2158
2661
794
2002
3785
2428
2130
660
751
2699
119
373
34
56
133
3121
2460
3894
3726
301
1275
3008
685
1339
3075
1738
863
1205
3394
846
3891
2984
1068
1726
892
1618
3235
693
2234
470
2424
922
3857
932
1177
1501
2477
648
2135
2110
3418
1260
723
393
3550
3089
3657
611
787
4033
729
4083
1412
3975
31
3686
2175
3600
1970
3322
3135
1791
2606
1471
540
375
318
2917
2631
571
370
1380
1964
2274
2620
1581
3568
132
1555
1436
2430
2593
2039
1880
2260
2403
2370
2821
3424
3688
1637
481
42
3458
2609
3137
3790
482
107
2869
841
2301
1987
3310
1684
2957
3530
3875
586
3868
2302
544
707
213
2089
2573
2194
627
507
273
617
1193
1782
2276
3582
2876
1135
536
3819
2702
633
3293
2559
3881
925
2219
3448
752
1424
2623
702
710
2410
188
3021
1213
214
3260
3697
3846
3504
3054
180
268
3836
3479
615
1279
2343
1551
2365
137
2907
3452
728
3017
2874
3500
95
1142
2769
2563
1883
1449
477
1815
3538
2084
3508
1247
1087
2554
316
1418
1302
2602
2323
2883
506
1847
2322
312
644
2378
2081
3999
1162
296
1733
3007
1460
1806
1958
1286
2571
2837
1463
3789
2100
1516
1265
2245
2092
2098
4042
738
128
2893
3567
2003
376
3371
3168
295
2296
2688
1294
1037
1446
4093
757
1685
3590
3646
2650
3247
808
3405
4070
2310
1164
3965
746
2283
1793
524
2373
3991
2132
532
570
1756
3549
3248
3167
2648
721
287
2908
3627
1662
3841
1659
964
935
1048
2547
150
2911
817
1335
3055
3910
963
553
3580
2227
1078
57
3613
1560
1639
1459
2570
815
130
2429
1638
3829
3139
998
689
2538
28
3764
2684
3030
1643
1577
2988
4038
3304
3099
3142
1771
3649
1285
866
776
335
2189
3915
1866
432
638
2498
2784
1042
3194
3302
2975
2314
158
402
389
2565
20
3795
1942
1493
1236
270
3742
2935
2736
3485
792
30
550
852
2739
2244
1884
55
3305
3659
1766
1556
3587
790
2562
227
13
1702
2483
1546
94
2777
717
1724
3699
2518
2925
1170
1215
3879
76
797
2431
3050
2807
2052
1401
2000
1480
1273
2237
3286
821
2282
2121
3025
898
1144
1888
2649
3712
1074
2080
1824
1116
2709
149
1334
3644
404
3749
3893
3593
3048
3632
1714
3690
2673
2499
3236
3837
605
1709
2735
581
1989
3514
1886
1552
2645
2264
1562
3270
2951
680
2117
1354
2941
2737
1859
512
582
1396
2785
3278
3559
1775
1094
319
2900
1622
3526
1873
583
1938
3065
1422
3517
874
886
3308
2357
1857
2062
1072
1057
3927
1614
3318
3696
1066
10
3498
220
709
3901
2566
2814
3300
349
75
1163
189
3601
3287
903
1919
2044
1797
2224
2962
2349
1030
309
358
2118
317
958
1385
743
3683
1588
3595
3362
1343
224
3750
2213
2313
40
1317
1737
2376
2968
4071
1356
111
1313
1382
3591
1309
2328
3294
1976
2417
321
1741
519
603
3888
3560
2305
330
3818
2180
3826
139
516
1540
2772
991
558
3765
2071
2564
1221
1534
2895
3535
382
4065
2377
1975
2839
2658
1667
460
1574
3152
255
1991
1807
2765
406
3004
2138
1208
304
613
311
2317
3159
2254
467
3035
3757
3150
1567
203
2766
2140
1713
2726
2977
265
3629
2700
3429
597
2589
3588
1171
326
1203
3141
113
1238
1477
1383
1509
3934
2009
899
1787
3354
86
240
1086
303
1219
1353
2273
283
1252
3677
3579
3554
210
2950
179
2368
1881
2576
345
3393
1719
3285
2235
1599
2181
1182
795
461
2154
4018
608
1570
4057
1008
997
3722
1287
2153
44
3743
1553
3002
819
398
1195
3513
2711
4032
1776
1698
3641
2671
504
956
1891
3612
897
3817
146
3438
1245
2119
1565
2446
3112
3378
1435
1240
3872
2764
877
3573
2680
2681
1020
483
1992
1592
2397
1876
3713
1513
3823
233
763
1617
260
4006
344
2443
131
2316
1077
3865
96
2143
596
202
865
2396
2823
1853
2240
1800
2204
1333
3447
1488
3069
950
1047
2715
3961
829
383
1727
2411
3425
775
1374
2985
4011
2514
535
1237
786
4087
163
2195
3455
3157
882
2192
3489
2083
142
1508
3036
1319
1281
1887
2720
1258
3918
2552
1523
1568
1538
3617
1948
1768
3943
3557
1909
2546
314
2476
3956
2638
2978
731
1841
2560
822
3908
3057
3242
1134
1712
2846
906
2338
3391
3076
1218
2339
101
3265
3919
2288
2842
705
2232
1104
3490
3831
1017
3670
2942
478
966
1899
2973
1889
337
2019
3911
1616
473
367
2918
2994
1384
3563
3734
601
1428
2451
1745
3
2341
3163
810
3562
2034
905
2422
1826
3621
2145
688
426
381
3433
626
2233
1013
2509
2706
120
1753
3469
3435
134
2202
3882
921
2656
2928
616
1097
2238
2221
2829
4008
2020
831
3029
424
739
282
1692
3788
511
2412
578
264
4040
2867
1996
3323
401
1868
951
973
4045
1197
333
3794
1484
1748
4058
1882
1575
2265
4023
135
3365
2591
972
2532
3524
1276
2345
2452
2652
1016
1150
2686
1305
2717
3674
3221
3766
378
2120
3016
2425
2639
98
3321
3906
828
4076
3409
1912
758
288
3769
1700
3373
1056
2375
1464
1076
2939
109
3306
1167
32
2113
110
1867
1932
2010
2587
718
108
445
3623
1863
3667
3134
1697
1406
485
392
945
3861
2947
930
3980
2023
567
427
3154
3814
2948
2383
1613
2253
2506
1828
497
2399
1969
3351
1148
2173
641
3905
992
2513
1307
1539
1846
2379
840
765
469
2921
3673
1472
2455
1445
2679
1101
755
1935
3011
1452
3552
2016
3976
1694
1293
3238
3257
90
3369
140
2743
2707
2934
3387
243
1732
1805
1679
4090
3718
530
1035
1190
1225
2278
3773
332
351
1934
3996
3883
3372
2774
1211
3874
1908
756
1936
2292
2490
2051
2611
655
2808
2247
2545
3849
2590
217
2461
1561
941
112
3776
2974
4035
254
1541
2353
394
3103
1795
2864
3431
50
1839
1185
1117
3219
3032
52
2641
747
434
1179
881
369
978
2033
3876
435
3374
3243
2712
1998
2128
122
3092
878
2239
2495
2401
3983
1915
3672
1341
2878
2995
643
3253
2697
1902
165
3172
1734
3110
499
3856
230
2107
3056
291
3443
3209
4003
3668
2599
1649
3077
3229
415
168
716
2361
2515
3852
3128
3465
2078
2018
4049
70
708
3230
3255
151
1063
1453
4005
3207
1583
1533
3071
1112
2783
1172
1481
3700
3406
704
2028
1984
3432
1141
166
3631
1997
3995
3227
219
1332
327
3609
284
1944
3211
2298
2162
2740
548
1049
3440
510
3828
4059
3606
912
678
3685
3031
780
2159
534
3353
2124
271
465
1526
1123
471
1147
942
659
1084
4009
3731
1299
2733
754
247
1437
745
3144
3368
3778
206
6
2318
474
1715
3622
2696
2601
397
3419
2423
513
2290
1259
450
3210
2191
2346
3636
3268
4001
1947
2991
806
741
1757
181
1615
490
63
60
2068
416
1650
2924
199
2730
1642
1124
1465
3608
1361
162
1559
2804
3525
2416
2384
249
2608
2157
3797
1851
24
2449
3223
2404
2408
3346
2626
2832
2982
977
2607
1794
1216
2768
3315
1657
3914
669
620
1391
1818
3487
410
502
1138
3758
3446
1861
3930
2760
3502
2330
442
3165
1230
2262
1342
2142
2695
901
356
387
2919
4081
981
1262
1564
1494
2983
3402
938
2902
1904
365
1131
2441
3477
1000
269
3256
3614
2111
2583
1827
3515
2868
3067
3094
629
1878
3331
1952
3625
3336
1652
3702
463
3951
1039
3218
3698
3392
292
2149
2413
3589
1856
2913
3840
517
2646
3101
1949
1278
221
1982
2001
1972
2504
4016
879
914
1267
2539
1634
1500
2553
3780
1022
2222
628
3271
3922
3663
1347
1988
2024
813
1959
4064
7
811
2466
2360
2799
1821
1183
2803
3428
2979
3912
503
3529
2022
868
2776
1338
178
3575
3273
740
1708
2710
73
2612
2348
3234
3583
3564
838
713
766
1819
1425
2474
48
1578
3023
3762
3710
405
1145
2270
2362
3681
3359
3803
2500
2073
3289
2548
126
2528
2307
3188
1582
2708
2481
2042
3115
1924
3640
3269
1106
2605
2372
3301
983
1067
2615
1602
1429
3412
2099
2675
1954
1569
1348
366
1239
1822
1261
3851
1933
1620
2497
2090
1111
559
1253
3241
3719
2137
2300
1999
272
3045
1951
3340
3414
1777
2904
1470
3153
3010
781
1284
779
1688
2604
1103
2011
2014
2782
3986
3398
537
1432
3898
167
3791
4086
2797
3127
701
2816
388
2256
2770
2885
1677
1498
106
1085
3892
1242
3042
3344
2654
750
1001
1606
1118
1901
860
1368
1740
3658
3671
2806
3459
2069
533
563
3733
924
293
2703
2471
1981
1025
3416
624
1478
562
2186
635
870
261
1483
197
2136
1672
2216
3178
1507
2207
1421
3558
3842
687
4069
144
3019
697
2909
1862
2324
1584
1151
2050
970
2210
827
2329
486
2344
3264
1326
1229
3565
2459
3208
2480
59
682
1690
2456
328
3326
2826
3047
1009
2101
2529
1625
3662
833
3570
3597
2268
1255
3114
695
2228
2433
3802
1594
1146
2294
1829
2938
760
2393
3869
286
3325
3216
634
3855
1082
2987
580
3059
1132
3386
2005
104
1407
1308
2534
155
3259
3449
2953
3725
2762
1635
66
1316
864
3149
3520
3651
4027
686
3998
2880
564
3833
880
3816
2085
195
2561
3148
2285
3460
3721
390
2523
1473
4037
3854
157
619
541
1413
1598
3411
636
307
3950
1783
953
948
3177
2325
3541
3028
2956
3272
1457
418
2567
1945
3516
844
3191
1985
3407
2421
1232
696
2665
836
4056
999
1196
920
3199
1420
2691
487
354
2359
835
1502
81
1419
3179
2873
3024
4062
279
3226
1773
67
2903
3171
593
805
3532
1461
2992
3735
1263
2462
673
3916
2077
2986
2371
2199
900
226
1046
105
1337
753
421
715
3801
1378
989
396
3352
4050
661
1081
1844
1314
252
576
1680
3145
2156
3759
2319
185
1187
2998
3747
1108
1222
3694
742
23
1014
807
3107
4054
2830
2732
3311
1648
1840
3917
491
969
2533
3982
3770
3245
218
1579
3938
2572
8
668
557
3279
3441
3902
3864
61
1199
191
1655
1893
1979
2971
993
1978
1178
413
1973
152
1850
3430
4007
1809
1157
1002
2828
3126
174
444
1879
242
2569
285
3620
3013
2791
156
3639
2787
3164
49
1811
3341
2108
908
93
3812
2272
3044
2125
3058
3871
789
773
123
4026
1557
2231
1018
1871
1061
1169
3664
726
679
2457
1517
3451
1703
1140
2223
1377
1300
1248
340
2914
2884
3511
1705
895
3928
3720
216
3577
9
1441
2049
801
876
1990
609
3130
3763
1825
2719
824
3334
3217
2999
1957
699
3203
3450
85
3522
1496
266
1747
2507
3220
3475
2226
3684
3715
2657
2827
1759
910
2835
724
232
1590
129
3723
1370
248
3903
3098
1012
290
1676
788
0
2208
2442
762
2954
3170
1274
712
3200
2297
1234
952
3503
2819
2525
1695
2058
1971
3932
1271
3151
2655
1967
3858
2840
2628
211
3356
518
2754
420
2196
3138
1121
2858
1320
1820
2398
412
2333
355
839
3213
1129
2026
759
1767
3679
1626
2347
324
1803
1004
1181
3175
1466
2818
1663
3297
4034
2
2321
1764
409
2139
2387
377
3940
3519
3611
1400
2177
3887
18
1779
3896
1373
3581
1786
1813
2004
2063
1345
816
4094
1804
2834
3754
2112
1254
3397
2550
3596
1189
1504
2257
204
1414
2392
1585
475
1447
83
2778
3291
3488
3131
2155
4089
2465
1511
1434
3602
2865
944
1586
674
1937
3576
182
885
3116
1920
3947
3400
4072
531
2486
1994
3081
2342
3880
3678
3706
3661
1664
1632
3357
2838
936
1156
3467
2427
3736
2851
114
749
3669
2585
192
3756
1633
3027
2280
2395
3972
3705
2958
3534
1165
3156
1408
2788
3737
3106
1349
2752
2336
1214
2698
2521
3377
1041
3973
2475
277
1644
2755
3313
2122
3204
1630
2644
1060
505
3653
3091
1701
3607
3466
1350
1223
2674
2211
2889
241
1665
2588
306
2385
4068
2437
3408
1455
2718
3859
949
2527
115
730
1176
1244
579
35
3618
2150
804
3966
1443
3173
2402
987
371
1943
2478
3384
2205
4012
334
2502
2075
791
1486
3648
2944
3366
3140
3298
3266
194
1835
3132
2773
2115
33
3741
2469
1363
3945
566
3890
3123
3539
3360
3952
3724
2206
891
2693
2382
2633
1423
2845
1226
3222
1885
884
1410
3967
2467
3015
3348
2820
2201
1790
2795
1723
2242
2981
1268
484
4075
1405
2021
960
543
172
1521
947
1485
3783
3751
2915
3046
1490
3037
1155
1729
3955
3454
1510
43
3728
2745
3921
278
3821
2965
1194
2625
3978
14
672
2047
1855
3792
1927
889
2666
419
2229
1608
3782
3083
2391
812
2484
3295
2535
1191
2761
3169
2114
577
1670
1629
2749
2374
552
69
3100
2006
215
3483
1725
2551
1235
3195
2888
2171
2937
3647
521
453
599
3555
2757
4017
600
3472
561
2555
1711
2537
2871
3246
1605
1524
3049
994
1270
523
357
231
3990
2106
2536
990
2320
1186
4024
2369
3811
1352
2438
2054
2243
2082
84
1769
64
3497
4079
1110
1905
2488
1503
1184
3692
1303
1323
2663
403
341
2017
458
281
244
2503
2332
1619
1372
4030
968
4002
148
3542
305
1310
3635
3603
621
1623
339
2824
408
2574
3924
2575
1249
809
2731
3231
555
79
2123
3544
862
658
1296
3521
124
1029
1549
1864
384
1398
2598
604
2230
1522
2151
1362
3338
2541
2901
234
2923
3586
3290
245
3319
1149
3439
3329
3643
3574
3187
2029
3779
3929
667
1918
607
3610
3480
1075
2660
3860
1609
289
1331
3547
3410
1137
1563
2780
3899
3704
433
1658
3805
793
3505
2166
1536
675
592
222
2432
3473
1266
814
3786
2922
3442
3936
4028
1367
2293
4025
2007
2179
1647
3546
2286
353
1506
3026
1788
1917
1192
2299
1355
3349
980
4048
3569
2877
3136
706
3250
1739
3401
2531
2355
347
1966
118
2891
1366
62
3994
677
1558
2364
496
3064
1865
1119
2165
849
2728
1731
2493
1710
2045
2066
3074
1837
476
802
2759
2836
3399
1055
1468
2266
3470
3551
1572
1015
1231
1360
1059
1986
867
1358
3468
454
2866
2225
572
2629
1921
842
732
3462
3642
3102
2746
1198
359
725
3536
3396
1402
2910
159
3838
1681
54
280
3665
3262
3752
1750
2619
501
3619
2501
1327
1475
1301
3566
2734
1571
3753
3510
3180
3605
800
2309
2775
2543
27
3003
1830
3543
734
3578
1673
2993
1479
1467
2685
896
1722
3738
2439
917
2936
3184
336
2580
961
459
700
2287
3320
1272
1174
2862
663
3146
462
456
3147
515
4077
1210
310
2863
2549
656
3787
1995
2801
3878
1611
1595
3108
3190
170
2030
1754
2445
1474
3957
2494
2967
3061
3630
887
1520
2295
2040
1122
3781
492
2713
2197
3084
1090
1831
1395
2400
2055
493
2716
1499
2556
1799
4051
2440
1043
1742
684
3088
1444
2141
3645
3125
200
1291
744
632
2512
1489
1833
1070
1597
2886
1529
3960
1387
147
2643
1280
160
3214
3005
3633
2738
1717
3080
3381
622
2714
2616
1321
1842
3263
80
201
3654
556
3717
1607
3166
3111
859
883
276
1188
2933
975
834
3215
1810
2943
2095
2415
2261
1295
1024
2767
1092
1224
1324
820
2822
2859
2215
526
1817
1071
2966
71
3281
3052
3507
3808
1600
2997
2687
1624
3993
2542
187
1154
3486
386
1269
3277
1668
3548
3628
1298
4039
250
1257
3282
3979
3244
352
2183
614
1028
1576
1778
1462
3252
3809
21
4015
1069
3006
818
2311
1442
209
845
1743
364
1911
2178
3197
3317
3512
1306
2127
1542
2744
3963
4091
2705
1674
2012
662
2724
2126
711
3070
2906
2103
2453
2945
374
2980
2802
3496
2786
2381
2892
2692
549
2279
2805
3155
2482
3202
2831
3604
1566
1160
631
843
1604
1814
1415
2236
3258
1439
551
3746
2578
940
3201
3964
1877
2510
495
125
38
637
2659
771
2161
3774
1812
3120
2930
647
2540
2850
2972
3034
2275
3327
1064
3437
3767
3941
3143
585
3523
1535
984
1044
2727
3897
1288
1045
1765
3133
39
363
1397
2890
2337
3793
962
3339
1492
3772
1487
1798
3495
4067
205
1264
3946
2844
3711
2350
610
1784
598
1752
1645
873
1491
3748
2989
2193
1894
3274
1180
654
3198
761
3745
2315
3637
2131
3041
703
193
99
1892
3506
3501
2109
16
4052
2763
143
331
1922
2622
1376
2448
2621
3886
3343
2447
546
1409
2147
798
1328
2794
574
2390
1283
4036
2252
3675
2087
1344
3744
1870
1895
274
2964
2581
1201
2815
72
528
2170
3533
2064
1026
3825
996
3288
919
1476
2327
565
2627
2610
916
4020
4078
3626
1926
1173
2146
681
1960
1417
2061
3482
4047
1430
3161
3850
1023
2168
2861
1704
3545
1656
1761
3314
451
799
784
3848
1217
2289
325
3375
2690
664
3337
1696
832
2520
2694
3232
2458
452
438
1869
1152
3018
3877
554
275
1532
3176
29
683
1098
2479
361
630
2843
2722
3096
1678
53
348
623
2584
2790
3085
1669
346
967
508
1641
2524
2647
3364
3984
322
2418
228
1772
2912
1900
235
1040
1601
1514
4029
1707
1651
2596
670
1671
971
3944
1054
542
2887
3703
985
3162
929
1646
4010
2603
262
1051
315
850
1940
676
1898
2144
1968
3355
1318
4041
1251
2860
3992
926
1816
1399
3251
3303
1207
927
1573
3275
2065
733
2152
3729
1953
4082
1351
1053
625
1780
1431
1159
3474
2358
2976
855
3095
3370
3415
3540
1591
3324
2487
2079
2188
653
3907
2015
1785
3481
425
2789
722
1386
646
3926
778
2613
2420
1929
2811
3183
2517
2779
1530
121
1166
1031
2970
136
3656
1907
587
3650
3038
1977
1394
15
2592
362
1114
3624
480
3768
65
2174
116
3205
1052
1955
1836
3129
2308
2104
3276
2990
1860
1011
1277
785
1545
3104
2996
3062
1404
1636
1596
913
2284
803
429
1456
2246
2796
2116
3598
1115
1365
1153
2263
1744
1416
3885
796
3739
3390
2057
1832
520
1120
2852
77
2742
2600
1312
2306
3815
3962
3456
3839
3078
1073
3997
2356
1849
2485
3020
3913
2678
737
1133
1896
691
652
594
1168
1438
3796
1603
97
1175
2961
1371
1872
3988
1874
923
3464
138
2340
3652
2291
3312
488
223
2463
3730
974
4073
3280
1390
4000
3068
1050
2489
3989
2704
1845
3693
2182
3844
1204
2905
4066
299
4043
3040
2072
2209
2634
3494
3090
954
955
1469
4
3239
2841
2013
1440
3434
3181
1243
3379
3925
3870
3592
3571
3981
428
1359
1379
1666
823
2200
2394
2187
875
590
529
522
1246
748
11
17
1770
1923
2468
4085
2218
694
440
1007
783
3923
360
3824
777
1100
2664
1931
959
1451
736
1736
3333
26
294
1683
198
1612
2955
1427
1980
2751
3615
1654
854
3834
2519
573
3413
1716
2043
1848
1325
3948
2250
2635
2367
1512
2682
1329
2271
3835
4063
1699
88
350
3707
1916
1027
2632
3383
2027
692
2331
3330
1058
1102
1691
3909
3417
338
3063
1906
2558
2856
308
618
3695
4004
1220
1330
3866
2946
3361
2097
2875
1038
2882
2800
2813
2258
468
3249
1158
2267
2164
1125
2212
3585
2636
1746
1531
861
3463
1289
1528
649
1610
2511
1083
1282
3382
1079
890
946
1796
1403
4053
2436
3388
1913
414
3493
3959
263
2281
588
489
2916
1580
2035
1554
1519
3727
1548
2169
569
830
2516
939
2086
1095
1686
3709
2134
606
2032
58
2624
1660
2926
1661
102
1096
2881
3212
2855
3051
837
2496
3292
1914
2037
2637
3228
3985
1706
25
253
3689
514
3022
2335
1093
446
2312
3755
1005
3556
175
153
36
1161
238
3528
1890
1
3403
640
3958
3087
2185
1346
343
642
1627
584
853
2949
399
1290
2160
2277
3807
1689
1547
2920
2407
1808
2190
1426
826
2251
1525
449
1925
3939
372
1450
4088
1311
3445
1393
2167
979
858
1843
3799
1304
3192
2059
46
1495
395
3086
3594
2630
3385
500
2492
525
769
1774
3691
2781
2640
2508
1364
3827
3638
2326
4046
141
1109
1297
3531
4021
2067
2025
3193
1336
5
1202
2577
2217
2899
3174
568
825
1381
2729
3119
3079
2334
907
2522
4031
2809
1322
3122
1107
2129
976
207
3518
1212
934
2491
872
443
171
1628
1369
3970
3109
1126
937
479
447
196
595
2133
3900
1136
869
3478
2172
2056
2249
466
3367
1209
3800
3436
1875
1515
1993
3775
1834
2929
1021
2096
2414
154
1062
2854
2771
267
3309
1127
1448
1939
3358
2060
256
2031
560
3680
236
3471
1357
3813
3974
645
3935
3904
2426
441
3987
329
3509
1233
3073
1789
3039
911
3492
1762
1631
3307
928
1956
3395
3572
225
847
1801
1006
3457
2653
2932
3847
239
457
3033
1823
1099
2963
1758
3093
986
2750
988
3001
3701
3895
871
2614
2676
3484
1518
2530
3427
173
2366
2248
297
3949
3931
2041
1946
1139
22
1105
4061
894
768
1903
2472
1375
82
657
3599
3283
3820
1897
455
2848
78
1653
3335
19
3316
1200
3843
2074
