911
1526
2034
3854
45
3989
3894
3309
2813
1989
1387
1453
3166
1050
2988
3588
77
2457
2876
3033
3056
3527
1961
4024
2808
3625
531
1082
1659
3686
1759
2227
1897
2507
3286
1944
585
2037
4080
3548
1596
265
4010
83
1257
1013
2172
2466
242
720
548
609
3580
594
2297
50
2195
3072
3269
3699
656
1764
234
2254
3475
737
462
376
301
2206
3487
368
697
2872
3564
2149
4092
3510
3279
1223
46
2565
3815
2659
3753
753
2415
162
3280
3727
101
926
1205
2173
4018
2050
512
2850
3703
883
1878
3408
794
3000
1327
1875
1744
1623
1837
332
2898
2363
1587
2692
2684
3611
3316
3505
410
4064
2230
2441
517
545
133
1261
17
1107
1346
3656
3795
2151
183
608
796
2108
3546
2219
2973
2601
1133
898
1693
1411
2220
1929
683
1745
1614
4036
2448
1677
2093
1953
2382
2715
1895
1522
194
2548
1661
3260
1731
378
767
3868
3549
2010
1804
1079
730
3606
2210
1047
2081
2470
1154
2290
942
2421
1537
1805
1984
3274
1324
3650
1645
1734
3893
232
339
2302
1020
4085
3644
3532
1841
1672
354
1157
1806
2033
1012
558
1275
995
619
3862
3093
4050
1742
363
3751
1521
2630
3382
3788
2904
3404
969
2842
514
4020
663
3050
3820
2697
406
3558
799
1709
669
620
996
293
4077
2709
2171
233
3735
3522
2645
1191
2191
2425
2921
624
465
536
1179
1408
2981
3793
3710
1007
2216
1740
1988
106
1586
3881
2041
1863
3805
2826
1546
161
1932
1439
2686
2076
595
2924
3147
825
1648
485
3323
3013
2112
4060
1838
3443
2160
2629
2461
2628
2394
2485
2557
524
1025
3841
3327
2492
3761
3932
2607
3138
1636
175
2744
2770
732
2001
1156
1624
2963
1945
1449
1167
2069
2766
1224
2244
3809
769
3920
1446
2129
2870
2740
564
3387
1110
654
2650
1571
40
1675
3599
2298
2637
33
2902
3534
3308
3019
1562
1407
721
117
3596
2506
1119
2649
383
1022
985
2666
1749
665
3609
1229
3311
3104
179
294
896
2934
2561
3566
2088
827
2189
2741
676
677
2287
3219
55
736
32
2538
797
718
2379
123
2544
2316
304
3689
2792
2796
4087
2045
3030
2873
402
3376
3456
2605
2235
1352
3595
651
3646
118
1666
458
658
868
1647
994
502
764
1288
3374
307
1138
1536
2564
1454
1173
904
1690
1230
4095
1603
3087
2299
3629
803
779
1074
3409
476
547
2338
2572
1788
670
2013
2626
4093
3902
610
104
2624
3099
913
119
3523
2678
3946
1956
3998
1290
1202
430
1615
3206
3464
2293
621
2944
228
478
1500
3830
1353
253
3520
3041
2522
2314
4091
2247
1381
334
858
1707
2367
475
2472
705
2345
1252
2964
3479
221
1588
3721
3952
1420
3003
3201
206
2026
209
3583
3652
3320
2424
1905
3506
1818
3253
2928
3786
2042
3935
628
160
3603
370
3498
1426
766
2824
3723
3858
1237
2712
2772
835
3338
688
1280
2834
2309
1550
1005
1098
4052
2912
3515
2482
2571
762
962
3971
1977
1471
393
2978
3717
725
190
842
2838
3757
3233
3849
2443
1686
226
180
2535
3984
2319
3217
3929
2931
523
3259
749
3117
1245
2412
3094
1528
2329
2732
1147
1319
1842
2883
1315
2161
4031
1609
2983
3465
3633
4002
3223
2805
991
1485
2292
2418
254
1263
3068
3441
87
1120
2455
3865
2407
3371
885
3362
618
3887
2672
1924
3120
2340
2977
2845
1389
219
1750
814
1560
2089
1922
3965
1710
3880
338
1006
3707
1957
2039
375
2361
4075
442
2533
566
3057
3833
2768
755
2200
3281
3969
3925
3692
2745
2733
2536
109
147
41
1532
2433
2670
3088
2342
1884
3349
1101
662
3044
1044
3688
3059
3118
986
906
3602
3593
22
2996
3772
855
1272
550
1671
2971
724
528
2569
3103
4062
2207
3086
3153
2328
3983
533
3617
3127
615
3392
1021
2704
2866
4072
345
1860
3263
2566
596
264
3733
130
2052
555
2012
189
4063
2708
3306
2856
3665
1758
500
1192
2303
3741
2419
2241
1366
404
2852
1584
4069
3533
2602
1879
1855
2657
977
2795
1538
2721
3081
3082
1468
1794
4058
3060
2779
1001
3538
3119
2794
111
2771
8
3930
1638
919
1982
3873
556
3673
2817
3401
2833
3770
2777
4076
1125
2141
1931
3332
1209
1714
151
2204
2209
240
3942
1491
3149
3258
450
1398
1722
2327
2759
970
2310
210
754
3018
2079
1267
763
3071
3462
1362
2699
2949
2086
1478
3292
1089
1295
862
2512
2346
1658
2648
2491
3488
3959
3006
3232
374
2810
1830
1959
193
3648
612
537
213
2142
2532
638
286
1321
1494
2284
2399
3181
335
865
2713
4074
15
2825
3172
1505
1891
870
538
2249
2325
2604
3875
3402
96
1400
789
3246
1808
3948
3985
150
2531
3293
820
1178
2128
1928
2871
1297
2465
2915
2286
2083
765
2134
2184
2959
2483
2869
2889
3663
291
2330
379
1226
945
3747
3567
3055
3406
3592
1348
2082
1657
3129
249
2730
2257
391
1092
3682
3121
3802
2823
3268
1631
3980
1985
740
2040
680
562
3224
3960
1436
2865
2015
3319
2462
2986
3310
3358
1320
1372
399
3452
2784
174
1476
700
2620
963
256
3907
2950
2553
1151
3453
2932
4094
2923
1907
2326
3664
625
299
2401
2406
3594
3207
2099
2632
2231
164
1193
2517
1344
1247
2201
1986
2185
3779
1682
3036
3347
2675
2196
1892
112
397
2814
3967
2542
869
2596
319
2481
2688
1137
2606
127
227
1858
2982
1888
3048
2132
2103
1704
309
1520
1511
148
1347
1155
380
3436
3240
1527
1037
960
359
2006
3718
575
282
348
2893
3814
140
900
3742
2884
2178
823
3766
2762
3525
362
1091
4015
1232
1715
629
2179
2154
3090
3992
3165
255
895
69
2365
2318
1323
520
29
66
67
431
58
2453
3987
3634
1460
2269
3393
587
790
3831
661
3512
49
1342
2180
2496
2693
3995
837
38
3446
3972
1470
237
2464
3444
459
660
3026
715
3101
768
4016
2174
581
4022
1414
4078
639
3539
928
2349
4088
2162
3695
2769
357
845
1502
1578
2057
3483
1473
94
2294
3467
2268
2255
1950
2126
873
421
3162
3517
4042
778
887
2322
3851
2731
2518
1431
3256
139
3247
2799
3333
1590
2641
1376
4014
980
441
788
3209
1393
3095
3701
2428
1423
103
3612
1908
2588
2554
3712
2830
1919
874
2067
3845
2246
1368
57
3835
993
2642
1149
2669
640
1340
3126
261
2434
159
2836
708
3806
407
580
704
1268
3501
813
4049
920
2985
3169
1106
1811
2508
1105
2070
16
2664
3619
2049
1591
3994
3856
511
701
4053
1608
2194
648
1475
3089
144
3988
2213
4034
3305
2802
1024
114
2053
4081
1554
771
1592
2096
782
1629
3993
201
3386
1876
713
3040
752
2353
583
3144
1807
2749
2460
3383
3919
2080
63
3956
509
3511
4023
899
853
3257
649
1161
2469
3801
1461
1780
2449
3922
2947
1796
3051
3231
1966
2414
2168
489
2854
940
3562
2047
3683
2782
432
1061
2477
460
2941
839
1825
2743
3637
3460
54
772
1041
822
258
1354
3339
2511
2228
2980
2234
1579
346
1174
2550
455
1936
1954
1484
1222
3900
2490
2334
2839
3
3227
3285
3842
1445
2087
864
1075
653
2305
2901
277
3307
1768
3827
1094
1836
664
2218
1685
791
3666
1090
756
1599
2933
2404
1055
4041
2279
154
3266
659
3180
3455
2423
3767
3058
1504
2503
425
1083
1729
3745
1847
1514
1118
2059
3297
271
3915
3970
2163
452
1702
3866
361
2698
1846
3314
3886
805
2410
3763
3669
2613
2307
433
1687
3212
1384
3116
280
1626
3239
2278
3514
3526
1339
1723
3773
1385
3125
358
2591
3503
2315
3096
2597
81
2917
2859
3785
1724
3168
491
1363
2136
266
3690
1199
451
1937
2422
1793
1889
3647
2621
2388
2024
3536
1114
3158
1374
2746
108
115
2756
200
882
1172
655
1296
2656
2474
3394
2510
2875
2359
2967
2311
1510
1394
784
2972
3978
2651
1051
2398
3085
3641
3076
1814
3301
2573
3024
3966
3428
2742
3493
2527
2277
1663
1084
1877
929
1799
645
1416
3890
1976
1104
495
3150
1721
48
1665
3248
2577
1563
4017
187
1933
2264
1565
3431
2061
3829
191
3288
1304
1100
3235
1903
3234
2390
105
2145
3990
2364
1487
3336
727
5
947
1728
1570
3022
530
637
1183
504
1349
2555
419
2332
1653
3555
1081
2874
1402
1141
3537
274
2223
944
2055
170
327
3032
3545
3186
1364
2848
2056
1490
2822
0
2104
2252
1378
2271
3400
317
2258
223
279
2804
3565
973
3502
2543
3243
559
1201
3977
3645
2683
3471
1611
2282
371
1413
2381
3944
1972
3470
2203
3681
2022
1194
492
2523
3113
593
138
1901
1518
2957
2541
3315
1813
1906
3222
275
2614
2797
2509
690
968
647
3422
1524
3764
1719
2280
3584
302
1684
2888
770
1309
2000
395
2930
4067
1839
1535
1660
288
434
914
2887
3100
2815
1552
3105
1159
2774
3063
3015
259
3928
3531
1935
1990
1939
2831
3921
1974
2295
3632
3014
2892
2444
3132
2009
3585
3543
409
908
3417
843
2818
2997
836
1283
3864
2152
3221
2378
76
2714
1065
1823
1834
3769
3979
2192
84
2341
3500
3354
4032
775
1038
2705
3477
369
939
1048
1227
2786
333
102
579
1111
1130
1419
477
1219
3938
3342
3254
1798
3729
1329
3748
1465
2376
2754
3049
2370
3173
2574
2585
3340
1762
235
2300
2467
729
2397
1911
3789
2801
982
389
2387
3251
216
3203
3883
1259
707
3359
2007
2274
2758
832
1333
3390
577
4001
893
3719
3638
2685
930
2911
1797
2537
423
3563
2306
549
1801
3950
1748
1057
1072
1046
689
611
600
3228
1921
1594
3917
1269
1633
1350
1917
3416
3693
2735
3608
1756
1913
1028
912
2793
734
3438
861
3275
800
2028
3697
3576
3326
3621
1443
2844
2806
1440
2251
3146
3321
1225
2687
439
2304
2488
2356
3154
516
872
2473
2864
554
3716
3799
3437
2119
4071
3591
774
90
824
4025
2828
1557
1258
3840
1175
3509
3187
3708
3819
1926
4039
3449
1142
1002
2498
2787
3261
464
526
876
3725
377
3379
381
3720
604
308
3114
1231
2366
86
925
20
2014
3411
2751
2232
3796
2480
2090
2584
1196
2036
571
3031
1314
4051
3185
886
2711
3810
497
1417
867
4079
1066
3871
1189
2181
3255
1337
3861
3273
65
2438
3151
1099
532
3399
1862
1143
64
1233
2123
1360
3469
427
2853
694
1886
3575
1365
2486
411
2409
224
3975
2065
1401
2064
4044
3357
4057
1287
2413
3614
636
3561
871
3581
2603
1601
2344
1035
3318
3124
2060
1303
1967
2384
2058
3367
1311
1747
1827
3933
2048
1800
267
1575
1421
3156
320
706
2030
1213
692
3264
2383
2903
1819
2402
2643
961
1691
3878
3714
957
3964
3110
1253
1383
3365
31
3882
418
1064
3345
1456
1812
2113
646
1598
2627
1667
79
2846
2680
2608
2785
384
413
1409
2354
3535
4009
23
2131
1262
941
98
1918
3098
3139
2594
2225
229
1218
2124
3667
795
2109
438
2224
787
2717
3631
3287
1425
3626
1843
1188
3294
3195
2736
1117
2400
890
3200
1688
3012
3004
2570
1900
1551
1203
3884
3709
2125
3622
2362
1317
3885
2094
1650
1872
3432
1515
3869
156
927
2155
494
1448
2072
10
2720
1338
490
3605
2135
2919
1370
3615
4028
4083
3981
2673
192
965
4040
3516
3161
2499
73
3755
349
4054
2812
1751
2990
4011
61
1831
493
535
3573
2835
2385
1113
2975
4066
1904
1481
3570
903
1059
2120
1254
1523
1221
244
2256
2760
1016
728
4048
1042
3131
2114
3035
2778
2355
605
71
546
39
2925
2653
1881
2130
3754
2878
2011
3486
3674
2958
590
1909
3574
3579
1612
2243
2392
3540
181
1857
2929
3913
1235
3023
3808
2757
1778
1162
3910
1717
1063
3759
3034
568
297
2722
3963
3974
1489
1313
1916
1503
2405
3337
2003
2393
591
1026
85
3803
2484
2118
2634
2442
2092
3640
1994
4
3092
12
1670
1108
681
1148
1479
2706
4013
3445
1971
602
2153
3130
2186
2843
4082
3205
3484
3459
1285
336
1741
1062
3889
287
2776
3557
2790
2164
1951
2960
2035
2101
699
1242
2549
1073
2696
3524
1639
468
1197
157
2905
3635
1617
2819
3715
3550
3140
2165
915
1890
2157
3047
1753
4037
480
783
2962
2832
344
473
2158
712
1567
21
1466
3495
218
1580
567
3447
3010
2578
3879
1654
687
182
3277
3554
387
1910
1840
487
3654
2671
1605
1705
2331
2546
2097
1832
2590
503
405
2395
1833
467
2043
3075
204
3179
1359
2519
2851
3194
866
2718
3744
3341
3973
1482
2992
722
1135
2689
652
2849
3492
2595
830
3624
26
3962
498
2374
1695
1754
3679
1942
1887
607
2956
1109
3775
3174
3958
403
2289
2085
2690
3331
1472
1264
1418
3760
1656
1604
2734
471
2177
1467
53
698
1375
4004
1367
4086
513
7
3996
3220
757
1070
1293
1010
80
2857
4033
2238
3691
3628
2193
422
2447
1880
3171
1853
1292
220
2800
3863
780
3021
563
469
1854
2979
1620
976
1508
586
3838
1499
3157
1822
415
3391
1477
3519
3344
3986
954
2266
463
3064
1165
525
1829
2788
3102
2495
711
110
1968
2236
857
2205
1767
4012
4003
1683
3600
2054
2420
1746
2968
145
3474
1622
461
3657
1785
3398
2018
3702
1655
241
2489
1334
435
169
3109
3569
2288
1480
1386
2665
1270
1432
2021
318
129
786
1969
3684
178
2662
812
902
1103
165
1036
135
2528
3659
1850
351
3951
1848
390
3426
821
1529
2789
211
3271
3931
3899
1437
2062
717
3346
2970
488
3623
2439
3732
341
1312
3265
3038
714
3853
2729
936
1576
152
2765
679
1397
992
2547
760
627
1641
3191
367
552
1
1335
1914
2127
3241
3434
1406
230
408
3074
4021
2907
3396
270
758
1486
3159
3450
978
2198
981
650
1628
3380
1602
2755
1019
863
2121
693
2005
1302
2562
2023
3896
1305
2895
747
2942
589
1775
3957
1720
2723
674
2139
2514
3794
675
506
1792
1826
2816
3800
1817
1540
2576
1093
542
3582
1965
2187
3199
1164
934
3813
1246
539
3313
2250
3768
1442
1379
1963
2458
2091
1405
1632
373
804
1902
847
481
3752
2886
1228
3507
2133
1743
997
1034
168
1757
1396
999
3616
2520
4000
1123
2763
60
2618
3936
2906
572
474
2078
3939
2440
149
3781
1975
1195
828
1852
2229
2031
3817
1676
4084
1899
592
3451
3262
953
202
987
1618
3905
1568
1068
710
2215
1464
2166
3713
1761
2446
2017
972
3798
3054
2855
3267
1980
2317
1992
635
3552
2197
1664
3903
1377
860
1958
1640
1145
1898
3738
3997
243
2248
3245
666
2032
1574
3458
983
1244
1556
1760
1993
3167
3135
922
42
3348
1700
4046
2953
2737
1127
2377
3494
3123
3728
1206
2253
2676
141
527
2312
166
2611
1497
826
4029
1286
1569
2691
1060
2175
1077
3007
1058
1248
643
578
3027
2927
1139
1772
2281
2487
1662
1395
1207
570
1706
3694
1938
3941
1874
776
1679
3737
1430
801
3749
2285
726
4007
322
2267
2616
3859
1637
3061
3136
785
3211
2739
3148
2100
3653
3627
1357
1770
3553
2360
3821
958
2558
3028
1782
1085
2504
1844
1680
840
731
1810
1166
3926
1868
2702
955
3618
1088
3473
78
4043
3577
3008
892
2445
1769
1356
561
2994
529
312
436
1856
2559
3478
1652
2640
2208
1474
2222
1896
3356
2821
3238
3911
11
1382
3410
2677
3291
3016
1859
3777
215
88
1581
2320
1184
158
3330
1256
3425
1458
1864
3677
1643
695
1126
3839
703
1766
3696
884
3296
4056
2199
1952
3001
1220
3368
3421
3377
2710
3468
113
642
2371
2622
2525
3530
838
817
1435
2775
3039
1447
3485
2084
3029
3736
741
2348
3193
633
3722
989
2993
3787
398
456
3943
3177
329
131
2313
1241
3112
3672
142
798
3355
313
2117
56
849
3046
3825
1132
3857
1669
3043
2798
2551
1737
891
894
3141
984
2358
1429
472
263
2221
897
3587
807
314
641
4019
74
2700
2476
1134
950
1086
626
1597
2002
3916
132
967
285
2910
2807
3792
1541
3213
3765
1970
1330
252
2753
3823
1146
1122
932
2368
199
1186
3790
4047
310
3190
59
2694
1790
1249
696
2679
3807
2004
3369
2046
1238
553
501
2827
952
3662
614
2948
846
1140
630
36
1867
3906
1613
2075
3730
276
2147
1457
3836
3743
2877
1983
2860
70
848
3067
2233
1210
2761
3685
2115
3230
482
1973
2916
2667
2726
557
2951
515
34
3655
816
875
1341
1428
278
153
499
2991
1600
3188
2426
4055
2019
2935
1033
943
1299
588
1516
2639
3521
2682
2661
3403
1627
2701
3784
518
1979
1962
2456
13
2563
3304
4026
1018
3675
3872
2719
303
1438
1651
93
3927
1177
1369
203
2273
3134
1771
1548
3218
3002
454
1052
3084
2867
1885
975
2647
1577
3236
417
1866
43
3850
1163
2468
3937
691
3066
1943
2615
974
3551
2176
1821
613
2995
3620
1000
340
834
328
2946
1733
1678
2974
1011
2610
2900
3078
1424
3152
3210
2540
815
1351
2429
366
231
1718
350
881
3045
3598
343
185
2619
3661
3490
3876
2516
120
1545
2351
1343
560
3384
4090
401
3424
1410
1427
3290
330
616
2589
137
437
3284
3909
3244
851
198
3334
385
1185
1282
1725
2567
810
2188
990
1634
1835
3225
284
2308
2612
1795
3178
486
2375
3272
3175
1422
3756
3005
1512
272
1361
1004
1316
1711
623
3513
3740
3758
3571
3698
1955
3302
1198
2237
2890
1160
2738
2159
507
1265
2581
1534
998
819
3481
1564
3429
2724
3196
245
3901
3940
3746
543
1176
751
1726
1274
3083
360
1336
1250
1496
569
3395
289
177
2111
2372
2984
1291
667
2148
1129
3649
2038
1260
323
3020
292
3780
1078
214
4070
2144
1211
37
3877
3366
3352
3750
3726
1097
910
1543
3295
2107
257
3122
3303
4030
3797
3324
3898
1697
2879
3482
97
2389
2575
901
3955
2336
1243
1694
1251
1987
2416
937
2668
3128
248
3489
1851
188
2182
2829
2695
2459
809
1391
2914
2493
2471
3011
3189
3204
3276
3499
1803
597
3229
916
1043
3762
806
4006
3826
733
1115
818
1128
3491
466
2926
841
2703
3848
3053
2881
2891
356
3560
124
295
3914
3613
879
3658
1777
195
3364
470
3771
2534
2909
1371
2211
3065
831
2071
793
1284
601
1168
3214
3867
2747
3283
1399
2748
4038
1635
3824
3080
808
3904
3572
964
3073
2837
3412
854
51
1610
1755
1912
685
3388
298
3678
3774
388
3097
1573
3816
2545
3454
3182
3924
1763
2861
217
2636
2095
668
3300
829
2077
1882
956
2430
3278
632
448
2066
951
2272
3423
1616
236
18
2502
606
2655
420
2494
1158
2501
445
1948
878
1403
745
3508
3897
739
2526
3844
2323
924
634
2529
1276
4035
2556
4005
2240
1873
3363
2403
2896
326
3163
146
126
3164
2841
1930
35
2029
3414
3448
2681
3556
2169
2897
1555
1029
2943
2952
3343
2373
2955
2894
946
1703
1996
1883
949
1739
1960
3680
1031
19
1920
1940
386
337
2275
247
324
72
1946
917
3828
2073
2497
1345
311
3037
1306
342
3042
576
2212
1561
3413
1483
3373
1621
2417
551
1266
3601
859
1589
1947
3192
1507
1187
428
1776
1208
1585
2106
1014
3676
3586
251
2027
2262
1015
155
1017
331
9
3706
1981
1525
167
3504
3590
1668
2242
3982
2411
1698
325
2431
2920
394
1752
107
1789
3353
3198
1595
1642
1802
1606
2524
959
3370
877
2707
1255
1493
3329
1708
316
2463
1572
3480
3547
1214
3466
938
1681
250
1549
1053
2999
1182
3009
738
2847
1738
1463
1870
2811
1433
1095
1815
75
2513
2435
1730
1630
1816
2
709
3954
3670
2598
671
25
759
3888
1294
2098
1513
2369
3651
3945
1558
3597
1009
3312
1455
2391
2954
2324
2051
3361
1215
2580
686
1845
2357
1451
1964
2644
3360
1519
2263
2217
2940
2432
1271
3420
2908
296
2386
2475
2635
453
4061
1289
27
3433
2560
1390
948
508
1735
3999
678
3250
3077
92
1322
2803
617
2781
2044
353
2633
1791
3069
3961
1783
355
305
3317
3724
2862
3934
2858
3335
716
2609
909
3671
396
3843
3847
2167
1779
173
3607
3442
1358
1462
2427
2408
1388
2599
3202
1240
239
269
1121
3687
1674
1087
988
3636
3184
2725
1273
2783
3947
2652
1509
3079
1204
3325
1701
3170
440
1871
2674
1045
2617
3242
1278
2239
99
1978
1404
3418
1492
1869
1861
2146
208
2521
3734
1469
3351
1307
100
1452
1200
1941
196
2260
1380
176
792
1136
1239
1169
3289
238
1689
2515
3852
3528
844
1152
14
2820
2623
3668
3249
2183
682
880
2347
534
1824
3976
684
2582
24
2452
2631
1553
918
1828
1774
121
735
3822
519
781
3025
400
1915
1625
2767
1318
3578
382
2137
1444
3497
3731
2479
429
603
1533
599
3783
3215
1765
3912
905
2727
719
3439
184
3385
3381
1008
574
598
246
3183
2333
1067
364
1144
3918
971
1673
483
212
2764
3541
3106
1784
3834
3282
2337
3115
260
2625
283
852
2868
1116
1894
1531
966
52
2500
1582
172
2301
2840
921
750
3895
4068
644
1054
91
2138
1049
2190
935
3440
933
850
3133
3145
1069
3818
1234
281
672
3137
2074
3908
3891
3176
1607
1949
2380
521
3610
888
2660
414
1236
1619
1712
2899
2122
856
744
761
1559
1180
128
3062
2339
3953
2922
2451
1153
3855
2716
315
2291
2654
347
1999
540
582
3476
1820
1566
1506
3405
268
3226
1517
2321
2116
657
2937
2918
3791
1415
2396
1279
3739
3378
1040
3461
2352
1332
3559
1459
3107
1849
424
1547
979
1716
2882
2961
1325
2143
3142
584
1023
1281
1488
1212
1216
2259
3328
3430
1131
2966
3776
1181
2568
136
365
1071
2350
3604
2110
2016
4008
447
2478
2530
3804
2008
1927
2969
1027
3435
1326
306
1450
321
273
1310
1171
30
3091
3299
1328
1732
3642
134
3811
1699
3375
2214
4065
426
2945
3892
3197
1644
3860
2539
2780
2454
2728
262
122
3568
2939
28
1308
2450
186
1032
748
1893
1434
2343
449
1217
3639
573
222
3837
1080
1773
3463
3660
802
1646
811
62
1809
2586
2880
2552
2020
3846
1392
3108
1736
3968
3923
2156
3496
3991
1544
2436
1030
2638
1530
125
3322
3518
3643
3700
3160
2646
2773
68
1498
1412
2276
3372
95
2579
3874
372
1865
3832
444
3529
1373
412
3397
743
2885
2202
2505
207
3155
4089
2150
1696
3472
3457
2750
2270
3298
197
3419
1096
2998
1995
496
1102
2987
3704
4027
300
3208
1170
907
1997
622
1495
2863
2587
746
3070
833
3778
2170
2226
290
1298
2752
773
3389
3350
1150
3705
143
2658
392
702
3017
2936
2593
1300
3111
2583
3270
3143
1501
479
225
1277
3711
1056
1539
544
2102
1781
2105
2976
3544
3252
1934
673
4073
2600
47
923
2965
889
1112
1076
2663
1190
1124
1583
2025
3052
1991
2063
1786
443
171
931
2592
1039
457
205
416
3216
2335
352
3949
484
2261
4045
2265
723
3782
2283
3237
565
1727
2296
2068
116
1301
1713
89
3589
522
631
1998
2437
3812
44
1331
510
1441
1925
2913
3427
1003
446
2245
1355
777
1593
742
2989
6
3870
82
3630
2791
3407
1692
3415
4059
2938
163
505
2140
3542
2809
1649
1787
541
1923
1542
