3261
759
2421
3428
1109
2790
796
1238
1103
1045
2430
2968
512
1095
1372
2408
3402
3141
1396
3804
1140
2041
791
1486
2371
3281
1338
995
655
2990
1661
1623
1309
3341
3161
1618
3382
245
1178
859
2105
2256
1196
298
4001
508
2697
139
597
2147
1251
2836
579
2030
1557
3675
1484
2603
2202
3371
1294
3185
2970
2602
3304
706
3771
696
2861
2554
1007
2271
379
1387
2695
3697
1981
268
2237
1459
3273
2378
2298
3794
3856
2904
3602
1386
2517
2307
2393
1880
101
3984
3533
1534
2767
1691
1992
367
1280
3480
3637
2416
688
78
1666
917
1789
3236
1829
1062
1929
3194
2608
2221
3993
2317
3998
8
3172
1559
2728
3601
2083
3454
1302
2076
992
1771
2435
359
1167
3223
269
1831
3432
1774
2739
1128
3430
2750
321
555
207
2049
3518
2229
2682
1933
3386
2845
832
2857
994
3303
2852
564
3512
705
770
4023
460
2944
1096
3088
132
647
622
165
2768
2496
3089
1615
983
2263
2407
1108
1441
1757
929
3626
2320
4031
1362
2839
1148
3750
1249
563
2906
3505
3320
645
1319
2222
198
3704
1931
3297
3638
802
1833
873
3465
3920
1664
2840
968
162
3696
3394
2429
1750
271
1016
3019
3820
1619
961
1028
3556
44
2365
3701
494
3664
1808
2688
3836
92
1724
1634
3122
833
1111
311
1119
2701
2281
1225
1155
266
1810
3866
740
3539
2293
319
1604
3897
1442
3148
3154
24
1358
3798
1546
1241
412
195
2166
2361
3080
3385
3359
678
3907
777
3181
236
3383
1009
2318
1289
636
473
3722
3888
2115
1395
2146
28
1443
3115
403
1611
2562
829
3438
556
2793
2855
2765
2934
687
2946
937
3396
1377
2542
1513
533
2179
1878
1995
2432
2770
4042
3499
109
2890
835
69
2454
595
3217
1344
3243
249
2811
3648
2099
1466
2507
1117
1597
3086
312
3173
3476
2761
1654
3574
499
2738
2172
3848
565
3709
152
3799
758
1052
1968
296
2129
2884
1346
1937
1736
3125
3796
2195
3674
3093
1681
1491
73
2264
3874
2021
1270
302
1755
3023
3129
3003
689
3992
3025
2300
3846
1254
2565
193
2902
1138
3937
2900
441
730
34
3121
3945
3806
2185
2159
812
2706
3761
3782
1354
3994
1999
2489
1715
2194
3211
2453
1876
421
2910
291
3445
974
3834
2240
2658
3241
2024
3900
1549
2169
768
2081
458
4056
1766
2341
549
3588
300
2224
1837
673
1166
2963
2804
1762
4076
570
4034
2322
2319
1800
2048
3071
1185
810
2734
2953
3059
2019
2490
2674
2327
596
2007
2901
1405
159
538
1644
1494
2015
3360
1913
972
3395
178
2933
989
1894
272
281
3862
2060
3482
2996
2096
2984
1850
2692
88
1465
1349
1760
1099
741
1579
1625
1065
3534
2363
2743
824
397
1311
416
3453
1984
1955
358
3097
4019
1242
122
4087
1029
3504
449
3916
1157
3157
3684
3151
517
1240
3483
1730
462
745
3344
884
4074
2330
3882
1891
378
2634
1048
2860
2417
3825
3635
4051
2672
3958
2665
3052
506
2778
2384
1767
3440
2823
2052
1567
1322
1544
1953
3589
1688
1329
2795
3001
2180
2347
4091
19
2487
3527
2137
3457
1227
409
196
1944
304
3177
127
721
1587
1397
64
3311
3621
1823
2640
763
3970
3744
666
2923
616
1674
3990
3367
1784
3422
423
3745
3117
2521
1226
2482
3307
2827
1080
2140
723
488
1536
3902
1525
1259
492
3228
2994
1648
94
280
2931
553
2184
1516
1535
1419
2557
1768
883
1277
1456
2104
187
3677
3418
375
877
2072
1872
1168
560
3399
1529
1076
2406
2473
2789
2306
3420
1005
294
3175
3147
3616
798
1008
1127
2922
2433
143
3786
3520
1854
3213
4049
1555
2260
2566
2470
3521
1592
3982
264
4058
1417
1958
1846
3451
3170
2070
628
3765
3038
1548
4060
1125
1583
251
1772
3319
3895
2171
664
386
4063
1734
999
3309
440
2725
3593
1136
1527
3594
1331
2921
360
2633
3742
1733
1659
3404
2302
3439
663
338
467
471
2220
221
2254
3008
1034
1057
136
3503
1047
2183
1600
1291
2131
811
2203
2872
2636
2270
1511
2381
919
1751
3226
3802
2635
1698
610
2335
3643
1523
3613
4007
3847
1576
747
2555
3485
2785
653
464
213
2748
218
2744
1522
1704
3572
3513
2909
2929
3276
365
2386
149
174
230
748
1893
65
1032
3740
3860
886
3246
3656
2973
2918
850
235
3826
3904
1462
1474
1851
1890
3940
1578
1506
4053
1683
931
2534
1036
4089
3808
2138
2737
783
1278
1381
3436
1201
2977
224
1657
2927
943
2122
2979
2799
4083
3547
1472
290
892
3107
3488
724
592
3908
1404
3484
1574
916
1898
2694
1662
2199
1285
1143
1793
1903
1670
394
98
427
3700
2545
605
2577
3472
2366
4013
1400
3258
3377
3197
1260
1646
1703
2731
2424
1807
2519
370
3791
2655
4054
191
897
588
1561
2567
1914
2023
1286
405
3670
837
2304
180
2858
1906
2579
3564
1144
433
921
4011
1973
3376
3047
1819
778
227
912
3486
3757
2150
757
1495
3347
3631
803
408
3545
2332
3592
4029
3000
2313
3153
2714
437
284
234
99
2637
3878
1229
22
539
3525
2481
3022
2627
3852
46
1161
1565
2037
48
1866
1601
372
601
3142
2078
1871
1384
1483
3685
3789
1558
1122
710
211
2274
3024
3444
936
2251
2650
590
3762
2233
3811
3305
2663
3629
188
631
825
2396
1181
822
2553
248
1699
1350
1553
2139
1986
1932
2292
1627
4016
1900
2792
2088
1915
2206
341
293
531
2040
353
2334
1361
3590
2632
1268
3753
30
3543
287
12
594
2413
963
3329
1010
432
1967
1402
2883
184
1470
203
1303
1017
1748
2108
589
978
1424
2732
615
898
2948
3676
574
2501
404
3767
3851
1729
3323
2936
852
3507
2356
387
3459
2639
3788
59
3049
1935
1180
776
1884
2889
2937
926
2877
2337
2622
2376
1830
3112
3230
2290
3370
2148
3987
263
815
957
242
400
522
774
1538
627
497
529
3477
2686
50
3784
431
960
1092
1580
1293
642
1826
4082
2197
3777
691
130
760
3040
2373
3136
2794
2662
934
3021
2066
390
3317
253
733
1003
2012
566
102
3871
3362
2607
611
1087
910
3996
3039
2242
1737
3979
939
2887
3961
3265
686
1205
2681
3832
671
3195
950
2992
2959
2
3306
3781
1365
1741
530
2448
1414
320
2720
3692
3300
801
3747
956
2152
3666
2397
3640
340
1786
2893
468
2699
619
2215
1433
3824
2594
2128
1299
2084
2722
1602
3833
3287
1952
680
779
490
2047
1153
771
737
4048
1998
904
1075
1232
2796
2660
991
1840
344
1749
3051
2163
3927
4008
1818
821
3410
576
3343
1275
818
86
2751
2485
2563
10
3785
2294
1401
3015
2518
52
1669
3062
1811
95
2830
1620
1385
3780
881
2604
1585
2733
2709
966
751
3880
752
2837
1253
2219
1011
4026
3651
3058
3516
578
1448
1865
640
3608
1947
3840
3120
3600
1024
1975
3721
694
1541
3622
3467
2997
1778
2585
2885
1647
646
3318
3522
3335
1452
3253
1101
1787
3216
3178
3364
186
1795
2449
3864
1305
3284
2645
2061
3949
1256
1021
3277
388
3338
2535
1409
543
323
2458
1269
643
1412
3718
2394
3830
3813
2717
1215
2484
3357
1213
3801
1398
3034
3605
3351
830
29
3810
3611
1926
2006
3585
817
3713
1186
444
16
2187
3280
973
3751
2010
2284
4000
526
2702
273
3854
453
3690
3011
3913
816
1020
2943
1957
3508
3566
4020
2605
1632
209
3102
1971
3138
1613
1217
2998
3225
2402
2149
4067
3966
562
2559
2556
3460
354
2708
206
2993
2797
827
3458
962
1006
2629
1154
2064
3883
3082
3321
3733
4073
998
1584
1972
3180
3182
1873
2679
3331
2905
3706
36
2369
3939
347
3084
634
3658
79
3936
3748
524
1175
3935
3149
1889
2912
2053
534
2239
1267
2591
1745
1063
3324
1492
1685
2017
208
3373
3014
6
2700
3607
1954
3614
1098
3030
3845
3076
2173
2156
100
1626
3910
2958
484
1374
2903
1841
3128
3604
2091
2232
4039
1002
2295
2510
790
3423
3732
1490
2806
1031
894
3140
2034
2642
3408
1503
882
4088
2425
3800
4059
1139
3797
74
1917
2656
1439
2834
3267
117
2723
3292
3548
1832
731
3628
1434
428
1373
739
32
1824
546
215
1785
3002
519
1700
1378
2833
2398
3978
2816
662
2524
2329
932
1266
3295
1325
343
1610
1605
2741
3210
3509
648
3906
703
1129
1883
4005
3449
2207
572
2377
3581
732
1477
1910
933
3437
1290
3208
3570
1775
3033
1001
1120
3073
901
3694
1934
2729
690
708
434
1979
3711
2920
2231
1079
2399
2223
2441
1852
4057
3954
414
2124
3755
461
145
2405
3494
2690
3479
1920
1058
550
1897
2915
2676
3944
166
4085
3943
858
893
3749
3524
3366
1258
3145
2357
4024
2818
3582
718
192
118
2670
1467
1814
49
1172
860
452
1945
3922
1930
119
1012
823
2995
1531
415
2649
2509
2641
2230
591
750
2213
1083
1708
205
1640
2871
3490
3909
1451
918
62
451
2526
1195
1508
1614
2844
3031
356
197
310
3448
840
2297
3879
1696
3529
1118
2644
2136
189
491
3354
2891
2942
3110
1276
2117
262
373
782
3805
561
401
1904
3233
3056
2781
70
3200
3976
2118
448
1609
2411
1848
1965
2950
2447
2463
4075
1110
56
2919
1046
72
3828
2004
420
1881
3345
1137
942
3827
429
1131
3468
3266
920
617
658
2548
1543
3268
105
3738
1902
2957
4086
1444
1198
3686
2423
2216
2597
2516
1668
3390
1141
2033
1636
1390
2712
606
3502
3190
3027
2111
2512
3356
1980
362
2986
2981
913
2771
2666
945
2032
2101
1279
3299
895
637
283
864
292
303
216
1752
1803
1537
1403
2817
608
3924
2856
329
3220
2551
1274
3822
2932
871
1643
1248
1360
620
1316
3859
756
2102
1376
891
683
1243
3493
2126
866
374
1863
1348
2505
1382
766
3353
90
577
1056
3184
2558
4069
3259
3769
2759
3779
845
3575
1310
2437
2269
955
3627
328
1519
585
848
2008
712
900
2079
1892
3641
2445
639
661
383
1332
3720
2145
1272
4
3835
3620
887
1982
1343
1885
4040
3206
3348
1987
3957
2689
1705
1084
2123
1479
3296
1637
520
259
3560
3368
2214
1692
3632
80
853
2404
1653
704
851
841
2596
1124
1093
3337
1941
1547
1689
1791
309
3036
2198
1207
709
1043
626
1899
2267
3850
1407
3991
3971
1352
2511
754
1327
3573
3708
2668
1091
1805
3256
257
521
2846
382
2368
3770
123
3340
2443
624
3035
3743
3960
3193
2497
2218
4009
1067
1796
2564
1334
3551
3603
3240
3523
3633
1123
1858
3068
3712
4070
681
2504
2802
3314
2314
313
2528
2093
1169
2530
1204
3481
1607
1461
899
5
676
411
2584
3124
3325
1306
2774
938
3116
115
1070
3489
1532
2165
4071
134
1860
3492
3812
953
3134
2462
1675
2058
2469
2472
1476
767
2059
2420
322
435
2056
31
2438
679
1231
2669
2210
2495
2100
2621
3734
2418
1485
201
1617
2866
3625
3434
156
729
3293
1571
1997
1428
3166
2340
1121
4081
2116
3997
1252
3026
4050
111
1330
1912
3661
908
1363
1193
3171
607
3346
3617
3288
179
807
876
1788
2488
3279
695
1455
1867
337
612
1244
1855
260
1051
3657
3550
305
151
2192
542
1781
1383
629
2784
3870
4044
4061
3654
870
1956
3724
3072
1388
813
295
2018
2522
3911
1482
3446
1709
3973
4062
479
1019
1804
3333
2783
2753
1315
3119
1145
228
3103
2043
2279
964
2400
1717
2568
2619
3918
2387
828
3041
2873
1163
1295
2863
3429
1520
2499
2638
1415
1090
3650
3763
114
2161
2412
2696
2704
2914
3198
722
1300
2154
3569
3094
1194
1964
1133
3644
1595
2035
2238
1202
1552
3609
1228
1638
946
3218
2809
466
2587
1591
967
3205
3055
125
3237
744
573
3159
150
4037
3315
3355
288
1909
158
3249
1340
2178
3074
1726
480
3131
7
376
2976
4014
2829
210
952
486
2710
1500
3844
1652
523
2882
2217
1875
3474
2036
1660
470
746
1182
2409
3746
2253
3595
2434
339
4068
1209
2353
2769
2628
540
2177
332
418
2476
3974
3587
525
1616
3577
87
1710
3549
2988
4078
3248
4094
4012
2266
3435
1622
1025
1943
345
2410
1806
2742
1624
2606
1126
3007
1776
469
2249
3238
2235
867
3901
1515
419
2780
618
2617
2282
789
3017
536
1694
3473
3289
1206
1336
2574
928
2204
693
3863
3535
675
385
369
1896
2358
3578
3568
3558
1504
2589
516
753
103
2477
3283
2531
2087
1359
2362
2374
795
351
4084
1842
2326
2325
3655
1245
788
3032
1608
3552
2205
2068
3461
438
3165
1469
2952
3514
3407
2268
3425
2309
1026
1418
81
4021
3597
1431
3336
865
1747
2613
3731
2074
2962
3427
3358
3875
282
4027
698
3046
672
3562
2422
1473
317
3063
2054
2599
2894
1770
3398
3678
725
66
3269
1106
1296
1533
3168
3290
1528
1044
3262
1134
2275
575
1582
1074
3214
940
1042
846
682
2537
2301
665
614
2609
476
1453
1764
3563
2428
3397
148
909
3999
792
163
1599
2372
110
2813
37
463
4046
805
155
442
2299
635
3857
3388
667
2106
654
1219
3164
1188
1635
885
1835
3660
9
53
3078
2954
275
3406
3723
3932
3202
1758
1265
55
3730
915
3009
3624
57
3923
4038
3693
1672
1082
2103
2825
3127
1146
1606
450
1763
1162
3528
3946
3809
571
2949
1102
1297
2465
4066
47
2928
1050
1013
2316
3951
61
3231
3965
2328
2687
3891
3126
993
3433
532
511
849
3814
3189
2186
2864
182
1174
2648
3583
518
2898
2588
3272
503
1335
2090
154
2245
2401
1435
1281
2141
2593
558
1827
3829
2951
1203
3203
3511
58
1239
1210
91
949
2491
2569
996
2831
239
3384
2119
3224
1116
2826
3391
3668
241
3823
2226
1735
3069
3669
1746
1445
501
11
402
3567
1261
1550
3132
514
1722
276
3790
2315
738
2001
1086
3793
3334
1107
717
3163
2985
2740
839
1721
3209
580
2444
2760
325
1037
781
2042
226
1815
1828
1521
2026
1723
749
23
278
2312
719
3561
1628
1223
1393
1686
138
2917
1287
2961
1753
2582
1869
2452
2881
1339
2478
483
3977
4036
880
2062
3536
799
54
3821
1089
2020
43
3389
446
584
3152
3989
3201
3150
1779
225
2874
890
793
1177
604
977
4004
3186
1320
2391
2664
2089
2107
2982
167
3853
308
3896
3553
3442
3555
1487
1033
2323
1974
1563
2908
1449
3264
3332
3487
3837
2671
3815
3004
2520
2044
2680
3160
380
3818
3260
3455
3691
2236
2620
200
1802
2895
1224
181
3042
445
2110
2595
1353
716
1324
1526
1530
2415
393
2351
1962
3101
878
3889
3544
3496
1413
3538
68
2468
1518
2190
1457
3885
1719
1838
2529
3176
3118
3941
3301
3095
27
819
3698
1018
169
45
3843
875
2810
879
2716
1447
1978
3526
1478
855
3886
366
3663
1991
1985
1318
1273
925
1856
1263
2888
2168
258
2486
603
638
1744
755
2711
2964
21
112
2289
1754
510
346
14
1946
4028
1862
244
2342
3531
1630
3079
2757
1639
3931
1834
3349
120
2971
834
1645
551
3191
60
3849
1085
4018
1481
2693
247
2261
1983
2113
630
477
1191
2170
1572
3188
2349
1790
240
2016
1693
3646
2598
804
3244
3737
3679
1059
504
2911
1702
1038
3006
3680
1756
2576
2514
649
274
3540
2586
3988
1822
3285
3689
2352
3537
1939
1321
2162
869
3500
3162
2121
2838
1621
454
1173
3807
2009
1069
2440
1391
104
489
1633
475
2127
1792
3111
2752
2475
1713
172
2077
1408
371
1040
826
2675
2175
3257
1468
541
743
1421
171
40
2288
2763
3838
3469
4010
324
2683
3270
3221
229
342
3787
567
2065
1164
352
2821
1740
3714
1667
75
285
775
976
424
1716
3091
1427
128
3081
715
1307
1380
1200
2782
3579
842
2427
124
3054
1649
1035
3113
2832
3884
906
4006
1924
430
2940
2941
2726
314
3414
26
2038
76
2461
2283
535
2849
1475
481
3619
223
1489
981
3934
702
3760
1988
697
2967
1908
1371
2442
1115
3143
2549
238
587
1308
621
3752
769
1368
2581
1864
1426
2592
2243
77
2859
1960
2055
700
2572
2133
3471
3413
3861
1612
1948
2098
2003
3615
3881
1150
3045
3419
1379
3938
13
3421
25
164
1888
581
3606
2899
1682
3841
2788
3312
1966
3983
3925
3167
785
1257
1411
3242
965
3699
3571
838
1882
1497
1990
784
89
3083
2800
2878
443
3196
350
1949
1994
2870
1684
3016
773
3263
3020
2938
505
1651
1919
3061
1718
1212
3759
3667
3766
2120
4017
3123
2703
2798
1596
513
4022
2176
3380
1502
502
1357
465
2815
51
190
2144
1176
2419
3662
3735
2345
3204
2045
3229
1221
988
1425
2913
3726
334
2244
2450
1450
2027
1235
1199
71
146
357
2980
3187
173
96
252
2999
3219
3703
3099
3926
3817
2308
3169
384
3416
2625
2661
1438
131
888
1711
808
1236
336
2502
2338
3274
2583
2029
970
496
509
2947
3155
2713
2380
3146
395
1429
1845
3158
256
814
1976
1859
4041
2350
2803
3310
787
194
843
2865
2073
1970
3659
1097
2841
1271
3322
3754
905
3869
1432
1996
3842
713
3098
2046
685
2457
1250
1673
2182
2651
3393
2355
3510
1480
2939
472
1642
3739
987
599
684
3877
3232
1165
3400
4095
3542
2539
1901
1158
3392
2388
726
2286
2471
3108
1799
2241
1554
1959
772
83
2571
1078
2673
3065
3369
1923
3705
3365
1187
907
289
2451
547
3387
3530
3135
1697
3330
2014
3013
1969
4080
613
2536
3596
2252
2966
1680
3250
1539
736
670
2974
806
3075
1836
2360
1936
1707
355
3725
2647
3378
3431
2991
3831
176
1761
552
389
3630
3727
1907
3462
175
2094
3029
720
1160
2287
3275
425
2926
2467
1104
2142
1464
1399
3716
2532
1000
3316
3795
3532
177
147
1149
1298
2862
1341
2786
3005
93
2212
4033
1782
914
137
2135
377
3768
1650
1440
2246
1853
650
959
2546
277
1575
2364
1581
2538
1759
2540
742
3942
2762
797
2590
2875
711
1603
1765
335
632
2850
1496
1911
3104
728
1230
2272
2200
2955
1049
1874
493
1731
1159
1825
656
183
1211
267
2209
2503
140
2383
3077
507
1197
2766
2807
2234
129
660
1594
3671
2616
3775
1916
2225
1738
1820
3215
246
1677
941
4015
3591
3673
141
3665
2623
3546
399
3012
844
2718
459
1588
3412
2824
3207
3953
2736
1839
1190
2721
836
1678
1712
3729
727
2705
3702
911
644
217
2277
1105
392
1023
1928
3255
559
2983
657
3096
3717
1925
3286
1430
1410
2193
4002
2348
2285
641
863
2749
1066
2678
1147
1369
1488
363
4003
3271
1061
1993
2492
1394
1562
2479
2508
3405
3517
2646
1112
1420
233
1170
3719
2343
108
2333
3401
1728
569
2624
2494
4035
315
4065
3894
2291
3339
980
2174
872
318
2772
1233
1055
297
3764
3179
67
1237
1436
2654
17
3379
1514
2095
2112
847
1542
2063
3227
2618
3070
2533
923
2773
1333
168
153
199
2814
2805
1687
107
436
1918
1598
947
2228
1847
3350
126
1586
2652
2446
1071
3688
2134
3133
2303
121
780
3557
2258
3887
1367
2189
2610
18
1189
316
1041
3905
1895
1671
3478
3903
3948
2071
2876
3986
231
2935
426
3452
4055
1060
3409
1392
3695
3975
3681
2570
3298
1732
1817
1963
2527
2575
734
600
3921
2851
133
3156
2965
1458
3647
2727
3475
3411
1022
2255
1030
2820
1077
204
1861
2339
3010
2305
3252
485
1027
2075
2960
3106
3375
2480
609
3972
1629
2735
527
1471
3772
1505
2390
3092
2969
1720
1569
2842
2580
3294
2975
2082
2382
924
2653
3018
554
4032
1568
2828
3466
3090
398
3470
2835
4047
1301
2614
2907
3955
948
1879
2002
3515
1540
1179
2395
2164
935
3
1053
1135
3930
1326
220
106
3649
97
786
3912
349
707
3959
487
1323
2987
1783
3519
969
3710
1073
478
2466
3559
515
677
2978
1656
4064
2157
1570
2455
498
1499
3642
1887
41
1695
3819
2370
406
3683
2578
1593
3758
3687
2247
1797
2667
4030
971
874
3756
2414
3403
557
3044
2847
2011
985
2843
2153
116
3890
1184
2028
1416
1886
1905
3839
1989
482
1081
3776
38
219
2755
2436
3251
3085
1631
1951
3443
2925
1977
3792
2896
3962
1355
3028
2758
2626
39
2025
1679
2367
2747
2677
1658
1262
1809
3291
2196
84
1100
2698
1727
2989
544
857
1877
2972
4077
3715
4092
1493
307
2500
1849
598
2685
3144
2259
2167
3774
381
3917
3554
1870
548
3495
2208
651
623
975
2278
391
3417
2086
954
854
20
2513
3968
537
3327
2730
15
364
2321
2550
85
3087
2552
2886
1114
896
2544
1961
1328
668
1509
2897
3728
2868
1222
2188
2808
361
3645
135
1151
2812
330
3372
3183
1676
3060
144
1742
3302
3652
2324
1337
2615
3933
243
2130
3239
2879
3064
1345
3598
1072
1821
3565
3914
862
3947
2707
63
1255
2336
1507
2392
1463
3969
3361
2280
903
699
407
3893
2201
1132
2097
3956
2659
927
1641
3816
3100
3066
764
1218
2945
2085
2464
2745
2459
1347
2719
157
2069
1423
279
2211
185
2525
3067
1769
1216
3865
1950
1142
1512
1088
2310
422
2515
3899
3672
2764
1739
2892
410
3803
2460
3415
2756
922
2483
794
2227
3328
1004
3873
1370
4079
2601
3952
2643
3192
659
2543
2022
82
1366
3222
1288
2611
3682
3326
3050
261
761
3308
3963
1725
2754
3497
674
4093
3586
3584
447
1663
1220
2346
417
3381
265
3741
1794
1364
3199
2924
439
3872
1556
714
997
2523
3342
3736
2775
3783
2160
3282
2109
692
3868
1064
1577
528
2801
1406
3245
1701
3043
222
368
1312
2426
3858
2143
3352
3580
625
1342
1171
652
1375
944
3501
1283
3964
3053
3363
633
3374
3506
4045
2250
1655
3278
2498
2930
2125
3491
1551
1039
3174
1590
1454
348
3498
2114
4072
701
1942
3463
2777
413
1437
2311
3313
1665
306
1130
1857
2854
1389
3450
586
1192
1706
113
3234
2822
3707
1113
1317
593
2715
255
3599
568
1714
3653
1773
889
582
2541
990
455
42
979
2867
3048
930
1094
3037
2746
1156
861
2051
2439
1422
2869
2000
2158
1313
4025
474
3928
1304
2265
1183
3778
1356
2493
1264
4052
2691
2013
3254
2956
3464
2779
2600
2359
2151
214
3929
545
984
1922
3057
3441
3247
1938
1566
1152
3235
1743
331
1940
1214
2389
2331
3634
2657
1573
2050
1844
1314
3867
2375
3576
2039
2848
2403
762
3773
902
1501
3105
3636
1282
33
3610
2724
3109
2787
1068
170
951
986
2296
1564
3426
270
2612
958
2547
3114
4043
2181
1510
2880
495
2791
1921
669
35
1524
457
2916
3985
254
2132
3137
2276
299
1498
2379
1813
3855
2344
1247
3612
327
1014
1460
1446
0
735
232
1351
326
2630
2506
1927
1812
2431
2631
982
1798
831
1
3995
2155
2385
1690
3950
2257
1560
333
602
3130
1777
3876
2456
1843
765
3981
2031
4090
3618
237
2057
3980
856
1780
2080
3919
3898
160
809
212
286
3623
3892
1545
3424
2776
2092
2474
2560
1208
2191
2067
3915
1284
250
456
1292
142
1589
3541
500
868
1801
3139
800
161
2573
2561
2273
2262
2248
2005
2819
2354
1868
583
202
1234
820
1517
1054
2684
2853
3967
301
1015
396
3456
3447
1246
3639
1816
3212
