3867
4039
480
738
2805
1177
3283
4050
3765
1727
2511
2862
415
2799
2461
2248
1057
2702
3277
3869
1314
2477
1242
2501
3489
3943
3732
168
1019
1370
3375
4065
2464
1344
3307
3935
1878
1425
1007
3497
2817
2682
2905
495
1573
2478
3969
216
3005
2787
2871
673
1509
3533
3470
2576
3949
1772
1163
181
2449
2208
3665
890
652
3484
1836
2992
142
3768
3394
3259
1012
3447
1291
3571
2968
1358
1176
1272
1231
4069
3657
1525
1688
2578
2358
1631
1753
1223
69
3332
3725
3142
1855
1996
1210
2540
1264
3115
2610
4095
643
3446
3567
3182
1416
2422
1154
2597
2901
3389
32
1932
3444
3910
2513
3738
3994
3149
1976
3672
3824
1987
3257
1282
3464
2146
135
1731
1185
263
1383
2546
808
2523
3509
1848
3477
1609
3505
498
2014
2999
1346
1720
1514
1415
1155
3834
1322
148
2551
1812
1613
1253
2419
2288
1728
1817
2515
1380
1254
1790
1103
1312
35
1636
310
818
122
3530
833
1694
1437
2599
2512
2752
431
22
3274
2462
3954
2264
1572
347
3461
3396
4010
2070
3135
1068
841
1642
3797
1750
2700
4028
1180
3476
1002
1065
1647
875
1429
3731
2655
3279
3881
3217
1852
1001
3067
3077
1090
3099
3436
1411
2509
2222
3204
3639
3365
2164
2144
3708
3120
1904
3972
1619
93
1719
3187
2081
171
3736
2082
3253
2076
472
3163
2361
3521
2134
1861
390
3751
2114
2880
1232
3539
497
902
2278
1059
2764
873
3815
294
1897
3455
1414
1173
799
2891
118
2131
3987
1905
3860
1320
2302
2089
698
782
179
1478
3600
2092
3177
47
2567
3235
2627
1256
1261
3991
500
1656
807
2586
3928
552
3416
3506
1435
1426
3404
953
958
1289
3200
3727
2662
1114
1653
38
1984
1285
906
1637
3774
386
814
2362
2556
1307
1112
2196
59
2143
1259
715
1577
2202
165
2436
581
3555
1630
1737
18
3475
3356
1486
1372
2059
3403
1581
2774
4029
3047
2058
3073
345
1578
100
2861
352
1297
3367
2479
2303
897
389
3809
1482
4066
3615
3514
1612
686
2577
2394
320
1044
3772
645
3193
2088
2320
1907
794
111
3236
3948
1981
2667
3325
2140
405
247
3941
526
3488
3936
439
3137
2525
1048
2003
1199
768
1530
2639
2431
2990
2590
1144
3339
2737
2145
2493
2334
3968
1311
1991
2516
1596
1205
772
1451
1
3976
1604
2980
50
3934
3623
399
954
2284
949
2895
2038
456
3737
2649
402
871
587
4042
916
3528
648
3209
1495
3440
2033
2279
3609
679
2768
3635
625
2549
3156
1902
184
3606
2971
3558
3866
3981
463
0
229
3984
1555
1352
1443
589
239
1879
1819
978
2522
2699
3393
1484
3857
3317
4046
2888
689
1373
157
1947
4048
3550
3754
3048
3379
1846
2972
3709
560
2624
109
1348
403
2410
1316
773
261
237
3369
2806
3208
41
2466
302
3457
3905
1447
2204
401
563
1808
2917
43
2324
2983
3769
3537
3714
545
3042
2943
1857
120
1027
856
73
2648
128
621
79
2510
185
2200
695
2986
2874
2342
1402
1295
393
3674
2978
3061
2989
2925
2884
3246
3895
2561
1087
269
3398
1875
3401
3431
3604
1761
3654
3919
1036
2645
1691
104
492
678
590
2285
224
1868
2984
3982
1220
1994
3168
3804
706
3891
3405
2138
671
3494
11
3915
13
178
580
667
3374
198
537
3888
84
305
2975
2036
788
1149
3524
3655
3262
1695
476
4057
1767
3680
1933
3681
1545
2106
1452
2182
3483
2722
2424
2160
1000
721
755
258
677
2736
1783
1780
230
2531
3309
3281
2044
1601
2686
1623
1948
379
3203
1960
1294
3327
2701
3638
424
3409
1707
368
2468
3486
1870
608
1403
2470
2795
3319
4008
2559
2043
1639
1554
2904
161
1016
1257
1697
2179
3278
1908
2094
3855
1752
318
3835
1616
1109
3082
713
3513
2650
300
3986
2856
3108
2367
3323
3015
1663
101
2548
67
2072
2604
1269
1576
3861
823
728
2165
3810
324
1801
1169
3951
2841
3818
1258
3206
3650
1047
29
1080
3201
2450
2055
749
3741
3487
1183
1335
215
3578
865
2066
2011
433
3159
3876
2296
1769
125
26
2018
1252
2613
1605
2232
1129
753
304
2080
1788
373
290
2811
3628
3126
1363
2508
1680
727
293
2889
1565
2314
641
3663
3034
1405
3795
2317
297
1909
3958
1528
2653
3266
2259
36
2622
742
251
748
1168
2710
278
597
1077
3148
2959
1934
819
909
2425
3538
516
20
3429
3553
2505
3887
653
1895
45
2588
2262
3726
2536
2246
1003
1990
3391
2615
2221
2832
1793
3364
3522
3384
450
150
1337
1467
3557
2837
3661
683
1807
2129
487
2618
1973
932
1095
1421
2215
1470
2325
136
2393
2260
1056
3771
2713
850
382
2042
222
2231
3284
3308
3117
1594
3621
3789
413
288
3347
2812
1925
3254
1428
626
2002
3963
203
1146
231
2252
167
458
2156
1804
387
1540
1062
1029
2233
1459
354
2313
398
961
3983
1951
1097
1681
1247
624
924
1084
3865
1784
2049
1923
805
3920
1287
2387
2745
383
1803
429
962
2729
4061
3498
2987
2420
2666
3879
156
2272
1620
615
1874
669
2234
3911
23
1566
1751
2518
2433
1350
1063
2257
1222
3495
2271
2797
3894
3547
3979
509
984
3957
346
2747
234
632
1378
3742
2969
3186
2996
1053
2582
3930
126
2584
1500
3883
2492
2104
444
3820
2280
1789
2574
981
2792
2381
1165
3020
546
2396
1125
574
2331
3411
2997
489
616
1360
317
1353
2467
3179
586
1191
232
3885
640
1466
2948
3988
2910
2185
1883
2161
1497
2481
3345
3759
3095
88
3687
613
3462
778
1431
1273
665
521
1055
3080
723
2844
3702
2276
3922
3806
2480
2267
1236
169
2306
3092
3056
1776
3529
1424
2075
3074
1579
697
3586
3992
2982
2529
2818
952
2214
3058
214
2915
946
1423
1045
716
3106
877
3827
124
3469
3415
326
2281
2677
2403
2102
1834
296
461
2695
1941
876
3833
252
2220
892
837
3677
2297
1308
1305
3758
68
3234
1276
1270
2299
2641
2379
4000
2005
2706
3026
783
1192
2261
1290
2663
2535
475
2483
365
3626
1549
3289
1216
857
1791
3873
4009
565
3898
3305
503
2679
2388
1733
1096
1809
2226
1293
1241
131
3598
3171
4041
1644
2614
2026
1843
1655
3875
2784
3541
3298
944
3271
3344
4002
3971
4084
1078
2250
849
1468
1965
4036
2587
2040
1393
1974
4055
3232
2953
1333
731
1686
2024
276
1137
840
2245
4034
2000
3829
3044
327
4004
2016
1799
3485
4073
250
2568
724
2630
1189
2416
4094
579
2537
202
1678
838
2514
2897
1856
3326
2914
2876
2113
939
42
3011
2170
1682
4064
3698
3218
1251
3467
3425
1832
1669
3316
3831
2352
3038
3607
3226
466
2860
795
1108
1005
2415
2602
2900
3359
71
3021
598
2544
265
867
855
1356
248
1448
848
2201
2656
3057
569
1916
714
709
1533
2147
1638
332
2255
337
2810
285
2916
2723
950
1954
1091
336
3078
1693
434
2309
3303
1021
2519
3473
1648
2376
372
2373
908
2008
1324
3917
3353
3682
3838
3953
3480
369
3348
2591
2369
1706
2153
2504
1739
960
3832
2390
1690
3350
639
975
3545
605
3520
3102
884
3173
2719
2469
2717
1432
1825
2445
3190
183
505
3764
3272
1121
2532
3030
735
3003
295
1928
2896
3481
1531
3695
3041
3219
2949
2174
2809
2212
244
28
1417
1551
1683
3617
2981
672
1310
130
3579
2198
1997
3386
189
3993
1726
349
3747
1835
1245
3244
3450
1130
1877
2759
421
2733
1771
3508
1082
1102
1116
3275
110
2368
484
2621
3185
2035
3097
809
24
1026
3624
518
3249
2726
2218
2906
3552
1284
1151
1332
3052
687
465
210
3644
3811
3975
1396
630
2268
2998
3507
353
3851
455
3843
154
90
945
3482
1587
1666
2867
3700
2560
105
2612
2069
2594
3458
702
2661
1746
2957
138
1816
3493
3790
363
3840
1847
974
1911
2539
2608
712
775
75
675
342
3062
2111
3792
2323
3292
166
2124
3150
3408
2372
236
2383
2703
3143
664
2110
2006
3770
2340
2912
1122
1267
2694
1643
2010
2748
4079
3306
1161
3602
1813
4047
1814
3863
3823
3075
1361
2012
900
2444
1583
797
3247
4016
385
1611
1754
1944
3181
874
1135
3420
3419
1209
4076
2203
2930
3946
601
1365
1945
2951
127
1658
3964
2239
2
3465
1927
2623
3950
1547
1281
572
860
491
53
3548
1714
2440
3573
1364
2407
559
3250
1805
3783
2947
1557
2364
3706
588
394
267
2266
1542
3130
3712
312
3054
3630
1141
758
3618
3378
2831
192
930
847
2484
286
2789
3153
274
486
3762
3136
3574
3921
541
816
2456
3334
2609
2353
1651
2348
1202
1943
2839
2585
1537
49
1228
3006
1570
3341
86
1046
2071
691
2073
831
1449
1260
479
16
612
1912
2181
501
1158
2305
903
3296
1831
2565
3330
3039
2569
388
3518
4071
2025
3474
2237
968
896
3437
270
3076
655
2057
2709
3870
1182
2854
1712
815
1700
2207
907
1009
1367
987
3188
1031
3696
2300
2527
3294
1821
3413
3589
2117
1471
3563
1671
2126
1427
1328
2894
3671
3070
2491
2760
1975
3912
2886
3872
1457
3689
1349
482
1797
2708
1722
1439
642
1388
868
1153
2039
2408
2157
1773
3705
948
2672
410
1406
2853
2374
2199
2899
3174
3225
52
1140
1377
872
1488
1850
3324
2751
1756
3451
2647
3089
2184
2644
1049
3527
1138
886
1527
2877
1766
2942
1949
2120
1873
1461
112
1132
1306
2815
3479
3400
3945
2543
2834
57
3977
3743
992
2148
2995
3028
3781
2187
1014
553
936
2847
3713
3937
3773
973
1585
889
1742
2517
3502
3510
1381
3263
3423
1930
609
2931
309
98
3656
2652
3122
1434
2944
133
1860
1634
1747
3864
1071
2034
1677
1735
1561
1592
1052
787
2274
1131
2321
3800
191
3202
4086
3238
3258
3358
3432
3412
1006
3442
3119
3854
117
2716
692
2172
1703
3734
3568
2638
4082
3787
257
3766
911
2154
4053
422
1740
3591
3322
2473
2674
3237
2329
2693
1492
3631
3856
880
280
2796
885
1050
3256
1955
592
74
2846
1506
674
1275
1271
1535
152
2833
1235
3668
1038
1301
2767
1376
2596
620
2465
710
1117
1952
3430
3803
3380
734
266
914
3104
2411
2360
1101
3900
64
3053
1450
2606
3692
681
4017
2116
3903
1802
1889
3388
4080
1229
956
802
474
1139
3362
3342
1033
2292
3395
3733
2712
1181
700
2451
2189
2583
3167
94
1127
3850
242
3287
2780
1729
2028
2842
1197
1758
4027
291
790
221
3577
1517
1723
1076
2933
822
512
4090
2911
1787
2684
1833
3500
1419
440
1186
2487
3116
555
3146
1558
1099
985
3004
3227
3893
2173
3597
504
564
3756
1008
3050
1113
2829
1584
2041
3899
3913
627
1398
493
1977
1445
912
2528
1162
3456
2763
3085
3125
3241
1355
2924
1368
3763
3046
1302
3139
2520
3198
2135
3778
1480
3373
384
1382
1262
2563
539
1309
3501
766
2765
3791
2435
1329
2755
2030
3421
3195
490
2761
680
360
1136
61
994
1496
854
3813
774
3996
1172
1915
3761
2541
3636
426
3667
3491
453
2687
114
800
2370
751
591
15
1810
3471
14
1043
682
3290
2879
3707
2046
3722
1296
583
519
162
2486
2866
19
306
1732
3013
1159
351
506
1120
411
3224
1042
307
2335
2776
1964
866
544
2595
1089
3739
3424
793
1892
3837
2098
1073
272
2054
2739
910
696
703
1970
750
938
2365
3009
243
2718
1926
845
769
2498
2819
1401
1300
2137
668
967
1196
2762
1649
517
1385
1625
2960
2607
1685
2338
213
3697
3859
1200
1824
2031
3974
1840
2824
2119
1696
2794
746
879
1224
1863
1420
2926
146
530
3611
1989
3730
754
443
1749
1574
3546
596
1504
4045
548
1219
2822
1407
1020
1529
246
462
2732
3127
1768
3788
180
3562
551
3560
1011
1489
1900
1886
745
223
719
3001
2697
4032
2273
2893
901
1098
760
3880
3825
1931
3554
208
2939
1030
62
990
81
699
1665
3118
217
3172
89
1563
4075
2101
7
2881
2967
2149
1175
1233
177
1906
3906
1614
3103
1849
3329
2062
3372
3091
1207
2633
2966
3267
3925
3205
2898
1894
2769
1539
3892
869
2490
3767
1069
3760
711
2757
3086
3453
4013
1313
1885
205
499
2952
2887
3463
1552
2406
313
3199
1919
2001
1628
2935
3252
1204
2093
187
3229
2598
3360
2130
1075
1503
2078
2920
777
3967
163
2022
1606
27
194
2742
3721
3814
3183
2096
570
2958
3540
238
2940
2571
3060
1978
2791
1998
1188
2327
3564
666
1066
2195
781
2552
2807
2533
853
3998
844
3311
3622
2224
2704
2197
1992
83
3223
2913
3775
1193
3503
262
1591
3049
2808
77
1028
2056
1763
3081
3251
3536
3515
1869
2848
3063
2875
477
3357
48
2063
538
4022
2443
2339
3180
2778
1436
1462
3720
1521
2625
1389
1327
3069
1110
1124
1359
1227
107
3154
1710
2758
1483
2950
1562
338
3273
3133
2664
366
116
193
3685
1624
1174
2673
2009
2725
843
2023
3370
2773
1627
2395
2474
34
1548
3027
3777
483
4038
2566
547
1206
3194
2336
3816
1438
392
1507
1362
3652
977
3931
2800
3637
1455
2247
3570
3157
1603
1806
3012
3439
2289
442
3083
3569
4058
3715
3641
659
3576
8
2380
113
4018
2176
826
155
2254
2228
2654
3932
1635
2265
1345
376
1237
1221
1408
1880
40
2427
1454
355
341
2707
344
3890
1018
1118
1953
604
3270
1569
3434
3784
356
2211
3301
1830
3755
1323
1133
158
2298
3222
4011
60
3819
2685
864
1762
1485
1704
1194
3468
1842
361
4003
66
4063
1968
2206
646
1255
3460
2657
4007
1796
2659
1476
2744
1575
3750
2573
172
1795
1938
2236
1325
37
1988
2903
1274
1800
1179
3107
732
3599
2397
2929
264
928
1615
2690
1980
2240
718
2631
404
1764
2974
568
97
535
228
3648
3952
3338
3363
2191
1876
1266
649
1023
1051
2162
1684
1882
3718
1298
367
1629
1351
2558
2605
308
164
31
197
325
2180
2634
2256
741
1858
1903
268
2452
1107
323
3017
1734
925
3605
1010
3132
1844
3164
2085
2922
1469
2720
3213
207
1093
301
2735
3694
414
2738
3703
3802
3418
1709
2229
2107
1632
2496
1441
2412
2258
1705
3918
2575
2956
1792
3084
3035
2749
3243
2628
2004
70
2781
923
1898
395
3959
437
540
370
2921
259
676
3659
470
1187
173
3525
810
1015
1142
851
2772
12
2429
3134
102
1409
2294
2275
1652
1064
1479
1939
2771
3088
3588
2611
549
2553
3211
3297
3956
1622
2241
3961
2506
3909
1841
2671
1518
991
378
1815
693
3276
1058
4015
2194
416
1143
694
3808
3304
3147
812
226
997
1914
3196
2756
3601
836
999
2503
2816
362
381
2828
561
407
577
1526
2601
3980
2660
206
333
2223
2322
1867
611
1390
3544
3752
2495
791
2209
1357
1786
3407
4037
1318
508
3335
2991
2779
2836
478
3556
287
3884
3109
2572
934
2714
3387
2688
58
2310
2377
3140
2868
2557
3333
3649
1674
119
3141
756
1371
1145
1853
1386
1037
515
830
441
1039
1502
3288
4092
209
2017
619
803
2617
1972
2500
835
2680
303
3990
3293
240
2885
3354
199
542
2471
139
423
1811
1481
256
2151
2409
4078
1765
3295
3014
3064
1708
770
2359
2077
4024
2785
2994
3728
2344
1559
3239
321
430
3066
2190
2488
4074
186
636
933
2177
1035
275
315
1599
249
3178
2109
2475
3397
1890
567
1512
629
1249
3008
2855
2882
2108
2434
3897
3096
1152
1556
1123
2438
3645
1829
904
3901
792
4006
2827
3410
1775
3071
3318
4020
2976
1041
1921
2399
2205
3025
1983
1946
3862
1940
1936
3376
971
2825
137
525
3944
255
3575
663
2460
2238
3662
1640
4068
2637
1340
2908
1967
656
631
647
1560
9
2823
3590
188
610
1567
218
1607
599
3581
2225
931
159
730
2734
887
1083
3583
1641
1866
438
2821
3543
3221
1966
1590
3169
3878
2643
522
2178
2087
3361
2668
2216
628
1013
1598
1115
1319
3794
2593
454
3914
2123
2542
358
289
1279
832
3
1508
1342
825
2835
3845
311
3492
2308
1891
603
708
1148
2564
1208
1147
3735
1184
1195
149
3842
1384
3740
3517
2845
201
3805
1660
3111
2230
2404
1536
3610
941
85
2027
2869
2227
3191
1410
2964
3433
3947
1646
1505
888
3055
3688
4077
662
1985
3268
1074
3346
2979
1659
3933
3924
1745
3161
2562
2770
3929
3352
2286
44
1736
1004
4070
78
4044
893
1713
56
1060
2554
2753
2603
2489
3603
959
2754
1827
3300
2152
3647
406
3368
2405
2676
1250
2079
882
2932
464
3302
2993
2798
3807
600
2937
1668
2095
3010
617
1240
4093
3385
1544
96
449
1893
92
3280
3690
3526
2037
3170
1263
937
4049
436
2849
926
767
2235
1862
3629
4088
757
740
2168
2858
1676
153
2890
1593
3422
160
3087
412
3351
940
1969
1111
357
3684
364
2021
898
2873
2689
3776
943
4059
578
396
3580
1822
121
1268
2363
3966
1995
2192
2128
2938
3619
3676
3123
1128
1283
2636
3286
1157
1278
3995
1777
3248
996
550
3724
1823
2463
2988
253
1963
963
4060
3018
3214
2283
1404
2346
870
1211
3877
17
3428
4067
3585
2453
82
2074
918
254
3033
2472
467
776
3643
633
1513
3693
3390
532
2418
2291
2398
3022
3844
1072
1422
1473
2446
986
1343
1475
3441
25
3331
2775
1828
1491
3939
488
1661
2118
3065
3625
2728
1654
292
634
1920
1213
3490
299
3036
2670
527
3114
2802
4072
3614
2629
2086
99
3007
1464
1375
3377
2909
1246
3587
4021
3658
1910
220
3189
842
2963
995
3059
2243
606
2740
2454
2550
2902
4005
1230
2502
1226
752
4089
2400
1201
1277
1379
955
1564
2724
33
2616
5
862
2665
720
2970
3594
1724
1588
3965
1794
1864
3212
2159
1494
3129
2526
595
1198
1094
350
3613
39
3691
1442
811
771
1106
594
3874
1716
3242
1730
3454
1534
2401
3312
1338
1126
2384
3512
3853
76
2105
2315
3942
2865
3207
3112
1901
3596
1962
4091
1757
2705
91
917
1493
1679
725
2269
3079
3045
400
2843
409
3176
2669
4087
1104
1225
2743
1456
51
2155
1317
2721
3131
922
920
733
3666
3100
2122
2619
2632
298
391
3184
966
2482
176
211
1347
3978
2857
2426
1286
785
129
3566
3729
726
717
496
2354
2319
804
3291
654
3261
685
1580
2301
859
340
1160
554
2782
1515
1067
1374
134
3328
1633
929
1304
556
1399
451
2731
1673
1105
2249
1092
528
3037
2061
1738
334
2547
2962
233
789
6
2083
1687
2052
2538
3904
969
4081
1472
1446
279
1865
2183
858
1085
2389
3371
3031
65
3337
115
2188
1150
2592
2127
2872
2090
3105
2287
3383
3175
951
2386
927
2961
3382
3166
2936
3960
3839
964
419
2698
736
140
1100
1292
2099
1134
1212
976
2793
4062
763
3260
1238
2941
3531
2290
2357
543
1119
1395
1657
585
3282
1820
2163
3633
557
1715
457
2642
72
1086
1626
1040
3582
2750
3230
2047
3744
3997
2385
1164
1156
2459
3849
1215
1543
3642
1519
3683
3916
2316
2658
523
2213
618
828
1387
273
1334
1942
1280
524
1887
2447
1760
2635
3110
2428
1871
3868
3511
2015
1171
1650
3051
284
446
743
3233
182
3313
993
2244
2141
2783
1779
1675
3927
607
1851
2803
375
3940
359
374
3343
2020
417
1330
1582
2838
2918
343
80
55
3399
3882
2097
1474
657
1993
190
200
445
779
638
1702
3072
3999
494
10
3793
2318
3757
2973
3152
141
1239
2136
658
3753
2892
235
3640
3592
2820
1017
983
2878
282
3155
3826
3029
2355
3632
1391
1203
761
4025
1770
1394
1032
1541
3504
3612
878
829
1986
1248
3269
1958
3438
3678
2777
2678
1839
839
1929
2333
2646
314
3392
3000
245
3542
1924
3841
123
3459
2343
1699
3466
1743
3535
1079
151
1178
2850
957
435
4030
4014
3321
3593
4056
1532
3704
1698
661
3220
2282
520
784
144
281
3366
2711
3197
2589
1024
1243
425
3673
212
54
2270
4019
2350
3016
533
1366
998
2060
737
863
3245
1917
3669
1025
3559
30
1785
3534
3701
3572
204
4052
3426
1321
3748
1522
418
2210
571
1170
1516
2727
227
1326
468
87
972
3519
3817
635
2013
1444
514
905
4031
2112
3608
1711
1748
1617
1498
1433
1872
2530
2681
1571
2580
1922
3299
339
593
3310
2840
277
3973
980
3711
965
3926
817
63
2158
1418
3414
3023
2852
3627
3595
1692
3040
3686
3822
644
103
174
377
3523
827
3231
3786
1458
1166
2814
1244
2977
982
4
459
397
283
919
2692
3719
4033
3889
3162
2859
1568
765
1818
3908
2007
2132
3646
2175
3381
852
2620
2494
824
3445
913
3113
2934
3340
132
3716
2864
507
801
3240
989
1546
3215
2715
1303
3427
3985
2766
143
2193
4085
650
1520
1918
575
2337
2907
3024
3349
1589
1610
2441
2068
1670
260
1845
1511
3090
3938
4023
2955
2804
3907
3255
2826
3138
3584
1778
2430
3785
2167
747
1214
566
3801
684
1081
1354
2293
1664
2570
510
1999
739
1331
3923
2253
2788
2029
704
2064
2497
2139
2741
2499
2277
1070
2103
2830
46
3836
2455
688
1061
1982
1538
2345
3158
2521
2928
3830
2263
3443
427
2813
2691
921
2863
106
319
1397
3616
4051
2304
2065
2790
1826
881
979
2307
1645
3472
2349
3670
3955
3128
3653
3144
1022
371
2375
2696
2448
3265
729
3101
4026
1487
3019
1888
2341
2311
2048
3675
2786
584
3285
1430
3264
3962
3664
3216
2347
534
447
1854
536
1336
3210
3858
1961
762
798
883
3989
316
3780
3452
4001
637
2476
2371
2133
3847
2326
469
3192
2439
722
3151
329
3551
670
1859
4040
786
813
1725
432
2746
2534
2413
1913
1896
531
3336
2437
2142
1755
764
3828
1299
1837
2919
3710
821
1190
3496
1689
1510
460
3406
2328
1971
820
1315
408
3902
2423
2927
1339
1881
2392
3002
1234
322
2125
145
2366
195
582
935
348
2115
562
4043
2458
2382
2312
4035
1553
3448
3532
1369
1453
1774
1899
3782
3478
915
988
891
3228
1937
2801
1412
3846
1392
3896
448
2217
690
2414
894
622
651
1662
2050
2555
3043
2965
1597
614
3160
806
3315
1602
3634
2651
573
452
3449
2945
1957
1477
1586
1440
1935
2391
834
170
942
3821
21
1595
2053
1979
1524
3745
2051
701
502
3165
1499
2242
219
1341
1218
3435
3121
3355
1701
970
3723
1217
2150
3812
513
1950
947
2421
3796
2417
3717
4012
3561
3093
108
1400
2457
420
2219
2730
2579
335
3068
2378
241
2946
2442
576
3565
196
3094
2100
2295
861
3749
1608
2330
1523
4054
1717
3779
2626
331
147
2870
2019
3679
2171
2954
1759
3032
2432
796
660
95
2067
3516
2084
1782
380
3660
1741
1798
602
271
1460
1550
1054
481
558
2923
3651
1744
428
1265
1088
2545
1501
1465
1618
1959
2169
2045
1621
2683
1667
3970
1463
1718
2640
471
2251
3871
1838
3886
1956
3499
2851
1490
3852
3314
1600
2507
1288
2600
3799
899
2356
1721
2524
330
2985
3699
2351
623
4083
895
2581
1034
2121
3145
473
3417
3798
2883
705
225
2032
2091
2402
2186
511
759
744
3620
3124
846
529
3549
328
2166
3320
175
1413
1781
2332
2675
485
3098
3746
1672
1167
3402
780
707
2485
3848
1884
