3601
2495
3379
991
330
3707
2000
934
1659
2143
3963
263
258
2855
3641
844
81
698
1260
2738
2092
1219
696
3260
1695
2031
3321
4
1896
3019
3838
4014
3884
542
3933
2665
129
132
2351
191
3403
3985
3027
3900
2124
3740
2622
3452
2396
780
841
3871
74
2464
2892
3706
2327
3885
1345
3752
2736
359
707
1014
2289
2500
1706
2757
2584
2213
3325
4086
3504
3477
3716
1593
877
2329
1798
1246
3473
1534
218
713
3557
320
3868
728
3031
3306
3185
3202
976
2579
3798
3120
2255
3179
202
2650
3196
1515
2696
2600
3501
3915
2879
2658
765
367
3369
2217
1782
2308
1901
489
1112
620
3213
1728
2997
3764
2527
3769
3773
3689
1225
1945
3736
2819
719
1641
2436
2834
854
2644
3894
1271
964
3231
536
1308
1092
979
2872
2106
1649
16
2666
2024
1577
3593
3172
1628
1450
2698
1427
1047
1835
2288
2550
4064
2934
2137
2794
2003
173
1273
523
2514
2512
561
2842
2058
1902
2521
243
1382
1185
922
3911
2755
1245
1915
1697
3498
2529
3918
1923
1517
966
2844
3944
2928
1049
3682
3236
208
1775
3935
933
1841
604
731
1580
781
2019
1130
3435
306
996
2388
1011
1802
290
800
3982
213
2005
2617
2632
3520
322
2823
3004
597
2810
1179
2743
958
1239
171
2703
3269
2907
1465
120
2546
1610
1992
2484
1061
4031
659
3683
942
3745
3160
397
3778
3921
3468
3256
2502
783
1155
825
2926
3570
3488
288
483
3936
1981
1021
1947
1241
1806
4012
2843
1665
2828
236
3755
1115
2627
2100
29
1874
3456
2965
1262
2154
1882
1470
1003
277
4041
2473
1129
2540
3424
2234
3869
3279
309
968
3902
3694
1612
1609
210
1151
2920
3608
3510
3304
1327
607
1035
2805
1138
648
717
1626
3285
1557
109
2301
1056
512
1606
680
3252
2283
3434
2848
2728
816
1907
2721
2914
3579
1867
2966
3448
493
1742
3343
1244
3201
2562
712
1832
381
2858
487
1690
954
2282
1448
2389
1090
3211
1855
3080
2105
616
930
3780
2853
3008
3710
1055
1349
1414
1533
1642
4092
2674
1228
1361
1525
3779
3378
1696
1278
324
1833
2788
1894
598
690
1572
3805
3222
895
392
286
808
3566
417
833
3763
1998
928
2503
1079
1312
261
3042
2422
3317
1375
2603
3190
2669
251
2614
1441
2294
945
2772
2261
3613
2589
3015
4003
193
625
2281
125
2164
3375
647
175
1000
674
2345
438
313
3481
514
3799
1993
3980
3811
527
2773
2187
2709
779
1355
455
2985
3886
3311
1473
1645
419
1884
702
3712
638
2231
2555
1394
1528
745
1631
3022
2027
1643
3561
837
1724
2042
1774
534
3056
1330
2793
3630
1388
2462
2334
3804
1326
1133
3264
3965
2090
1223
102
2305
3640
107
1306
882
3203
632
666
2778
2501
2295
3183
1693
2150
2528
1555
2376
1428
2697
284
972
1485
305
3063
1784
829
555
1152
2825
3672
3124
1801
2265
2688
2784
2761
3749
501
689
1621
1914
3173
2683
766
2178
1658
3032
2467
3363
3114
387
2767
1969
1950
4090
3776
1248
2405
2430
1015
291
3692
1280
2291
65
3891
3849
3797
3156
283
3831
992
1547
1207
2493
195
1299
2355
2983
3003
475
2576
2994
3865
1652
601
2221
1434
67
3775
2964
2693
3790
749
298
103
2990
3171
3626
39
1558
986
2122
440
3781
610
3974
3806
3405
2888
2733
3669
3092
3653
123
1875
2230
3420
3367
1682
1785
1253
2444
1911
1372
2384
2479
2454
1995
1159
570
2303
3138
1020
2404
821
11
2168
2243
1293
3908
3010
1977
3108
932
1779
1477
4032
42
1883
3643
2954
700
2183
2765
207
3555
481
3956
1758
1481
2680
3142
1209
1283
1691
1157
2095
2461
3212
3938
308
1377
1095
1910
3439
1254
2809
3539
3888
2054
3928
447
2679
4033
3229
3556
2711
1800
1527
879
1820
581
2278
912
2074
746
2880
784
3218
3094
3614
3588
35
2067
333
2062
1406
1603
2511
2370
304
3537
3559
379
3089
2361
1920
1616
1549
3622
1844
95
1599
454
1298
663
2199
2909
492
1542
1590
3691
1135
2393
3307
2492
1668
3563
1336
1657
788
760
3883
3064
1332
2509
3272
3314
2259
3347
793
43
1868
716
862
1267
2940
563
831
3687
1454
1072
1386
2063
2304
1163
4039
38
540
2833
2670
69
3607
56
1370
2978
235
1028
2257
1729
2232
636
1567
863
924
1263
3688
747
1368
3466
3997
3007
3393
2198
1036
17
504
3754
3610
2871
3081
3702
3558
1795
1289
526
627
2588
435
1004
2537
2490
3984
541
515
2602
1524
2270
3532
977
2510
3637
1379
4084
1031
2342
876
3508
452
840
1678
3955
3882
485
3801
3609
1360
520
694
552
2533
1150
2456
3973
2174
1369
838
3858
2780
3460
2088
3742
2196
1834
3
1985
1733
981
230
2695
631
2820
2776
2280
362
1143
4035
2004
212
1091
2017
1838
3061
73
2710
3018
206
3331
1492
164
2574
1816
2813
3699
3852
848
1554
2052
3198
2558
2962
2266
614
1381
122
3803
1026
2877
3374
2397
2795
951
302
1017
3807
528
221
1363
919
1543
3271
432
1564
1744
575
1146
2189
3039
880
3854
957
3295
211
2252
2428
1250
2320
3580
3679
105
908
2687
3969
2286
2242
2338
1530
1199
823
1224
1792
4019
494
1432
672
1751
1598
1459
817
3303
3087
63
1548
2367
2071
1635
3106
395
807
425
3671
3026
3542
1409
566
2325
1674
399
3133
1787
1124
3327
2646
2952
567
3786
3952
3097
875
1006
3825
3475
1487
3783
4077
2359
2519
1418
571
82
4053
2631
462
3398
3178
3197
1027
1236
2448
3528
4008
177
418
789
4076
2463
743
225
2039
159
2976
621
721
3546
851
1317
2237
3462
376
2219
2649
1965
3492
3290
1847
2437
1723
3901
2672
1948
806
2245
2591
294
2821
3362
275
1453
1421
1786
296
1341
3047
3377
1218
2989
524
2471
878
3268
2246
1888
664
2581
147
6
865
106
1526
2735
150
1822
578
2040
1335
4088
2399
3596
1191
3166
3289
2249
1431
1186
3834
3823
226
802
58
2691
1748
676
1258
3383
1873
572
3837
1563
3830
3829
2580
4018
2747
961
3553
441
3788
3634
658
3397
1211
169
1160
356
3296
3410
810
3059
3206
1831
2586
3270
960
2777
832
734
3958
1589
1704
1197
999
1944
948
602
3472
2381
1777
1575
3217
1238
1821
443
545
2628
995
1234
2792
3635
61
1522
1084
2352
3739
1310
899
1859
3013
3598
1962
4059
3590
1232
377
2623
2194
3625
3887
2191
1565
3906
595
1346
723
1344
3794
434
3297
1669
1968
3540
1583
1437
3751
2803
466
4075
1984
3989
22
2126
1462
2025
3417
437
3967
1551
3337
3355
3495
1544
131
260
564
217
1701
295
2611
3628
2689
1712
1281
1070
1535
3123
3469
1391
1480
1715
3275
1226
855
354
3322
2950
2138
490
3853
2759
2205
1727
3584
2453
1926
1561
1350
2827
1407
1139
1037
2894
639
420
1446
2988
3474
3194
1958
2247
3517
2841
2135
75
596
4063
3747
3659
2786
468
3576
2007
2186
1393
853
3995
1076
3762
2419
3423
1333
1366
3471
3597
3621
2443
3636
3759
2260
4030
3115
1504
1662
34
2789
3483
1959
1120
2145
1108
2089
2651
3836
2190
3348
1880
272
1614
1512
1426
1202
3873
2386
1745
2317
361
1964
3810
2870
2832
2046
3519
1378
3909
4000
2048
2779
332
59
317
1738
2409
1943
3308
3895
994
2181
3538
993
1569
3298
1058
1387
2020
1932
194
1081
1268
3964
987
3994
328
2055
3457
89
1592
4051
988
3192
1596
3366
2595
2915
270
1140
1042
1488
757
321
1624
850
635
1082
271
3937
3407
940
339
2312
3766
3411
3646
3647
3235
448
3726
4067
1362
3774
1343
918
4091
569
1991
2916
2836
1404
3286
2357
2172
2774
1430
1579
3440
2704
740
2906
3878
2350
3342
3110
1168
1309
1399
57
2314
900
2607
1501
1300
461
2015
3335
1931
693
2202
522
1502
2084
3292
3738
3431
587
3660
124
1153
1276
824
560
2080
1607
983
3875
2328
2426
3992
3121
2811
737
3904
64
2002
335
906
365
3809
457
2033
149
3569
3770
885
3535
3083
2790
3589
3478
1460
97
3283
1493
3100
93
2153
1270
312
2900
390
396
1452
3943
1763
219
2418
237
3485
2204
1909
119
223
2968
3259
1083
3390
2933
3391
3318
1023
3724
2460
1062
2197
1410
3111
2807
2044
4052
1796
1765
458
1604
756
3144
920
4004
2051
3223
215
3690
1905
316
2159
1220
3443
3291
1337
267
3979
4050
1423
3085
3711
1147
1673
2797
1256
2619
3278
3929
2081
1760
1974
3154
126
1294
1842
2139
4083
3926
1978
646
3568
3846
1247
872
49
402
400
798
773
3486
2476
2723
273
3253
2814
640
2812
4089
1924
774
151
3922
2551
157
3765
1019
3324
2488
3249
3828
3049
903
1134
687
1048
1994
1484
3358
782
892
3170
759
3732
2883
852
3232
1927
158
2369
582
2412
3182
3030
688
2552
2802
2341
738
3344
1324
2571
2331
1891
1316
3392
2620
1973
997
3491
834
3942
2648
2238
2468
2354
401
1852
1154
1890
1735
888
3251
197
1119
3360
2507
3131
91
2414
393
703
329
1012
2535
3438
2251
710
1287
32
3333
549
1573
4085
414
184
612
2144
2566
813
3756
795
80
1429
787
1010
3655
3771
796
1903
3062
1474
3670
2375
3239
3990
1876
2364
1714
1024
268
1627
3545
1039
890
488
289
77
1788
1675
3036
2769
2333
902
3629
1582
3070
2109
2188
3970
1893
3301
357
3722
2001
2380
2729
525
3074
3818
744
2028
2969
1707
2215
1303
3005
1008
2478
873
1329
1174
1620
1212
842
2942
1038
1318
1584
1848
4058
1881
704
955
1594
60
1899
2536
2103
1553
1030
1292
2653
3521
2520
2433
1040
3447
2865
170
1464
3149
3547
820
736
1500
1940
726
2047
1872
1997
2318
319
3554
2222
827
1999
2936
669
1556
2667
3827
2142
2094
3567
921
2128
3704
3685
1538
3076
3176
1208
603
190
1385
2881
2720
733
3617
910
2108
1845
3162
938
3581
3429
1116
1183
1107
730
3650
3152
4060
431
3418
3604
2643
1096
87
3441
3695
2167
2382
1957
1853
2846
474
1906
2110
315
389
2136
2748
1479
398
1131
550
3845
3412
2379
3009
2626
2860
2285
3487
2662
1692
1632
667
3091
836
599
3356
507
1804
1862
709
1412
2337
1192
1966
2087
768
2070
292
2863
657
1471
591
3850
579
2487
2262
2889
3014
3389
4005
9
2692
505
2972
1071
118
1305
2390
3839
1960
1717
1651
264
725
594
684
1182
3843
2107
2987
2165
2452
3991
2659
1461
3072
771
2943
2908
3465
2725
1886
3461
101
1511
956
3305
4094
2112
1663
2182
1205
3034
3109
2590
510
2572
923
3433
2565
978
2791
2297
449
2887
2796
3139
1537
2401
1354
1444
2372
115
2413
3665
3516
1193
141
818
1743
804
3143
1935
722
3708
1939
2343
973
3135
143
2739
1539
1416
318
3163
3551
2014
196
1190
2263
1647
2613
2023
1165
4048
24
2347
1975
3098
1184
2267
2895
2516
1644
205
1420
1545
85
1636
1520
3125
2642
1376
1173
3067
1442
4017
3959
769
491
1156
2732
2496
388
2180
3177
1509
12
3953
2151
3623
3526
2766
254
3175
2801
478
1519
3416
3697
1408
1772
1264
3924
3082
511
1637
3993
3102
3395
2296
2316
2276
1660
2416
3427
3893
3001
4037
1231
1791
2548
3525
3025
2133
405
3523
1700
3792
3509
439
2050
1922
1574
2505
544
3161
299
214
1895
866
2447
3957
331
3450
2971
762
2235
502
1737
2787
835
3715
1615
133
3066
1605
558
1458
2344
1576
53
2
1144
241
1887
1172
950
874
1424
803
2417
1987
889
3642
1851
3071
1358
2201
96
465
989
3587
828
497
792
916
2160
4025
761
3603
931
4038
3890
3861
559
2134
3552
753
3862
416
1018
1022
2982
1936
1591
3686
2775
535
3796
3812
471
3455
2326
2597
3772
2091
3512
2639
585
752
2544
2963
1331
794
3024
325
641
2315
2530
1768
2061
358
3243
2884
2402
2400
2675
1456
2608
3833
1457
1552
2995
1132
959
3821
2373
1180
2223
1919
1982
2741
27
2474
1319
1486
3735
311
1046
2140
775
1971
3068
2299
3920
1917
2403
859
1655
55
3288
1093
990
2012
814
3939
3618
1325
2638
2099
1854
2175
662
3923
1759
3999
2847
3855
3409
2497
3242
2203
682
871
3940
1731
1436
1869
1110
589
1229
2449
3277
2141
1371
3159
1266
3422
1941
1066
3399
2410
2508
3867
1617
3748
1680
2746
1483
36
3035
2302
521
255
2612
3571
25
1529
2742
1438
1955
2130
1320
2724
1719
427
4046
706
1585
3012
846
3560
2868
3216
2991
1953
3627
1356
3476
1666
3265
2636
3661
2475
897
3479
1684
2577
2132
1295
3200
3981
2534
3157
1383
68
0
3645
1117
21
1897
1753
1261
4057
3678
4080
1677
1856
3611
4009
3744
758
1118
450
3527
3725
1057
166
2254
3851
406
3513
1767
3789
2959
3916
48
3734
1469
138
3209
3594
3813
2450
2225
4036
2162
2641
2594
2856
1297
2053
2575
2553
2210
785
3174
174
4045
3029
28
3294
543
4043
446
1145
3505
3602
2504
2098
2592
1482
2705
3848
1392
1321
2256
4047
1425
3181
1230
2121
209
3677
3494
2431
2427
2647
200
2599
1334
2539
3889
2360
1397
3387
3445
2366
1290
869
3591
1373
1937
2992
128
697
3502
3345
665
2897
2922
436
668
1221
1171
533
2226
1783
893
884
19
1531
192
3096
1634
887
2163
1746
3442
2313
2845
3453
2111
1618
98
3705
2861
500
1447
66
1934
1227
2339
2618
3910
3919
4002
3898
3248
183
2980
1912
2008
46
3897
2734
1611
3925
2885
1721
2498
3103
565
1773
252
3137
3793
2764
2859
643
3127
3663
1103
3326
1877
1136
2075
1235
590
314
1725
715
3577
2929
2117
1523
2604
3718
2800
233
1204
3255
2652
3987
1918
8
2387
2700
203
2831
1810
2076
3095
2435
2750
650
1282
3267
606
3819
1980
2395
99
2629
467
2287
1069
1839
1302
3931
3977
1074
3817
2078
3215
630
1866
2349
3302
2363
386
3696
3426
1002
3709
2886
3927
2279
3428
2323
3352
1114
2429
1328
1514
1085
2049
1586
661
1661
1499
2949
1351
2192
3052
613
3777
683
1007
1142
1122
127
2931
548
708
1513
786
1676
429
1900
812
1455
3334
253
3996
2970
2660
2918
3238
1951
1646
2873
2114
3467
3041
1560
1771
140
2560
152
3116
3210
2470
2309
188
2678
3842
2240
161
894
2483
3701
886
1463
2146
2804
1741
2826
1125
3899
2179
2554
2166
3880
44
1830
2998
3401
592
3583
867
1288
3193
2573
1776
651
1449
3406
3266
1067
2702
1214
163
445
168
971
3489
216
3354
2102
1313
2707
1340
2486
3084
3199
529
326
2903
378
1016
1979
364
3315
3046
3913
160
4072
2458
366
1203
3874
1315
2066
815
3458
338
180
139
1178
2899
915
2239
509
3856
2097
3361
3339
156
2890
2559
1148
1670
826
2021
2901
1752
2547
86
198
113
451
1613
1415
464
1972
3648
861
3188
1200
2307
1490
3549
242
2457
849
2045
422
3341
649
234
2869
1149
3316
2752
2706
2635
2073
2269
2319
3684
3800
224
926
3524
3436
148
26
2506
2583
2568
424
2169
247
3153
3051
577
2799
2522
477
2129
3668
3822
3136
2438
1956
1750
2927
351
1581
2485
970
1559
1498
3879
727
2782
1865
1201
2082
347
2714
858
1805
1013
660
2466
3582
4093
809
1472
287
1988
1443
153
1568
2077
623
2701
2064
2116
2041
259
4044
2615
1339
2214
1286
240
969
1688
238
3349
2938
949
1029
1338
3753
1323
3847
2806
3016
2953
482
1817
1949
1769
410
3656
363
1181
3204
4042
13
962
3323
88
2986
2973
1476
4065
3903
4049
656
1716
2481
655
3195
3737
3444
1100
1803
1104
181
2185
31
2034
593
1175
2830
1967
1466
186
2439
134
557
3728
3300
2824
2910
3638
167
3112
3795
3119
1063
100
4027
678
2730
3949
3719
830
2377
1210
2072
2570
622
2148
1510
739
2538
531
3951
839
1686
369
2947
913
3351
1053
2713
1307
3782
943
776
2857
686
2785
3954
1702
551
3330
1068
3421
2127
3221
189
2606
1304
3364
2981
1550
3320
2625
3053
2768
2718
72
2104
1189
15
3241
1718
652
256
1507
3892
3282
1667
891
3730
3639
2977
2935
2131
2244
2878
2993
2874
2569
1491
83
2557
2424
346
1097
3536
2891
182
3720
1194
3130
1625
1823
239
2956
293
2293
249
947
1761
952
370
619
4015
2722
1495
3214
944
2524
54
3633
617
2609
2919
2867
4062
3578
3060
2156
2967
2298
2673
1222
1177
1275
3404
84
3961
1747
2465
573
3632
628
2065
790
2960
4082
2241
345
2815
3454
2157
1001
4070
4068
415
2957
1562
1033
3073
372
3459
3247
2756
1206
1681
1126
2737
3386
154
1794
3191
3044
1860
2173
1475
1766
2850
883
1077
1508
1497
1272
297
2593
3250
1925
3564
2902
3743
860
1638
1793
1357
1819
1736
227
3118
645
1639
3310
1946
14
2719
2924
385
3020
2383
384
2771
3814
2170
2955
3872
114
3548
1005
1478
4087
2515
2758
2686
3934
2451
412
1797
1440
3313
232
285
2762
3674
2917
3187
2006
2208
2898
1359
1928
3675
516
3947
2541
307
3402
654
3380
3966
3767
1571
1730
2441
199
3134
2406
2340
2951
1277
456
3432
1311
2421
3649
1384
1963
380
3599
262
3652
1811
3385
2657
2837
2209
3860
3254
568
145
3151
3624
40
2227
2974
929
1252
546
3230
1496
3093
941
3975
2708
1566
2921
3729
1080
3575
2637
1913
2120
2056
4029
2961
4026
1494
1422
1187
1521
1405
1664
1790
2517
2362
845
3257
3912
3714
112
3165
104
574
2365
1395
1041
2904
1216
742
3506
3224
373
2469
1929
1342
1364
3480
2822
2948
2335
3104
2284
2306
705
3518
2975
2311
409
33
2016
2849
3971
1240
513
701
2446
2233
1505
685
2374
2277
187
2677
3168
2731
92
336
3234
3274
3841
530
52
3515
3145
244
374
2149
2250
1
3023
2567
2616
2038
1403
2798
2086
1654
1102
586
2781
3365
375
2445
2930
257
2119
459
1908
911
2946
4056
403
2740
3945
2690
2513
4011
1301
936
1588
2624
279
4024
1518
480
1640
340
2712
1780
2022
3263
2206
2984
2911
3219
426
2346
3382
2353
980
1843
3225
1167
2668
3968
2211
2272
1799
1710
2596
1762
998
3844
201
1374
178
1170
94
3293
3384
3287
679
2010
2171
1857
1694
3826
2321
1622
1106
3631
3033
767
2220
2817
2676
3785
2932
3530
473
1188
2601
1257
1541
1087
1389
1128
3258
1826
3824
3543
1400
1059
791
2398
3586
3866
2472
1269
1196
479
1296
3533
2030
3976
1291
2408
2336
2212
626
2754
1032
2085
778
1536
3676
1439
108
421
3490
4021
1961
2271
2310
615
176
729
1749
3276
2253
1411
1433
3703
2356
1141
281
3415
2459
3437
3835
963
3758
2726
2941
1401
3090
2494
130
2200
556
111
3673
220
1755
2783
1468
62
3592
1347
4034
588
2854
2808
1158
71
470
3619
499
3079
2096
1778
1195
1198
553
3011
23
1898
1045
1034
1825
1933
3371
2268
2664
352
1445
2875
2113
2415
1601
3038
1846
1808
3069
4079
266
3065
3605
1818
3189
2236
3037
537
2147
2059
1243
2818
751
2035
518
355
1990
2358
2851
1169
2866
3507
76
30
3078
1633
1754
3585
2392
2578
3905
1251
2161
3228
2101
2564
868
1679
3028
3180
2913
116
904
3184
1809
3464
975
720
2273
967
905
1996
3612
1094
341
476
368
3207
2394
718
3117
2945
301
1052
3658
348
770
3680
629
847
1648
2248
2671
532
2482
2177
3021
3493
2207
246
965
2896
3394
3877
1101
1828
2274
3400
1176
3414
4040
2893
3396
3150
801
4054
3497
2228
1836
3002
1699
554
2829
1703
3372
1904
3514
3388
3870
2838
562
350
898
741
772
3946
3262
2378
673
2411
3616
2093
428
3615
276
3907
1597
3050
547
1044
269
3482
2371
3662
2760
1417
819
1322
3998
1419
714
280
3105
1672
3017
1879
2425
856
1687
692
3408
1451
3654
2864
229
624
3784
3572
3284
3057
3058
583
444
3381
1705
2634
927
2542
1166
3733
608
3550
2322
3857
2118
3757
3309
3787
408
327
1109
3983
121
3864
611
539
1086
2716
2839
1587
1105
2727
1390
1824
1073
4071
310
3077
2123
3620
2069
2155
1506
4073
1921
282
1054
1398
3155
20
3881
3169
1930
2195
2655
2944
864
2587
2543
3328
2499
1089
1970
2684
117
1546
3299
4095
517
3376
496
3338
185
1734
472
248
1630
3226
2009
1348
3484
1740
1812
1532
1720
2610
250
3245
463
896
1352
2999
1829
3600
1878
805
3122
4066
1516
1709
1237
750
3099
360
3664
1653
642
179
3657
1088
2656
1127
144
1685
3425
2332
2324
2013
3986
937
2661
2079
1009
3350
3727
909
337
50
3761
1986
1827
1698
953
3574
1402
907
1807
231
1137
4007
2640
2029
3723
2229
3562
1850
2264
3186
3962
3713
2751
2996
2184
382
1467
3281
1570
265
843
1284
3544
870
1952
3319
3791
2115
2442
2862
1849
1837
811
1708
342
135
2434
1123
1162
2525
3700
1815
755
2026
2489
881
699
2715
3244
1814
37
1314
3930
982
901
2744
763
2835
3960
764
2152
1781
857
3876
41
2440
2925
3721
4006
917
1757
1413
2532
584
633
935
2032
3430
1764
4016
3101
2852
90
3820
984
925
495
222
3896
754
2645
2753
3451
677
1938
1489
404
1043
79
2455
3040
3132
1217
2275
3129
1976
1608
3731
748
2158
1954
670
1863
3802
634
2330
675
1025
469
3741
3917
1353
245
4081
1578
146
1789
2840
3146
3815
3941
3463
1861
3273
278
2290
3208
1098
605
1435
1713
3167
3595
2582
1864
653
51
3932
2717
3075
2125
3534
433
3158
3511
3446
4001
3312
1367
3048
3045
303
2745
4055
1870
2531
70
1064
538
2477
411
2816
2391
3666
2630
334
18
4022
3859
3573
503
5
1274
3978
1396
3863
1892
391
3541
3240
2218
3746
1595
695
136
3644
2598
172
4074
3832
3141
2663
3346
1885
1739
711
1732
155
460
1813
2937
3147
3499
371
946
2770
78
4078
2561
3006
3368
1213
4020
423
110
2876
1689
3054
797
3606
274
939
1858
2526
1726
1161
691
3043
637
1050
45
3565
2585
228
2682
3148
644
1242
3413
1756
2763
1249
3000
3972
3088
3760
1365
2043
3808
580
519
3529
3500
1983
3914
2258
914
1259
204
3357
1989
453
1215
353
2480
3340
413
3329
2057
974
2979
300
3681
618
2905
3220
1065
732
3816
1770
1942
822
1656
985
2037
3950
1619
2292
4061
3107
47
1099
2011
2176
1889
1503
2939
3140
442
498
484
1060
1871
2621
3840
4010
1279
3667
2681
430
2694
2563
137
323
2556
1671
2385
724
343
2060
3113
3086
1075
2018
3373
3370
3419
2882
3717
4023
2491
2958
2300
3522
3280
344
2423
1078
10
506
2685
3948
3449
2549
3336
2420
1623
1540
1629
2193
3261
2068
2518
1113
3531
4069
3128
2633
349
671
1265
508
2083
3164
1255
2923
2912
2216
2036
3359
162
735
609
1600
600
2523
777
3353
165
2432
2368
4028
4013
383
2224
3227
2605
3988
1285
1111
7
3693
3237
3496
681
1650
1164
3470
3126
3503
1602
3698
1683
3205
2545
576
2699
3246
3651
486
3750
1711
1722
3332
2654
3233
1380
2348
1916
3768
407
1051
1121
1233
142
2407
799
2749
1840
3055
394
