267
113
1267
795
1230
3645
521
596
533
752
2765
2270
3999
3632
1131
388
803
541
3104
3323
3332
1842
2567
2701
3267
3402
2177
2583
2415
4019
2279
3543
1160
3328
117
98
4086
2142
2946
1656
3624
860
2190
670
737
1220
3799
1090
615
2337
337
1892
3466
421
322
1468
941
248
47
231
1157
2285
3131
524
3314
3739
499
2451
2419
893
1329
2487
1518
2333
3718
426
2856
3486
2387
2204
2584
2079
2652
3432
2538
1747
525
629
3758
350
2111
2817
1108
989
3081
3044
1321
1161
3154
2887
1927
2824
3168
2524
2768
1702
2135
3072
1566
1880
1067
1030
1659
2078
3963
842
3537
660
1227
2176
215
1944
1384
1238
1698
3830
520
1848
3669
1578
2539
1627
900
3852
1400
3932
853
2614
1877
1958
3133
3968
3145
857
3541
2468
1269
1383
1699
3308
882
251
302
3981
2553
2423
2517
756
1808
2046
3683
1024
1770
3106
811
3152
1029
1840
1437
162
1727
201
2649
2434
1016
3535
2062
995
2291
3459
345
2494
1864
3475
3052
365
2973
2558
1811
2747
1714
2466
880
473
2542
1928
2302
1558
1644
2300
1255
1345
2409
2039
223
1346
828
708
578
2690
2698
3802
104
3387
628
3394
3484
2938
566
2663
280
1624
2461
1812
3931
3542
2499
4022
3941
2296
742
2064
994
373
1765
1125
1735
2831
2169
3373
2147
647
4095
1031
1032
4052
1369
1750
2908
3407
1570
1066
396
517
3405
586
3675
3934
4093
1976
1056
1498
1542
334
3284
2775
2695
2186
338
362
1166
243
3194
799
1722
3187
2068
2304
1918
3020
3940
3960
2008
81
1801
3433
2280
2372
3562
3997
1726
4069
543
544
1828
677
3577
1249
2336
508
4041
31
565
1007
961
2274
734
142
3748
2234
2536
1910
1491
1236
2805
1489
2918
2492
1932
608
3648
1185
1012
545
1285
2819
2581
494
1110
3765
2243
3984
3670
3331
2054
2771
3199
3972
1055
690
1539
787
2599
1870
3385
2745
2088
738
902
1028
254
2072
1530
1343
2132
2586
1311
2224
3861
2107
299
2463
4011
1648
2795
587
3032
1550
564
221
2102
3634
1615
3651
3047
200
1923
1687
2376
3853
1934
1293
2532
2065
3664
1771
3358
3322
523
1458
3245
3950
2257
41
3638
3395
1171
1146
2634
3423
1417
1337
657
2826
3273
2700
825
321
511
3121
1286
230
1594
3993
600
3560
674
4013
1939
1505
3914
3674
330
2407
1688
729
3175
1448
815
342
1858
2574
1995
3840
481
2889
3918
2610
3827
1869
897
2049
3476
4038
576
3939
3034
2166
2292
2059
2242
4076
1095
153
1720
3316
1200
3757
1590
164
1051
1894
2035
2629
3398
1395
310
63
2395
971
3713
2670
2232
3982
1018
151
3250
3708
202
3800
2392
2520
3053
3733
3882
3208
2636
2821
1853
1655
3477
1155
2687
1567
2744
2442
3550
2799
1786
1543
1683
2608
2800
2216
407
1192
143
311
1027
3549
118
1486
1440
1320
3747
762
1289
1247
866
2503
2288
51
1677
1711
3369
1138
2044
2590
2811
785
2645
1836
3353
3986
2382
1762
3209
1830
4030
960
3452
4085
3766
3948
2374
885
3436
2820
2848
1119
972
3786
2595
428
664
3530
2654
1650
3057
2711
1393
2104
4058
1528
94
1641
985
2566
390
735
377
2115
2958
767
1408
3905
2349
526
1837
137
2804
2812
740
2681
2557
3286
284
914
2867
2345
3825
684
1600
239
1348
1721
824
3953
2588
3678
855
2410
1718
492
3080
1083
1113
916
933
2167
519
1485
372
906
1670
2272
1930
1225
496
1053
3014
845
210
384
2791
2668
3806
3400
3967
2471
84
3613
2865
1913
1158
2504
1598
2783
1800
2534
1020
3330
854
3164
3622
2259
2069
3521
658
1556
903
1916
3482
3838
3472
1563
2155
720
1378
2388
509
3039
3929
1309
1371
453
3190
2311
1861
3723
4033
3202
1043
2473
2641
1980
947
183
2521
1098
2940
3485
2985
1835
1589
3291
3845
416
932
3891
74
3159
3138
3734
3499
86
2146
3296
3355
3174
3069
1025
1909
3970
1557
2506
2680
1111
1235
3384
3857
2032
1228
1390
3724
2187
1234
1221
2556
3592
953
2964
1753
2260
2873
2632
2223
2672
3144
18
180
1199
2341
3871
2945
2914
3341
319
255
374
415
4080
148
127
3198
2568
1398
2318
2390
2126
560
3823
101
1502
2575
1999
2209
331
1834
1986
3117
2844
3037
2658
2907
3978
3078
814
3930
1661
2615
930
32
4027
3954
980
3140
493
2552
3258
1005
546
3231
3365
3607
1553
2660
2052
2481
1819
978
2145
2545
2625
2326
3302
1209
2306
2689
33
3038
3212
1112
1033
2657
1533
3794
70
2840
282
2001
2432
2519
1728
1177
1073
3618
835
3119
1002
430
167
2933
642
1497
2642
1195
3210
2722
922
2949
761
61
326
812
2239
1353
1253
438
1788
2262
2441
603
152
3814
2426
418
813
3772
2832
3771
102
1965
1515
3397
442
1250
1713
588
1983
446
2740
157
1297
1210
29
3225
2756
406
2363
3737
3404
1010
1581
609
949
2806
106
2704
3514
3285
1216
3228
736
3017
1540
1229
732
386
3
279
2997
2482
75
865
3083
1301
973
2535
591
1785
4049
3051
2384
2479
2523
1071
1123
1212
2245
1903
2444
2533
746
2961
3936
1466
313
2899
2886
992
1333
1810
3356
1646
133
2667
1122
2880
3192
3454
2083
3468
2014
489
3556
2921
2787
1807
1499
686
1633
190
788
1418
3303
324
3036
68
3438
1878
2017
836
3360
791
1068
959
3753
3509
2137
2206
3515
209
2750
2170
2446
3406
1462
3663
2314
2435
275
26
2031
798
1784
2994
1136
3230
643
611
3699
1385
1653
1287
3207
3441
2397
2055
2156
2563
3304
583
1623
2161
7
2730
1219
2713
1876
1596
1100
217
1459
2717
3463
958
3491
3129
1679
1500
569
3226
3896
955
768
1955
1764
1014
2835
928
2895
1760
1476
2212
2202
3636
1829
918
1332
3626
3652
2724
165
4002
878
1091
3732
3413
3767
2571
2857
575
597
2726
848
1852
2188
2526
2089
1904
3177
2043
537
2612
227
3649
912
1617
3906
3127
1026
1605
4063
3996
2620
3155
120
3522
2252
4017
318
2322
2406
4040
3376
2141
1907
1802
1959
3205
2491
3922
1132
1207
451
1970
2877
3957
1405
2295
1148
1546
3196
3604
613
531
1488
1642
1845
2033
800
1240
2969
2269
2330
4037
108
1900
2861
2172
3125
3650
2647
1281
45
2255
3633
1839
2045
2858
1780
1798
1666
1021
2396
82
530
2271
2823
2103
2692
1464
1973
3578
1416
3831
3508
3204
1902
1387
1595
3995
1608
2364
1042
2464
2277
938
2193
555
2764
3343
432
2591
3667
1988
2757
753
2794
3115
448
2617
1651
2829
1082
380
2862
1844
919
2074
3571
2455
3335
3247
2362
1092
3142
3742
1259
2979
3764
996
387
1472
579
3023
1884
2448
3609
1531
3183
771
1772
3071
3287
2019
726
2366
477
3087
1201
2284
937
950
2900
3243
3458
3826
2403
513
21
174
1439
3558
2184
3565
2738
2659
704
1430
1665
1609
2572
3227
1856
2837
668
1081
3510
2773
2348
1691
3215
2926
1475
2697
1621
3792
3418
1314
3615
778
3073
1755
606
1404
1457
427
3290
1541
3816
1931
3635
891
2710
2485
3706
1469
3102
20
553
1282
28
1591
2866
2221
1494
3301
478
2340
214
1305
139
123
1106
2067
1815
3479
3707
2428
2515
97
829
4083
1510
425
2709
2124
1313
1401
3370
515
3189
1483
1450
1723
3945
1441
2344
2741
1194
820
3975
3824
3790
1447
3631
3013
3252
3147
1769
2368
3842
1243
1129
3414
1706
691
2283
819
2447
532
3942
3157
3275
392
3351
3715
2890
1912
2923
2884
3151
2424
2092
424
1524
2602
3988
3646
249
2380
2748
2910
3239
3727
1263
3411
2527
376
3915
3012
256
1818
1074
3146
1275
3561
707
3505
705
1676
886
1198
2134
1266
121
1368
39
2796
409
3754
2937
2996
3529
90
3512
1411
1761
232
1232
585
53
4016
2498
2365
3875
3943
296
561
10
273
1323
913
0
910
1379
3599
1487
2013
168
997
698
445
2358
1874
1555
1327
1575
237
2355
3554
1322
2888
1115
1938
2417
3819
1968
1992
3676
3096
3450
2986
3153
3333
1732
2034
3685
986
915
466
3855
3596
3538
397
2453
776
1058
905
3756
3086
360
1625
3873
1797
1377
1258
2120
1414
1712
1050
1731
680
3629
1924
219
2942
3749
1871
2950
3282
666
1428
2179
982
177
1649
1022
1120
3415
1863
1950
3829
3148
3007
3309
3846
3120
2551
2005
2569
1593
2425
3135
3581
3835
1737
1689
2248
3271
2549
1622
2009
2846
2564
2920
4090
3643
3673
2931
155
1969
3344
2256
3974
1554
2896
1610
149
2472
402
733
1484
3858
907
1684
2022
1778
3451
1452
2060
3684
3254
2924
901
2391
979
2682
3728
1587
3391
3611
2230
1339
1150
479
300
1180
228
4026
2162
3446
3240
2181
1019
3342
1017
627
2513
856
1276
1792
1979
946
2622
244
2334
1686
2752
207
3170
2229
285
896
3424
673
1356
3130
2903
3694
1996
3907
1977
3123
3427
2185
2231
257
23
2305
1919
3913
1700
3444
456
2420
2876
2175
3134
356
977
2507
2484
1409
3445
3614
3162
1592
1496
772
624
1167
1190
1849
1833
1434
3461
111
2457
2414
3598
412
89
1044
346
3788
604
1444
3880
724
368
19
1455
1501
3755
2006
626
2159
1791
281
1831
3150
325
3374
2718
1734
2616
2664
3329
2934
3003
2912
2398
1614
2814
3184
692
516
1038
2090
3516
1290
2693
757
3867
1165
671
2694
703
3442
2030
3693
2797
1794
1425
3380
2320
1342
1213
1364
2548
1264
1443
2218
2352
497
3236
1061
3601
1887
3872
2290
1183
3324
1857
3539
3573
3703
4088
3741
1867
2955
3386
3242
454
3048
3347
3687
2897
2734
3797
693
2454
1310
485
3364
641
648
3233
2114
3789
3784
185
1680
1294
3630
3141
2495
2656
3552
1096
1433
3809
2478
3879
1442
1690
3434
717
2739
1203
823
1774
1244
3781
755
2007
1191
124
3532
3878
2675
1453
2386
1137
1302
3214
1477
1168
807
2525
2486
487
2644
3392
1984
2891
1527
1084
3420
1252
3399
220
2633
3075
3105
22
2679
826
3623
1147
2540
3043
3288
1284
2194
4045
1432
3045
1741
975
2925
3293
2437
2510
1407
1013
1917
818
3759
1169
747
966
2050
952
3350
3860
2313
1064
711
2666
3298
1461
2784
2332
1288
1316
1283
3367
295
3726
294
2
721
1059
840
1954
422
505
3813
2902
510
3729
1175
607
1538
3844
3276
62
1838
419
722
1223
2953
1695
96
2803
3224
2000
3195
3586
154
3976
99
2458
1079
917
3352
2268
1075
1957
1257
2576
3969
3796
1943
363
2992
1719
3526
4
3186
3149
3313
1526
3426
163
652
1023
3061
1987
1456
12
1601
3281
573
2661
2237
182
3035
3440
2084
3166
542
3917
459
490
2830
2999
206
1306
2051
3641
2278
1885
4084
3654
3698
2518
3259
1637
2669
2793
1114
1782
309
2962
2303
2394
413
2339
54
2331
2028
2405
4015
716
2456
1742
804
504
233
1139
359
1574
3260
3805
2267
3973
286
4050
1423
827
1759
491
3776
659
3583
1438
540
1101
1565
130
2307
3338
3193
2439
2879
2024
3497
810
1015
266
2719
1942
2143
4087
2160
3300
357
3885
4089
3511
3567
2841
3390
2975
1391
2421
1705
271
718
3668
2207
1224
341
283
3185
2990
2112
1640
3610
3774
3244
262
2761
3272
175
563
134
1521
2742
2522
968
2807
2219
528
4048
1365
2613
3695
3760
2587
4007
110
2585
2149
1573
2665
1006
3793
786
1757
2898
2561
2118
1359
1099
1599
3691
1272
16
1972
216
3457
3346
3126
1823
476
877
1503
1493
621
3616
2264
646
1519
672
2593
2157
2125
712
238
656
920
3027
2225
2148
3686
1975
2638
3388
2885
3517
3456
2294
30
2674
3062
4060
2725
3490
3644
970
447
512
801
336
943
1790
329
3576
138
3874
2648
3640
2828
784
2963
2769
502
3108
3856
204
4014
2328
1270
1202
3046
3546
797
816
470
2842
3977
687
1506
1133
1945
3467
2153
3864
1300
2712
572
17
1897
1041
92
1308
1744
3868
458
1748
2635
4051
1638
2347
858
2577
3951
240
577
2093
1962
3991
3334
1630
2094
1951
441
3118
556
514
3283
2983
976
3696
1896
408
3519
1265
1460
662
1577
3320
3569
638
3319
774
218
1412
1118
1392
2480
2547
91
2315
1716
2956
4068
3419
181
2113
1077
3848
2201
2081
650
34
862
3902
1961
40
3500
1717
964
107
779
1549
3136
83
1403
2287
789
38
3679
4073
683
1069
2941
132
592
3417
2413
2012
119
3077
2117
2982
1063
2917
3447
3327
3092
2723
3114
2459
3585
3176
4081
3232
1564
320
1875
2727
3270
846
2189
655
760
2265
557
2251
3926
1163
2228
3357
2993
2261
78
1328
2580
1517
1847
1704
340
665
2708
3593
3900
2002
1562
2705
3496
3580
3173
727
809
3172
3783
3949
1534
990
2356
3828
678
3812
3268
1273
925
2018
3143
3627
2308
568
1960
2250
751
2676
1675
2630
3719
1692
3533
131
695
3787
832
1893
246
1078
1860
2603
484
3704
2516
2354
3279
3547
1606
315
3602
4000
72
619
443
725
2849
429
1537
3672
1121
1509
64
2954
2220
1933
483
100
1349
65
306
3280
3237
2266
48
212
1873
1246
2071
3506
404
881
2715
3803
112
166
66
1057
125
539
4056
501
4066
2490
581
4001
3688
3966
1003
3223
889
3841
745
567
1804
3735
253
67
582
1065
838
2798
3564
199
2433
1009
2037
1532
2353
1351
4071
2431
770
1260
3901
2056
1754
3103
371
435
160
2988
73
944
472
1295
1128
1628
895
335
1915
2967
2935
2462
2053
361
3839
1376
3697
750
614
2650
3671
1413
323
1419
3958
1862
2762
436
2351
3455
287
2040
2928
1474
3201
1093
245
3257
3893
1248
2509
1340
1298
2702
3094
3182
1172
457
3016
3782
3531
25
1490
2508
1693
1613
775
2399
2782
2004
849
1126
3006
3372
4039
554
2825
1170
3877
2273
663
2875
1883
2904
1049
783
2361
538
536
6
2970
13
203
3074
1787
3659
2987
2087
3527
2600
400
3431
317
731
2905
1560
602
1694
2275
1921
2235
1588
3137
355
2981
700
963
2168
2058
4008
3248
782
1703
4006
3383
2607
3070
1990
2436
1107
3518
1482
1929
1941
3701
2894
3026
1559
3349
488
303
2010
547
1832
3494
3089
2324
2813
1662
3430
714
1882
1964
2026
892
1196
3947
3428
4074
3851
1657
936
851
1751
3971
3307
3523
4003
1361
2774
2171
661
1777
3520
3690
3246
2408
1820
1569
3778
3161
3621
2329
5
1982
1889
1354
1936
3785
1374
2211
1478
3884
3566
3371
4012
3952
2684
2655
1324
2098
3256
349
1233
1406
348
1427
2096
723
3422
890
2623
3752
2298
562
1645
3030
2411
3009
1671
276
1372
2085
24
2021
1262
3206
2101
2578
2180
405
3916
252
3534
3217
2714
3088
2863
2003
3606
1347
3807
1256
3677
1292
640
1685
268
1739
1536
3979
1701
3488
3085
1124
2335
3306
2191
1824
1985
3563
2174
535
1415
1048
236
2497
2247
3409
934
3574
3570
3620
1104
1672
872
1697
3093
1953
1156
1948
697
3808
3165
467
2123
1822
2874
3116
1850
2763
1422
1004
3066
1040
171
2707
1135
3572
369
1681
3110
3098
773
1926
3403
3059
3128
571
2106
3730
2919
2357
2589
1479
864
4082
4077
2350
3261
14
709
821
1245
645
2721
2966
15
749
1218
3738
2951
2930
1914
3305
2254
610
3961
1866
1841
1184
370
189
150
2851
197
3921
3777
3382
3589
874
420
2984
2378
391
506
144
888
3689
2042
2200
3292
3054
2606
1360
140
455
4079
1492
1908
3751
1632
27
1389
1315
2605
2631
1303
1127
4055
3660
3501
4046
2594
3653
353
3744
3525
2440
1899
2027
1806
2430
1966
580
2025
1552
1631
3203
559
2502
2736
3029
3278
2827
1373
1206
3909
3058
1142
1189
464
4010
417
3056
3658
304
3179
921
135
570
715
3354
265
3113
3439
649
518
3637
1109
42
1102
2836
2976
935
3665
2429
3925
2404
1974
1516
1799
2389
3639
2401
3211
2598
3340
1251
161
2758
198
465
4025
2834
4024
3837
2286
3834
159
1872
2210
1094
1514
710
128
2319
1547
1906
1154
3507
1669
2838
2872
758
2312
272
1604
1140
1576
1299
3469
967
3600
1583
2214
333
3318
3084
1334
2467
3869
105
2777
3889
439
605
3000
3899
3692
3498
399
2070
1370
1480
1188
3897
991
4018
367
36
4036
817
327
1086
4067
4023
146
1709
2991
1854
3049
780
3167
651
1214
3798
2023
1352
2565
2505
3888
948
1045
2099
1981
2130
1743
3063
1922
241
3181
431
2916
3817
796
3253
1756
1891
2639
3363
3603
1410
3219
4032
2776
1008
2493
1582
1446
332
3362
293
3895
1242
2854
247
3811
1775
2309
1291
401
2377
999
2514
2109
3471
4031
2379
1280
3018
3326
3584
3559
1935
2416
3033
2244
631
3255
3513
688
3709
3238
3139
682
1635
316
2488
2980
1708
1535
260
3336
2249
3022
1162
2627
2767
3492
833
3040
667
3998
3321
2743
3345
612
314
2972
2731
2438
3959
79
172
88
1396
3933
1312
3317
2802
1326
3711
1901
2968
2323
3453
3325
3122
1890
681
3722
1664
956
2501
794
43
1738
3927
3524
850
2402
264
3553
3605
4004
3870
847
3158
2688
3068
3025
195
590
618
2869
1663
1254
802
2500
1618
1994
352
3295
1895
3361
403
744
3989
3579
1205
1795
859
1204
347
3396
2833
2922
193
1035
258
2611
2469
632
1886
3964
2057
3810
2100
1211
3714
3481
3160
222
3904
4064
339
598
834
2770
57
1435
450
1654
1571
1626
2041
1548
2845
213
2371
2276
4034
37
3495
1271
831
1239
3702
1000
2882
3028
498
2671
2911
1865
263
637
1039
1809
527
3076
2948
3854
1551
1888
942
2048
699
1733
3470
1197
192
3339
1046
1793
1399
3662
951
2978
931
1859
4091
3568
1682
3381
983
2029
1767
211
1336
1062
1187
3019
861
2952
2579
2729
808
3890
625
2105
2640
3779
2601
2238
468
873
1752
1463
1215
3462
381
1816
196
1179
2643
2128
2077
414
4044
2066
2325
2901
1512
2122
2792
1089
630
3850
3099
2182
957
3111
1471
1304
2197
2543
2855
2047
187
1947
2338
3628
3480
170
2944
343
3473
3178
3717
2760
3269
2227
1603
1868
2133
1513
2628
1174
2253
601
3100
312
3859
2195
3410
3912
433
3416
3124
2810
76
3191
793
2847
2790
2686
3780
2977
2192
2343
2178
1217
1773
3705
1846
3750
2852
1805
2215
1153
2383
3435
1993
3055
1525
2073
741
4061
3911
769
3545
574
3097
2788
701
3847
3575
2550
899
1843
8
2373
2443
3528
3171
56
754
4029
3769
1920
981
2297
3716
1278
2080
2737
3801
534
2217
1268
3437
290
3983
3987
2596
3241
375
867
2555
3389
3200
3540
1388
3315
2236
2198
3169
205
1879
3460
3740
2097
2706
841
3843
2892
634
3213
1331
1421
1602
1967
2369
3112
623
940
2974
1222
2746
1231
1307
3311
1813
2624
2121
3249
3768
4059
471
3299
444
389
3866
3770
2749
3378
1658
633
1746
114
3725
2850
2263
1357
3892
988
2653
2164
2677
3595
1011
1707
2393
385
1522
2871
292
2915
3743
923
2947
2226
2199
2735
1611
298
461
1956
3985
109
911
1085
1105
2082
2452
158
179
1925
4075
1511
954
1470
843
2385
3312
1766
1495
2474
1647
1087
2246
2785
1182
1523
3763
3265
3923
1783
1949
3935
3010
3393
1193
1279
1072
1116
675
1745
3881
3928
909
503
3903
116
2116
1335
1426
4005
3197
2929
868
2733
60
1585
3775
1629
1584
2609
1429
3005
3504
3107
3060
2108
3894
191
122
1208
3368
4070
2839
790
2370
1620
278
2943
3079
1424
2127
2754
3375
2154
4094
781
3820
2233
765
2728
676
3682
2781
2015
395
3680
1130
1358
1991
1386
730
3588
1736
3908
595
2815
1394
3700
1241
926
2483
495
2422
3597
307
620
269
1580
1060
2196
1674
3886
460
3090
3487
2129
1730
3234
1978
440
599
1821
301
2020
3263
1001
3849
685
235
1178
805
2289
3478
969
194
1667
4072
2091
95
2173
2932
4047
2720
2626
1226
1151
945
1803
1768
423
594
1817
2222
2691
3656
3962
728
3919
1952
3898
1402
3587
2766
3990
2342
2531
1152
1176
2751
2316
766
713
1097
3465
763
3041
965
3235
3163
3721
3262
358
1763
993
2346
2400
1363
3681
3536
2537
639
58
1381
147
551
529
3619
616
1
1825
679
1779
1034
3474
2960
974
1367
2818
1544
3746
1344
2809
987
552
3004
169
696
2208
288
364
208
2489
1144
584
550
1710
3082
777
1350
719
3642
3222
1749
80
883
3594
2780
44
259
411
1827
2646
145
1052
224
743
2909
1639
3591
3379
2604
55
3795
2927
636
3944
2140
2327
654
2878
308
2541
2496
869
2619
2282
2685
1173
2753
1473
3425
2150
4043
2592
1636
908
3666
437
115
2853
3773
2870
1181
3833
1355
2546
3221
2412
3625
1758
3710
3218
3965
4054
2936
2016
176
1971
2621
3617
4042
3836
188
635
1080
1789
344
1572
4009
1451
2445
3865
3289
4021
2789
2998
475
2152
1103
2786
178
2651
398
351
2119
3920
1143
3502
378
2957
354
2240
2299
3815
3449
2673
875
277
1715
1164
3294
261
837
2544
589
2138
2883
3067
1467
463
4035
85
1274
3401
3412
1997
2779
2637
998
2063
2476
927
2699
898
1141
702
2859
2816
876
2683
3712
3109
3657
35
3429
2732
2822
984
2301
1855
2554
4065
1616
270
1454
2618
474
863
3483
2995
305
3992
2465
3064
2801
669
129
250
3862
1568
1796
1696
1643
1946
434
1504
1989
2959
141
3008
393
1776
2759
1940
1261
3220
2321
2086
694
69
3876
2696
1520
156
3408
2381
3503
3647
2881
77
3266
4078
3011
1088
1937
3994
4062
1036
1317
1186
1481
806
3464
3544
1134
2165
3761
2511
2036
2136
2906
1963
46
234
1397
1047
2163
3015
1330
1579
3229
3489
3804
3188
1597
1529
4028
3608
1678
3065
2158
884
3021
1508
2241
1159
852
1449
1237
2360
962
739
3132
3042
87
3731
1826
1054
870
2131
1366
382
3264
328
3980
1145
4020
929
2203
3582
3661
3002
103
3956
186
93
500
3251
2662
1325
1420
2678
2528
3924
2597
2205
1507
2450
1375
2144
1341
3736
1545
939
1431
173
4053
1070
1881
225
2317
136
1724
2183
2843
366
1382
3887
2427
462
3095
2755
759
689
3821
2076
924
1652
2449
1318
226
1781
2075
2151
379
822
3557
1586
839
3277
830
11
653
2095
3031
2213
1296
2582
2939
410
2281
3156
2367
2703
3024
3938
2573
904
3274
644
1725
3359
3822
3366
1898
1445
291
1319
3101
879
383
1037
394
2965
1612
3762
1911
486
71
2477
2460
184
49
3551
617
2375
126
3791
3720
2559
3612
3180
1851
3421
1905
1634
548
1338
2139
2011
2061
3863
844
3655
3216
2310
3832
3493
2971
3310
1740
1380
3091
706
3348
2529
2560
2530
1998
1619
1561
3548
289
1076
1362
1149
1607
449
3910
482
2808
1465
2293
522
3946
274
1117
2562
50
2772
229
480
2778
2418
3883
3297
242
549
2110
558
2475
3555
3937
2258
2868
3001
4057
3745
3443
1436
2864
1729
2359
469
1814
894
3337
2470
792
4092
622
764
3818
2038
3050
871
1277
887
3590
52
3377
3955
9
297
2512
507
3448
1673
2989
2893
593
2570
2716
452
1660
2860
748
1668
2913
59
