3997
2171
3962
740
3780
2505
2751
2732
1777
2096
1625
644
3849
3382
3673
217
3615
3104
1830
1493
2040
319
3026
3765
2242
474
2007
1614
3601
3202
3736
2432
3643
3852
1298
778
3925
1167
686
2737
132
2293
2635
379
2959
3292
3790
1244
2123
1750
525
1947
739
587
1798
1573
3589
3215
2012
1547
1579
428
3195
3507
1268
1119
844
2532
2425
948
1205
3753
2906
310
3229
3280
2259
3542
2227
1034
2884
2892
174
1011
1926
1822
1929
1936
3566
2717
1953
161
2898
2151
3316
1770
3838
906
288
1521
796
2462
1966
3679
3846
1751
58
2291
1774
3290
2113
630
2460
1110
3797
1070
1505
544
1224
2972
1138
1816
218
924
3694
1895
2156
2349
275
345
4011
3583
1239
612
130
360
2163
800
1381
590
2787
958
2480
1237
1272
2582
487
4060
2616
1081
2820
2437
921
987
3970
2032
1616
5
688
1921
2157
2900
1784
1746
3752
1019
1386
494
846
2769
3459
1204
128
490
3322
1109
2458
2889
1159
484
1409
103
1421
1125
743
3587
3329
4010
4000
1956
1615
3457
446
6
2225
2276
3433
1229
194
905
3812
1394
1806
27
2176
2789
4059
726
2258
1898
2788
629
318
2618
398
3331
3144
3354
2791
2376
3815
1284
3552
2191
3856
1417
2970
3913
3555
870
234
3907
1371
997
1687
735
1230
3217
3638
2684
1641
270
1975
3817
1724
2043
1259
2780
3392
1343
3193
2588
3723
2636
1180
678
1916
3543
3892
118
3951
2250
1279
621
3969
908
3281
3865
3877
4018
2190
2908
3297
1433
1748
1196
1662
321
1329
127
3418
4037
1649
122
983
1575
2018
1567
3445
2877
3946
2961
1669
1316
1617
3307
2735
2147
3350
531
2010
1178
2058
3634
2137
2629
2535
1426
673
1306
3562
714
3929
1395
3340
1430
2428
2662
2630
3374
1010
2395
1375
3949
2182
2077
462
1101
3478
3067
48
3412
2056
3791
3786
939
712
1883
2409
3394
860
3113
31
4062
1675
3360
2634
104
3171
1327
2990
1769
2868
190
2590
2355
2144
2802
2244
101
2256
3124
3618
3303
1391
3716
2223
638
1096
1492
1014
3235
3706
898
22
408
1950
1813
1923
2214
2141
854
3107
1509
1565
3025
4053
3816
96
826
2994
150
2
3622
2443
2680
3415
1079
3889
2282
3659
3726
2412
1401
2406
2149
1190
577
1254
2748
2539
177
1914
3106
3371
325
3609
3209
276
2989
1931
3196
1024
3828
3731
2991
776
1008
4014
3314
465
2067
999
1447
3490
1090
3356
4091
3999
1878
144
3901
2264
664
1868
3009
1382
2045
3564
801
2103
1233
570
3241
83
1673
1186
2967
2076
2220
1127
3108
4033
32
427
193
320
3709
3805
2499
1313
1326
1276
1285
2554
1874
936
1122
178
2823
661
716
1791
3375
1
134
4075
43
3882
3686
1541
891
960
2585
354
239
2873
3309
1866
2447
1783
2362
4079
3629
919
1144
266
2660
3718
1533
3429
148
511
1374
3558
451
91
1713
245
2531
362
3996
803
2718
2617
2772
3763
2233
1414
1818
195
2813
3168
3981
284
1535
2174
1009
2017
718
2950
693
2177
4042
2942
3990
1322
2921
3334
2488
2286
110
3022
340
1761
1888
2652
3268
2115
255
1511
2597
607
3226
3639
2577
2540
268
3078
3664
2904
3741
87
1036
2936
2224
2255
124
1640
2928
1291
3847
1292
1112
4056
3192
3738
1093
878
956
1135
1736
3473
3169
2084
3836
3010
222
1933
3191
1038
169
3114
1107
2767
309
1837
2262
133
2306
2476
3513
1612
1028
2792
3042
2736
885
3820
1593
3506
3677
850
914
2388
108
265
3868
1117
935
3955
3574
1605
3870
1349
2797
1651
3633
1165
230
1847
2268
3100
3092
734
256
1059
1955
3941
126
2322
3289
4092
1427
3808
2909
1661
1263
3681
1403
2826
536
2545
3573
3720
3719
3992
36
1657
3019
3956
3425
3342
1623
3880
2366
1618
1581
1683
3887
3917
1962
1767
651
3642
1073
2235
3697
1869
2915
3098
2093
3585
410
2407
1781
2436
722
344
771
1223
323
3423
2856
448
2622
2249
2316
1735
2624
3070
3353
3436
2352
30
1595
2371
277
2839
1491
1060
2140
3366
2586
3567
2169
2356
3499
438
75
3906
1737
498
2860
3341
378
3185
1815
2609
3030
3018
3879
3705
2621
2005
504
1487
300
459
2914
1667
1554
811
3326
1583
4043
963
3802
115
1572
2948
3973
4058
827
1271
540
3804
2491
3097
1357
2626
2562
3186
3818
136
279
2385
3300
2925
2776
2114
1246
2770
3640
3170
1526
641
2518
2008
82
3194
1438
3668
1331
2329
3526
3249
3492
2382
709
3045
1480
1772
809
814
2391
594
1915
1983
764
3612
2947
3479
2088
3568
1679
2870
679
1062
2234
3261
92
52
884
2198
3548
2715
2015
2758
2969
1967
2119
213
2997
874
918
780
2296
175
597
1356
1840
2108
4032
2669
1930
3938
1088
1458
3066
454
1787
78
533
4036
505
1986
985
395
2975
1215
2387
296
1646
1600
2944
2974
158
3402
2350
909
1664
3755
348
420
1652
2438
3608
1200
3077
1722
692
3414
2812
2847
2633
316
1296
721
2492
42
2683
757
1044
100
2035
44
138
357
1711
2419
1865
1323
945
1368
1440
3682
1797
2442
2396
2143
1173
2239
523
2981
486
3324
2814
2857
2631
3266
3860
4035
1076
2025
2522
3522
3572
3238
3131
1114
2231
1423
1160
3778
584
755
618
3678
3692
2988
2379
297
1804
1476
3013
3489
4013
3323
3599
95
2314
2300
499
4
2117
507
2104
3779
1255
1383
1265
613
3205
264
3881
3213
804
3939
3477
3624
3545
856
2048
1857
1264
833
758
3
352
409
1424
2162
1917
227
233
2398
1015
2675
3863
2869
2729
1332
3594
3253
1690
3773
1555
1682
3518
1799
3243
8
312
2099
2317
482
1290
2743
1143
2840
2688
1592
2893
347
2693
4068
1029
563
2523
3208
1097
1222
1260
3516
483
3401
669
1845
1876
700
3735
3218
3944
2168
1247
2305
1961
893
2439
334
1613
478
1056
2359
606
2941
1630
3424
3409
3206
3745
3532
706
2464
1275
2534
3284
314
3857
2074
3012
2832
1668
469
762
2399
1241
3713
3032
2673
760
2882
1980
1528
3151
2512
843
3837
3596
250
3734
2128
1763
4089
3319
2685
2855
3721
3485
897
1089
1297
515
1762
2106
89
1043
2311
2326
3444
2130
2449
1896
236
2977
2526
371
913
2625
3569
1744
1957
3525
1856
1552
1812
3101
3510
2431
1952
3367
733
582
501
729
2338
3696
2576
2042
1850
2542
2844
3141
2299
566
1474
263
2161
1639
2465
2530
538
4039
3712
259
1982
3212
2666
45
2229
1189
1635
979
2801
2134
3084
3591
3884
2105
672
4082
1412
287
713
774
1935
430
2648
1832
2448
3082
3338
2270
1925
2380
3502
2279
1121
2894
2393
1336
1604
2361
3200
3936
2452
3120
2094
2931
1157
3540
1801
3895
2023
737
1508
431
571
3222
3385
532
950
876
965
1658
1058
1880
278
4078
93
2100
151
799
1311
1497
702
3600
3798
529
2716
2932
1825
4016
2165
2722
1580
3380
2002
1046
1283
1934
3105
3443
3670
3899
984
1216
235
568
1905
1083
1483
1063
2818
1324
694
1734
3953
1578
2672
2024
2605
3517
1654
1632
102
415
3133
3982
938
2881
3619
3157
1707
2251
2253
1115
3530
2485
200
4077
3263
1864
1981
2284
1827
901
1468
2181
3700
3813
1459
3147
3135
1719
3376
140
886
4052
3187
552
3605
253
2825
2281
1702
4072
1129
2180
2678
1192
530
2733
793
3667
1365
518
818
2594
1102
2747
2062
2405
508
567
1147
3617
2308
327
1380
1086
2864
1294
3156
2644
3592
1775
1301
3400
3511
3593
439
491
1705
3060
3118
782
2288
2206
2762
2980
2958
1448
3866
1886
3535
2533
1991
3055
1831
3627
3919
13
899
3199
402
4050
3965
600
2445
845
3158
41
2514
3036
1899
1851
3904
3160
3027
1606
3788
964
2330
615
3994
1849
1484
2658
1747
199
383
2372
3980
165
1146
1136
3359
2060
390
3651
421
3610
3584
1881
2054
731
3680
2055
1172
113
3620
407
2891
547
1360
802
1158
3389
2006
242
3139
3703
509
2871
1460
2794
1499
1778
1944
186
3250
1660
2257
2763
1670
1477
3886
852
2560
1299
3636
698
4055
1716
2321
1130
450
1494
1974
2846
3529
202
1405
3998
1940
3948
9
1994
2245
3541
3588
1911
2029
3163
1844
2451
417
2627
2699
556
1372
135
3372
2315
1303
211
1602
1094
1559
2707
364
3183
3247
1638
1149
1571
64
1470
2984
3536
1308
495
1355
2612
2484
2816
1240
2154
2727
2044
1518
1351
3231
2885
2020
2607
1498
1771
143
4009
1065
3162
656
2828
1475
1500
2895
1548
480
2765
1841
166
1726
3154
502
4030
3011
1389
3891
4064
2079
3362
4085
1757
3245
2779
871
1859
341
3715
1766
3888
3563
3363
879
2402
3317
3761
73
3096
159
784
205
951
2957
2248
2976
2063
777
2075
3348
591
3333
3707
2081
142
967
1181
3607
1437
477
3708
1257
947
2503
4034
3689
2513
2339
3351
677
1909
3024
3406
184
608
3556
2862
3515
1796
3430
401
765
1376
3657
3748
1738
2184
3182
2537
3988
3932
932
1242
2689
1328
1570
674
3831
1162
1249
2340
1948
2842
1910
1821
1790
3227
363
2598
3381
3776
66
3575
3419
3777
1937
3746
3902
1993
2690
155
37
2515
2179
1390
3057
2796
3277
391
900
3918
1842
2122
697
1591
2185
3898
2610
2212
1608
3554
3279
76
1863
569
1908
725
1330
3923
2810
3742
2481
3968
1890
3614
3616
628
3364
285
2232
841
489
1674
645
1732
232
2592
1938
862
971
754
3768
3379
2435
1481
2494
1454
2822
1941
2541
216
2120
3494
1111
4025
2302
1501
1163
3750
1001
2107
1942
3701
3091
2734
1467
3811
2566
1725
819
1506
560
1553
1023
1251
3848
1075
611
660
241
1085
610
2475
2411
4093
3130
4041
3132
2454
105
2720
767
3434
2254
3613
3112
766
1068
2858
3136
2575
2309
3134
1170
1516
1397
1826
573
2109
1252
3942
294
2444
382
1338
3840
2429
2289
3986
857
1431
1599
3116
2150
1490
2216
3421
3935
2173
823
1655
3537
90
4007
3470
3305
1800
1243
2561
3646
167
3021
1698
2260
4017
1782
1087
3447
3571
1924
705
3874
3255
1450
2167
1562
883
237
592
3509
3304
1721
3298
3339
955
3538
3934
3675
422
3581
3236
1871
1795
839
3825
1361
1016
3666
3497
2504
1350
1358
2500
2708
2082
3370
1217
1461
3388
3368
2730
557
1601
817
3373
831
1854
3384
2875
1314
4086
593
3369
595
1633
2287
1012
488
1444
3767
1183
3285
2750
1527
1031
3922
1861
1776
1985
732
1971
367
3173
1053
3683
980
667
609
1807
3065
3503
2052
2201
715
3276
1650
301
3845
4084
2487
3625
3256
2775
1557
57
2637
99
3061
4048
3595
3293
624
207
520
539
1471
3051
791
328
2927
4029
957
2655
423
191
3016
1824
3598
981
1335
1918
3728
2800
2343
1907
2866
3915
1359
1519
1913
2646
437
197
3772
2619
3197
3020
2712
3582
2731
3378
2782
1598
1436
3142
3770
414
3725
380
2939
3604
473
1977
1545
1928
2434
3198
975
74
1439
3088
2347
3411
2471
1428
317
2148
244
1760
2520
3093
1250
1385
541
1653
35
1387
3239
1021
2324
2389
353
3693
2085
4088
1139
2556
2920
4074
1304
1697
1364
3242
1730
3484
519
444
2016
3691
189
2867
1853
1118
1134
393
3321
930
2903
2691
2401
3496
2098
907
1406
2790
3262
2726
3083
116
4046
405
2427
3426
366
2935
2204
2599
3111
3747
3095
513
1927
3306
2506
2806
3153
2457
3252
3347
1860
1113
2039
1236
3672
3417
824
1546
3989
1212
137
479
2916
2805
3071
3146
2649
2804
326
139
2377
522
111
1305
394
68
3966
581
2065
2493
2466
2880
2986
2755
4024
978
1582
4040
223
3732
970
506
599
640
2142
1047
3075
2335
2953
3781
1689
1017
3851
1611
3029
3450
2473
4065
3211
2821
2728
269
993
676
500
131
3546
1810
1131
1846
386
2456
2645
890
485
643
3271
690
925
3023
2643
1469
1999
1808
2446
1307
1142
2876
2351
3590
426
1337
3228
761
3743
3952
3487
1452
3159
3930
3519
1281
2200
1610
3810
3221
3928
2833
2973
3577
1123
1126
359
1696
3867
840
2422
3475
4006
1145
3346
1539
2472
3464
3890
756
923
2310
1379
3959
894
632
2901
14
1731
3916
2940
2400
2155
2516
1232
3983
742
3109
1018
34
691
3225
2208
3441
736
524
261
2721
351
1903
4004
1691
1780
770
2659
2261
3557
3058
1363
1577
3396
3963
368
2297
929
1116
2795
2121
2102
1466
1398
2228
3302
1074
931
3977
3310
1176
1479
2070
1373
1069
209
1002
1893
1416
602
1408
3054
349
1082
1214
2468
2664
1000
4094
1988
3824
365
2681
1443
1179
1995
203
2632
3145
792
282
3698
1520
3180
1990
2332
810
3283
2283
1463
3495
1805
1124
1091
2375
98
3550
4047
2189
3296
1788
1715
3301
2346
3210
1078
1534
3762
2785
2410
2960
1168
3684
3062
293
436
3570
305
2071
1287
260
2757
1960
2195
675
741
535
396
1141
1704
631
1540
3103
1537
3674
1041
2917
1852
1367
1803
2367
1203
3621
2799
2756
2611
3428
3909
3799
1699
1472
2086
682
3041
586
330
1213
2313
3635
3422
1755
3251
1384
3069
3458
3859
1620
1105
2993
2701
528
114
1156
3386
2101
2784
2097
3286
129
1642
3349
1728
1564
548
3397
97
3984
2859
2509
106
1396
601
3995
671
2292
2564
2132
687
3110
2034
2760
2267
813
212
2568
2440
1177
2243
3671
4044
1208
3073
295
1992
3166
208
3606
2938
2390
2236
3954
4023
3264
2601
3699
2854
3352
2192
3927
583
954
1643
526
2615
2741
172
1489
1312
3121
703
1339
1320
246
2661
2112
3637
720
4054
185
3844
2650
2694
1996
2578
659
298
472
620
3842
2827
3871
992
2811
2548
3299
3167
3876
1648
449
60
1486
475
400
3047
2697
53
2421
3796
3647
3687
470
3037
2930
2307
3336
2087
1171
49
2426
657
2325
1071
1164
1839
1949
872
3676
1315
4070
3662
1753
3007
869
895
152
2502
1543
3875
63
461
1095
808
604
1309
1022
1209
3653
2656
1733
329
1293
751
11
3440
2373
3911
1488
565
84
3466
3645
1100
2175
2033
1531
944
3446
580
3504
564
1174
2850
2280
837
3315
3717
392
510
2783
2987
1677
3288
3912
1218
834
1785
3438
3274
4051
3377
3623
2528
2663
3455
1132
4026
2116
2384
648
3702
2266
1207
625
1550
61
3921
2146
3910
1779
3641
4090
3900
2524
2271
157
384
3872
3950
1706
1289
3491
289
2899
182
934
3234
2963
2178
668
1133
1188
3760
3432
2724
1482
3044
2525
2968
1631
1510
1963
3056
1321
471
603
1906
969
2571
3442
2558
2837
201
112
3038
2360
163
1234
373
1227
290
3282
3081
2127
614
3343
2333
3005
3143
1441
2328
2196
3769
1185
238
2746
493
3826
2614
496
3123
1512
3822
1507
3420
1226
1586
1855
10
464
2768
3819
3632
3903
2640
4027
1262
3527
2565
3559
3710
1891
2552
1277
1817
1972
1154
3040
3117
3453
2912
416
1647
769
3782
424
272
3690
3140
875
783
1048
1248
3940
1269
3758
336
1794
2929
3757
2764
1392
1042
652
1759
2581
1786
836
2742
859
1195
1714
2918
3597
1789
1680
3751
1919
2593
3841
882
2654
180
4081
2423
724
2455
3486
1206
1342
2951
1964
2124
1388
2861
1587
1155
2962
2013
3006
1872
943
1858
2774
2205
2996
3688
887
986
2838
3291
2979
1346
3267
616
3472
307
3034
2668
3207
2068
3578
2014
1413
2482
4049
3814
3521
164
3456
2555
2247
2843
1685
1536
3749
3650
1644
2573
453
3188
2110
2845
1256
2053
2064
3579
2199
2041
695
210
2164
2589
303
23
534
418
153
545
1656
3660
2497
1973
3764
3079
3273
589
3729
806
748
1525
658
249
2230
911
432
785
1103
3783
1709
634
467
3793
3894
1098
1108
3248
3663
1039
3854
2536
1378
3395
3448
699
2829
2771
19
1077
3102
1532
1969
1529
1885
1922
832
281
2508
2584
2706
274
3945
2808
3090
70
3774
47
2312
2133
38
2496
346
3830
2202
2354
3275
3320
2978
2420
666
2971
2273
2363
1348
2579
2193
1273
2370
1419
54
3644
3971
3413
4020
206
991
2413
2057
2364
1621
2172
1978
503
2670
322
3580
1889
404
2740
20
1894
995
492
3553
749
2613
1877
3126
3975
1829
3398
881
1072
3148
2083
2394
1253
79
2623
1584
2461
3803
1191
1566
1187
1007
306
3361
2274
59
39
3164
2320
1456
3064
1025
2553
3476
1920
243
3759
1809
0
1692
447
1740
2073
578
160
3611
553
425
4005
3775
333
1989
3920
1524
146
460
1904
3461
2919
2803
4087
2863
790
3175
787
744
2964
2849
1345
3015
3080
1295
2641
3711
3365
3119
3704
443
1006
2781
3287
375
1420
1084
3161
2710
3155
302
3561
372
1589
889
3463
1153
855
2126
853
2695
2365
258
3085
2596
3809
149
865
240
3534
3974
2486
3467
2336
457
1607
1811
339
1202
2551
141
684
168
1626
2019
1434
3576
1425
3991
3603
1415
2819
3122
2036
2059
2331
3115
3240
1619
3862
221
2704
2211
3232
2219
433
1445
2301
2913
1169
3278
574
849
2072
94
1051
633
2954
247
452
1758
2679
2489
576
2129
1965
1013
3246
3017
728
3964
1624
1862
1435
3308
429
2021
3727
2778
3176
3152
2277
466
2572
1370
147
2028
4057
1987
747
2153
562
2753
1666
1128
1300
1729
2217
928
497
521
1645
696
2159
1659
2319
3744
1954
1902
3184
361
2965
3174
2197
2090
3053
1055
67
3043
2131
2145
3295
867
3771
1718
2507
1352
4066
331
2194
120
2467
1538
946
949
1629
3410
481
952
267
1502
2872
156
1749
3740
1838
1549
3724
377
1551
1984
2345
1523
1745
551
3014
3993
1496
65
623
3737
3471
838
1033
3524
2698
154
1875
3337
188
2591
2408
2069
2218
805
1802
176
2982
77
3474
3008
337
229
125
381
3500
1400
1040
1193
1362
55
291
3878
2606
2667
1932
2158
2749
2759
2381
17
1228
283
3800
2226
902
3465
977
315
642
2563
21
4019
3311
1517
3050
262
313
2907
3094
2479
3220
3190
2642
3272
3137
2692
617
1793
2738
1563
1814
654
2501
370
2240
1166
181
1727
3129
772
2723
440
299
2549
1665
3766
3498
1939
1597
2714
350
1752
3795
1688
821
3960
3739
4045
1267
2702
3437
2047
861
1678
2386
866
2511
1282
3853
3480
1504
2519
3531
2815
196
3893
2186
1457
1404
3648
822
3722
2215
635
2853
2269
1451
3861
2490
3407
3177
2298
4012
1050
2046
2766
1628
1870
585
1515
3985
257
109
3128
412
3204
1197
701
2777
798
1211
3332
1161
639
922
3869
231
3179
3976
3003
1717
1411
2135
2272
1152
2080
3661
1833
4080
2051
2397
596
2956
1712
512
2638
2478
873
85
204
2294
3427
2203
2674
2187
1634
655
546
842
1473
3172
2945
942
605
1442
343
1104
2602
2170
1773
3439
2547
2603
1819
2295
1341
3669
3454
650
2544
636
24
86
1210
2459
2026
1997
2453
3224
2358
3233
3258
3523
2037
214
192
2210
1686
3254
927
358
3656
280
1588
183
3794
2902
2657
2510
4003
646
1151
338
248
683
1027
3789
399
2910
219
974
3714
637
33
403
2567
2949
786
3201
406
2709
1067
3327
2628
62
1765
1432
759
1099
2303
3987
2752
2334
228
719
2246
2744
3839
2278
1219
1140
1681
941
990
3756
710
3539
2483
3658
3178
665
559
3086
3978
752
2887
2441
1004
1393
619
2604
1137
3482
4015
2620
3864
2700
1848
1701
2841
3390
2647
2213
3947
3072
187
3383
335
1867
3393
1340
225
119
1897
198
1723
3481
273
3958
3652
3626
550
2517
170
1946
2830
2998
626
2926
904
3004
3972
1198
2414
2092
3787
3514
962
1741
1743
910
888
3138
121
2031
3685
3335
3181
2027
3076
2188
374
820
3223
308
3405
2348
3099
1092
3125
527
588
2241
4073
29
1182
3087
463
1106
1556
516
1603
3150
781
252
2415
1739
2671
1045
3843
419
3565
1742
998
3883
2999
1366
1020
828
2966
3733
2290
18
1756
1951
3046
1005
653
476
1453
4001
3533
2677
1708
2587
2404
989
753
387
171
917
1542
2521
3345
445
3807
1418
2687
2001
220
1544
3483
1636
2653
3230
2450
2569
3832
1030
3344
7
2378
332
3544
3313
3330
1968
2089
179
1334
745
3048
3855
689
1627
2911
966
558
3399
173
996
2639
1407
4095
3035
1694
2424
324
681
1061
1561
71
982
46
3189
707
2831
2703
3039
2252
1976
4021
3967
1310
2696
2207
376
773
575
26
2725
937
4002
28
915
3873
750
2924
3089
812
4031
2369
2773
1710
3630
3858
1032
3957
456
961
3631
1148
2992
1478
789
4067
2848
2183
1026
1594
2995
3784
2550
517
2166
830
680
2477
25
1274
1764
704
920
2495
2474
1449
1333
2209
2705
3528
768
1754
69
2583
1402
572
3654
4008
3074
2686
1221
976
3785
2237
3914
1671
3926
959
829
3754
51
730
3203
825
2713
1318
1792
779
2952
4076
763
107
1879
816
3068
1199
1288
2580
514
2852
2809
1377
1344
3001
2570
863
3219
3505
50
2374
56
311
2000
1663
1684
1998
1836
1049
717
3165
972
3031
388
3488
2160
3649
2888
3549
2061
2574
554
3357
1369
1574
1768
3358
1035
3885
1464
1201
3905
2682
788
2403
1943
968
40
3257
2817
2050
4063
2651
2836
3214
2341
2009
847
2665
3834
3560
2595
458
858
1703
2754
2125
542
2091
3127
2139
953
271
2304
1873
2430
649
848
579
2897
304
1319
1912
555
1057
2886
2138
3655
3933
1900
1266
1410
794
3462
3730
2285
1194
3451
2943
442
3468
251
3493
3259
877
2111
3835
292
1120
3602
123
1446
940
1175
1270
2761
3850
3449
1054
3547
1514
2327
2546
3059
1037
685
1399
746
254
2470
2095
2118
2353
2022
1184
2676
3586
973
356
2793
397
3002
1052
2003
3237
1347
2342
2985
3244
2527
3391
2835
1235
2049
1823
3695
3827
2038
1887
2946
2890
413
3033
3823
2417
1302
662
1353
3821
1003
4071
3312
16
3628
2529
2418
851
912
342
988
2318
2807
1843
1495
727
2263
3269
4038
1258
1720
1220
2923
215
3908
226
1834
3829
4022
434
896
1959
1354
3265
1596
1429
543
2865
2834
1325
3460
1637
2883
3355
663
3801
2905
797
1590
2933
815
598
3328
15
2745
3469
1700
2221
2238
3665
435
4061
117
2824
3435
1901
537
1676
3387
4069
1672
3501
1958
3924
1231
2004
1485
1884
3452
3806
2934
1892
2878
3149
1945
1522
4028
1828
1970
4083
3325
549
88
1560
1568
1576
2955
3294
880
2344
3318
1261
1695
3979
3049
864
3052
3260
3512
1280
162
411
2983
3408
627
1225
3520
1286
2851
723
2798
3404
369
2469
933
1064
775
1558
2136
2030
1278
455
622
385
2557
1882
807
738
2392
1609
3937
355
2011
2538
868
3833
2600
2368
1569
2922
2786
3508
2739
2078
3416
12
3943
3551
2559
3028
224
1979
2265
1503
2066
2896
1585
3896
3063
1066
994
561
711
2608
286
3931
3403
2463
2357
72
795
468
835
1245
2543
1820
2719
903
2879
670
2337
3792
2416
3961
2383
1465
3431
1422
3000
1530
2222
2498
892
389
145
916
2937
1080
441
1693
3270
81
1835
1455
1462
647
2433
1317
1238
1150
1622
2711
708
2275
80
926
1513
3897
2323
2152
3216
2874
