3162
175
2151
208
2824
1634
1990
1062
1127
1282
3236
3097
1063
3789
3944
3453
1053
217
3547
1290
61
3896
2813
2245
41
2879
1962
991
3045
3161
237
853
940
3755
3280
768
2484
3982
3413
829
851
1489
1830
1847
23
3169
3563
2171
2263
206
2820
2989
4001
616
3056
319
3245
1308
788
2235
1667
1719
910
2217
340
944
935
1918
467
2500
2090
3647
945
2973
3932
1210
1020
1954
2502
3024
3628
3718
4011
776
2610
391
553
2783
2366
3908
2658
2131
1745
141
335
3423
1105
3155
3274
3507
32
2109
2075
82
1991
2099
1349
3346
1321
395
3433
1258
542
3381
3975
1768
2122
1327
3744
2519
2983
2332
1126
1116
1205
1957
3497
734
2083
4086
713
317
2808
280
1113
3851
2699
2304
2142
2178
1452
2851
712
3877
471
696
4078
477
3501
3624
3156
3128
1823
3152
1864
2208
2882
2439
1117
422
2498
4021
2765
1295
841
2440
971
528
752
1848
3066
735
2557
1849
214
3447
873
1777
2368
1783
2944
3477
3504
2687
1857
3134
3819
3616
2412
1191
3291
2159
1851
3125
668
2016
1618
3138
3853
3070
1699
3012
1006
2996
3950
2540
3020
231
3841
3760
1485
390
1626
3175
1731
3499
519
11
1937
799
168
291
3736
3840
267
2655
623
1662
1301
2229
3127
3336
2532
1214
556
1353
3177
3358
282
3576
2312
2927
483
2022
741
3560
1981
2183
1966
753
3970
1789
1227
3466
1369
503
3322
1972
1302
2536
1759
2061
235
3790
766
3761
2474
1637
2116
1812
3595
1222
3715
2039
3594
3945
1856
2982
1710
6
633
2544
3078
1811
3153
2905
1193
1625
629
1239
1228
1627
3099
3798
3771
4058
1533
1795
2037
506
2434
3768
2919
856
156
2912
1647
1296
2869
1746
3199
2693
190
3334
593
1322
936
2029
2917
1456
1015
1199
31
618
2676
2515
1709
1569
2054
2906
3874
3619
1034
139
1272
14
2481
1835
2256
3142
3287
2165
2899
3171
401
2298
1673
1304
661
2238
890
1888
3829
3756
3807
1657
1550
238
9
3042
1358
2604
1717
924
970
2569
2946
2145
445
3474
2340
2424
879
2242
423
3220
2634
1495
33
2733
1711
986
3068
1223
569
263
3727
3347
651
3206
1260
546
2112
2622
639
3613
210
731
199
844
1380
2000
2834
3980
1834
3201
4002
529
751
4035
698
1064
48
4043
2947
1328
831
1552
3717
2541
3700
327
3636
3691
1351
3625
1940
523
1756
1593
53
2848
432
3852
2726
2886
3323
2406
83
1901
4090
2888
3034
1141
1437
2477
2346
1460
2233
2330
976
4041
226
2157
191
1578
185
348
1283
1023
124
397
889
3382
3695
1231
2935
2680
3822
2314
3063
1775
3805
996
3697
3373
3502
861
1850
1715
3860
3998
475
1044
625
3484
484
3318
4031
3510
1732
950
216
152
1892
2350
1508
159
4017
895
3828
3075
2170
2999
973
832
160
1344
4042
534
3258
3088
1698
3356
88
2486
2108
2074
3897
3838
339
1032
228
2452
2533
1345
154
2218
794
3578
2792
3225
1256
837
3623
262
667
16
3095
2601
2896
2200
3784
1469
2740
2051
2828
1024
1541
3608
1758
746
975
1101
1433
336
1055
3726
3321
3551
3806
309
669
3716
2414
2135
2874
3992
3060
900
2785
1684
3522
2455
240
2373
2937
2160
3633
1873
755
1760
526
4012
3541
3550
3607
1562
3439
1865
2631
2800
2034
2102
3104
387
1917
1165
1341
200
656
862
913
2929
1496
192
436
3954
1479
2161
1934
2060
3137
2920
188
1475
1576
1303
1071
573
2766
3428
3389
1582
922
2663
2697
1204
324
2297
3419
547
778
3300
1465
1505
3397
1930
4037
2210
3270
2884
866
3189
2752
1403
3021
3869
1332
4049
498
989
4013
1084
502
3393
2677
3090
2384
101
3824
1271
1008
1796
1581
247
1420
3053
2796
3348
106
875
2133
2518
3823
1729
1503
2418
3586
2921
3735
1649
1836
2493
3651
518
3455
3894
372
1906
805
1512
147
987
196
1870
2007
4026
2969
3344
904
2708
1232
2010
747
585
946
1316
2890
2081
3596
3884
2258
3938
3058
2435
2243
1786
3420
3158
893
3163
3202
3517
965
742
966
1131
3151
600
2277
2359
2524
2853
842
2059
1090
609
1884
1368
1563
2063
170
3013
1943
3569
2639
2068
266
2574
1207
1224
3552
94
3376
3582
205
2386
3811
2986
269
4091
2613
984
1259
1771
974
3467
4057
2448
1289
2598
3074
1355
1381
1869
2096
3990
1318
999
997
1730
1098
2755
1159
2040
2196
3442
2719
655
1426
3276
1696
2184
416
1446
2529
3676
3759
1616
1875
3339
3863
533
2460
2167
1797
2020
4055
2608
1970
3290
2144
943
3267
2141
3404
1666
2441
428
1752
2744
949
1075
2162
19
429
4080
962
182
323
3512
3614
239
2137
2185
1510
242
2046
1803
2665
3445
615
1720
2647
2971
3005
2409
1201
3921
2190
2763
3740
1899
1726
1073
880
1468
3496
66
270
1951
353
3494
1681
2950
456
2319
2914
1725
3140
3776
1744
2156
796
405
1524
3673
3764
2399
3188
764
3345
2143
1628
99
613
2033
786
337
2548
515
535
1423
2044
674
2225
3725
4010
1209
1287
1026
3661
2804
442
2570
884
1317
3398
2530
1413
3731
881
1817
1273
1188
2401
230
3526
836
961
3368
2844
3546
2012
994
2594
2587
1932
3558
1189
3988
2066
394
1124
803
719
3033
18
3112
1123
2860
1827
855
3028
822
2641
3427
3508
563
1028
342
1018
197
2078
1584
2959
3712
1575
2379
643
3383
728
3269
1615
4007
3226
2543
998
1253
1591
1031
1881
3891
3642
2716
2216
1642
3977
96
1161
723
3883
121
1707
821
2222
3937
3465
2164
287
3969
1422
2653
3827
3096
2611
1802
2689
3386
496
1573
3568
4034
1158
3019
1909
194
1470
4024
2988
4044
2065
2657
2892
21
3460
1757
3369
2023
50
2261
3426
3207
359
1763
1311
2922
1004
1169
3787
3530
3212
2932
2005
581
2528
3429
3149
3849
750
2748
2623
793
364
925
451
2179
115
2017
2
2666
2864
2534
2310
1261
2924
3
3340
2778
2214
3906
1348
3643
588
2035
2637
1401
1215
2682
3324
119
2700
2774
2698
2115
1011
2201
2908
2239
1964
1331
1132
3159
993
896
2995
420
3837
1175
760
545
1641
1218
715
3372
1567
3678
2686
2101
2607
1521
138
1277
3457
2606
13
774
972
3752
3249
374
1818
953
2487
1670
3461
1842
493
3011
825
4060
1799
2715
3664
2664
2382
3410
2268
3387
421
1022
2014
2209
1058
3612
2898
771
2281
2732
1248
1472
255
2942
1994
1047
3711
1497
1198
2762
3194
645
1675
2941
850
2854
3733
3961
730
2701
3229
1268
2089
979
2152
1712
2868
2614
2859
150
1234
2403
777
720
769
2138
1337
847
1772
3637
1061
2377
2863
2302
892
725
2318
1598
3072
3303
3803
3130
363
3601
3706
2903
3610
461
3562
68
2475
1220
833
1620
3652
1275
3468
3480
612
1297
1036
611
703
215
2280
130
1993
4085
1839
164
2252
2759
2349
3174
835
3029
1926
285
136
2872
3617
4025
2052
60
3774
2036
2538
1440
2188
2721
128
1534
914
1751
1697
2459
384
3698
1097
710
550
39
1872
2204
3388
1586
195
3848
1532
289
2842
737
948
1115
2705
62
802
2369
1139
3038
3745
1171
3963
2827
1704
4065
3160
494
2887
603
2426
1523
849
1874
2745
3893
3121
3762
3680
2088
1551
3812
1404
905
2236
779
2550
135
1030
172
202
3579
2516
118
1397
2771
2436
3061
781
2387
2832
1520
3448
3846
1346
3885
1530
652
2251
79
3640
3250
2331
3325
1164
360
3644
702
2678
1770
2260
1893
213
320
888
3080
2464
3110
3626
3854
3436
2367
3411
3638
3839
644
3782
17
163
3216
2482
3454
1506
3743
2338
22
2465
561
1067
3939
867
3694
3955
2679
670
1174
2358
3687
2489
2067
1912
3394
2250
81
2045
3881
1594
2041
592
447
2847
3069
293
1046
184
1908
2710
2980
3574
2071
2640
1196
3575
2799
744
2223
3966
3241
1170
1949
244
2438
606
2560
4088
1481
3247
2490
1012
3850
313
1262
1727
3737
1734
3415
3509
2798
1443
1543
3243
772
3857
3219
1617
2055
2353
871
2191
2021
1240
2643
107
617
2086
1878
4038
1564
2126
2810
1933
3741
42
1056
362
3709
209
1434
3083
1896
3073
565
2858
608
2963
1813
3615
1971
2443
236
1241
3537
315
3911
3377
1178
1514
928
4
663
1686
1548
1449
2456
3892
3967
2576
222
512
678
396
1929
3213
857
3912
1376
2301
1624
1145
2841
2830
3976
1846
1935
1086
1903
1706
1091
2220
790
1570
3953
1370
450
2815
2918
2371
508
959
1143
3278
1160
1424
2076
1658
3662
2255
3671
143
3154
1672
937
3304
1244
3801
3773
183
2880
2227
2567
1276
3514
3750
2925
2381
3224
4072
56
1820
934
3400
2093
2751
718
3872
1049
2960
2380
2897
662
329
3055
2468
3414
3742
2876
797
3354
4083
3452
3867
439
624
3600
1087
3728
3215
284
73
2603
1078
3540
1330
3978
1054
1735
1364
441
530
2026
1882
739
76
3111
2883
1868
3705
2291
2875
1294
1844
2758
3313
93
887
2348
3933
1973
2002
1653
411
2654
1190
3333
332
472
564
578
2662
2818
1184
3564
3677
536
1137
381
1326
2816
1394
1644
1354
1402
1583
1428
942
3315
57
3898
1798
2585
2957
402
30
1841
105
3926
292
3082
2974
1279
3993
3232
2432
3565
157
2966
2621
1947
3342
3036
3094
297
2954
108
36
2790
3683
3904
1059
2742
3208
1814
1852
2259
1702
357
2565
2857
207
891
1540
2781
2392
507
3085
2278
2735
1640
2232
1109
3758
3686
1226
2153
3204
3087
3275
2294
290
3244
1942
3506
3146
897
820
676
554
2727
520
1691
3732
1558
2861
927
2871
4052
2578
55
1897
3098
727
218
2311
2008
1172
783
2413
2467
3878
1944
2675
1984
2795
1824
3719
1378
3580
1471
1319
3483
2476
3191
1674
2738
47
1274
43
3311
823
2128
1762
988
3032
2802
2852
95
903
3657
63
664
607
2025
1118
3724
3956
818
1153
34
462
176
2803
3941
2085
104
180
1953
2923
482
951
2564
452
1094
2702
1041
1392
763
3261
2525
250
1941
3704
1467
1778
514
3864
2866
1270
1630
3831
3211
3693
2873
3086
2286
4066
2360
2003
2626
2199
1335
2551
714
1208
916
3186
632
3653
1176
1185
2965
792
817
1389
2782
2649
1978
716
3668
693
4082
1963
3367
2831
1656
1493
2692
3973
845
1180
3374
947
3471
2355
1840
3947
697
1236
1663
3929
3147
1754
3337
732
1112
2149
1590
1356
2393
3991
1458
1701
807
1419
2706
2356
2514
3262
1900
274
2767
1861
819
2140
1559
2463
3000
2517
1374
706
2805
2512
3237
1336
84
1708
1085
2247
383
2656
1741
3948
2193
1967
1651
3179
3923
3193
3802
3435
3239
1977
544
2703
954
3577
691
854
1922
3747
1921
3871
3666
2383
1887
560
2329
1082
2504
271
2546
1103
3875
446
1504
2609
3734
2672
265
2257
3861
326
223
3611
2505
3539
1121
2791
2092
870
3209
464
1916
1766
3868
3251
840
2757
3271
3800
100
2563
692
1833
2739
2279
2246
552
1654
636
557
2334
2098
598
2556
1235
2121
1166
1125
3486
376
2494
2303
3294
1300
1324
827
1173
2415
558
2313
2352
1314
3264
3856
3723
704
2552
3450
2561
3390
1519
120
2507
427
109
1773
1138
1375
1588
1902
1217
3793
2378
869
179
85
91
110
2048
1816
2422
492
2154
3532
3986
3432
3555
1245
1600
2951
1029
2652
2453
2644
3951
3026
3511
3913
1
2372
3590
761
3316
1216
173
1554
1414
1233
787
3205
1350
3027
29
1007
2619
2526
1791
476
1340
1555
437
2038
2843
2333
1221
3341
3847
3533
671
1093
318
1197
3922
3331
3076
3665
2789
377
3488
2103
2136
343
1484
1396
939
3279
4009
548
1195
3489
463
1538
2838
531
2339
3396
2431
2390
1410
2194
2997
256
410
311
2011
770
2870
1412
2730
4047
4033
1821
3553
3116
3710
1418
4059
212
2575
245
2187
3622
4062
3481
2503
2747
386
1445
2117
294
1781
2177
3310
1544
2990
1894
721
980
1826
2909
3972
1961
2419
276
2155
628
2127
3981
1177
2928
249
3618
1761
957
2768
1490
1952
1206
3765
2307
960
3363
3663
3395
1679
1703
754
2696
2042
2572
2100
3115
638
1983
524
1436
3113
3314
4030
1247
2531
2684
967
122
1742
3654
2270
1371
4076
466
1315
1498
2417
3223
1904
1690
3524
1284
2070
314
3129
2309
455
1386
444
1905
1089
1383
3184
2244
1913
3351
1987
3299
3329
12
123
601
2596
2462
1535
3418
1430
3380
2777
2397
3549
2591
3606
368
1157
2175
1621
4032
3751
501
3353
2590
2562
234
1528
3523
860
511
2821
2660
3567
577
1863
2508
2211
3412
448
2388
52
906
3513
2300
1438
3286
1974
2073
1845
650
3464
1659
3057
2597
307
813
3312
1601
4018
2889
2629
3139
71
1288
3472
1000
1923
2015
1689
4016
3196
2322
1825
2667
571
400
3692
681
2970
3476
1187
626
1765
3362
3025
3263
1373
2064
838
1219
3120
204
3842
1083
1476
648
2756
2370
1339
305
2582
784
2797
322
3903
2605
1779
3293
1592
4019
1487
1269
2345
3002
722
3424
98
365
2981
248
699
474
1753
3534
3143
2862
767
1415
1133
1338
67
630
3928
1750
3769
3326
3605
1079
3123
780
500
2421
2416
1019
125
4027
299
3091
2915
1547
2001
3018
4006
2405
3936
3650
2447
2305
3809
2118
4075
102
3298
3630
3295
1716
3940
785
3598
2961
2105
133
3357
1854
1784
3352
3355
3901
605
1587
3656
2975
1522
2734
1366
434
3835
366
2867
505
1242
1451
2588
2483
2836
116
4045
1491
917
1739
3753
3821
3190
2856
1050
680
1924
3059
2394
886
1855
1280
3449
543
2091
325
2097
1140
2545
2058
425
499
2707
3438
874
3682
193
843
1682
1907
2423
1928
399
646
2248
3235
2788
3233
301
1714
1910
736
658
3182
883
964
3366
1898
1435
2398
4040
4029
2764
3588
1743
1936
538
2600
279
2125
1619
443
3942
70
302
1323
1043
2389
1453
3148
3920
2327
59
815
3350
2648
1342
3133
2094
584
3515
2728
1728
113
495
112
1395
1100
1038
392
1747
3879
826
2714
246
3890
3593
2147
198
3375
1749
1631
955
2306
449
1292
78
3845
2731
3284
103
3015
331
3401
1871
403
3288
2555
490
1685
3889
3065
469
3946
485
3930
65
2833
349
2945
251
2203
2994
2324
1605
1800
1431
2967
1516
3230
1016
1721
1363
1677
1212
3361
1806
4071
2911
2376
2878
2428
2018
304
2174
1114
3816
4095
1060
3685
920
707
2977
1278
1767
2713
4039
1202
1542
312
4092
2691
1992
201
1665
2724
2120
2938
3440
3327
2964
3077
809
361
2559
409
3684
379
3242
3040
2547
3888
1655
2592
2158
1886
3406
1507
2712
1306
3581
1406
3234
2704
272
2542
2357
2469
3527
2328
816
1502
3051
1660
1652
2470
740
2079
3048
1622
3655
338
4063
3528
1606
1035
3392
1599
1832
44
491
1960
2362
3157
4046
3443
2955
2750
2632
733
142
3131
352
1645
3729
3900
2725
634
522
148
1669
3165
1361
3176
1676
1956
814
1946
1785
1192
497
3958
2284
2717
672
3473
3985
1737
2568
631
2510
828
2106
2461
690
2272
748
459
1919
2642
486
2650
2374
3132
3203
174
2907
3238
2429
2266
1787
54
3364
1692
2444
1648
3876
3707
521
2451
579
1027
619
2630
2293
3037
418
2472
932
1687
637
3699
2047
562
438
2812
654
1005
539
3632
2743
3292
2949
3102
3101
1010
1409
576
3338
3183
3679
1111
1146
1988
3935
4068
3197
3039
3907
1163
1529
1509
700
3297
589
3675
2095
872
1039
2437
4061
1828
2234
3808
1883
3328
2104
3081
711
3602
2326
3144
978
2809
2031
3708
3767
1915
3320
1377
537
3332
2537
1614
296
1589
310
3378
1748
3172
129
2110
3256
3952
371
1407
2226
1700
181
3535
2148
370
729
424
2221
4081
2787
1299
2627
3658
1065
3779
3407
1130
1945
3281
726
1211
2197
4020
3503
708
3556
407
1633
3794
4028
3924
3296
3478
1927
1421
1155
4022
2807
171
2299
791
3627
162
221
1517
2407
1788
367
705
2215
3009
2224
3873
3984
3722
1136
1780
2072
3218
3307
2364
345
211
2267
3855
1925
2855
2554
1733
1838
3714
3359
2558
3254
1070
1695
328
2285
2976
3797
2466
3587
2027
3252
570
1755
3882
775
516
1643
2948
1312
2939
1501
1066
1442
3385
1794
1998
3469
1914
1723
75
2593
3757
3004
2814
227
1257
621
1494
1250
3531
1162
3631
233
4089
1229
3067
3971
1372
2442
2992
20
1638
2754
2308
3983
1457
2527
261
3417
3441
2723
1068
2584
51
40
1252
647
3100
3780
1021
2900
1400
677
1831
3430
2501
3257
1668
1286
3772
64
3830
3265
321
1995
241
2391
3317
1382
3964
3126
1347
2962
602
525
1360
1343
1310
2290
3017
2287
2972
3629
2618
1804
649
3584
568
3777
2006
3996
28
3482
3246
3604
3462
8
2491
2292
2993
1411
3561
2968
2361
1213
2495
2219
1478
1429
3008
3007
3886
1999
3599
431
800
2940
3023
2625
1877
2837
351
2636
666
1680
2186
2877
358
1596
1285
1879
901
2176
2275
3217
3701
3192
1793
415
137
2237
1769
686
4014
2711
393
2846
1683
454
2718
1577
2958
3365
3114
3240
2492
1808
1553
1045
2043
3272
2694
1693
69
1568
3989
1678
1473
1499
481
3330
465
3403
3421
2123
4064
487
2943
1950
2953
0
1488
1525
3399
3167
1365
2181
3804
685
3571
3041
3178
695
3730
1454
187
3639
3748
3408
2402
354
923
3319
1561
2987
839
938
2826
3030
1969
1447
4000
2794
413
1379
1608
3834
834
2132
264
1120
2690
1320
2050
2683
2580
2776
660
2273
1646
3164
2741
1858
614
1809
252
1661
25
3670
2985
801
1147
3833
3899
2617
3181
2396
1462
1807
126
1819
2114
2354
3968
356
253
1650
876
921
1254
1724
3583
907
3870
1572
3703
3195
1837
1069
912
303
541
430
1048
1408
1975
2344
1545
2206
1989
3887
4079
567
1595
3557
982
3957
1307
566
2249
3997
1958
2773
2450
2499
3505
1609
1895
3905
1037
2933
2180
3253
2736
1417
3391
1013
2478
1243
2119
1334
3122
2019
1546
3451
1853
4073
513
1513
1129
2910
3914
1539
3141
1500
4087
2577
3117
3763
3754
958
1432
2207
3688
582
3783
3173
1359
1003
2595
863
1167
2265
789
1986
3646
3349
3674
2411
3282
1604
675
3185
3301
1965
2485
306
2865
58
2049
3166
151
1080
1474
3180
74
3062
1557
2620
3200
283
3545
3136
3379
3010
981
2688
2638
749
1792
1033
2722
4056
225
1122
49
3965
1805
3431
1107
2028
846
3422
899
1225
1298
153
3084
540
551
1249
2325
2342
3016
587
1313
3832
3231
2893
1142
1461
1025
1611
1096
131
344
1110
3089
2269
1560
806
3500
3659
2659
2288
2274
470
3573
3862
155
2013
642
2913
2901
89
2775
859
3554
3521
885
167
2129
308
3544
665
2134
969
3470
2471
3459
759
398
620
1939
848
583
3597
2786
1051
745
3931
2087
3259
2315
2032
346
1955
3589
2080
286
985
909
2408
177
575
1263
2850
1774
2586
2192
2375
1860
275
2770
2213
673
3681
3858
1134
2904
992
435
635
72
2254
373
1996
1866
3746
824
3766
756
3836
3198
2535
2139
4084
2146
440
918
2539
3572
1441
2931
2282
591
26
1390
2173
468
1384
1464
3918
2780
2420
2062
1251
3815
3785
3880
165
2271
2316
4003
2057
3493
1281
1119
2347
2449
10
2615
3124
3592
3621
3118
3309
2553
3919
2674
3308
4004
1264
3999
224
952
3566
1200
2612
3696
2729
1718
2616
4048
3817
2602
1238
2111
3273
3168
2264
3667
2395
640
1267
488
3844
433
334
717
1072
3770
186
941
898
4074
1104
3446
1607
3103
38
3277
3749
882
1985
2198
1483
1801
3529
4036
4023
532
2991
3050
2363
3003
830
865
45
316
2566
3335
1477
2335
473
990
1722
278
3492
2009
3927
1203
2979
2084
1571
3109
3052
2806
1931
3585
27
929
1911
641
2891
758
1181
3022
1968
2124
852
2522
412
2984
3702
1527
3609
2385
2746
858
926
1579
3119
908
864
1815
1880
2497
406
3260
594
2952
3916
773
1042
92
3934
3525
378
1867
404
1515
549
2520
2337
3825
915
902
1325
3035
3799
2195
3538
2323
460
2425
878
87
229
2772
480
1603
4077
3064
1017
724
97
1889
2172
3145
3490
3820
3289
417
3228
3402
2599
4050
2231
3108
341
2651
1876
2513
3444
659
300
140
1076
2454
2427
419
2749
134
2709
3458
2169
3895
3268
2295
3498
683
1979
2589
3001
3843
1106
1388
1613
2902
3266
3049
657
709
1448
258
3987
166
144
3227
3475
2130
580
1938
2779
458
232
3775
3669
2182
1891
684
3456
355
2228
260
2317
1713
145
1362
1574
795
983
812
2107
3672
281
1536
1843
3305
956
1399
146
3285
3634
604
2661
1427
1040
2583
3384
1948
1982
3826
3495
24
1387
4005
804
2695
1305
2819
504
3248
3739
3079
701
3150
4067
169
1014
2822
3283
2480
3813
2341
1537
3738
2496
2839
1183
3570
3409
2998
1095
510
599
1585
257
1148
3959
1398
1526
2633
1057
3106
1518
1168
288
1976
1920
2635
1810
2930
3781
3214
3485
1156
1688
1393
1425
1291
931
2840
1740
2978
2571
3416
968
330
2521
757
333
385
1455
3306
2189
1099
2241
1664
1597
2579
3866
694
2230
679
127
80
2289
382
132
3591
3370
782
3620
1152
3425
2077
298
3520
1194
158
111
919
1466
1635
3949
479
4069
1108
46
2895
738
1463
3910
4008
1764
2024
4051
3917
1639
1705
3006
1077
2829
3925
2926
963
1237
2668
2458
1610
2645
3635
688
1450
161
3516
2581
627
2769
596
1186
1333
868
1459
3649
3795
3814
1556
3343
3788
273
527
3302
798
808
3660
1367
1482
2720
2845
894
4094
1074
762
2894
933
259
1790
689
1736
388
3405
3810
3689
3105
117
189
509
2670
1822
2473
2549
178
347
2624
2320
2240
3221
2737
426
597
3962
4053
1102
1416
3974
3046
3641
2685
1151
2163
1980
2849
3720
3437
2916
3979
1266
1890
1128
1182
2166
1444
90
3994
414
3170
1265
555
149
1255
2446
2673
574
489
1081
1612
1997
478
743
995
203
1405
3093
3187
1782
3519
3487
1144
3463
3909
977
1092
2646
3645
1885
682
4070
1309
3222
1859
2336
3536
877
1391
1549
4015
2506
1357
622
2761
2628
2069
3902
2479
2365
2801
375
2671
15
2934
3210
2433
3135
1154
2956
3865
1052
3792
3434
3559
911
2053
1829
3047
2030
2936
37
3690
2760
2885
380
77
1531
3548
1602
2825
4054
2283
586
3721
687
595
1246
2113
1480
408
3796
2150
3360
2511
3043
2404
2168
457
2343
3543
1738
1580
2056
7
2321
1959
389
2430
811
1385
2253
1150
2488
2823
1230
2262
3542
3713
254
559
1862
3518
2004
3960
1329
1492
1293
2400
220
930
2445
243
2681
2784
2811
1002
1623
2276
1636
3786
3995
2881
4093
1001
3031
1565
1439
3915
219
572
350
295
810
2753
5
590
3791
765
369
1511
2817
1671
2202
2523
2835
277
1694
3014
1179
3603
2082
3648
3092
3859
1352
517
35
1088
3943
3255
3479
1632
2509
3371
2212
2296
1566
3491
2410
1135
114
2205
2573
1149
1776
453
3071
268
1486
2457
2793
2669
2351
1629
3054
653
3044
3818
86
3778
3107
1009
610
