50
871
3298
3840
561
3737
2608
907
2219
2876
398
4035
2459
790
463
3089
2737
3071
2643
2215
823
2378
2198
2400
3628
2394
787
2072
4030
2454
4021
428
204
1581
1682
1785
3572
3118
3533
3027
3928
2591
372
4064
2678
3852
104
608
1350
2627
162
2607
3435
2229
4093
973
4027
918
3793
1314
3943
1622
3880
76
723
3708
1222
3707
4004
1265
229
899
2234
3949
3256
1711
1529
3924
3622
963
969
3910
1596
4056
921
2589
1884
628
2182
2357
1818
945
2795
1035
2653
2448
454
1759
2010
3791
486
560
1372
2410
3625
88
216
3232
1030
236
3633
3335
2115
3914
1157
1396
2463
781
2349
405
2368
2641
3292
3842
668
690
2527
2998
2681
2259
1204
3491
926
1096
532
1578
3719
2516
179
3283
2309
1272
1655
3216
3202
3138
1428
3220
3412
103
1363
3710
176
2366
1278
1789
1458
1663
2113
656
1734
982
2989
1210
1406
2917
2187
833
1900
3844
2853
2635
3703
2450
1024
1634
2005
1162
52
2212
727
1681
1897
343
3293
3899
313
376
1970
2779
2495
122
2004
2710
2691
173
2552
2041
877
673
3102
2563
2279
3776
1882
3585
3488
3429
4014
3939
1834
321
2884
3065
2975
3419
3018
509
2674
939
1572
3289
3426
1811
2407
3493
2468
1054
231
3870
1732
3621
3037
3228
3751
3462
194
206
728
373
3672
42
144
341
1760
3302
3342
927
35
878
3057
4017
254
3242
1386
3610
2353
797
3275
1075
2449
778
2951
1552
2647
1993
1645
717
1288
4050
4065
3671
1066
4075
2652
3688
3381
4063
2151
3248
352
3962
876
3326
3888
1457
2139
2411
2406
1444
1322
581
2595
694
1879
2698
2445
242
301
1966
722
3233
891
3774
2426
3670
1781
2358
4060
3323
2121
3404
371
188
2910
4049
2434
2320
45
1255
453
4074
2064
3799
2957
54
3438
402
3317
3481
1937
1801
3885
168
2924
1546
476
3030
3968
1395
510
3076
2657
2525
395
1509
1141
1469
2372
3414
2510
320
1615
2281
3460
3104
3124
2840
3639
551
1747
281
732
2089
1629
3917
111
3663
1501
3196
2918
1892
2251
379
548
870
1195
3324
3100
3861
1644
530
2981
3454
270
917
3218
3029
2941
3745
3418
170
2396
836
4055
3921
197
1114
2783
3009
1244
1680
1957
2087
3684
4003
3604
2547
3338
2451
1339
1328
3711
3370
3409
3963
2529
490
2432
895
1978
2895
4016
139
3188
2160
297
2511
3629
922
2481
3450
1593
1187
1951
858
1532
2809
3213
984
1424
3981
2287
1780
3687
2316
3399
2412
3988
625
2904
3649
449
171
3180
3874
23
3166
2722
49
3410
1987
1474
2232
1788
3069
1749
2784
2554
2693
1706
415
1802
904
1757
1318
2480
1049
2339
2559
659
3832
155
292
3111
2133
3422
166
798
2252
3203
3141
3170
2231
3171
3716
3116
3891
3821
2188
3780
660
2938
522
3444
4058
2854
3140
2070
400
3428
3087
981
1267
3243
3834
3788
2585
329
3191
951
1115
695
3726
2169
702
1156
2112
1847
2220
3766
1775
4042
1727
2199
1708
468
2076
1624
1110
1119
3528
748
2325
1364
1448
1413
1326
2493
737
1307
3583
2937
2814
2044
580
3020
2816
4007
118
2748
2631
2205
2163
3964
1497
1383
2425
1864
1254
2732
520
4041
2385
2548
381
3969
3038
4005
2074
760
1112
3337
2015
3926
886
1845
2261
1591
3343
3805
2218
3896
1446
1829
3286
1630
156
1226
3868
2537
4092
1184
1534
2302
279
3043
3025
3391
1045
3690
2355
1431
3358
1694
3070
3752
2367
2584
2955
2530
90
2637
1440
3593
25
3883
1773
1077
2651
1573
148
2714
266
1251
4084
2626
1617
1731
1193
3440
2581
2997
3411
2228
1017
2629
1817
2636
962
2243
2979
2728
1806
596
3394
1549
3301
3348
687
348
633
1026
983
3740
747
3889
2765
349
844
1638
3728
2902
2043
516
289
3264
1584
2079
1402
462
3125
3573
3498
2860
2233
1528
3544
3045
2397
3803
260
824
2103
1420
3653
3849
3945
403
2152
3473
3525
1069
2827
3626
1909
1102
109
2404
654
2171
2300
412
1489
841
2654
1923
2944
1721
300
675
2740
614
3845
1310
1301
226
192
1451
3034
1842
1613
464
854
2206
3647
2557
2484
2283
3553
3495
2538
3765
55
480
626
2329
465
2154
2379
1503
3135
1536
2057
550
814
3458
1073
772
1139
2769
1539
934
2597
3836
1813
1361
2322
1950
2528
4078
3923
749
2838
3295
1029
335
2494
3361
1692
1485
1895
2335
959
2759
2292
3086
1412
1086
290
2754
2873
1459
3727
2210
3184
1492
2781
1081
374
3276
97
302
116
3012
3892
1941
1214
1894
996
1515
849
1296
2577
2130
1965
3130
2389
2017
1769
257
586
1227
774
1206
2101
2131
3599
2682
3644
347
602
2867
1384
2669
81
1200
2201
4052
140
73
409
3006
1826
2067
1370
382
2128
640
3290
1740
85
1405
169
1816
1196
1855
1944
2791
1148
2180
868
2029
693
2149
3393
3931
3656
2894
2785
2851
3972
2487
2915
2942
3784
1865
3441
2819
1693
2749
2995
3701
3356
3986
775
3105
3783
2304
1729
2850
2745
2458
1323
1946
2236
2888
1590
3976
2489
3631
3469
2706
1556
3452
3537
3082
2664
1977
3159
2676
1239
2034
75
2240
2713
1264
2565
2582
3748
2020
1901
792
2560
2318
1407
1022
437
61
817
2794
1931
2427
2399
1483
615
70
3417
1233
1654
2929
8
2225
1698
3161
2893
3005
3149
3894
2046
129
3936
3408
4040
1564
3595
584
3665
3316
457
2166
2137
3516
2575
2822
1603
492
423
3846
386
2395
1270
3522
3712
2014
4053
3747
2435
157
3677
1161
3650
606
932
3545
855
3234
7
3207
1392
119
1021
3524
2045
243
549
2916
3679
2491
3374
620
234
1268
2572
864
2441
4033
2986
1143
2948
3455
2040
1358
277
2573
3336
2503
753
178
3152
975
501
1569
82
818
1387
908
2047
1907
2539
1224
3098
275
1366
1710
3596
2962
1910
3247
1165
3013
1570
2524
815
2616
424
1137
1575
1736
2257
567
568
3887
2408
1160
1359
3368
214
1604
1287
3760
949
3636
3349
3820
3297
1332
1190
822
2514
30
3607
2249
2724
3250
4012
248
2928
3165
2640
2973
1805
1903
1493
1956
2118
4034
1898
865
4032
3744
3565
1774
741
4067
1179
1398
3229
3860
2540
3575
3270
3093
1088
418
460
1316
3354
2823
1203
3314
1608
1408
826
3618
3173
2030
2963
1476
3651
3459
267
3518
627
1756
2796
3795
689
812
1758
2839
133
2886
4028
3189
1996
3382
3906
2701
3725
830
3271
186
3520
210
3530
2153
2829
2330
3872
1614
1500
1568
3505
239
1623
2266
1600
388
3182
517
1235
1330
3778
2132
1266
3157
1932
508
1505
2122
2743
3053
1955
1754
2253
2650
95
1819
3425
3567
2127
3763
4044
2492
3482
1559
1797
936
564
425
351
1544
1542
1452
1627
2834
3007
1475
2965
765
165
2593
3487
134
2649
2733
3882
296
880
2507
1507
1669
3837
2550
940
345
1940
1744
2241
2421
350
1371
295
1822
1438
950
3175
1649
3333
3096
1134
1246
2536
2512
1839
2
3714
19
1824
56
2726
3798
2063
777
3209
2260
408
1056
1271
1518
1403
1043
370
1481
2588
2845
3485
1687
4086
2940
2457
2245
367
2921
2094
4088
2835
526
809
1641
1108
987
1843
2768
1082
3594
2852
137
3200
3664
89
3328
2360
2842
31
735
1311
867
439
2011
832
3476
2677
340
1410
482
3375
2624
600
3738
1988
3617
980
2165
3475
1348
2551
968
2541
3729
3510
308
2808
2392
2848
21
1799
1144
252
2661
3502
4054
1147
1477
291
3277
1795
677
1215
3309
1486
392
2700
2742
78
3245
2226
2623
3177
1896
2189
2386
3320
3946
4024
2605
145
1686
544
2906
3474
3877
3922
2826
3061
2974
518
3423
3075
2757
766
3588
3915
666
1883
1099
883
3601
3134
102
767
3764
2712
4006
283
4080
3580
769
2515
3329
222
2466
796
1985
1636
1158
2037
585
1526
2222
1854
779
3536
2436
3879
303
356
1986
458
3327
3019
331
2202
570
793
3662
1954
1765
1949
3204
3513
1145
2662
2770
1120
1374
2104
3287
3032
3693
1042
1540
2125
238
1411
991
2751
2155
3721
195
1258
3099
931
2272
1125
2739
3858
2467
29
515
2326
1294
863
1414
2120
2628
3998
2498
27
2609
697
1712
1319
1876
3561
2369
699
2969
1502
1868
3237
3547
1875
250
2161
3016
1787
2190
485
819
3385
1700
3260
3667
1453
2431
3833
3442
1020
2474
3384
2959
554
2744
825
2569
3340
368
1260
362
1695
432
1080
1585
2331
1994
1189
1963
1072
3022
1177
1771
3731
4022
440
123
3160
2200
2178
3094
1283
450
3048
2695
1599
3162
2146
2694
670
631
1672
972
2227
2880
763
3613
2423
944
3749
2319
3813
14
4018
1558
2289
3169
1920
1720
3050
1367
207
1998
2727
2230
533
2159
2068
1589
1707
3996
2078
3383
1705
804
589
2032
3192
556
2534
2817
3535
3490
1739
3571
1715
534
2500
1718
3244
2505
1537
3054
762
3855
154
3807
2193
167
3866
2167
316
676
3503
565
1349
2288
2659
1103
1689
2376
1565
3365
4070
2478
83
1163
1085
471
2308
1867
3974
2836
1243
3092
5
3614
1380
2110
882
2296
2592
2402
2562
469
3997
1594
1779
2705
2756
803
3420
2254
3785
3310
3854
2532
1373
3360
4026
3321
612
3362
478
2051
1240
3557
3085
2618
3623
3909
1939
3564
955
2223
3802
2073
255
2082
1352
79
3035
2611
856
1823
1097
124
3843
3957
380
3479
3236
2444
3890
3186
1908
688
3689
2456
1093
1167
2752
885
2970
3935
2297
1919
2704
138
622
2599
3194
1213
2377
710
3691
1595
2095
1491
2194
1653
720
920
1076
1752
1671
874
93
502
2697
3151
1952
3863
227
1522
2126
410
1273
1181
3797
3661
160
3627
3876
3857
3685
1574
2934
2931
709
3431
3654
3982
634
92
1252
2447
2274
3566
3017
1289
2596
1347
2148
272
3517
1039
2054
2688
2348
1862
2185
3388
2443
2600
3704
3239
1632
1602
953
1874
107
1753
3961
2966
572
1530
474
364
10
2114
1356
539
434
1221
3529
1519
484
3897
3835
3451
2971
1250
1051
2461
1025
3185
2775
128
2083
2455
488
1577
3576
2666
96
2109
3058
875
1504
2912
3543
1324
20
2424
479
3212
504
2483
3579
2665
3363
3107
2858
2298
3905
1899
416
948
1514
1992
2338
1929
2891
2811
1276
1028
1508
1807
1620
1057
3499
3675
1678
101
1290
1921
4073
3345
3591
2801
1261
4076
503
2521
390
273
1566
198
1948
2009
2908
1726
336
1999
2388
1059
935
2290
3674
355
3221
2780
1285
2365
3279
1113
1971
538
845
1881
2192
3261
1470
2729
193
1524
2803
3407
764
2723
1090
2837
3609
3739
3280
2787
1768
3296
1445
2798
2224
441
2716
3878
3918
3119
3606
692
2901
2831
1466
577
2847
3147
2738
683
2802
2069
1709
1279
2310
391
1637
3605
930
887
3115
4083
2028
3521
3560
1793
1887
1006
3991
1488
2612
3215
2544
57
3447
2293
3445
2856
2328
2638
1027
1369
2106
3039
552
3401
758
2502
2052
3960
3318
1833
461
3439
852
604
3632
988
184
1280
3042
2401
2157
1656
181
2896
3024
3305
2250
2462
2711
1607
591
3427
3120
3187
2523
1171
2460
1642
1142
3554
2084
1397
1123
546
2935
294
3274
2496
3801
2576
978
2242
240
3634
235
1048
834
2672
609
342
2598
2553
337
1136
466
147
3471
1980
1253
1914
3966
1660
618
219
3619
65
3341
221
2721
1690
558
244
3398
4011
1138
1733
2846
249
573
2709
3376
3994
2718
3078
505
2792
3217
2517
2746
536
820
2314
2380
661
396
2655
1872
1379
860
3143
1031
3809
3773
2203
3308
3616
2453
3395
2039
1830
3942
3722
2755
740
3987
3433
3257
547
601
1062
3377
1891
1083
1510
1480
776
2735
2158
2012
1345
2381
3669
3895
1828
1362
1238
645
151
2472
2262
2239
3033
1127
1010
840
2741
3224
3602
587
1002
3806
3932
768
334
2909
2244
3927
150
1844
2056
1094
3965
1523
2176
1933
3770
105
1427
3380
448
2546
1926
420
4031
1803
1391
1223
3067
2042
2391
1429
1055
1430
3352
1033
3129
2504
1703
3131
3574
2533
2583
3612
1820
2613
149
811
3944
1487
191
22
1174
3230
2579
3268
2747
2988
3199
3920
60
726
3047
1677
1046
3514
1262
3526
3252
1831
2347
3405
733
1107
3645
3294
1212
1835
1675
1188
2031
413
447
2767
446
623
894
48
2950
1351
3953
3898
2255
3153
2561
323
327
487
2778
3001
1434
2465
2354
1325
1743
3128
3955
28
2800
114
686
46
1001
94
353
1399
3971
3995
205
1415
2482
2256
1390
542
1640
3734
2055
3424
2370
2438
354
3940
2797
68
36
1889
220
789
715
223
742
1871
3106
1058
3036
377
2096
1217
2000
246
2195
2307
650
2646
2913
1129
2393
2179
328
1777
915
2344
3272
2601
1478
3582
1269
3304
1873
1728
3873
196
293
1543
2291
592
2285
2630
2383
2522
3993
1906
3694
1484
960
1825
1533
3477
3808
513
2248
2812
1859
3249
1658
881
483
3142
2982
2196
1426
2238
2129
1869
344
2843
1175
3646
1354
3299
1619
3829
2786
2864
3904
1259
108
2162
417
3163
1095
4029
745
3456
2485
961
837
1685
619
3871
2217
1796
1885
1012
1153
1317
3031
218
889
2091
1309
475
3973
106
1116
1036
230
3779
3193
2317
2990
925
1701
1667
2632
1133
2558
1092
555
225
182
1791
67
679
2469
2922
3023
2088
496
2140
2085
712
141
3072
2603
729
1714
1070
1561
664
3678
1571
3330
3983
1981
3686
3759
4090
519
2874
3724
2143
1257
2642
2804
2508
3839
3635
1880
2150
2016
1922
406
438
756
3775
2968
1664
2702
1441
744
3467
578
707
1547
507
2999
3364
905
2501
1917
2862
2479
646
3540
1378
3597
1275
1442
1513
498
1375
1496
2594
53
2295
1713
3430
2663
2417
1618
1928
2060
678
3519
322
799
1989
2885
685
4023
1662
713
3267
2221
3620
71
2268
1849
3064
2788
1517
2753
3908
1792
2486
1725
986
1178
1684
3506
263
1176
714
3480
445
3307
199
1159
3916
2535
3303
2703
1299
187
3733
879
2124
3699
3959
1068
2111
3825
2267
2875
682
1320
2342
1216
574
665
651
1601
2984
1858
1924
2275
724
26
4038
1437
3415
66
3767
1639
2350
524
2184
1234
142
663
3992
3657
1199
1140
1084
1263
537
716
2294
2280
1597
1794
2564
3114
641
1101
901
700
643
2782
3406
3068
632
3581
43
2418
3014
1611
910
121
1393
2075
613
2156
1699
63
3818
1009
566
3884
1091
780
2382
1342
1209
311
3437
929
2284
3758
2018
1808
2273
784
2872
4094
3584
2760
3541
3353
1109
1890
1886
2736
3181
1557
2993
1746
3668
2186
1306
1282
1563
1008
3155
3756
143
3578
1548
1809
1168
3827
649
1461
528
1389
523
1856
2946
800
2099
2567
2090
636
2625
3886
1750
1067
455
3478
2927
1053
2006
2991
1763
3648
430
3705
2656
3655
2644
653
3941
995
3325
3781
1567
1132
1343
3103
500
1041
1990
2390
2520
2038
706
2961
4069
2905
2898
2526
2980
442
3907
2686
2750
3532
3156
1857
217
1087
835
2849
2025
2123
3853
2470
3379
1435
3285
1490
1013
1433
751
1635
1219
2985
285
1242
1000
1840
3004
1723
638
1527
1130
2356
4
605
3319
2105
3306
1291
2952
1122
189
15
1183
4082
2996
3862
884
1612
1404
33
2670
1916
3984
919
3144
2403
529
3049
2907
1918
2734
911
2578
3754
956
4071
3757
2689
304
2164
1146
896
2633
3555
3732
2023
4015
3300
2413
3206
1827
3062
4009
2543
4091
1535
3373
2761
253
3934
913
2861
979
4062
1538
2337
64
937
1079
711
4061
2870
77
451
3592
2865
1230
1722
443
3026
2321
3080
3436
2725
2574
159
1751
183
3351
201
3542
1005
1394
126
58
3771
941
2606
947
2440
2542
2866
3122
1790
2093
2614
4020
1173
3073
1191
2708
1368
444
2117
1194
2136
2488
782
576
2332
2602
1958
3132
280
3226
2035
3512
1180
2687
2499
153
1610
1015
595
648
1172
307
394
1587
2566
989
16
1334
3367
1583
41
358
719
1135
616
970
1938
2007
1964
1848
2920
839
3291
3589
3091
3912
2900
541
261
731
1676
427
771
2053
3403
2956
569
2373
3262
603
662
1696
1852
540
2936
3090
2945
2081
1832
2882
2762
610
2978
684
2914
3919
3055
1959
3464
2033
264
1040
1742
1149
309
2967
411
644
1365
2061
1037
734
2879
2820
831
3848
1915
872
3637
2805
2324
2048
383
842
1841
2684
2889
2911
3819
3817
2645
3112
2097
512
511
2497
1044
493
3903
869
3901
429
4077
545
1719
1580
3371
3366
3219
1786
87
4010
3743
152
2108
2303
2271
1665
3158
1782
1007
80
3967
262
898
233
647
892
1277
3066
1422
2345
1666
3259
330
893
268
3804
3466
3587
2145
2825
212
909
2807
2833
1321
848
761
3508
2204
4043
3015
3556
3548
1248
3046
1237
2519
203
2774
2305
258
2518
319
3838
2897
2621
3695
2208
813
2299
1579
3238
1953
3753
1735
387
3011
788
1551
3562
3822
3990
1312
1670
1975
3397
846
843
672
2059
2286
3372
1228
2363
838
3339
2680
397
3108
2361
3523
3167
599
2323
2312
1930
4036
1286
2806
1443
3281
312
3448
3640
1473
861
2428
3443
3933
1643
3816
115
456
2954
3652
2549
2824
2877
3736
1346
1969
3389
3468
284
1052
125
3979
2923
3865
806
1381
1646
2437
4046
3682
1846
1531
2247
2237
2992
2197
245
2841
3810
495
2172
2793
2475
2933
2013
86
3925
2883
1164
3800
3999
2177
629
1111
902
746
3590
997
2439
1436
607
3211
4025
3084
241
338
1423
1984
1560
563
2707
1016
3241
224
2022
2346
3730
3126
1011
3641
2086
3074
721
1256
1467
1704
2473
2442
3913
436
4066
2776
1124
1936
3214
3378
317
3387
3183
1128
1335
2832
1198
2790
1850
3449
698
3970
3769
2415
1186
3369
1014
211
384
130
3603
2306
3985
2419
4079
3266
2416
642
3515
3847
897
1745
3615
2815
3958
3344
1495
3500
946
3253
2667
2763
3010
750
1454
866
3222
2340
562
2799
1960
957
3642
1837
4000
3416
1274
999
3501
829
1418
2810
1305
2766
827
1766
3201
117
2545
2003
3463
6
1877
3563
3956
2024
2590
821
958
4048
3178
13
2080
3150
4057
4051
1315
3334
1004
120
9
2398
3052
2863
365
1065
1521
1089
2878
2715
269
3577
1023
2102
2433
850
1421
903
247
1902
37
3088
276
816
1419
2679
215
1927
1038
3864
4001
1409
736
730
593
3400
3741
2092
1893
3841
3322
251
3179
1853
3240
3683
1821
62
69
431
1935
2685
1851
2730
1225
1506
489
1462
1300
1878
1912
346
1018
132
2183
3814
3782
325
2214
3824
1197
862
2170
2615
3083
3041
1520
2100
190
3003
1737
1192
2720
1207
286
1131
3465
2065
691
2719
1166
976
2943
3666
3696
4019
1100
2619
1784
630
1511
1281
1456
971
98
2828
366
3718
2692
3938
3312
770
2868
2777
3040
1778
175
4037
2429
2983
1668
1974
3586
3446
2098
752
1357
1688
1888
2276
4047
2789
163
2571
1074
3172
3507
1870
2138
943
1447
2216
3136
1647
2939
1063
3930
3977
3164
375
3948
3598
525
1942
1117
2265
100
3101
1592
3954
847
1061
3168
59
2960
1691
259
2351
1155
3133
1761
2058
18
282
3859
2699
1105
1945
3869
739
2568
805
1400
3850
1455
3658
801
2144
3288
3867
288
2049
3742
2620
2994
3205
795
1609
2359
278
99
857
3680
791
1661
3127
906
3830
3823
3713
3251
2207
2282
1860
2277
590
1169
3461
332
1633
1697
4089
3673
559
810
3709
808
1973
2422
3081
494
4013
459
1976
1812
2639
305
1439
3527
1295
3600
1983
1060
3497
1991
1231
481
3790
964
1631
3660
2513
1625
2430
1783
1616
3826
3549
1562
1337
888
357
1220
3750
47
1657
161
3278
967
4087
2772
112
1
2887
1308
1152
1170
3812
1651
2142
414
3697
419
3951
256
1861
3110
1034
237
314
639
1815
1997
185
1241
786
40
2405
1767
1810
2658
1770
933
433
2683
3568
1494
3700
3630
3552
1249
681
3681
3095
3056
158
2857
890
1738
421
2953
3643
2690
467
271
3355
2409
3197
3786
583
1032
2580
759
3828
1298
3772
2976
1150
1863
2586
1804
3937
146
1118
3002
3558
131
924
3332
2311
1716
2758
1341
2175
3676
4085
3706
1302
3569
3911
952
2570
3123
1554
3176
3421
3273
655
2301
3113
1512
1762
1968
1582
3434
2890
232
1588
2932
582
3284
3538
110
3947
3263
3255
794
2509
674
3489
743
4002
2027
657
1576
2327
2773
773
1545
2246
2899
0
3768
652
3225
1236
1360
1151
2531
1464
3483
1606
1460
2235
1229
531
228
2384
1344
2116
472
900
1313
1121
1621
2181
39
2036
3761
977
3534
12
339
3796
1050
2021
3975
2147
310
3950
84
2771
2648
3509
1211
2844
3893
2925
1218
38
3570
3402
3762
3692
389
3390
1934
3051
3902
2506
3638
1340
912
24
2926
3350
1628
1425
2446
3551
127
914
3357
3195
3347
2270
3504
2617
704
1652
3608
1553
473
1679
3702
3472
3453
1432
4045
1748
611
1724
3331
1961
851
3856
3494
2830
2477
2336
74
637
1284
543
938
1182
3492
2213
3117
3831
2026
3386
597
3000
4059
1730
3723
2821
1247
1463
575
4072
1208
2464
3989
3413
2211
2066
3148
942
1382
1064
1293
3109
3735
3792
4008
521
2731
3875
2987
2813
3550
621
1353
2191
994
2675
1465
993
2673
2881
3311
2919
200
1297
3223
2019
2333
2855
2947
658
992
3145
3254
1245
369
3715
3978
435
3265
1814
426
2977
2119
859
2173
965
180
3929
1673
703
738
177
2634
1472
3313
757
3198
136
315
1355
1776
873
306
1683
705
1498
2050
785
1972
1717
2420
3227
326
1205
360
3137
135
1019
3531
164
718
1450
1449
324
393
1331
1468
624
3539
3432
202
3269
3794
3190
3059
553
3231
2364
499
2371
287
1866
477
617
514
754
491
928
1104
2610
2414
3063
3457
3174
828
2134
783
2869
3146
1388
1154
2387
1078
2341
3346
34
2717
1659
3787
506
470
422
274
3484
2949
667
1377
1292
299
3952
1648
2604
3396
172
209
594
974
1650
298
1967
2209
3392
708
3811
452
4081
579
3980
3559
1541
1904
2334
680
3258
1555
1905
2362
1943
2374
1003
2964
1185
1586
1126
1303
3359
2555
1702
399
2258
3755
3154
1995
1417
671
265
1098
3496
2264
2972
3720
401
44
2168
2958
72
998
213
1798
1525
954
1516
2002
2375
1947
588
3486
755
2269
333
3511
1836
3717
2696
2343
11
923
1982
2818
497
2313
598
2490
1550
1071
3789
359
1913
3210
985
1800
1376
2859
1471
1333
696
378
3900
1201
91
2764
2141
1674
1232
3315
2622
2892
1401
385
802
4068
1979
4039
51
2452
3079
527
3121
2062
1047
1772
3851
2871
1336
2315
916
1925
2071
404
2263
1416
32
1338
2135
3077
701
318
2671
1764
1962
3028
990
2008
853
966
3282
1838
2001
3546
1327
17
2476
2278
2471
557
571
1329
3060
363
1598
361
2077
3659
725
1741
2930
1626
3021
3815
635
2174
2668
1385
1499
2107
1479
2352
3624
3008
4095
1911
3698
2903
2587
3097
535
3881
1202
3139
1755
669
2660
3246
3777
1106
2556
3044
807
3746
3470
1605
1304
1482
113
3235
407
3611
3208
208
174
3
