3620
1992
3367
2619
2531
1420
1183
2123
1748
2326
902
2981
1495
1401
1933
1551
130
2157
2451
1799
3766
369
2837
3010
3894
2058
3743
1709
823
3465
1157
3340
66
1254
2362
3027
1288
2228
3106
94
3057
1739
3795
2148
2549
3086
3215
2792
3053
2639
3363
3029
3582
2534
359
1058
2961
1759
2436
3913
1876
793
3504
1828
340
784
1727
1065
853
4083
3378
700
248
1199
2313
3112
3142
4036
2419
3115
4027
2580
3231
3811
3138
1044
932
1444
3263
1563
265
652
1855
1730
396
1013
515
282
2018
1383
668
3505
521
1927
2989
1069
2465
2121
2700
1115
3047
3312
2785
3066
1159
3295
3709
2972
686
2578
2925
2888
1079
58
1324
3226
860
2477
2569
1645
434
960
1
2291
1071
2154
2108
2220
2279
2922
3339
1348
1670
2116
2401
3324
3925
873
2724
3710
905
821
303
1556
3286
3098
1609
2576
1222
144
3859
2926
2609
889
3904
2414
2263
1190
310
2869
496
111
2891
3417
3638
3975
841
435
1396
2957
2325
1998
3187
766
647
2583
3298
792
174
2741
1485
1864
4017
2987
3550
892
337
1731
2124
2230
896
2402
1354
2780
1762
1616
1213
2764
751
845
1687
1961
2210
3122
852
2826
1800
21
3941
742
1160
1261
3733
4015
3497
3054
1273
283
1655
1675
3446
3046
3282
2896
1359
1056
1836
2223
3451
2431
3396
3602
1907
2845
3156
722
1673
207
763
3821
1968
1728
1889
3522
1778
2384
618
1921
65
1793
1473
2061
3385
2696
3456
3380
1891
3534
1806
1232
1714
1909
198
1835
353
3133
1329
3421
614
2350
1949
2772
1493
3610
787
3678
2517
3959
1459
1758
2803
1497
2139
3072
913
3929
1937
2516
773
530
2866
142
2318
2012
3160
903
3346
520
1008
2002
3441
264
1661
3992
3365
1456
1209
500
1818
1951
2324
3683
814
1784
620
3450
185
573
1241
3333
3502
3362
2947
3394
2286
3866
2256
4040
2246
1944
3104
3443
2080
865
45
1392
405
3118
3970
3430
1207
585
993
1660
4032
671
7
4026
1298
1315
2557
1881
3538
804
4053
1461
3023
3084
1812
1640
1858
685
360
1194
704
3372
3813
3756
3437
1625
549
1942
2044
3406
2437
1228
2492
2120
3837
1997
503
2456
2053
17
3349
92
2399
2952
1546
1327
215
3328
3957
230
1263
1356
983
3523
2909
1643
777
1435
461
3126
3673
3966
3928
4055
1469
391
155
146
2363
3521
3978
1711
1038
2020
3829
2856
2577
1520
1892
147
602
3303
4035
1875
1275
3022
747
829
1128
2818
2532
4014
2341
2840
3578
122
4065
1343
3734
2584
1195
1269
501
1838
1880
3272
2758
1651
3461
108
409
3665
3872
446
2992
2720
120
4088
2405
1364
2365
1888
1939
3144
1860
3077
862
3212
3854
3466
2213
2929
2795
1047
1689
132
2135
3680
2884
1601
1070
963
755
1474
3014
2374
1588
758
1653
2778
907
3922
3260
3721
1374
2319
2857
1705
3717
2564
2357
1694
3073
3526
3070
3668
3448
689
3616
2305
3584
119
3452
3492
1321
3090
33
3773
1304
2416
1769
1344
970
3802
2704
2038
2110
512
305
911
1956
3481
2406
227
3930
1884
202
1203
3383
1355
1407
3267
6
3886
1555
1080
1573
750
690
1322
1365
292
2877
3233
2311
3993
1429
2640
3614
2540
3712
929
334
3991
2754
3044
1077
2889
1703
263
3369
2494
794
1131
811
2193
3764
2938
2965
3633
924
1312
1657
3056
1095
1308
2713
3666
422
2238
2590
1096
3814
843
1993
1975
180
2714
3468
135
472
3147
1701
3433
3846
2511
2174
4029
0
2226
1792
898
1139
3516
4066
790
2010
123
2064
563
365
3961
1781
2802
654
2042
3660
60
269
321
2459
1795
2725
2747
2498
3449
2151
2944
3624
1169
3685
669
2189
1292
2813
1977
2526
404
1170
3942
2045
3401
3403
2085
1454
473
356
1577
3409
3063
2487
3344
1646
1158
2528
2737
3736
2383
2303
82
1189
981
2633
1901
27
150
346
1307
2143
1624
3214
1668
2364
3855
947
1113
644
2582
1492
1116
840
401
3832
1775
3230
3081
3938
1349
760
250
2596
164
2162
678
2760
3129
2605
2222
2635
2297
3804
1628
2453
3447
3542
2851
2077
3092
2529
1301
918
3254
2107
3414
568
1248
3105
2850
1570
2862
2407
233
871
3444
470
3529
3486
2342
1303
301
849
3337
372
558
2600
3304
3179
2168
1140
3599
2645
1904
3058
1602
1541
3454
2353
3652
3377
740
61
3851
3026
492
1606
1369
2261
1258
275
3207
3416
4080
148
474
1487
604
3914
2626
1104
1212
2354
3305
3592
2368
2756
2278
3952
1141
2786
2679
2717
2932
3151
1579
1658
3771
2665
3048
385
1015
2817
2656
3816
2765
1930
3467
2475
3061
2003
2598
1418
214
3411
3407
380
3933
1316
3676
4051
242
1830
247
1382
3686
1443
1066
3291
2025
414
3150
140
1034
420
717
3186
1938
3840
1691
1874
3940
4074
2825
3393
1756
2043
151
839
2167
3148
3885
4081
2912
364
3319
886
1679
3745
4068
3435
1081
2013
2294
2415
128
1404
616
1153
2809
3707
2216
2111
3730
342
3849
2429
3598
1300
2142
3297
3252
2905
1957
3596
734
1804
298
74
731
457
1235
3862
3642
3384
3506
1464
3404
2550
1102
578
544
3236
3677
2285
1952
1319
2050
2360
2729
1898
2833
3162
381
2424
3174
3895
526
3259
3229
2998
3931
1007
2434
88
2743
2309
702
1447
2971
294
81
2941
1974
1341
2722
506
2525
2779
584
4019
2249
3561
112
1665
516
854
511
2616
4095
3801
3204
1206
2530
1432
329
1735
3770
3533
3089
3374
2894
1720
1188
43
2066
2004
2940
1185
1148
3681
613
1554
921
1331
285
3786
2914
772
3331
1510
3775
212
3989
3155
2084
1763
2023
2574
2488
1332
1962
3751
867
1259
1827
2653
2681
1037
2935
1134
3493
1421
216
2509
2336
427
1514
645
2258
2882
3761
423
318
2114
1078
2021
376
623
990
3094
569
188
2864
2711
752
4005
3116
1440
1813
3218
3470
2099
3442
2252
2499
2648
2942
2975
287
63
1283
51
3579
4075
3088
2812
754
703
3302
785
2537
3798
1059
1716
2462
3388
1279
2983
3424
139
2051
579
822
2752
3473
2822
2272
42
775
3981
1732
1786
3780
1145
1669
2821
753
1376
1250
1052
2514
4016
1738
2730
3347
289
3316
2543
1685
2113
290
3549
126
2277
1857
2381
3011
3687
1092
2874
1971
3059
1386
2954
2624
1583
964
3016
626
2958
1027
2986
1167
238
2637
2149
3313
178
2659
2180
1895
3085
3653
683
1229
3373
3869
663
2219
634
2548
3300
1409
3973
2995
946
2763
55
3945
1610
3429
3172
3167
3143
3740
1340
3294
4086
961
3161
605
3434
2049
1919
706
2568
748
3738
2541
2134
2224
491
2647
2985
271
2430
891
325
1777
3071
2101
3689
3163
2493
564
831
3124
2460
1945
3566
350
1184
1842
4031
2811
1584
336
2562
3003
293
2755
2214
2197
2988
1883
390
1893
709
2697
3699
1144
3926
587
2695
2235
2345
3571
2141
1540
101
2828
3368
2566
874
3719
2330
1814
676
998
16
3640
1558
113
203
3128
788
1816
22
2661
428
906
959
2432
1161
759
1776
494
2716
217
1581
2071
2746
3213
4070
3235
1598
160
2377
4010
47
1086
2655
2748
2946
2312
1336
2054
326
2254
3325
4007
2251
1648
3101
1853
3431
2579
965
1010
2201
2259
1101
1442
3004
1106
3994
2621
1561
3335
3774
1486
2339
127
3820
351
1989
3258
430
2379
3082
1011
209
3234
1099
2503
1791
589
994
30
1846
1500
2096
4061
2331
67
3641
13
1926
3890
3577
3065
2868
1585
949
1680
3517
2447
4060
3514
3382
2727
1223
2500
996
3315
3636
1896
2083
110
1412
1400
493
1415
3060
2962
2212
114
3093
724
3911
1532
908
4063
1753
3983
3947
764
2455
64
3134
2194
2707
3722
2750
1166
441
712
2873
1715
2161
3180
2819
2335
1155
1747
2299
3757
1285
610
3834
1918
3191
3366
1253
1318
3243
2685
3919
1032
984
2906
276
417
2538
3667
2799
2458
3501
1760
454
2014
3800
3485
2890
1000
2076
933
2863
1704
1398
1064
2599
186
1338
561
2879
1024
489
1825
343
4022
2137
3250
2072
2775
2302
1737
4001
3711
2196
3357
2556
1178
1379
2836
3200
586
2479
3033
1218
3140
2001
3487
499
3956
4013
152
2289
885
1984
1204
1367
2241
306
3713
3965
3920
456
3810
1787
2060
498
1150
1522
179
540
3963
3552
3559
1043
2057
2308
1094
1852
904
1363
2087
3568
997
2181
972
1196
2900
2671
2915
4072
1466
4069
3459
3815
719
3704
1772
2097
3103
1594
266
2878
697
2996
3546
1697
1437
3830
23
560
3671
3238
3974
782
2200
1870
809
2680
159
1097
18
2567
3206
555
661
745
2839
1615
2250
3783
3064
3311
3069
2452
116
1586
864
2355
660
1722
392
2306
2593
2490
539
2959
1082
936
1819
1752
1147
1274
1484
3906
2062
3999
1227
4011
1271
56
3338
2611
3359
2852
1334
3137
2280
2450
487
1317
3275
2152
1357
705
1534
820
718
1029
1171
40
504
425
1225
1815
3348
812
1360
2781
2644
1350
2271
223
1266
2129
3656
3280
118
296
1589
1958
251
649
117
3684
1310
2394
3087
373
3269
1085
3695
3068
3990
84
2848
723
2508
1611
437
449
1575
1480
834
609
2759
3545
1049
2951
621
3410
1084
3936
2699
3591
3040
3921
2225
2945
2881
1352
2367
3729
1848
1740
3781
651
2000
3540
3960
402
4077
1608
3575
3884
3827
1302
708
3785
199
205
4046
3285
2156
3567
1450
3902
125
2693
1569
3079
3839
522
3035
1257
838
452
3042
2524
2301
2849
2369
2970
2207
1638
2520
2233
3299
3248
2757
3601
657
349
910
348
2332
2560
3469
1251
550
648
3891
846
458
1696
3698
768
1790
1755
3032
3779
2
143
154
3772
332
3867
1659
781
1455
2521
1026
2767
1446
1560
3462
3675
1980
83
877
2638
295
2753
236
3968
2048
1811
1672
762
2396
3500
1268
1746
382
2949
3239
3290
941
2911
1597
757
2496
1596
2270
2257
2205
3149
4047
1549
624
3953
330
240
2769
1152
1033
1234
780
239
374
1943
3937
429
3184
1088
1644
3794
3083
3321
1885
2262
1955
4021
3923
1552
1629
736
438
4000
79
1698
1647
1050
3530
684
2337
545
187
258
3576
1656
567
444
2773
1202
3864
375
3194
1841
4090
1179
2117
2474
2604
124
4078
2835
488
3724
3201
3463
3
1707
1496
3096
2563
528
2586
2504
2832
546
4067
2627
91
1006
2570
485
3784
3095
3117
920
1567
153
1399
3000
901
3782
1899
2667
2706
2334
1023
2073
3750
3091
1009
4076
48
299
307
653
2744
1323
2039
638
2642
2674
523
3361
4089
1507
1690
433
2175
1844
2351
2425
1224
218
3055
3036
813
3889
1771
3408
2810
2497
133
316
3985
1090
2807
878
4073
455
2300
3900
1117
345
3741
2276
75
535
2338
987
680
2287
2734
2171
3306
1941
2973
930
262
2304
859
3824
221
957
2505
3503
1840
1186
629
224
1630
3565
3551
1416
3457
3292
3585
3264
1482
3604
3650
3669
2295
2472
3622
1244
553
2439
1539
876
2924
1238
3525
2183
161
2913
2687
1042
1924
3790
1125
68
2315
175
3141
3903
4082
2928
844
1531
556
3152
1950
1868
2005
1979
1193
3634
1468
1866
4025
1509
77
3221
3183
919
767
2209
1130
4043
2347
1872
2892
1243
378
1614
4041
1724
1087
1198
2082
2861
2997
3483
2571
2691
229
3025
2059
2063
3356
2182
565
371
2666
2784
1965
541
162
1535
1693
1682
106
939
3352
2546
3873
1062
3387
851
2969
3643
3649
2373
1162
3618
1018
2356
1143
3986
281
1994
3843
3519
2982
308
3580
1780
3793
3807
2880
3905
3949
2247
3099
2705
4009
3554
2104
3075
1843
2469
800
3166
2544
1025
1129
1623
1914
1547
3402
1191
3211
1915
3932
2427
3391
1729
3266
480
797
810
2387
412
2386
3988
3511
357
693
3619
3670
2814
1470
2766
3076
2100
2994
2190
2314
397
1635
677
3748
955
1192
2090
2701
3768
1774
1650
1112
3037
4091
2883
1122
576
1019
2158
1770
1499
3723
274
3954
1361
2329
1426
732
971
2575
2340
2380
1448
2036
534
481
1419
34
1460
1636
2980
1287
284
3765
3934
3539
593
2388
1905
448
1923
4052
3114
3108
4058
3763
2208
2106
1652
3175
2131
863
3865
1929
261
260
2923
3612
268
1233
2187
1831
10
4008
1119
3317
3759
366
729
720
2710
3553
2920
379
1986
129
3655
475
538
897
2690
149
90
3177
3868
2561
3242
2240
1733
2323
1265
2166
799
934
3907
789
1706
2093
259
2443
1850
968
1861
2715
2122
1239
547
1516
2417
2979
1163
3560
3594
190
2133
3962
2109
1272
3984
36
1677
244
1297
1476
3590
2118
1618
3478
2489
2895
1457
2269
3021
1414
2740
3097
3210
2376
210
899
2333
524
2853
3912
2631
1483
3826
1452
4
980
1012
3190
912
989
1536
46
1230
909
403
1402
1671
1851
2267
3245
3332
3705
2993
1137
2652
1582
2119
163
950
2078
2597
580
1506
1242
2466
630
1309
1854
3944
1481
2031
231
3998
2173
3498
1389
200
2657
2615
2169
837
196
2307
1325
1110
3139
1453
2009
3611
4084
3562
3376
574
3595
3329
2634
2015
2610
1999
2030
2275
1550
2428
3173
598
413
3355
1397
986
3809
1438
278
2676
692
3146
3127
3955
3838
115
442
3169
2518
1146
943
3629
3262
1719
4023
168
1543
3185
2512
4033
1809
32
3015
1894
1983
659
880
1252
49
1133
2607
1335
3626
713
272
2629
857
279
3257
2846
2602
3548
2433
243
935
1639
3455
2378
1634
3364
1917
1475
1215
2320
3217
765
158
3799
2328
4030
572
1439
2943
1501
2033
3425
1156
1940
1462
890
3747
3917
3496
1613
861
1990
1548
2403
1805
3630
2176
3694
3460
3892
643
3253
888
1666
1221
1205
592
3288
3354
4085
3896
554
1061
1862
4064
1280
975
956
1289
2446
1210
440
8
1513
4044
1197
2420
1695
2527
1934
2838
3939
3663
3845
559
2385
3436
2026
1172
2751
136
1823
728
726
3532
1633
1920
674
3593
3427
1390
2316
2709
1105
3833
3274
805
2069
3078
582
2481
922
1091
1603
3659
3969
2327
2815
315
445
1528
3876
628
2692
2726
2559
225
2762
2398
756
1393
3397
1663
2919
1996
3018
3171
3326
95
3860
1674
3570
2801
191
2184
2646
2413
1057
3439
389
2901
3706
436
3825
3052
632
783
1068
3879
1463
2847
254
2132
418
3426
3208
3997
3861
3121
2438
900
4004
2482
537
1403
2476
3739
3836
3051
97
2011
3296
2007
1545
2128
2198
2089
2519
1053
1970
1887
3413
3863
1867
2774
462
650
2820
2594
1226
532
976
2448
945
3120
1290
3510
3597
1808
398
675
3196
4071
974
3277
3569
192
3341
2966
211
691
2102
666
2464
2423
2404
471
985
19
3617
1187
3661
1083
557
3828
2572
362
3178
291
1067
14
1126
311
1362
1346
105
2092
2442
1524
2035
1180
267
3520
3345
525
1710
3946
2782
601
1593
4003
73
52
1505
426
1237
2886
2854
2702
206
2513
20
3219
714
727
3422
1688
367
3181
3307
2790
2231
3531
2823
2934
1504
1869
1574
399
2024
817
2412
3674
2522
5
1347
1845
383
3314
1642
3135
3123
1031
3856
3980
3850
2370
3232
286
2976
421
270
2871
832
3625
870
2029
566
1822
3887
2146
3251
806
3754
2395
1976
400
2870
2585
1465
548
1001
510
1932
2776
3789
3556
2248
453
595
1262
1384
3574
3613
2887
3154
2787
1765
1734
3034
1089
3898
131
631
3188
3971
937
1313
3746
1488
3130
3509
679
2160
1744
1847
2723
1817
3720
2178
3644
711
2829
3623
1538
3001
2677
1136
3474
176
3398
1826
597
816
170
2999
2669
226
35
1111
3658
156
979
3165
2243
1553
3615
2554
4018
3109
1320
2843
1286
2349
600
1533
1107
2898
786
2441
387
715
3513
2034
241
1256
615
1014
2613
3544
1282
3950
1410
1100
1839
577
1886
2876
3897
2885
2070
2950
2587
1353
219
2865
3386
1607
317
2893
3915
338
3693
2620
1478
313
3225
1985
1783
3888
100
1820
1662
622
842
2292
1295
3182
3877
3543
505
3909
2255
257
145
3159
542
3749
1431
3732
1922
3792
895
2234
2348
2236
3476
2037
2192
2978
3716
237
2739
682
847
551
1931
1030
3039
1021
3835
3987
2535
2899
1981
1039
204
2343
2589
2916
3244
2800
245
1807
2728
3948
1973
3796
3527
3164
1151
2628
2127
1988
1796
2841
1326
1916
1708
3342
3203
1912
3370
571
1953
1736
3006
2967
2749
552
2917
925
2617
978
819
3758
4062
280
1114
406
884
2006
570
3976
1717
3977
3074
694
2897
954
2081
3323
450
606
695
3228
3110
3607
942
2960
3020
134
1127
2484
1512
2074
2473
477
701
1741
3491
914
1631
2426
3119
3284
2545
2260
3753
3972
2418
2056
1430
881
3395
590
2964
497
2229
3205
1005
1046
3050
2112
3700
2483
672
1622
368
3842
2670
466
2859
2623
3495
3688
2463
1217
410
246
1003
3647
2663
2953
1954
1255
1873
1686
2948
3195
591
1960
1467
4059
2322
3031
1406
796
2794
232
3268
915
1451
627
928
1041
1434
3318
2761
393
3507
1246
1527
2195
2186
721
1723
1351
1829
3910
1508
2273
29
1627
2968
2793
80
25
2244
3309
3453
2359
3762
923
3935
2664
2933
2390
2274
2268
96
1566
300
636
1982
1377
3168
2065
3564
1865
2177
835
2788
1366
3703
3216
1935
447
1604
1020
2698
2204
255
107
735
2163
1849
3005
3041
331
3283
2317
3996
2501
3536
3412
1871
3951
3489
1683
1494
2816
50
1284
791
4087
778
3223
3581
1713
858
2199
2712
490
443
138
3198
2506
1074
2245
3494
3632
1216
431
2215
1375
109
1408
363
3818
432
3265
1824
1174
2830
1789
4020
165
848
1054
927
3043
738
2658
641
619
1833
1405
2536
2491
2091
1345
3062
2237
1277
314
1072
1220
3880
3220
3278
3702
887
2115
195
2553
2618
1518
687
1424
1314
2298
1063
1525
2495
3627
2422
1802
3899
121
26
2203
476
1231
3131
1358
2930
324
1337
698
2931
2805
3528
2539
3107
1810
2068
2150
3287
468
201
1837
1391
688
725
543
1048
850
2798
2019
2470
3731
2827
1900
3240
2457
2558
1293
1109
1766
2910
15
3379
1381
9
1394
460
882
2732
509
86
2103
1684
1913
1519
104
2721
4034
2974
1201
1380
952
519
3600
3490
2921
1247
181
1928
1370
1664
1576
2468
256
1801
958
302
59
1002
3256
3918
3488
11
1121
795
1124
3482
2686
451
2672
2542
1211
588
3512
1529
1040
988
517
1149
508
2211
1649
1530
1165
4028
1751
3744
3336
3958
3664
2485
1120
1236
973
1103
917
189
3484
328
1449
2592
4002
344
868
855
3199
3558
1328
1472
1368
3350
3102
1568
478
194
2288
3964
459
184
2984
1108
1489
3831
183
1764
744
2636
3009
1743
1773
2682
2771
70
770
2824
2435
1073
3428
1503
1164
1305
699
1564
635
3013
2282
482
3334
3858
323
4012
358
1947
4048
2867
2632
1678
1299
2668
3537
2397
1946
486
312
1490
536
3007
2650
531
2358
1028
1281
1051
2264
1433
2382
3893
3541
1385
3241
3249
4093
1427
603
3979
883
1045
2144
2777
1749
1517
2242
3224
3603
1621
3420
3742
386
3418
774
513
177
1978
2641
3583
2188
995
1294
3381
2770
4056
2079
3870
1699
3727
1718
1016
3438
4042
3360
2872
1035
2218
1967
2797
1135
3572
2296
1592
3844
2366
193
3508
1768
3672
3157
222
633
3499
3817
3752
2147
3637
3737
3708
599
102
2595
3852
1260
2105
1411
354
1750
1523
3419
1987
951
4092
3308
1264
1969
2834
1859
2155
3589
1017
288
2191
72
3464
419
320
2502
3392
771
1055
4039
370
3017
2956
1605
746
3192
3692
388
4049
3882
1863
815
1342
2694
1782
1559
3049
2371
3132
3080
1906
2783
2533
3881
220
2067
3246
507
4037
743
3982
658
1477
3145
1428
1557
1681
730
2486
938
1972
3389
2088
3358
249
3726
801
1181
1177
1619
2164
3847
2028
3805
361
594
802
3657
98
2510
37
1676
1599
2603
2361
803
856
2591
869
3270
3237
2875
833
3547
2239
527
656
562
3176
69
1620
2130
4079
78
991
355
1712
612
2284
2471
2266
1572
926
2606
297
2651
424
2903
3255
3353
3608
1902
2936
2480
1562
916
85
1667
4057
3472
1966
931
2145
1502
1542
3573
2643
1797
3791
2551
3038
464
1311
893
3222
2660
2581
1879
2393
3008
352
2625
2547
3471
2410
2808
639
944
2153
2937
1910
646
999
1245
2032
1200
141
1267
3797
2675
667
2796
44
408
2372
1595
3916
1725
1834
696
484
662
3606
1278
1726
54
2400
741
208
2703
739
3715
1878
2445
1832
1387
1521
3351
3045
89
3535
322
2138
1721
1339
3605
3714
2515
3874
2842
1936
3853
3445
3310
1168
1761
2902
3019
1637
439
1754
87
1296
1565
769
3776
2022
3193
24
2688
1757
3261
710
4024
3515
1963
173
1591
2908
1580
3609
137
1702
707
608
1176
3028
3778
1491
3787
2206
3822
607
3125
415
2346
2047
2844
2098
3755
2449
2165
3330
948
655
39
3271
76
2055
469
2858
234
2478
1240
3631
1276
1537
2461
2179
3400
333
2310
1877
1004
1700
3343
2977
2791
2352
1803
2683
172
252
1654
1571
171
3648
3030
1785
4045
625
4038
467
2719
2321
1413
866
2806
3924
2612
394
2684
28
2046
2126
1925
826
1388
827
3769
3878
3247
1903
2283
2421
2094
2140
2136
1075
479
3276
3371
716
3227
1291
3002
2172
2718
2789
825
3477
581
38
1964
2008
377
1249
1132
2735
664
3458
3153
2963
1138
583
1578
2052
533
1436
3808
575
1182
169
3841
3586
1372
3803
4050
166
2293
2408
3202
2768
1544
1798
529
57
53
2095
1479
3621
1897
213
31
3718
1422
2265
3908
2565
1767
3967
3170
1995
982
761
1948
41
1445
3777
3725
2086
3423
2027
3281
818
3819
637
1632
2040
2409
611
2281
1458
737
2662
1333
411
3111
1587
99
1373
1471
3024
2411
1745
940
872
3901
3012
416
2227
3293
830
3432
992
733
3943
339
808
3588
2955
2860
3100
1036
3440
2041
1270
1076
2731
3646
3662
1908
182
2344
3301
2588
2392
3696
2745
2523
514
341
1173
4054
3405
3113
1590
3480
495
3857
776
2831
3691
277
3875
3871
1022
1423
347
1692
2991
2170
2440
483
518
3883
3995
1617
1208
309
967
798
2673
2708
828
3415
1371
3524
2159
1626
2454
2017
3327
894
3697
502
1060
681
319
673
3728
1511
2573
2990
617
2202
335
2389
3289
1441
665
1142
1911
1526
836
3806
3320
2689
3136
3158
3518
1219
640
2467
1742
1788
1779
4094
3563
596
2125
3848
2733
1378
879
1425
2507
2185
1175
2904
2555
1612
3635
1600
1330
642
3555
228
3273
3679
3812
1794
1515
1991
1123
3390
1959
1498
779
2552
465
2622
2927
3767
2444
3279
1395
3690
103
2221
2608
3639
1641
395
1214
253
2075
71
1118
3628
3475
749
3735
197
2678
157
969
807
3788
2804
463
2630
2290
12
1417
3587
3823
3654
3651
327
2855
1093
824
273
2232
167
1154
2391
875
962
2253
3682
2217
3645
2649
3375
1306
2918
3197
3760
1890
384
953
3479
3399
235
3067
93
977
2614
966
3209
2742
3927
62
670
1882
1821
2375
2016
3701
4006
304
407
2601
3189
2907
1098
2654
2736
2939
3557
3322
2738
1856
