2387
2419
1292
1199
957
2746
406
537
2371
3345
1696
1136
3870
4001
2553
2449
27
2760
1099
0
379
3849
1574
93
1593
2274
3651
1555
708
377
46
4095
3586
49
3371
3885
1799
2258
429
368
2448
3550
1201
1497
104
2783
2595
3045
3411
68
180
1211
3931
1402
4023
3713
917
3287
3151
1232
3285
2040
473
3397
3364
3407
3876
3946
733
1704
3346
557
1091
3190
384
1154
3181
4036
14
1620
1280
3174
1308
968
3455
1628
566
365
3725
1564
3619
118
3638
2849
2355
2256
2407
261
1115
1436
2344
3982
580
2998
1817
1980
1613
3719
398
3646
2967
1732
2113
4051
3614
2831
4089
138
3077
2674
1597
1341
1686
3437
2997
1722
1219
2289
1171
630
2213
2142
2044
1281
2714
4080
1257
2956
743
1430
2075
1382
1577
3281
340
1961
2455
481
1383
2957
485
3708
303
2912
1132
4004
3193
552
4094
2317
3918
1271
99
2122
3936
1701
2566
3189
2709
949
676
4063
3405
2005
1982
1932
3624
3438
563
1326
1778
2096
1193
4053
838
2208
3061
2411
3944
3114
3657
2237
3660
1721
751
4076
3578
1638
335
458
995
1972
1334
3895
2564
2531
2565
606
3654
1880
741
2059
2773
189
313
1483
1974
2447
521
1623
2815
404
1511
139
2646
1450
2769
1071
3854
822
3575
488
274
3807
3427
900
996
3415
881
3826
1581
2068
3321
1610
2761
2361
3909
2420
2298
1008
426
3726
1654
671
3893
748
3580
1464
2415
506
1745
725
3302
1630
2240
1735
3314
865
2793
1947
1851
3711
3208
326
990
1956
1709
3760
4054
2832
3028
2374
1401
1978
1919
3709
3054
70
1422
2780
3349
3816
2677
739
2170
510
2332
3470
622
3409
57
3088
2033
1209
3739
217
1070
3488
3102
776
2073
623
1926
1818
2179
3640
312
1586
1672
3916
3439
2169
1205
1063
80
1647
302
2201
3699
370
3463
1845
4092
2631
316
3765
2725
1432
1921
2116
403
859
1037
1590
3903
1588
2794
4061
650
463
2472
1300
160
3164
4056
2883
3157
575
2726
3984
3251
2599
464
3877
1177
3005
4039
1111
3247
3636
1191
3471
1967
1185
829
1041
3536
2271
3365
450
2633
1003
375
2917
1175
3900
2310
1044
480
1864
726
2263
2430
3031
2647
3401
3689
2314
1798
2851
1244
3093
569
40
297
966
2221
363
3572
2145
1060
387
3162
456
3142
1809
1263
696
2528
3414
1456
1349
2719
397
2818
3712
1390
4093
769
2493
851
1012
3857
2016
3039
755
669
1017
2324
2787
1651
1596
883
1463
64
1009
1276
1743
149
3683
66
2339
1844
1871
509
130
812
3720
3701
416
3962
94
3560
1492
2628
1421
1204
3423
3062
3649
120
1345
3395
3744
1860
3828
2887
2072
898
1247
1437
2462
1733
513
1377
614
562
1949
3910
560
155
1479
1522
2598
3521
1364
2291
2619
2590
1815
2469
2953
1846
2817
3875
3113
3564
944
2280
2931
3978
2713
2943
3328
3968
3021
3014
3862
1438
2070
3052
724
3707
3872
3673
284
1348
3318
2800
3787
1772
2976
1417
564
3610
2120
334
714
2405
2362
3861
2682
2164
2909
1304
2226
3907
991
3209
2679
899
878
770
2325
1526
2819
1357
2074
3338
3056
1285
664
103
906
2835
1920
4031
644
123
824
271
2750
766
3845
2978
821
1282
3818
3055
3060
893
3183
1140
260
1757
2820
1715
3499
1764
1444
3486
3205
907
1309
1840
2521
2655
1882
257
293
3379
2211
3270
2932
549
304
2936
978
3140
2185
1631
943
985
1670
3341
444
773
3268
1264
738
2549
2484
494
2876
1512
83
956
2779
942
3301
2086
1740
2618
3242
3322
3127
525
2356
3155
3236
3327
1902
107
1486
2902
572
2382
1466
3194
2149
3942
1059
3859
1356
698
684
2558
879
3081
3010
3595
3475
2560
1762
1176
3788
2559
2991
3652
1081
1398
2235
980
1979
1114
3434
1007
3878
958
2118
1073
2699
1150
110
4034
3392
1337
1491
2836
940
336
3871
3202
2922
2886
3311
3503
3975
3601
1693
3291
2720
3628
3124
3542
1242
2375
2254
1061
2304
2925
683
2467
2421
339
35
1891
627
3622
1050
868
2489
3532
3110
3120
3762
2914
1755
2403
3906
2847
3860
343
1051
700
2796
3265
3126
1542
918
2986
2715
2290
2656
2004
3046
3020
2790
2752
2276
2302
2009
1528
1823
3196
2994
522
1449
2737
721
797
2575
3626
3609
254
1953
3165
4017
2574
2307
954
3637
3243
2740
266
1049
411
320
2722
3911
2961
2154
3790
1828
544
2862
2869
1420
1656
2376
4026
1513
2234
1635
117
3943
2393
806
3136
2473
3143
694
2222
13
3811
3519
559
3494
1029
1227
3276
2432
2327
759
3289
1433
1340
2707
381
666
3215
3728
2692
2511
2803
796
1253
3464
1618
1053
3796
2540
1338
3985
112
2358
2594
1973
3435
519
3030
2871
3599
2685
2821
2689
147
1388
2546
3389
3351
1720
7
987
346
2888
2438
2510
2951
2265
673
3973
2270
2509
1951
3992
3764
1912
1716
3972
1691
1329
1431
3108
2050
2609
3976
1632
2561
2834
2192
86
2730
1006
3925
3680
1958
2639
3504
1780
3094
556
2952
2111
78
3277
768
2180
3643
3363
2954
1575
2741
2003
1234
1950
2670
2649
2927
962
1918
3691
1548
1237
3852
2352
1299
2658
101
290
2569
1465
4040
526
2975
3995
1598
3806
1626
2065
4060
483
2428
422
2480
3721
2882
1679
3880
1929
437
2980
3156
2547
988
2890
839
3510
4071
2748
3579
884
262
3952
744
2436
765
3465
1360
3940
3926
1258
1269
205
3237
2684
2373
3380
2032
3751
4064
3592
1000
2267
1077
3176
2757
178
1395
1409
653
182
4088
2318
2288
3331
3279
2401
791
2580
4029
3348
1991
3241
1
3598
3441
2468
116
2388
3355
2643
2308
3275
1319
2152
3313
2706
465
2648
2205
2807
2652
3823
1129
2439
903
1470
2036
418
2227
1322
2563
2797
845
964
472
3479
3033
1181
2342
1966
2537
847
1648
126
3186
1781
38
1824
3099
1353
3665
2993
2572
121
3232
823
1072
2464
2839
1502
3080
2877
2406
1791
1848
1690
531
2620
393
553
1113
524
1090
3011
287
1363
2255
3372
728
3756
235
1307
3597
314
889
1058
2812
3154
1865
2826
1155
2753
2395
1223
1297
3342
514
1327
2214
214
3710
3360
1107
3180
2112
691
3224
3350
3773
2394
1013
2523
4043
1288
3468
1052
3793
2389
2544
2230
3466
1571
4002
3019
2728
1717
2187
2241
2080
4058
2766
2568
2516
641
391
2524
2513
3577
2651
848
568
294
1226
3085
1379
2791
2805
609
1576
3317
264
3451
2232
3705
454
1650
3731
2842
3418
319
2461
410
378
2911
3574
322
2987
2984
3890
4046
140
179
2390
3340
701
2512
3278
2710
2615
657
3727
2712
3416
1048
1040
2083
2837
3511
1608
1792
3483
2946
197
2334
819
1235
3801
1394
1414
3272
1095
3998
2010
520
2611
639
53
2034
558
1885
3296
3335
2519
810
2035
3585
1839
2990
3253
296
2802
789
2212
1180
678
3786
4013
2045
32
939
2838
2084
471
2022
3987
3851
2924
2024
229
643
3682
1658
4021
408
369
997
601
3897
1763
2941
1934
3084
1582
4035
876
4073
295
428
894
3428
3064
2220
2840
81
63
887
1878
2138
6
3676
2781
4038
731
2109
1896
3692
1789
3778
636
975
1761
2450
3141
2383
2049
2504
2782
1795
1933
321
3843
855
2079
2367
2968
2285
2161
3929
1988
870
1102
1454
468
3898
3130
3948
218
620
1600
3625
405
3915
3195
1976
2695
1773
3250
3588
1045
1644
2743
281
2423
3563
3930
1046
3432
1985
1758
1062
2023
200
1995
1960
3353
2545
1536
3246
2795
629
2297
2638
1105
1004
2861
998
1393
3213
3945
3357
163
1731
3068
2095
2972
3607
2424
253
1462
1202
4015
1726
3539
2041
2354
826
523
1914
4003
52
265
2808
1992
2357
780
2110
730
1838
3552
1543
3634
2828
877
3118
399
2143
2171
3394
2343
350
119
3706
4083
3284
3821
2203
2364
2934
1771
846
771
1723
3233
77
2896
1924
3515
561
3518
992
794
1459
2014
3616
3393
3559
715
1681
1748
1657
2272
703
3315
1228
2092
3262
3087
3175
816
2341
2178
951
1011
451
3850
2910
2477
1899
1674
2529
3732
2940
3022
3566
2915
2242
3430
680
459
1842
3810
3383
1092
1346
2028
1964
2281
692
3723
2328
33
2228
3228
2938
952
2525
2983
1278
3384
2090
707
1296
914
774
455
2231
3377
4072
72
1832
1683
1328
1028
3867
3924
1775
3376
208
2756
3225
2672
2584
604
1147
2474
1676
615
1749
2425
2959
1047
2025
2326
2704
372
1751
512
385
2335
2530
2567
1547
674
2654
1887
2895
3808
1315
3122
1001
3017
841
380
1643
3489
2458
3986
3825
211
551
2206
2217
1366
3819
543
2920
3
1106
1927
3273
500
10
2555
2094
1746
2942
1460
2830
915
4078
2091
484
2409
2592
1906
3300
2134
2846
143
3288
392
1627
337
1325
3158
1086
2066
1066
2657
3016
1025
1718
1301
4052
3075
1971
923
1039
3330
3144
761
461
3369
1785
1320
3358
476
979
1595
2586
3593
2696
2056
2275
3041
2739
3496
2475
607
1266
477
2293
530
1834
2735
3820
642
2916
3057
1928
1372
2801
1875
3128
373
1362
3184
1827
1389
388
1305
1441
1110
247
1159
2136
1268
1881
3374
2303
3106
1128
1164
946
3245
1530
268
1428
610
4041
1069
1909
2965
3963
1116
1178
1141
716
3199
1941
435
2776
2955
3784
2666
2345
2608
909
869
2627
852
1518
576
173
1283
2870
3222
835
2923
503
2052
3324
1994
2853
272
910
446
2172
2593
1313
3107
2042
3759
2273
3359
364
3211
862
2884
2198
58
3462
1678
2417
1760
3167
1163
69
608
685
2197
3217
3497
1728
1186
1148
222
2518
1484
2542
3533
1706
169
3297
152
3717
1035
3240
1138
3639
352
417
3687
3933
2377
3509
2813
3485
2011
960
756
872
2210
4082
1539
2579
3050
2071
4044
2944
2901
3226
2173
2177
2103
3490
1387
157
2642
3584
196
2384
2632
3989
190
3722
1179
3381
2688
2133
3803
787
1453
1863
1661
1621
3703
3792
922
3988
2536
2829
1744
2641
3015
2570
3742
833
3187
409
3059
3716
3648
932
3026
2982
2762
3498
3600
366
3260
3227
1195
618
2798
667
415
974
256
3698
1534
925
467
3892
2868
1248
2380
1523
3484
874
1541
1787
358
1861
3836
1457
896
1410
2894
3310
1561
1498
151
1642
1738
3239
2678
2875
1989
3889
2479
344
1368
2526
2939
734
1314
3076
2313
1043
955
994
1131
2763
3078
3446
555
2601
3981
2207
578
1640
3299
880
3023
3004
2981
3406
3198
2413
871
3197
1578
782
2353
2966
677
640
3457
389
1373
3920
3594
2718
2253
306
3032
1858
2037
1085
3096
2088
349
2872
2131
933
1496
3679
3334
4068
3863
3768
3977
2903
2675
1121
3216
1790
3018
2885
4005
216
2733
2392
2312
1096
425
3185
565
142
3629
491
1196
2063
3729
90
3450
2551
1504
460
3255
1637
3556
3200
3551
1557
2988
3501
3736
423
3620
1495
2315
3771
3548
1273
1087
351
221
3166
1537
3067
746
1033
2705
2159
740
2195
1826
718
3269
1873
30
225
1900
445
2604
687
911
764
3112
3544
2148
496
2624
1261
4047
3896
395
2637
4028
286
625
2483
579
2577
4074
3038
840
3955
1127
598
648
973
2617
670
1021
1002
1036
1849
3086
3053
2098
853
1295
3835
2663
3664
1587
2365
1705
1118
37
3697
1468
1413
2057
1399
1652
248
1384
2581
2309
2137
3767
175
2644
2
129
3159
2897
3105
183
2236
1403
1510
1330
1935
597
4025
1707
3119
2219
3303
1120
51
747
3387
2671
3630
1666
1612
3218
2717
2466
1189
289
3748
347
3132
2167
2600
1023
1359
2306
401
210
1633
1916
2999
3611
3817
1508
1005
2378
1603
2061
1055
934
2001
3868
327
798
4018
1901
3339
732
1323
1157
1262
945
2331
3902
1144
2346
2539
2977
198
2929
977
2538
1516
1529
538
3656
1568
3280
3696
2398
168
809
2046
3537
591
1784
1532
2777
3874
2854
1500
3583
2589
2822
605
2104
3753
124
1494
527
735
3426
1145
815
2414
1473
710
1162
2386
1641
1333
2013
875
1807
3582
1442
2347
3891
589
2754
1339
1156
688
1910
2006
3754
2501
153
11
567
1660
2189
3163
628
1142
1194
1241
156
181
1332
4
315
1188
508
1343
587
3647
646
1240
2338
3864
1370
150
1200
1592
2816
127
3562
1130
242
1913
535
3969
280
1183
2576
1057
3417
3048
959
811
2900
2030
3179
2700
507
3433
3074
3704
2244
3396
3505
928
1782
1977
2311
3148
2520
647
3444
1742
790
3846
3524
2906
2107
2492
2856
2645
617
3385
3919
3170
2175
2114
3884
2500
1725
3991
505
976
3661
2336
434
581
443
895
1923
3072
2989
3631
675
4079
2907
1888
2680
3447
1685
4050
3367
1997
79
1351
1959
807
897
1752
1447
3565
474
2667
706
3913
4066
3304
3408
2933
3337
2470
3476
98
2296
873
2130
3659
2099
1198
1952
3718
3908
1254
2765
1124
3883
1604
2742
2534
1869
2845
704
1493
2248
132
3737
2962
825
1805
1563
3757
1038
1064
1917
1938
1514
1708
1944
854
1859
3249
2141
901
3743
113
2825
186
705
1173
532
2681
3282
1027
479
1365
1521
2889
1829
1103
3292
1168
317
2323
1639
1352
1729
1699
71
1197
3980
3914
2359
2097
3399
2908
919
936
4032
277
1756
3266
3134
1911
3848
1505
2880
1474
1385
167
2971
2301
4033
2665
778
1874
1573
1335
2184
1862
3171
3540
2945
727
3238
1407
3058
3770
2182
3669
2799
453
2723
354
452
2445
2571
3928
722
382
3271
1084
2635
493
2498
3694
439
2418
981
357
3356
3257
1439
3581
3508
3219
1079
518
1151
3373
2360
1020
2062
1221
1703
1256
1139
1579
1478
786
1710
3935
3822
1903
2661
279
1321
3413
478
1554
1212
2702
752
1803
2602
1182
2257
3425
3941
1830
244
1032
2295
136
3881
292
3814
4000
3855
861
2958
1646
3612
1962
2077
1503
4027
131
2533
1820
1477
656
1083
1216
690
665
1572
577
3956
2434
2157
660
348
2623
249
1793
1374
3569
3210
2732
905
1570
2216
3735
863
134
3256
96
2239
76
844
3214
209
1649
3326
1544
2785
1287
864
1545
489
431
3230
1538
3869
128
1957
574
986
2686
2408
1381
141
2486
275
2453
3921
227
3036
1930
1400
412
442
1636
84
3740
3554
2168
2400
2703
888
440
1371
2397
2948
3685
3421
2067
3133
2683
2370
3658
1275
1802
436
3201
1688
3495
3354
3939
3480
338
659
1819
592
4086
2076
1336
588
4010
3305
2047
2582
2789
359
621
50
2440
1948
2412
3758
3343
1892
2926
2451
133
3674
2261
3478
4090
301
800
757
2487
2814
2391
1922
2863
3063
4019
239
45
1533
1812
2864
1905
3323
433
3621
1567
1010
394
3329
3013
1294
2687
3402
2727
2755
2784
1452
1222
1078
3149
3538
3789
195
837
3173
2266
1689
2471
4091
602
407
2330
3882
2775
1290
2745
3391
1527
2435
1233
3481
2429
2697
1239
3109
758
1981
929
2209
1056
2437
3841
2626
2286
2811
1584
228
231
3967
866
360
2503
2873
3223
2578
3904
164
497
1098
1324
427
3419
3070
3248
2089
4081
882
3095
808
2259
3894
3815
2452
4024
3452
259
1125
1170
2621
3049
402
2000
3887
1811
1231
3590
2995
586
2188
1203
651
1591
2591
2963
3274
902
788
2199
3051
1104
3203
3492
3681
291
115
201
1026
3678
1942
273
1607
963
3830
1894
2200
171
3567
1034
3025
1694
2064
3641
2491
203
1519
2554
2031
3123
2150
1883
1936
3333
1259
1267
3802
1884
419
539
1946
441
3000
177
1965
1617
2607
1520
2788
849
3613
2583
2996
1489
1517
1455
2262
1361
1765
1698
3404
3116
3362
1397
1443
100
1730
1238
2340
3079
2060
255
4070
3605
1042
831
3443
624
390
2238
2625
1671
2767
1367
2481
331
3309
88
2913
983
202
2127
742
1213
1847
1663
3150
2431
2243
1589
662
892
3332
4048
2135
1412
1019
3420
1220
775
1759
3267
3899
2229
1252
3983
1605
3558
3448
3745
1810
2351
3398
517
3487
2669
3527
396
953
2597
2283
2043
754
1868
3688
4057
2366
44
3169
3234
3856
1870
1075
1067
3670
3453
1172
353
961
1673
1550
2891
1841
3147
4009
2979
3182
1161
3308
1609
658
3065
3912
3571
2905
1375
345
3772
2081
3461
2973
2153
1769
1149
1097
230
22
3361
3449
3264
3336
2021
3645
3741
2151
1867
616
3516
2950
3312
383
554
2660
3805
717
3666
1434
4085
1153
283
420
3212
828
4069
361
2893
1753
4016
1076
165
2058
1485
3493
1624
2069
3686
1122
323
1955
1850
2772
1415
1229
3525
3474
1767
18
2930
3971
818
801
2204
3290
2738
3873
1286
1137
1461
3888
2019
3672
856
3738
3002
2495
2841
1857
2476
3221
3839
1713
3997
2691
1560
3382
1146
1408
498
267
2278
1833
2363
3949
1675
1551
3529
102
3785
795
1774
2160
502
234
185
3092
3959
3695
2320
867
1426
282
1135
1249
947
2225
2614
2284
2155
885
3319
2350
3603
2078
1687
2673
332
2792
2305
1030
1583
573
3531
3129
1472
3460
2711
2874
1667
1423
374
548
3378
2051
1659
36
582
528
1816
240
305
1391
1499
4077
799
830
820
1488
2844
9
1777
298
2904
3168
3286
1549
529
2147
1015
31
246
3994
3254
3502
3295
570
4008
3191
1837
2102
1270
2690
1925
3368
2992
3642
2117
3747
2804
2744
333
2402
762
2659
2144
3812
457
3840
3553
3012
1831
85
91
308
1108
2499
3458
3526
1074
1741
3782
325
904
1169
1065
2457
2768
4020
633
3066
767
2778
3546
1664
1160
300
3139
269
19
1853
2165
1986
1354
2859
1265
125
1260
682
3623
3541
250
3034
2404
3507
263
1886
3514
1895
908
3617
1279
2918
2612
1214
241
3879
3690
2497
486
663
421
2543
1376
1750
2337
2017
3146
632
635
2026
3951
3667
3606
111
668
4067
619
1230
2456
309
3091
3795
1119
1225
827
1475
3029
1158
3523
2860
2770
2482
2823
2381
3791
2878
251
3917
1109
2515
2224
270
2490
785
3644
1943
490
258
1866
843
28
702
3671
3990
3702
1712
2716
2606
3042
3103
1990
679
3693
1419
3138
842
3069
1770
1016
3009
1808
3922
1100
3570
3153
2879
3125
4065
626
941
318
3905
1855
144
3794
697
3668
3244
3831
3763
1898
3089
4006
1411
43
3161
2605
3192
2008
3970
3752
2693
729
1404
3798
3344
695
3608
3700
1206
2892
55
3352
3298
1800
2294
2833
583
3730
475
2126
3263
2427
2527
2550
2701
1101
106
16
1303
3958
1677
3513
3950
1133
1018
54
3965
3549
219
61
285
355
424
1794
2446
3115
1190
2465
2650
784
3172
3813
3037
3429
1945
3858
3618
2191
736
2260
62
2494
238
2399
170
750
432
596
672
1187
2557
3370
1854
1779
2502
611
447
723
89
237
1482
3160
3473
2264
3528
3491
1501
1616
612
631
1786
1984
3996
492
12
3938
1143
1284
3131
713
1852
1481
1969
2949
2485
2146
1737
1208
2460
1094
2012
2316
97
1877
2858
29
2132
1445
154
3650
3833
3780
1167
2668
1806
3307
1825
1451
571
166
1566
972
1406
59
1999
87
645
1879
2129
3258
599
3500
3545
2162
2268
545
2196
1245
1546
448
148
174
1310
324
772
1425
438
1509
2585
2552
593
2806
4037
1766
3188
1684
3886
3662
1540
2459
3040
1311
188
1996
2734
2596
2731
466
2249
982
3440
204
2368
745
307
193
1843
1093
3587
1585
1719
2505
2848
3589
3177
2245
1890
1801
3957
584
4059
2827
603
1697
1653
2852
39
2321
3573
60
3653
3769
1480
3568
3947
3386
414
890
2085
2867
1251
2269
860
760
1747
2721
1014
2771
3901
3530
804
802
1904
3853
3923
504
311
400
2054
1813
2292
3024
3422
3800
1224
1418
1347
3320
17
2002
971
1312
1272
3557
2027
783
47
213
145
3999
2985
3961
1293
3555
1822
817
2937
122
2410
3774
2181
4012
1123
1665
655
329
1458
1342
135
3750
2282
2786
3459
2166
3506
1082
1734
1350
2573
3137
1524
1250
42
3388
2349
3675
158
1655
1931
65
1552
75
3035
3008
1487
2613
1998
803
891
4030
1440
15
2156
3865
836
220
3804
2809
1622
2935
109
3145
191
2899
2322
2416
1987
2653
206
3576
356
1317
1975
3799
3001
2758
2121
850
1427
1776
3006
2233
3547
245
3615
430
2541
3306
1476
2454
3366
916
8
1937
1768
226
3283
342
3781
1068
1907
546
1821
252
4022
1983
3824
600
1814
792
1714
2496
1788
34
3044
1192
288
3633
2124
2441
712
927
2252
1424
3436
2038
1611
3456
3090
3827
2508
2881
20
3766
2514
224
1152
3235
449
3783
2969
1088
2921
3097
470
3073
1471
161
2548
1970
2128
3424
2664
2532
533
1700
3954
652
4007
2444
858
3098
108
3714
661
3445
2082
232
2898
1908
3761
1117
515
3101
184
2662
1682
2960
3979
3043
4062
511
3231
967
3454
1968
1662
2759
534
2824
1255
926
2634
1668
3715
3932
834
2287
25
749
3325
950
3746
1392
1702
487
3535
3777
3534
172
1031
1606
2202
3083
21
2055
4087
3520
709
2093
1558
1954
3591
1358
2105
1739
146
1535
948
1889
82
2246
2749
1243
2603
67
495
970
2299
1469
3100
3467
3842
2694
1525
3604
2020
2855
3847
1126
4011
2174
1835
2194
2433
1165
310
689
3442
3561
386
1940
2183
2379
2810
781
3775
541
1695
1736
2115
2919
236
2215
737
2964
984
3104
3517
1599
2348
4055
2947
699
341
585
3632
26
233
362
3410
1897
1386
814
41
1876
2747
1836
2562
1355
2158
920
95
4075
3316
935
3974
2507
1893
162
2106
376
4045
1218
1872
2279
1515
3375
1134
3206
1448
931
3543
1553
2369
3755
3261
1562
2736
654
2774
3927
595
1022
105
2556
805
989
330
3135
1619
482
813
137
2974
1302
3294
3178
542
2396
3482
1680
681
276
3469
2843
2857
649
2610
3412
3733
1724
516
3403
590
2372
832
550
1277
176
2588
2329
1054
2630
2300
1754
2443
199
3635
3797
1645
3259
2676
2488
1507
1396
1378
159
24
3993
2048
2970
1506
2087
1711
1435
2163
2015
937
194
3966
2442
278
56
2101
2865
2190
3220
1274
2640
1580
1207
3431
720
3838
2478
4084
719
1692
2751
499
4042
2018
2629
1291
3522
1556
3809
212
3204
3152
2193
3724
1215
594
3252
2517
1166
3655
2622
5
2119
857
924
965
1331
686
371
1856
2007
1915
1429
4049
3071
886
3596
3121
2139
634
2123
3663
711
2247
2698
793
74
993
3937
3602
1217
1634
3472
3834
2100
1380
1565
328
469
73
1174
3832
3027
536
2724
1614
2218
1601
3111
3677
638
3003
2333
1236
3734
462
3293
1804
1467
779
2616
613
2426
223
114
2176
1993
1318
1797
1289
413
1369
1559
540
693
1080
921
2250
187
2385
367
215
3512
1306
3953
501
3229
3866
2866
1344
3844
1594
1405
3837
3684
2708
2125
1669
3047
912
192
999
2039
1602
3007
3390
1490
753
243
637
938
1615
763
2764
2108
2928
2053
1569
3960
2186
2850
3400
930
2463
1246
2522
3829
1024
1112
2587
2251
207
1783
2636
1089
2729
2140
2223
2506
1446
1298
48
1625
1210
547
23
1939
1796
1184
3347
3627
2535
1316
2319
969
1531
3117
3934
1629
2029
92
3477
3779
2277
777
299
1963
1416
913
3207
1727
3964
2422
4014
3749
3082
3776
