869
2933
1459
3415
2372
2593
2299
2058
2072
1414
3267
758
3797
604
1546
4049
123
1123
3758
266
3696
3213
3195
3964
881
3593
3095
971
76
1090
45
2492
1380
3027
3628
1758
1649
3799
2393
1653
1651
183
3731
1376
2337
3320
1385
3594
2143
2471
813
42
2761
3052
345
979
1071
1511
2486
189
2759
1914
284
2015
3434
2353
405
443
2733
109
765
2330
2806
1809
3550
3356
1447
2856
1547
1023
2196
618
731
1025
3445
3975
537
678
1639
186
3809
1652
486
379
4041
2426
931
3147
837
3694
1900
3056
4017
871
2791
1321
3005
2152
3543
429
3281
102
46
1877
2642
2621
2255
3588
1715
1825
2843
1852
2518
1498
2459
62
668
403
1850
3597
3237
3319
1802
3532
642
489
2969
589
3610
2950
755
1614
2866
2034
3232
2203
2172
3286
438
99
2380
31
639
4030
2296
2732
2991
2341
2051
3707
1195
3814
3285
683
1261
620
2546
3831
3149
2623
1633
1390
2134
2785
3115
2495
591
1013
1794
3900
2716
2577
3420
3765
2491
370
24
3985
3456
469
1308
1810
3092
915
724
3963
2252
1675
2397
1206
1196
3813
725
1
2056
1030
2985
1949
988
2204
2378
2652
1407
2742
2748
3276
334
795
3307
816
3478
788
3924
1481
626
332
48
1156
676
3853
617
1505
1258
1483
1527
1573
2326
1973
1245
121
281
382
365
3028
2075
1187
2637
468
2112
3380
119
372
2356
3306
1673
3889
2701
3348
147
353
3123
502
2818
3569
1606
4054
2559
3774
3457
1981
2576
3377
1475
1610
2383
2871
3361
309
1676
1793
2963
1472
935
3989
3720
1374
1761
359
2698
3514
4050
2009
3904
1033
3305
3931
2419
168
2499
2718
3530
1695
1819
1118
2775
1554
1782
3308
1577
3803
1004
126
4046
3117
882
2533
2612
2700
3733
1107
633
1141
2588
49
1164
1948
3260
2591
3324
330
3577
1638
305
1867
1197
3012
3948
1365
3091
2845
3781
2610
1795
384
3164
2930
3881
1253
2889
2692
716
4011
772
3795
674
1467
2384
2960
1052
289
1037
1332
3084
2868
311
1337
3461
3350
736
1669
1034
1186
1625
2585
3191
2355
3844
825
1613
211
574
1215
2632
1488
2038
128
3156
2092
1718
1213
129
2136
3127
35
3515
2575
1818
3335
1346
3822
3607
1777
2119
2815
3925
950
2286
2535
2829
1950
770
3395
673
1335
611
530
2263
3225
2695
947
3702
872
1145
3198
3761
2343
2911
1902
2620
2844
1158
1098
2676
1618
1857
1655
2736
3966
812
3042
2472
875
2997
3923
1176
3000
2857
1339
1620
3326
568
132
649
1364
3513
3608
1590
3574
1506
3392
660
918
1062
1515
2448
3353
2174
3506
2307
1263
2333
2956
3244
2526
3885
3695
744
3687
3140
1661
3953
1317
446
2939
3721
1074
2615
3807
1022
3255
540
3940
350
140
1310
349
2176
2986
354
3068
2188
2512
820
3836
200
920
1616
111
490
1544
2228
1855
2141
1493
2218
2710
11
3934
1983
1760
3629
236
835
2388
4013
1430
120
271
2361
3500
2155
1087
3224
2723
1996
687
2827
1002
1621
3431
3739
1446
1834
859
1078
3838
1640
3044
2745
1350
3710
293
876
177
806
3452
2109
1752
1787
3039
3617
2240
393
3967
2026
1732
1122
2076
2772
2106
1389
2264
53
2205
2505
2774
623
897
4033
476
1821
164
3668
3770
90
3284
4007
4005
3820
1113
2886
3036
3598
3298
3079
1521
97
2557
2320
997
74
2432
2917
276
3024
675
550
2662
1445
1100
1767
2107
1884
592
3643
874
1119
2328
3993
2809
691
956
3407
844
2522
1828
2509
1418
1348
3372
1832
2961
235
498
705
3676
797
3962
3430
1563
2953
3635
278
843
2646
2424
1353
3565
1861
253
3317
412
3945
3031
3715
740
1781
630
1362
1969
174
3038
2335
558
240
2002
80
2951
1917
2962
3612
3383
3436
1130
794
3065
2325
3230
3502
167
541
2855
636
3941
2443
367
338
1937
396
52
496
760
2130
959
962
3548
3585
1391
520
3665
3559
1958
3762
1689
1207
853
3146
1549
2823
3958
2253
2270
4009
2633
3312
3496
692
2250
1745
3562
1044
1953
1330
322
1028
1930
1518
625
184
3619
1171
3725
1009
1471
413
1941
3718
1129
1334
2863
2819
1424
838
4015
1018
3144
1820
2685
1351
964
3616
325
2805
684
974
1240
890
545
3647
1542
3218
1200
2474
2572
1532
880
2972
1980
2890
300
671
218
1829
3869
1066
3423
1909
3089
1514
615
566
2946
2717
2401
3077
3525
1089
3686
3051
3832
1699
3801
2310
2219
3101
3006
3215
2592
1875
3658
2360
829
847
199
2329
3366
2869
1084
2409
1289
59
3591
2800
2446
3664
2222
3290
1439
815
1529
3333
1080
1287
1878
1579
3576
1731
3402
1211
202
2838
3615
4067
3946
584
2489
2154
122
3522
1581
1835
2550
1685
362
2412
3200
461
1139
2279
2611
254
3555
892
318
1936
2482
699
1500
426
3835
2421
752
2982
84
2945
1790
564
2158
1918
1185
567
2273
2478
3994
2028
3892
2369
1161
510
948
497
3606
1931
2949
1859
1399
2068
1234
1643
3373
963
1372
3689
1843
2430
230
474
1409
256
1031
3343
1947
1671
715
1375
1159
686
1637
2555
2715
1932
1255
654
2466
1791
2128
237
2392
2210
1451
2825
3895
1670
1135
1288
2187
2140
3541
3679
39
1603
2573
2097
3865
317
513
3732
1198
427
1784
1830
2382
1599
1513
1398
2773
3393
2295
1486
996
946
1967
156
1403
605
3482
3219
1959
2043
2257
157
930
1702
175
316
3703
2193
1275
2553
2180
3419
1750
1943
3403
435
2916
3265
3856
1243
3760
937
2215
2455
1143
1043
3113
2373
3977
1840
2406
3719
110
2722
1799
529
1393
2626
3180
1188
3639
2909
556
434
3107
2476
179
2625
1231
1302
1586
3766
3492
1249
2618
7
91
1927
117
2316
3884
1862
95
3624
3345
1747
1384
3790
3862
2192
2976
2979
479
2918
2364
661
1729
2719
3995
2807
953
696
27
81
2445
3296
1642
3726
3666
4056
1739
1775
3433
3398
2374
2641
1841
651
2650
720
2179
2003
3094
3228
1232
3020
3130
178
811
182
3371
1441
1783
326
3521
1460
106
3516
4000
3067
727
1450
3059
1817
3650
3435
3842
2089
3187
16
646
424
3274
1110
2133
1175
1449
3440
2883
3572
2877
2888
3728
3618
3138
400
3325
208
3165
98
2942
2294
2000
1815
1804
702
2975
3793
1717
800
3663
1427
2753
1751
4071
535
1700
1082
1531
3637
704
195
3273
3010
2731
3510
2860
2236
4076
2928
1611
680
2932
789
1137
1111
313
2477
1985
2202
861
3145
3376
2301
3444
1824
343
369
2792
18
2981
437
2108
1939
1628
414
3192
2849
3746
1180
777
2105
2702
1280
1382
750
2465
100
2528
1724
3018
2508
983
3080
2760
1125
3815
1889
2655
1194
3118
734
3519
3448
3768
1299
386
1415
4
579
3189
3632
3535
3264
927
2433
3887
151
576
2321
3128
3313
1683
87
2562
4090
3086
3247
3708
1520
3102
2185
938
2837
3960
1674
2854
3841
732
2566
2346
2970
17
1312
866
730
2725
3112
2603
2769
170
2095
2114
4008
2425
93
1426
849
2259
2964
681
2608
3399
2461
2358
1273
3727
747
2022
162
2168
2309
3581
3279
1769
1061
1017
3163
3249
2674
1966
1849
1517
2852
1487
2246
26
3437
470
1921
2747
518
3449
1792
1151
2541
1209
2410
3571
2897
1994
1660
4058
2306
2965
2875
1778
481
3063
1019
804
624
3600
1885
1306
1092
756
3848
2600
2977
1992
3780
2670
1292
3819
1358
1773
2770
3384
3422
779
1814
710
548
3179
1056
3258
3633
3847
511
70
2319
2375
2290
2635
2186
957
2065
1499
1235
3221
3008
3811
650
1016
185
40
632
3459
3850
1971
3460
3474
2251
3936
3072
2659
3151
1356
2688
3141
711
125
3808
1789
1246
2703
3956
2178
13
1466
2923
2673
3106
180
1672
4055
1946
358
3243
385
3341
169
3374
3003
883
3432
451
2794
2082
3587
3342
3234
2955
982
1774
3337
1264
3217
130
4018
3108
821
2500
2957
728
4063
2327
3683
621
30
1736
2496
1011
2020
3358
2276
1021
1974
2664
2288
3148
4034
3677
1497
521
21
1361
1556
2427
1105
1806
4031
3947
3805
38
656
685
1880
258
2245
2362
1142
2720
3046
3910
2407
3879
2366
9
3573
907
2300
507
2524
3533
1305
373
1433
1468
79
1975
2561
588
2948
2627
265
1411
213
83
840
602
192
539
2926
2074
2049
1604
2021
2483
3293
1730
336
2730
940
3304
2457
417
3418
2506
644
2683
1401
1891
1905
1461
1839
791
2586
2735
2548
2689
1901
1477
2690
785
2139
2054
2793
2113
721
3858
1026
4062
2892
217
2481
2602
3153
3973
1869
3375
2699
1081
3804
483
3041
746
33
3855
488
3032
2006
3214
1352
922
2531
689
2657
2243
2014
868
328
768
2100
2830
3088
1490
2565
1114
1003
1682
2634
3251
244
1121
1759
2165
814
1757
1252
1359
3602
3776
1290
2069
3252
3772
703
2347
986
767
3368
995
4083
3935
4016
3659
3246
2077
3933
3389
1205
2239
1756
3409
329
900
1770
3563
3178
3738
903
1035
2463
3788
1692
1408
4037
361
1054
557
1422
2675
3336
2579
1397
961
2041
2071
3747
2707
528
635
3586
3503
1183
2111
2016
3824
3837
3540
1369
1442
2711
2235
3322
2122
2480
3083
2920
3100
1259
987
2
3692
2696
2504
2907
2318
658
1697
1462
2750
3589
3047
3035
846
2340
3269
3411
3271
3235
1192
2493
1934
1555
1567
3129
323
1323
3609
3670
2488
669
3883
3013
2893
2281
2231
4021
560
2998
3487
968
485
3526
3870
41
742
2728
3748
2729
627
1602
895
3280
659
1701
1278
3488
2370
452
2619
850
3611
652
3205
3481
2510
1133
4025
19
1801
609
3981
467
2363
2047
3263
3081
3986
764
197
2265
4064
3048
1551
3410
790
2413
223
3099
1690
3595
2665
4077
887
3098
3233
1272
1622
459
1753
4020
1342
722
3675
2516
29
1764
3236
2523
590
2368
2013
1838
1096
2755
308
1988
3166
2514
1976
1972
698
3475
1320
73
3239
3329
239
1856
1940
3649
3439
2350
580
4057
4087
2035
1734
1812
1072
2834
1694
2919
1853
1765
3523
2530
2861
2543
2974
282
1489
2189
3621
2248
1748
1710
1593
2598
823
2898
771
555
2507
3467
2651
1357
2079
2905
2225
2399
2574
3131
1177
3283
547
3058
1095
2841
714
3082
3465
2153
4061
1038
288
1444
3529
1256
1892
431
14
1132
2423
2624
2993
3111
2777
3524
3212
1864
1064
645
610
2458
2191
1269
2086
3867
3752
977
1952
1684
3397
1907
3605
279
2008
1217
3917
761
152
3150
4001
1266
1526
2584
105
1170
2297
3507
2762
389
1923
966
344
998
249
3055
478
2102
2913
3135
955
133
781
2783
919
2744
3037
3518
2799
1998
1539
688
3928
1871
1154
108
3223
3315
341
3740
155
2884
1895
3729
1165
1641
3630
3784
1482
2803
2194
2563
2161
3157
1596
990
1785
6
2758
1944
981
1160
2568
3424
2031
499
1623
36
3954
3509
3656
1636
203
2765
1236
2390
1725
2552
2317
3171
1250
407
965
2679
3684
1566
1324
2033
2581
2494
2207
1453
2862
2607
2145
2601
264
1303
519
848
3673
1763
1989
404
828
4095
1318
1854
2396
2441
2302
2045
2751
3741
115
2116
2895
1726
2137
563
3050
2268
2269
2925
952
335
2781
3713
3136
220
1247
20
1600
707
3744
2532
1244
2859
2308
1416
1267
2283
3512
3132
1719
606
2987
1331
1347
456
2162
2271
433
1537
3493
143
3957
1099
2671
3603
2912
2275
2387
1193
2261
941
224
3071
3998
3920
1858
1945
3756
2167
2771
3764
3626
2348
3697
2872
1955
1494
2604
1687
3852
1163
1005
2416
2656
1540
749
1780
165
150
2511
1886
3636
2556
3390
2103
2684
3242
487
3906
1904
2417
2440
796
3681
2891
2705
138
3340
1662
2150
1319
2971
608
864
3657
3463
3485
544
2687
422
3404
1423
1067
3942
1383
525
1485
1117
3794
442
3749
2314
1294
1646
1479
1743
3299
283
3750
3547
415
3878
1631
1906
3049
145
1149
1813
1363
2810
2023
856
374
250
3991
2213
3903
1588
1373
2749
3096
2418
72
2816
1050
2714
1811
342
131
1222
2706
118
1060
3412
3877
3817
1562
4065
347
4052
906
1727
201
2066
2741
2394
2118
833
1039
3553
1297
3186
2005
3888
737
2672
2580
4069
1000
967
3090
1716
3536
1189
2959
3270
3021
2060
463
1276
1251
1954
2040
4035
2064
3646
934
301
320
1507
1508
10
2048
2846
1438
885
141
2469
61
1106
3455
1440
2724
3469
234
3592
532
1182
1282
1986
445
0
321
1845
1218
209
2313
2062
3759
1036
3477
3851
739
406
242
1882
807
4091
3220
2614
3568
8
1519
160
1227
1564
75
3700
745
1041
3876
455
1912
3009
3505
3040
1378
1370
3520
3206
2782
2578
3868
2704
3634
3466
2915
214
905
3122
640
2878
751
356
3551
85
2554
2790
2303
1448
1270
762
3860
3015
1392
3849
808
1644
1120
3792
1109
3302
1899
989
1077
2349
2030
2305
1473
909
1152
1178
2291
1057
1987
735
3473
2746
3062
901
3644
1868
1626
2055
2590
2083
2415
1048
3208
827
3743
1942
3069
3025
1823
2994
2184
232
538
2639
1406
1678
3490
3648
2473
932
2680
1434
3114
1866
3810
1006
2381
679
2756
3352
643
1238
2694
1212
1316
292
1221
822
587
307
493
1340
1032
2078
2298
607
1301
3484
113
3238
2840
3583
4004
2828
2044
1844
3167
3992
1345
3970
3584
1615
3287
1680
700
1480
910
1046
3332
2237
3426
3531
1190
297
860
1045
526
2649
3961
3391
3300
1796
1594
867
390
786
2163
1417
411
1291
1260
2549
3241
3119
3074
2995
267
2589
2214
142
2435
1523
1014
503
754
1915
3662
2249
1754
3321
127
733
1609
1069
1174
3176
2332
227
482
1509
171
701
2693
3405
2429
3915
2183
3898
1179
3601
3787
1903
3357
570
3534
2436
2595
1872
2277
450
430
306
416
1296
3486
865
2408
1740
3441
2278
1108
3339
88
3381
3872
1876
3256
831
464
1723
3911
2654
1429
3282
2551
190
1686
3678
2142
2170
2182
1463
2467
670
3331
368
664
3289
2173
4070
1309
784
206
2224
2924
1059
263
1800
3929
3134
3229
3983
1279
3414
3231
2525
1153
471
1338
139
2451
3508
783
3182
3897
1327
2061
2952
2323
1230
3907
3937
2439
2039
1274
2101
3004
1587
1808
896
2822
1024
2342
2647
65
2367
3408
2648
1435
3950
172
1458
2104
4022
2899
1367
2389
1575
601
641
3785
826
886
1762
3827
1465
1935
3561
2990
3833
3724
1533
2644
2138
3579
2910
1420
923
561
3976
1679
2757
2147
60
3347
2594
2870
3362
3599
763
2968
3382
2851
3777
77
2339
2201
3103
1286
1648
449
166
501
1281
969
775
3002
233
1632
1722
1147
2175
2713
375
1079
2778
1860
1826
3476
697
268
58
1922
2063
774
1572
3359
3303
219
911
2437
1208
216
3085
327
515
355
1712
2087
3517
4028
67
2159
729
593
2989
3367
1822
3779
296
1847
3753
391
269
2287
1226
1920
3693
3210
453
3203
1091
3204
1951
2468
857
3240
298
4036
1075
4066
1580
706
2802
2121
96
3874
1191
3642
1896
3880
153
2801
1714
891
1665
3043
4026
2776
2540
3685
3254
3014
259
2017
2739
569
3266
902
3421
3155
2209
3245
68
314
494
1522
852
2721
363
2887
2537
3557
2091
1733
1995
527
1068
2787
999
3450
1557
1851
4003
2865
2151
1436
1233
3346
951
3944
3614
3262
855
2766
1257
1065
3497
1093
596
3328
2169
3901
212
3109
1008
973
3369
1605
2636
2420
2206
2027
2274
4040
3209
3184
3294
3211
144
3066
1134
939
3471
1919
1307
3972
2678
371
2096
2820
2936
2943
3861
1691
3735
2894
616
3545
1012
2124
3427
3438
1893
3026
4073
1184
1634
3890
377
3363
56
3926
1469
78
598
173
508
3479
3060
1360
1379
1870
238
614
1210
2199
3499
1148
2842
364
1115
226
3196
917
1961
949
1968
3782
665
1890
612
2631
2885
458
571
2558
3158
2098
3560
1285
1705
3188
2377
980
3137
2858
1042
792
1881
357
3546
1277
1219
423
873
2334
1304
460
2080
858
914
2232
1405
1112
2391
3528
1228
2947
277
4024
2980
1541
64
3429
575
1097
1755
2599
366
759
3999
302
2135
1929
1268
2280
1311
787
331
581
215
2547
3537
3688
3843
4023
817
1169
803
1381
3152
4075
2234
1677
818
3447
2444
1568
3939
3462
2157
2123
819
198
3916
3834
495
2115
3802
3737
2914
1704
94
3979
4047
1248
2973
1166
1744
2966
191
1237
2001
2831
82
595
3786
851
1425
3538
295
3736
3691
2284
603
3723
1965
1504
3974
554
3491
638
3388
4078
3990
135
124
47
262
899
2900
1999
1001
2090
1617
2596
378
473
928
3667
1131
2984
3859
1325
1836
3653
376
397
3755
5
1503
2630
50
2812
3064
4012
1088
3582
3207
4092
634
713
1101
303
3385
2954
3796
2470
2677
1991
1344
1707
1552
2521
421
3387
3857
2902
2438
4059
2929
1167
1656
991
2498
2110
984
25
2527
2848
3001
3061
666
1241
913
1496
3625
1879
2691
3846
340
4045
2177
1865
3222
3922
3627
4002
4089
207
3828
1181
2256
1146
1295
3174
3544
924
287
718
2501
708
1400
653
462
2826
1619
2357
841
3875
163
1629
3767
1591
2992
2479
893
1224
1561
1010
1681
2230
929
1863
1910
504
2146
2149
2405
2148
2638
1265
3309
2447
3927
863
2767
3201
3016
1608
34
2583
743
500
3354
2450
1242
3498
69
1300
2901
3706
2502
3104
4014
3105
1126
599
741
66
3717
1888
3722
1848
409
1239
3978
3019
260
4006
444
1047
523
2029
3295
542
3564
805
51
2125
2906
2503
1883
3896
748
3699
2850
3120
3613
1990
3778
3965
1104
1559
2057
2359
4032
2934
3866
1144
1873
2660
3495
1128
3125
1127
662
2324
3446
1343
408
2311
577
388
154
1202
1456
1897
1328
3464
188
1846
1894
395
360
834
975
3110
1693
3489
3034
274
3873
1322
780
1797
2882
578
114
1741
1607
512
425
148
3227
2428
3830
101
1410
4082
1807
2456
1776
926
381
3783
2059
1911
2786
4074
2379
2403
2019
2597
3682
3938
2839
1220
2544
3453
1659
1538
2453
3882
2208
2835
3327
2262
441
333
2539
870
2156
3365
1831
1510
294
2010
3641
3504
4029
1584
3829
3818
1706
839
1140
2042
3323
4044
2983
352
1772
3057
2617
2896
2200
1223
3202
2126
3912
1647
2873
436
1908
2779
2345
286
465
1412
565
3197
37
2768
290
3468
908
2254
648
116
472
2880
28
2784
1803
1874
3661
71
921
712
586
3318
3622
3918
1550
3413
92
3401
484
551
2352
3259
255
3355
1925
3248
2011
4088
2484
2817
4084
3704
3806
1419
3133
2007
3394
1970
2616
3769
1085
380
3301
4094
3292
505
2643
2697
137
1583
1394
3988
647
222
2197
936
2529
1977
613
3711
104
2365
2519
2788
3771
2258
677
1216
2937
2622
432
2515
2836
3378
3558
2536
2223
2338
3638
1663
2876
1635
43
205
1938
1058
1688
3022
2475
3930
1768
2132
3905
466
3169
410
824
2996
782
884
228
1271
3075
776
394
1053
3175
2037
2221
194
3891
1779
766
3654
4085
3351
2431
2564
3652
2304
3501
12
944
3754
3261
552
3645
985
506
3386
1020
3709
3623
1015
2940
3943
3172
3984
2814
3045
3886
3087
1203
2908
582
480
4086
1201
877
3190
2395
3480
2645
3139
2067
2442
4080
1368
158
522
261
1578
559
970
3338
600
709
3288
3253
3316
1051
23
2921
86
454
3154
3863
3170
3913
1711
3416
3549
531
3798
1402
3076
2709
2032
2088
3580
2070
1204
1476
3539
3845
1592
1396
832
1516
1827
694
1076
2293
491
3472
1645
4060
3053
3987
2497
2513
994
958
273
136
3073
802
1525
2285
916
1742
726
536
159
1963
107
1387
2434
3556
387
2400
1709
1157
1713
2609
3370
1254
1155
2789
1766
2629
1696
1492
3173
1116
3168
3734
272
3121
3181
933
187
2804
401
1589
1315
2129
549
2534
1964
3980
2941
339
631
1928
2520
3996
943
693
2266
2452
3932
622
553
383
2824
2727
3620
976
1314
1543
3705
1501
3160
3596
1229
583
1737
1960
2012
3640
3821
2260
246
2025
3698
3078
2560
1887
2922
3902
2582
3097
4043
2226
54
3914
448
2073
3552
1428
3971
1474
2331
894
1728
299
3070
3162
1512
954
1664
2181
477
196
2833
1582
1040
717
2737
3909
44
3839
2874
854
1329
4019
1926
4039
1124
2490
337
878
3344
3177
1354
2336
3161
1094
1657
1746
3969
3360
2402
3143
2120
1528
667
2398
2024
2267
1491
534
243
1601
3454
2938
3023
1898
1997
3216
1916
3952
3712
2127
1413
3311
1431
1624
3277
2050
439
798
3669
248
1597
2881
3
3406
4010
146
3030
2821
3194
1495
3812
1979
3751
1404
738
2640
2988
419
2813
3116
562
2571
1388
978
3631
1136
2864
1355
3364
2312
637
845
945
3949
1535
3655
690
4048
1924
2808
1721
3908
3142
4079
2567
1455
1027
1553
879
1326
225
3590
1570
1545
2935
1049
3742
655
1536
3396
898
2587
2738
1502
942
3823
1771
3185
1070
629
594
3297
346
769
1933
836
889
2422
457
514
2354
2117
3330
2740
1798
672
3029
1720
1654
2978
2487
1172
4081
597
2904
2763
2658
3093
2795
2669
32
4053
2663
3701
723
4051
3570
3690
3250
1262
2668
3968
1484
2464
1788
2666
3054
3451
2462
1698
2018
3899
1333
2099
4072
55
2743
3443
3674
2344
888
2385
4068
3278
2131
176
517
2322
1962
1366
2411
2272
1957
2211
257
3672
3730
960
912
2144
2227
2797
809
2171
252
2454
285
402
3527
1668
1735
280
2217
15
3919
1749
310
663
1199
1386
3007
3257
57
103
2667
3955
1595
2036
2244
2734
399
204
3011
2661
420
3291
4042
161
3470
3417
2944
2449
1063
492
1150
1138
3159
2160
1585
270
89
2798
3871
3775
3124
546
3126
2229
2371
1284
3578
682
585
2754
2606
1293
1558
993
3314
3893
3660
1336
2811
3310
1786
1349
3651
3921
3442
2832
3275
1225
2931
2867
1298
1470
572
447
799
1103
2796
1598
1341
3226
22
2628
2085
657
2386
3567
533
3951
2081
2164
3840
2545
2708
793
3745
231
2681
1524
3268
778
2752
3494
1650
221
1452
324
3773
3894
1630
2166
1816
4027
1565
2538
1703
4038
2485
1421
2190
2247
862
2241
2053
1738
348
3400
1283
1576
2084
312
181
2853
842
619
3757
2292
1478
193
3816
1102
2999
3864
351
972
315
3982
524
2517
2404
1377
1029
1560
3379
1982
2004
2726
392
3425
3458
719
1464
3183
1437
1805
3763
2569
63
3566
2046
2376
1913
2847
3017
3554
543
251
1574
992
509
1833
2682
3199
1666
2764
2712
2282
2212
2220
2570
3714
1993
1548
2653
1837
628
757
291
2093
1214
2198
1530
3959
134
2686
2460
1956
3671
1984
1534
2927
801
3349
229
3542
3826
2780
418
2903
3854
319
2605
3604
2052
3193
1173
3789
2195
1055
2289
210
516
1162
1073
2414
810
247
925
440
2351
1978
3334
2958
2216
1371
773
2238
112
3800
1083
4093
3033
695
753
1443
1627
1432
2315
275
1569
1086
2242
2967
3272
2094
2879
2613
1658
1395
1313
1571
304
3680
1454
904
1667
3575
3716
3791
3428
428
1007
1457
3997
3825
573
149
475
2233
3511
830
2542
1708
1612
245
3483
398
1842
241
1168
