151
872
421
2384
2296
1271
1487
3039
3369
1866
1986
2221
329
710
1593
3552
3216
1009
651
970
3912
2177
777
3025
4069
946
2077
2594
2675
2074
678
3307
3796
3740
824
3656
134
1985
2964
3211
3614
3311
3300
3567
1932
1209
2117
3411
1349
2584
3231
1025
3454
366
1265
129
804
81
1172
1368
1290
3695
2759
540
3384
2872
3991
2024
917
3082
3338
1747
1561
1929
3358
3601
3275
1891
3288
794
988
3478
1387
1649
1036
1471
2014
1054
2824
2499
3126
2138
1486
944
1599
827
2226
119
140
405
1023
892
2895
2406
2891
1103
3548
931
1931
2372
3296
1035
1284
3277
531
2491
2628
2806
3045
2539
2746
2474
3375
2546
2802
3249
58
3028
514
3942
3079
1287
3326
1517
698
182
1042
1639
2344
532
3883
2025
3118
3965
2901
1784
1411
1976
2780
1264
3811
3116
1384
2069
3894
3008
654
1767
2119
1355
1491
223
2633
3947
1128
3405
2250
2959
428
1163
2299
3730
2535
1298
2543
3179
2582
12
103
3336
3451
2641
2818
1176
3812
1447
1772
3977
1047
2111
3321
2033
36
1395
283
547
3427
1492
1652
66
3073
2596
2311
3265
924
702
3442
4
3992
3383
2653
738
4073
180
571
445
2536
3705
1020
983
2740
3065
1503
3172
2790
3202
1634
1502
1182
3087
466
1723
1510
2610
234
3163
569
3683
2277
396
1589
1273
3923
850
2819
1884
2294
3882
811
916
2275
3388
1192
3033
626
2057
939
619
3471
2388
3410
2003
3070
3390
4002
1607
1567
2434
3020
2391
1356
1091
2366
3855
1385
3982
3158
4086
1206
2613
2276
2680
2380
725
3744
3335
2816
3700
1118
2519
362
1518
2423
993
2301
2429
2440
603
3041
239
1225
1626
3504
502
4004
402
1497
3594
934
437
625
524
2587
3624
473
3935
1184
482
3617
2389
1814
740
1323
2531
211
1426
3243
932
3592
3838
3463
1197
3371
764
1194
2155
1235
3237
1551
684
1925
334
1568
138
492
2745
4018
478
2663
699
386
2855
959
579
3554
716
1065
1364
3256
1105
2894
3063
3354
2480
2398
3016
2848
1295
1446
3970
139
3722
3916
2600
1303
3806
287
3304
1028
3835
3625
1129
4060
1422
4032
860
3088
227
1869
1737
3750
2241
1466
2323
1749
3329
1087
51
3686
1167
1765
3047
2867
2755
856
2032
1641
762
2625
65
1485
1815
521
3270
3890
2151
3396
3634
3628
4001
3004
3847
593
948
2458
926
3499
1415
586
653
717
3373
589
2414
3800
2001
3568
3152
2659
1215
2341
3854
53
369
3586
1534
427
597
706
483
230
757
3457
1398
1362
2009
4055
2645
4070
3915
319
1915
595
1080
1161
2061
3638
2494
2129
2744
3214
2251
1014
2292
1861
3144
1921
2691
313
3332
326
2503
3188
1675
815
1843
3973
416
59
3350
2609
444
2530
3755
602
156
1375
1030
2961
1606
2626
3809
3491
1782
2308
2664
3027
3086
167
170
2541
1198
42
3501
54
2354
4009
799
3408
1888
3011
2857
2652
1946
2612
2873
1060
2417
2728
1949
163
3886
2178
354
3878
3762
727
3731
3948
618
2227
513
3481
479
2621
2125
2884
3986
1614
3452
461
2777
1766
1050
2204
901
315
2376
2604
2785
1531
4007
1805
1864
458
1887
1856
60
1790
3829
2586
667
1044
1431
2436
2902
3926
2300
2538
3561
2121
1157
1617
795
1293
2152
2837
906
2692
2190
669
394
1995
2486
3161
3001
3318
4090
2232
2107
3343
1867
2020
681
3273
1001
2013
3117
3511
1893
685
3204
1152
550
1712
3679
2358
2264
3380
1321
652
370
1902
2637
4068
141
3865
282
1788
3208
4015
3377
2081
3902
2978
1430
1354
3312
2737
1341
308
2585
630
3735
86
453
240
110
3789
1259
3250
782
1079
2533
680
215
1799
3328
3386
2726
1353
2800
743
3368
3169
4081
2769
3447
2420
3897
3946
4079
1901
1010
1140
1467
558
2271
353
686
142
1440
3210
919
3574
2890
3826
1704
432
378
649
13
4087
1945
3322
3217
3517
2096
2686
3919
1538
3871
2934
176
3590
3261
2624
237
2592
2862
2869
2447
74
3281
3215
2199
2109
700
2534
3622
541
1851
1443
3687
4067
2672
992
2718
1516
2083
2031
2223
2216
1255
1403
455
742
1818
2317
598
4092
1084
765
3058
1230
1339
314
3500
1821
2601
2424
352
1792
1686
1963
1305
332
175
2483
1542
803
3629
465
1214
3264
2167
467
135
2392
339
2893
3054
3177
3106
1095
1226
1860
2415
2545
1012
1583
2200
2915
1175
2885
536
2146
980
3468
751
2907
3402
2329
2640
2237
2281
2339
387
592
2795
2986
1532
1616
3521
2607
1580
448
2687
3892
1267
3078
1611
2175
3107
1909
3464
3607
735
2489
1689
1648
3660
912
2165
1928
1624
3473
2512
1174
3937
276
3599
2694
2253
1458
556
2829
3159
2209
4014
1680
3848
1711
812
1770
2926
1002
2914
3739
2688
677
2063
968
2189
1478
3805
2018
528
3420
1997
1299
3862
527
1621
133
488
2565
825
1308
3738
3072
1301
3030
979
2362
3067
703
1256
3619
260
130
3424
2496
3113
2377
644
3734
2011
1977
1393
357
1734
2035
3702
2733
3064
3990
1816
2665
1871
1455
1106
3180
955
2331
3791
2570
3843
2994
696
3482
2428
2260
2485
3122
1421
1328
1598
1098
1563
40
2084
3837
3497
1459
1173
846
3223
3132
1558
1657
291
3213
956
1034
2502
1859
2369
880
3309
304
2207
2853
3013
3173
2162
1251
1327
475
2832
3748
2242
2215
2431
157
909
2889
572
3849
2975
2567
2919
359
3792
4038
3763
1512
1721
2711
210
3642
3415
278
2892
2537
3585
2750
859
3242
1844
2666
3145
780
1740
1092
2076
1099
456
982
3968
2320
2553
3193
904
3168
29
1710
2273
499
1918
2509
831
91
4035
1545
2062
3852
3453
4006
2225
3651
2240
1907
2258
629
691
2877
1678
1370
3340
2108
149
2492
1361
542
1291
1277
2997
439
1834
3423
3830
2954
1151
2887
1729
3839
3398
1121
206
1472
3691
3038
2470
3644
368
554
3889
1692
2510
1892
2016
3893
2720
177
3772
2219
2976
2048
1200
4061
3135
3616
3630
2438
4044
1732
676
1404
789
1829
785
3682
3295
1727
4000
333
1841
55
2446
1803
1045
788
3432
770
305
1501
2742
3632
1802
858
3569
539
1187
722
153
1307
173
2616
2714
2164
2945
555
1283
1560
2928
1544
1004
2139
2102
923
1240
3685
755
523
616
3542
2946
871
363
3802
28
3115
3436
2577
374
3059
2562
1449
2283
1332
3474
781
72
1302
2831
1876
591
2266
2805
3313
2259
1996
1812
2345
3262
3746
3767
3392
114
2845
2104
945
1753
2230
2739
261
248
3785
2343
1011
392
1665
2256
2088
2085
2284
632
384
3961
1896
1636
403
2261
380
887
267
2371
166
2078
2854
2822
2823
2385
2498
2670
2930
2950
3698
2278
3093
1133
1074
801
2905
3612
705
1369
2980
3524
1311
2229
535
1853
1849
302
3689
3186
744
2092
3505
3840
3822
3376
1177
155
3895
361
2493
2920
1667
4027
23
3729
9
3489
2962
4031
1134
1908
2707
2573
566
1960
3810
1713
1237
1660
3153
3190
3181
516
2246
1137
2639
1189
3794
835
3697
778
2655
507
3062
3640
1673
1719
985
1872
1543
1183
82
2676
4021
3068
647
1742
2342
1158
1122
355
1714
2632
2112
636
3435
2263
3484
1854
1076
2307
2116
3101
913
1185
271
1845
3276
3610
1454
3404
69
457
2773
3918
3403
1973
3477
464
2245
1882
617
2211
879
3987
1026
3259
2427
1738
1111
2379
3958
1126
1716
2171
1260
1889
2958
258
1248
922
828
20
3103
214
171
1630
2631
2497
3515
841
1179
783
1863
4059
2811
2071
2017
4034
724
3654
2922
3429
1101
3024
1059
1089
84
3951
117
2168
2046
371
3887
1397
3782
1409
3443
11
3778
3294
960
2775
3205
1509
3664
3788
2487
1761
1822
2267
1202
3972
1596
3910
2422
3573
460
3751
154
2023
4029
3286
3813
2086
1410
1938
3754
2409
1250
2939
2312
1357
3726
2938
2957
2987
299
701
410
3861
2471
650
3944
277
104
3909
3784
1645
1536
3012
3765
3297
1839
4095
2985
2657
3170
2809
3434
2402
2700
1874
2504
255
2698
471
2399
3540
165
246
2518
3851
683
2481
123
1638
1979
1031
3234
1112
2899
1916
3496
2373
1402
3219
2842
1296
99
3280
3476
1416
1581
865
1559
1910
2254
1924
3553
3657
63
233
2566
2501
391
2909
450
3998
2418
2040
2390
407
1039
3185
1272
3824
3462
920
1394
493
1190
533
2521
2886
2998
2910
4072
3985
1210
2220
534
3519
2741
1110
798
1539
2828
3907
4083
454
1055
1642
3483
2644
3407
732
2936
1238
3075
728
3743
2876
30
2794
1063
364
2952
2469
674
3674
1239
3952
1373
1666
1554
2516
1575
128
830
3128
2931
876
2685
480
3372
4056
590
92
3618
3757
3018
2459
1127
2461
2921
3950
3196
4045
3034
2643
3975
252
4088
3870
205
2183
485
3518
1427
1878
1145
1806
1153
1365
1748
2923
1736
2386
2472
1097
1771
2279
1083
199
3995
895
3963
672
1304
3212
2542
1700
3960
3667
1452
236
3165
2105
1038
3279
1520
1130
209
198
1483
3647
2949
3355
855
1006
1195
800
869
1072
1999
1535
1763
1762
3096
1778
1309
3769
2213
1061
713
1992
1522
3911
2772
601
615
621
379
1823
1993
3933
79
3676
144
4047
1781
1107
1515
474
2079
1981
3042
98
318
689
918
2145
1789
1897
1219
530
288
3538
2595
46
861
2743
2787
1463
2529
1417
2960
2972
833
1096
1317
564
35
3492
759
3292
1445
973
2778
1553
3154
1257
817
2405
1382
3742
1741
203
898
1775
638
2205
2651
3251
2678
3600
222
2792
38
1345
2098
2866
196
3523
1914
3836
723
3943
2166
2841
1526
4048
1208
3287
720
1591
627
2289
25
1605
2335
1170
1351
3776
1263
3858
853
256
2757
3808
868
1017
2195
1029
805
131
498
3360
3790
940
996
1142
2703
1865
2578
309
3461
2394
344
775
563
83
3278
3187
4050
2065
3198
818
3097
1135
3931
1982
463
3783
1654
3717
2749
2118
297
1900
731
1508
3983
2717
3327
2169
1413
3606
3669
419
3564
3541
3206
580
2053
3881
758
431
2465
568
605
1448
573
3940
5
2070
1655
1453
2548
2280
1972
2620
1594
883
19
611
849
1944
1947
3920
1557
1786
3171
1883
622
2072
3352
489
3365
1465
1143
2387
2360
3537
826
88
1791
1336
3044
3593
2966
546
2897
3615
3184
2552
3469
3670
1104
852
3227
2348
3913
2120
3207
3366
388
1758
250
3984
1810
1310
2454
347
2955
2913
2075
3807
897
404
409
2875
3428
1073
1437
1424
3708
2803
899
929
2201
1600
2128
2617
1549
3119
440
3298
2437
1420
907
1367
978
3966
219
1005
3557
3140
2736
1154
642
3993
107
348
3263
2982
2383
2330
18
3661
307
3357
121
4051
548
3485
1934
2463
682
506
719
2820
1456
3583
3146
2416
3226
67
4008
14
2925
3932
2725
1461
2868
503
2568
1318
2861
2188
3721
1285
866
3507
2804
2859
663
1115
1125
1735
2968
3905
1662
2249
400
937
771
3712
273
2851
2791
1926
1401
1016
3888
75
2087
1213
1733
965
183
1418
991
3672
3513
2435
3899
733
753
2066
587
2433
2051
1912
231
3399
2272
3148
3646
839
1764
423
111
3083
1495
1548
1521
877
2160
1801
2269
3409
1619
730
581
3904
3367
2374
1119
3060
8
3314
2268
3053
3271
2238
2662
1528
4065
2681
2827
2304
867
925
1825
2336
2091
3098
4022
2288
773
1643
1407
1513
949
1628
390
768
1837
1131
2814
1236
3675
3345
2457
3636
3260
137
3305
2526
451
1730
3230
3245
2404
1899
1967
408
1746
2656
1644
470
1477
1474
1292
1231
2346
1094
2381
2732
1838
1994
3655
3604
2100
3009
961
712
3141
3157
734
3076
3057
1434
3980
2912
570
2671
3962
995
1156
2482
2927
70
2055
1984
1282
2126
3241
1969
1348
1537
194
350
1975
3525
3455
1333
3444
958
1278
3930
2495
1500
1406
1199
1668
3182
296
4028
2606
3531
1306
105
2396
2141
62
2407
2786
2719
1052
1334
49
1165
1148
365
2150
1450
2642
120
1480
185
2575
2990
585
511
2305
1193
436
3996
2316
2093
519
3641
1337
1868
1207
1438
235
286
3713
3353
2350
2172
1962
2044
3010
2349
1633
424
242
873
1281
577
1693
1717
1241
3699
202
3626
4024
102
820
56
1040
3653
1750
106
695
1352
244
1462
1419
1289
1794
746
2173
4077
911
3526
249
162
870
914
1389
3823
610
393
1075
1608
2049
2012
2293
2576
3071
766
3090
161
1204
2840
1066
964
1388
3555
3999
575
1169
905
2979
2716
2303
2159
1715
2723
3370
1650
3194
2006
583
2973
1258
814
878
1701
2904
3974
512
2426
1514
851
3257
1808
2325
875
2180
1833
1053
2282
739
1058
2924
3228
886
966
509
2039
438
1720
290
487
1343
624
1254
1586
3595
1923
4049
2442
1725
715
2760
2408
397
671
190
3225
3282
2677
2731
1998
2903
620
3577
3199
3285
1930
1224
298
2590
3069
2506
3344
784
582
2147
3680
2393
750
3240
864
2400
186
1021
3290
3019
4010
1150
3139
1320
3074
599
2295
2170
1694
1756
3709
3124
2309
158
3934
3864
763
2727
1297
3267
3495
2696
411
1830
3565
3692
3029
574
1376
2943
888
3857
2984
687
434
221
2206
1724
322
1696
2838
1809
2557
1067
1033
1246
4030
3978
3714
3609
3361
3150
345
2235
3976
3269
124
2797
2882
1956
343
2324
3200
3347
3002
2712
2690
4041
1894
2274
2937
2650
415
2574
837
3964
125
1269
2801
1268
2602
551
1718
372
3048
1064
3475
1468
3000
537
1216
1873
974
1703
3745
1344
2298
3869
2327
484
265
3954
2507
4063
3787
3758
1862
303
381
2763
1366
3049
1836
2115
1392
1647
2332
3014
2130
1482
1102
3308
3130
213
3155
604
1342
122
17
1824
1051
57
4040
726
101
192
612
3299
3466
1588
641
560
2143
1685
3906
3546
3643
3133
3771
2953
694
2991
1699
3493
3681
3665
3690
2555
2589
1798
2010
790
848
2615
2896
6
253
2669
2758
208
832
2037
1745
903
1057
2767
3494
787
754
226
1331
941
3816
3385
1412
1032
2947
761
1571
3639
2762
2022
2704
557
2410
3797
957
1726
3394
2158
4005
3928
3549
673
921
1439
3510
3125
884
1274
2648
2453
2236
1326
3362
1857
2611
3938
2729
2697
10
3247
3572
3637
3303
2779
3543
3917
1672
2328
3209
900
1312
2401
1850
0
1117
477
3470
2248
3770
843
3131
708
1171
3759
3391
2313
2239
2738
1842
500
2597
2364
3320
3506
1890
2598
2799
1013
545
3671
3831
472
2363
1414
1826
2185
3183
435
1489
2340
3066
2908
3688
981
3581
3414
3774
1831
136
2123
2849
2807
284
1181
94
1697
399
600
212
1804
2163
127
2634
414
823
2154
73
2996
809
2137
2563
420
4062
1261
254
3114
4066
2768
1316
1920
349
358
187
1659
1819
984
1056
77
4023
2224
3389
2315
3229
561
336
1511
3703
1787
2038
752
3602
637
3015
1670
791
1399
4037
300
1124
3291
238
26
184
1234
2781
2356
4078
4046
3605
97
116
3719
3379
3956
251
3981
3710
382
1971
3589
578
1329
1505
496
1457
2322
3498
2353
2511
2858
3903
3289
2351
1569
3668
3330
697
3547
3539
1576
3239
1525
2411
2839
2830
1595
3544
71
3678
3412
1315
3149
2444
3108
2658
1519
268
147
2403
21
1620
3046
2844
3737
1022
2089
4036
1527
816
398
2569
150
1602
2368
2661
3725
3873
1469
204
3006
417
1952
1043
429
2005
3817
2999
522
1948
3551
844
2333
1374
3955
2439
1935
760
3142
1432
3095
2850
3317
3413
3136
1276
2821
1691
3081
224
2579
793
1777
4080
1906
1597
659
310
874
3949
1943
640
1100
2971
1858
836
1552
1524
229
2560
3137
3023
608
3400
3043
48
3255
1959
1078
395
3536
2515
952
584
93
3134
1155
3753
3310
614
2766
679
3876
2174
217
115
1681
1003
3431
1068
351
373
2255
2933
2724
1879
2523
3246
2310
1755
594
1950
3571
690
3611
1690
863
2375
89
796
2247
1955
3749
3480
2082
3818
1221
3490
565
241
3819
885
3363
3627
1855
1604
2825
2826
1380
2583
3550
2103
562
2484
3704
1108
1941
289
1244
3421
3393
896
2110
1212
1217
3417
2019
316
2060
1933
1024
1936
2549
1688
2878
893
3559
1939
3662
425
634
1159
1847
501
4016
950
1683
1266
3884
2214
2668
132
1919
3301
4074
2450
1722
1113
3925
1953
943
2561
2047
2157
3440
526
383
3195
367
1286
164
2042
3509
967
3334
2969
2015
3803
1396
1379
3780
1242
2761
508
668
2605
1584
2140
1425
2988
1989
3339
3422
68
50
3306
301
2638
1201
2940
4093
327
2468
1247
37
247
3218
707
3094
90
3535
360
1270
2144
1832
1820
3201
549
1499
3197
3050
2127
1927
2460
1136
22
1653
2448
1149
259
1579
3877
2793
1116
272
2525
2
2134
822
3450
998
1964
243
1658
3166
2815
285
191
2636
2559
3666
2864
1222
2196
1669
639
3472
951
1262
2752
3036
3439
174
3570
1123
3684
2187
3532
3017
2774
3741
2337
2466
3560
2319
2367
2776
3908
882
3222
1377
3032
1663
3825
3534
709
1506
1698
1046
2983
2846
3254
2674
181
1444
1751
819
3123
657
3591
1300
3235
1572
3364
3663
3
3853
3720
3348
989
280
1015
2710
1780
1592
2262
1796
810
1229
3503
3522
2751
193
3828
3533
1828
1164
1622
1618
891
890
2505
4052
915
2106
3927
1774
207
257
2701
3967
3941
821
2951
3253
2880
2198
3724
2475
2935
1769
718
2421
3089
2874
1840
2034
1470
2906
954
3323
3416
994
749
3502
2467
195
910
1728
2989
178
1062
3176
1875
3929
1880
3898
2318
3325
2917
2043
1464
43
3914
2860
2554
1709
2029
3728
986
3957
3872
2135
2412
3528
2184
1082
3233
3430
1846
1980
631
2212
4011
1547
1752
3953
3164
1800
1460
525
2361
442
1381
1565
1504
1350
543
3315
2970
1877
3425
2291
3834
1627
2520
2462
1827
2817
3863
3293
3446
2234
3556
3801
504
3706
389
2449
3514
902
2027
633
3620
3021
4013
3891
337
1019
3162
643
1147
1990
2488
3003
972
159
3732
3387
2689
2977
1631
517
1027
711
1220
1160
748
2588
675
3252
2191
3351
108
2810
1359
1223
4053
1661
1773
145
997
1603
3766
385
338
2812
3603
2217
3007
3005
2290
2149
2500
148
1582
275
2623
2843
2796
1609
2963
2476
2783
169
270
1243
3545
2181
3997
1018
962
4057
655
2243
1564
2916
3272
3283
216
2432
2490
987
2443
942
1760
596
3718
3232
1069
1180
2929
3588
4026
3160
1390
3924
168
3596
2593
375
3597
3768
2993
433
3127
1275
3040
2879
3859
670
2097
441
3716
3875
293
2771
1585
3221
666
3868
2095
1965
1807
3575
1041
2856
3248
3613
2900
1898
1476
41
2513
2161
510
1139
623
1702
1211
4033
1613
1138
2918
1682
3971
2833
449
2004
2789
2754
4094
281
1451
1905
3324
1188
544
1203
1570
2064
3659
2302
294
1958
2286
2835
772
658
1166
330
3112
1895
3092
1249
2058
160
3795
661
2508
1037
146
3319
779
2397
4019
688
3846
1120
3220
767
2956
2635
1983
87
356
1739
2124
1371
2734
3111
76
1205
413
990
1988
4003
1913
829
2090
406
95
2540
2715
797
3994
1191
2021
2052
469
1386
143
2203
2709
1612
2094
538
401
376
2338
515
936
2647
3621
2965
2194
935
447
2748
3284
2881
894
3143
3349
3578
3356
3022
2132
1338
842
3061
1793
320
3527
2000
152
3945
78
1754
552
806
3969
2218
1625
1408
1797
3793
2176
443
1423
2347
3395
1870
1615
44
2572
2693
1340
3449
2186
2208
635
1759
3827
1279
3178
3677
729
311
3989
807
4012
840
3727
1623
813
3775
200
3156
2981
3701
3563
2517
3055
4082
486
645
1435
1330
201
220
3419
1523
3761
1008
462
3316
662
2452
2425
1885
225
834
2156
3151
2059
3880
1071
269
2522
2395
2334
802
118
1610
2721
3747
1178
2002
4075
3723
1186
328
2122
3337
2629
3121
2257
1991
2765
3426
656
3487
4076
2911
3842
126
33
4085
1817
2788
4091
418
1632
1911
745
1590
714
1405
3901
1783
3359
3448
2995
646
1088
80
2847
665
295
1481
2550
721
3465
1573
3584
2228
1132
1090
2883
52
2834
2233
2699
3138
3346
609
2202
3418
1695
3777
2456
2153
3804
3922
976
769
2614
2836
1811
792
3244
1646
325
306
3378
2863
1109
3576
24
1687
3445
3488
317
1664
2619
2441
331
3397
2357
1674
31
2944
3587
3652
1141
3798
1433
2898
2192
1546
1779
274
3760
3342
2654
188
2054
2041
340
2667
2287
2808
2756
1358
857
2948
889
1848
3099
1280
2142
4039
1493
3896
747
1436
1776
1429
2007
3192
1743
3105
2646
1144
2673
1577
3860
2630
1968
3645
1707
2365
2514
3381
1574
3694
2527
854
2558
2942
559
3331
1705
1498
1951
3939
664
1049
2101
1970
1656
3433
1940
3274
628
1086
1335
2679
346
3579
3167
1288
692
3715
2870
3900
1484
3520
737
3512
2419
2479
1428
2941
3102
3736
3850
2967
3026
741
3874
2730
1313
3100
264
2045
2445
3174
1954
505
3401
2992
2722
3189
197
3056
312
2355
3562
3051
2252
1566
1294
3467
47
3820
3866
1881
1961
1325
481
1114
3175
1813
1651
1441
2050
1494
1601
1757
2544
476
1442
1227
3109
4089
3608
1684
2099
1479
1233
1555
930
1942
2297
2581
1048
1533
3374
1744
2131
947
2813
2359
430
3530
1708
342
459
3696
1640
2649
2148
3649
1917
2478
3623
172
228
1922
1490
218
1319
2747
2627
2222
4017
1978
2451
1987
1629
933
1835
3456
2702
2464
776
2455
490
2764
2036
3648
3147
1081
2352
938
2026
1347
266
245
32
45
3580
847
4020
2231
1346
2382
3779
3479
1228
1587
3711
1473
1232
2477
3773
3844
1314
1540
1507
16
2599
3037
1904
2210
3110
3460
3879
1391
2713
1677
838
3459
2603
2179
1785
100
96
567
3203
3566
335
1676
2706
2784
977
1324
2608
660
3191
3084
85
2413
279
15
4025
3077
1937
2473
1903
3752
1146
3129
3693
969
3959
3458
3867
3841
2556
292
3258
64
3733
109
2852
426
4058
588
2080
2695
2370
3786
1007
3979
1252
518
1556
881
61
3558
495
3658
3832
606
3885
1070
1378
2133
422
845
553
2270
2008
2682
2524
2591
1795
3633
1886
2708
3814
1245
2753
3833
648
262
1635
3091
2306
377
3936
2321
2528
3508
1162
3441
2782
786
4084
3921
3085
2378
179
3236
1541
1550
2865
2073
3821
1852
971
1488
232
2618
3756
39
2030
1
2056
1093
2580
2197
774
2683
808
862
2622
2028
2136
1731
3799
3341
1768
999
736
2571
497
928
3382
3266
3764
908
1562
3631
112
3988
3856
3635
3080
1253
2551
693
704
321
1974
3438
1085
3781
2182
3486
2547
3268
2888
2798
2871
1957
1966
1637
2244
2430
189
1529
3598
3120
975
3031
2068
756
323
607
1322
2770
412
27
1000
263
3224
2705
3437
1363
3815
4043
7
4042
520
494
34
3650
4071
2974
3238
613
953
324
1578
3302
4064
2684
446
1218
468
1496
2932
529
2532
1077
491
2285
2193
1679
2735
3104
341
1372
3052
3673
2314
3582
2265
1530
2564
963
1360
2067
1475
927
1196
452
2113
3516
3333
4054
1400
3529
2114
1706
3845
2660
1168
3406
1383
576
3035
1671
113
2326
3707
