1464
1903
3581
2374
2821
615
3240
4044
584
2229
342
2398
128
3992
1331
3575
1699
1971
1790
3336
3811
3861
3367
2435
2268
1361
524
1779
2629
960
2945
1007
3777
3680
396
630
3561
4003
1590
3285
188
2356
3905
3813
3863
1624
2027
2199
2625
2952
4023
109
3355
2958
3151
1333
3075
1507
1822
1883
3917
488
3866
1452
105
2417
2103
3106
2964
2572
990
165
3798
1171
1717
3720
2083
501
3220
3403
2003
2761
2054
2209
1030
3063
1494
3019
1573
3657
1475
3648
3396
856
3958
224
2262
1955
1387
2997
1106
923
561
1526
3896
2686
3231
2452
2901
1670
2940
1307
297
2270
645
238
493
1281
2583
761
446
3166
1980
1869
969
2154
2085
350
1851
1538
3897
3641
1755
2779
414
1167
1355
4014
965
226
840
155
3624
1221
670
2899
1462
1404
1656
3803
487
529
976
1701
3279
254
2399
3442
1382
3550
1932
3219
227
2910
2979
261
2107
2000
158
444
1736
183
3416
2088
1492
2586
1654
3775
1556
2484
1366
2513
3108
3902
434
2169
3007
1889
255
1570
3628
559
222
3316
450
215
2546
3568
3862
5
3194
3644
2015
1431
1222
3761
604
83
1499
35
1621
669
1282
440
2394
54
1608
1052
660
2727
952
1591
2372
1009
1251
3419
3723
385
3656
53
867
3806
648
3036
3768
2949
150
3976
2367
1224
1174
2826
3257
3508
235
796
2881
1625
2935
3398
3829
2092
282
528
469
3297
3277
1713
592
1412
2353
1206
72
587
125
347
3426
3645
1243
3382
3819
62
1877
39
661
1187
359
1043
1984
2217
1671
4010
2654
1283
264
2767
3903
1273
398
74
1521
3379
1691
3154
3314
1675
3230
3837
804
1149
1707
2712
1090
1936
1427
2769
1261
3545
230
3445
1173
485
2581
2866
3626
1776
2920
833
2159
2728
1965
2412
911
329
1245
399
2840
3655
3881
3672
365
572
2738
980
2930
420
3562
2073
1430
418
462
3475
3652
290
2736
3832
2050
1592
1172
2346
104
1890
903
850
3587
2244
3651
2869
1454
141
824
2492
1031
2328
3066
3853
2326
4059
1667
1461
1165
13
637
118
2540
2966
1555
1112
2543
205
1103
77
3200
96
2552
3604
1904
3705
2335
901
3978
127
1316
324
1683
3836
3790
1744
2193
3995
3252
10
1127
2354
1487
2300
3964
4095
26
2314
2131
2464
728
3386
2121
3412
1623
571
252
481
830
4004
873
3599
2838
294
3822
1914
617
2819
1241
3460
2720
1797
689
3846
304
2690
3584
3055
3602
2561
4082
2723
372
403
521
918
1543
2568
4075
2959
2172
2976
1839
1979
3050
2488
3129
1317
2269
1386
3268
3930
208
4091
827
2563
542
3554
1039
829
2609
3149
3711
3731
2312
508
1913
3462
43
2487
4051
1109
3172
709
1318
3155
2301
4069
1540
972
2648
1739
1260
1996
4060
249
1274
2953
2448
14
1312
2590
3214
3118
2039
3740
1818
1731
798
3251
458
3565
3393
2211
722
2198
3511
917
549
1301
376
1278
3781
1020
1648
3572
2337
3334
3840
1934
240
3439
1476
1100
2178
2286
3093
2481
3290
1142
1291
1983
477
146
3167
2294
4001
1467
3504
149
962
1072
1807
48
3621
3521
2392
2082
1742
3076
2676
3909
2806
467
3607
3750
3189
182
2215
3307
1912
1305
3782
2525
3218
3601
474
340
3771
845
3520
3051
681
3186
891
3070
3783
1751
2868
2441
3738
1311
1376
3804
103
3120
3668
922
3139
4046
780
1878
3164
3142
3299
2196
3366
3890
3420
2226
2791
17
2570
3455
1923
895
1069
2927
599
1242
1981
1921
1588
2065
3429
3064
3677
702
1176
296
821
2928
1285
1074
3801
348
1495
620
974
318
3006
1381
3191
407
3414
2006
3748
3223
284
1021
1233
1086
3283
95
3029
1510
497
3016
2420
310
3454
2809
3323
3114
2703
2282
1541
1674
4028
1506
713
1302
2807
2858
3541
690
3636
1593
963
2233
1720
3884
2722
3719
3799
2984
1348
2489
531
2907
2455
2317
3448
1250
3482
2611
519
799
2288
746
1524
386
606
1345
1601
3196
3512
159
4088
1634
2647
2579
1496
1289
2841
442
99
3730
2614
717
1800
2099
3757
1938
2450
404
2612
511
958
1247
1864
4019
1606
1872
20
1798
3918
2327
1290
1709
1022
904
427
1754
2802
3802
307
97
1409
720
3237
544
2021
1140
3684
1107
1946
2320
2772
2917
522
358
633
2045
319
3855
2254
565
3160
2972
2246
698
2758
1501
2279
2748
3892
2755
2902
1169
2692
3249
1967
3357
460
2026
3993
2070
589
2785
2124
1323
2322
1213
265
2333
3527
1024
1388
3190
1815
1087
2010
886
1299
1697
212
1577
3292
2717
2617
1929
569
3943
2688
3634
3131
3461
2701
4093
2641
3017
691
3134
3517
3603
3369
3390
91
2005
2892
2550
3295
3492
470
3786
1097
663
1077
1975
3982
1425
3272
3891
803
2775
3184
4058
671
3043
2919
1610
2798
3856
2816
289
283
1084
1011
1199
291
3614
3126
229
3986
2127
1511
387
3650
874
2549
3235
3966
355
145
2685
3125
1678
1436
73
3941
2667
2729
1503
580
3704
464
3287
2315
3737
2912
3148
4018
3530
802
601
2666
2756
679
1410
3406
1566
280
162
1562
1308
257
2023
3467
2009
2860
225
1774
3157
2278
514
4007
2129
708
2126
4024
625
1328
3470
2512
1561
1565
1088
769
2042
3988
3519
3375
3935
1399
3027
2382
3363
2698
2292
354
1941
1966
3008
3593
950
2740
3394
2001
2081
371
3207
3397
563
2645
935
1253
3085
1902
2936
1426
2321
697
1907
432
2170
1098
562
3152
2291
3502
1060
2439
1974
4035
1351
888
3767
3612
2847
1019
3199
578
2691
3315
3213
1122
2651
3208
853
1134
3337
3052
4080
2671
1514
322
1189
3963
2633
3264
2842
2165
2078
2773
2415
3841
3681
1539
2094
1263
154
1235
612
3004
112
1265
1765
2594
3567
3358
1930
1111
2405
732
3693
3102
2395
4053
1420
3646
3080
357
510
445
1602
2430
668
1884
2110
85
1647
2135
3847
4064
673
3
745
716
3187
269
3623
338
170
1832
3770
1287
502
2055
3057
3627
31
3122
2530
859
1581
3831
970
3248
2916
2434
2188
1046
3383
3071
2427
2501
3417
994
1973
16
1407
1505
1886
395
3617
2559
3267
1976
4072
1126
2271
1893
2678
3244
1314
3324
23
3592
2788
2493
1048
3622
3212
3571
513
2458
4005
892
2794
3407
216
1547
701
3816
2019
2302
1286
1497
3469
2679
526
1673
1605
556
3088
1575
1546
1681
3096
2352
876
2486
2836
1990
33
1604
2504
2087
3789
3537
2867
1762
3101
736
1899
2771
1999
1957
2075
80
3979
838
2677
3996
2687
1801
2014
2646
1855
3661
541
3247
1064
2606
1874
2839
1423
3887
2571
735
2922
1682
3915
4026
3532
1102
1687
84
3331
2180
56
1553
1144
2874
1597
2706
3415
2389
3972
3618
1208
2578
218
1389
1156
2384
1734
1516
2871
3858
2730
1618
2711
1319
1248
3526
1110
1448
4009
3127
1523
4056
800
3241
331
1700
1940
1993
8
3974
2500
762
1164
341
2331
1041
3435
2888
1579
1972
3497
1240
3658
2316
2799
2591
3707
3474
217
2277
3294
2879
1760
2820
977
1095
1550
1218
1706
92
2205
2822
825
2792
2560
3123
2171
2992
3647
1148
3434
1159
3515
2878
2587
1406
968
3590
3302
435
2904
938
3538
597
635
2239
2408
2644
1081
198
1528
2747
3736
1631
1295
655
2893
1906
3227
2102
2811
1861
788
3546
1582
3289
1594
1432
3318
822
2872
3291
789
3038
885
4057
2743
2762
1662
1958
1411
4042
3760
3281
3216
3274
38
2697
1799
3849
1439
2588
3073
2281
1653
3000
3001
3919
3041
1483
4020
1203
2970
3835
1881
547
1227
2815
1857
2929
1220
3452
3985
1651
3178
686
1986
2694
2290
1527
2158
4073
3525
2152
1554
1114
517
1485
2778
1451
2387
1181
121
875
246
3243
3002
2012
3265
233
1919
880
1254
1960
102
2185
3961
626
2017
1756
3115
2725
2136
3494
1115
3539
1193
774
504
1596
3709
913
1504
3774
425
743
29
1937
3670
3430
3791
1564
3479
3912
1032
2618
2202
1085
657
19
3481
1753
306
1075
1970
523
2662
1725
1665
1343
1479
982
3606
3667
2097
3087
3729
60
1849
1155
1198
3610
1838
3690
3776
3551
707
807
2034
3035
2705
1599
406
582
2419
2108
1513
2476
3688
2865
2347
148
2272
991
1121
3146
368
4039
3938
808
4076
2567
2533
975
167
1968
816
123
1816
3326
3944
2334
1689
3523
2914
998
791
176
2632
1637
966
2986
739
3925
1950
3794
1609
1738
548
4054
3630
577
2608
0
2768
777
3202
1548
47
1989
2509
3932
1875
1400
2882
2248
1772
2418
1630
2051
3373
3675
412
4021
3135
579
1525
2787
1324
507
3176
305
3388
231
2971
2393
1465
2536
3391
2437
2753
3074
1583
659
1860
2848
2137
1152
384
3204
1197
1726
447
766
171
2800
339
1944
3637
3217
2473
896
3438
454
3060
997
1057
2402
929
1887
1987
243
3376
3040
383
1809
512
854
2884
3888
2603
3842
2091
1856
2828
2539
884
468
2446
1292
2575
3023
787
2252
143
2432
30
3997
1486
4036
46
1959
3509
1853
1969
130
539
3817
1943
2518
1810
3616
2295
1918
2854
1139
3054
1063
1741
9
959
173
117
3293
3595
380
1065
209
201
3444
3387
2139
3224
3820
391
3061
932
15
2145
2276
1977
3465
4068
4094
199
1270
3221
274
817
1522
1763
3427
1033
228
426
4063
453
4074
2873
1920
3542
4034
3009
3660
3209
1740
2423
18
1611
2670
3401
3205
2227
2143
2250
2494
996
2950
3330
1204
3698
1044
3480
983
1360
782
220
119
2602
3305
2683
1446
2582
2757
1891
1153
3560
1693
1704
2668
1879
3498
2213
3598
364
1811
2810
1026
2526
979
915
3867
1321
2068
2339
2049
3742
1994
1202
785
2885
439
1147
1871
3485
2264
1833
3845
2265
1718
3555
3381
2071
3609
2946
729
1775
2605
843
1613
2273
3343
3758
3069
2744
2886
2074
2626
3662
1413
3780
1271
2973
211
3844
658
1688
3368
1232
2824
585
3999
106
1419
2718
2187
1092
250
3266
3743
321
916
3632
651
937
2918
168
70
496
57
3171
2040
2168
1154
1867
781
2323
1789
3446
2274
4002
3524
772
3924
3332
2466
687
847
1826
734
3109
479
3706
381
1482
1405
2067
1650
78
3174
2562
3945
1963
390
2639
532
2197
1843
2365
2293
3026
823
3744
1133
593
4071
3192
28
3183
2191
1824
744
1372
346
3399
1840
3350
2235
1001
3860
928
1337
2982
1646
680
428
3484
2511
332
1070
2613
2516
1814
650
2957
2522
3948
2624
471
3725
1091
2485
2149
2146
649
1685
639
2601
323
3583
3424
4006
2829
1780
910
3141
1414
1185
3365
1882
2059
3955
1837
1953
3228
692
1416
3570
3591
2028
1515
3739
2600
3347
1357
192
2661
2981
914
2851
2118
3535
810
2164
1759
3713
2532
3409
436
2921
897
2120
3082
3042
2737
987
3749
2589
3400
2754
3678
3198
2299
76
2652
1008
2240
715
3871
2024
3322
1397
1781
3173
260
2696
1489
3827
1403
2376
1170
251
1988
2556
287
3714
2218
1472
503
2436
2330
3413
68
3464
1640
3635
2228
3312
948
417
3971
2818
3959
1266
100
1947
1924
3005
2109
3344
2576
3354
834
778
1518
2960
1758
1363
4049
345
1136
3788
2780
113
2189
2366
32
3573
2681
3808
2875
1951
3450
1638
484
1350
1520
75
955
3119
685
581
2190
131
3800
69
611
2404
2368
2380
2943
2182
1029
1368
2934
356
344
1785
3246
2664
893
132
2184
3588
2106
2721
2358
2183
3879
3984
567
98
1542
3773
3663
1297
1663
185
2186
2257
314
1469
3708
459
1129
303
2345
241
3335
4070
3989
1207
328
2208
2627
3547
1578
1275
2673
449
2255
1457
2061
3428
4000
135
3162
741
3313
2699
930
1356
537
1078
1714
82
2342
1367
1769
495
3695
2801
64
693
413
374
3286
1679
2162
180
3392
3259
7
3402
2622
2557
3490
4008
3360
3319
1567
595
3949
4032
22
3900
2
2515
862
3505
3325
67
3049
333
2203
461
2242
3496
326
1038
2689
3020
3092
3727
1694
2192
2672
2469
535
1551
3028
2400
647
3828
2425
3132
1847
2478
3960
3333
3633
1560
223
3679
476
3865
244
575
765
3797
2451
431
832
1076
3692
1771
2993
826
66
2642
1453
275
3301
466
674
1010
1468
506
2837
3620
3983
1036
2827
2616
1845
411
3356
644
864
706
1928
2470
984
902
920
3021
3649
2524
1933
4085
4050
4030
1927
3795
683
2702
3380
1309
851
3686
3851
482
849
1384
749
947
2709
848
688
3488
573
1238
925
3432
2506
3745
3874
6
213
2303
737
3298
3907
760
621
2206
2114
1188
2004
2305
2764
924
3150
2998
114
3303
1948
3140
3868
2695
1888
382
3105
3078
1344
2502
1101
1364
2628
1228
1225
262
754
3364
2391
1925
93
3810
1782
419
1752
642
1013
3370
3499
2077
727
945
908
3130
3552
187
2449
3694
564
1664
1160
1306
3889
2989
2490
2060
4061
672
2477
3911
4038
809
608
939
3236
139
272
1383
2161
2105
742
1868
315
2534
172
2870
3501
1563
107
755
3507
2355
2212
628
3181
3047
3852
2275
3024
1666
2179
89
583
2505
2507
1750
1359
2363
3003
1572
1417
3600
1708
1135
1045
1108
3133
4065
3926
1192
1655
2032
1120
2016
156
3510
981
3395
3585
3769
236
1626
2752
560
2797
1517
3952
2604
455
1190
1209
1607
3717
543
3153
4027
684
1226
3044
316
971
1177
1369
309
4037
890
2144
989
2497
576
3423
2011
841
157
1210
1377
3378
219
3899
2076
3182
1252
2924
3065
878
2503
1005
3631
2941
1642
4017
110
50
1047
1455
1808
921
2222
2053
2656
2719
516
2781
1576
1229
24
124
1391
3825
2157
1498
770
1711
200
2845
489
3893
302
3206
2359
534
2542
2079
3957
3973
2704
946
2029
3762
1083
3809
3117
4066
1643
2025
3086
4041
2008
2655
2597
237
2155
1094
1477
2112
1474
1300
794
292
3193
1817
443
463
288
1620
3701
3531
1669
940
3642
2115
2724
3859
1544
3987
377
1145
2749
3056
1380
1392
2643
3534
3449
596
2508
1445
2849
1051
844
3882
2777
724
1353
1998
1459
1310
2090
2631
3261
3015
3037
2216
863
3683
3931
4089
3471
3107
3486
3664
3084
2596
3735
1150
3311
2426
1050
2344
2424
1917
2859
4016
1585
933
718
1113
2453
1422
3195
1379
783
2130
614
1835
2593
3691
4011
3901
574
3222
1770
3104
767
335
2360
784
2351
1820
2454
276
1332
872
813
3425
2623
602
1935
415
3352
3215
2247
2793
1163
2675
1138
3784
3384
1703
942
3594
2805
437
2341
3815
2961
3034
2967
3569
1056
806
1568
1125
1791
2445
3878
500
1997
448
3589
2285
1428
1418
1491
2241
2443
4087
3348
184
3404
1733
1320
1434
2307
551
988
1256
1237
179
3503
2925
2309
2796
3950
3674
2599
2856
301
1859
3103
2370
3728
605
2411
44
2638
2336
416
1004
1787
2266
3309
1796
1724
1600
3022
1093
2574
3459
2163
3340
210
475
3933
3282
757
740
349
3721
3463
1006
3712
2520
3754
2663
2263
3699
2225
2177
2913
624
1589
566
2166
858
3920
1870
2760
1659
293
1042
1099
3229
3696
646
2318
1230
2140
1806
2308
1141
299
94
812
3013
2084
629
1128
2373
1962
2468
1767
2620
2877
1587
2033
178
2996
2461
3549
3169
3457
536
1342
3923
1716
408
607
1825
3288
3410
3747
3405
2251
3273
961
490
1016
1892
1722
2386
175
3263
4022
3359
3716
1161
3111
1393
277
2765
1846
790
2413
4013
197
369
4084
2232
2340
898
936
256
1378
2080
499
1978
3969
2735
2991
870
3345
3582
1116
2409
25
949
87
2733
1336
2985
2238
2523
86
704
1390
2467
21
2414
3779
430
986
1352
2429
985
558
3807
786
3516
1488
1180
738
1375
3850
3053
2256
2428
759
953
1571
2378
3629
152
1217
2898
3351
247
3793
1519
1743
4045
2974
1922
1598
797
3329
1212
108
1395
2147
919
2846
451
151
3824
3908
1437
1784
1584
3821
1466
1761
4033
336
3506
423
954
3296
1334
2311
2855
1533
2406
540
877
505
695
2569
2332
1737
2471
3753
2548
2880
1702
3349
2116
1017
2407
3939
1831
3094
2669
3796
3389
2980
3269
2207
882
2132
1158
2521
553
3079
3544
3916
1470
3700
2955
3759
725
2700
3304
2734
3278
2138
1067
189
527
1841
2133
1259
2909
3839
3625
570
1732
3158
1730
1124
2555
1130
1371
598
1534
3558
1749
1200
3518
1748
3137
465
828
594
2832
3703
1347
1658
1828
1690
1178
4062
3843
2007
2900
1866
631
1909
2258
1502
568
2390
1964
3443
3067
3032
2148
3715
894
634
363
2482
1012
3792
1660
3975
55
3159
389
1298
2770
3666
1768
622
334
2475
1473
3563
3557
3968
1330
2716
3095
2634
1373
814
472
2584
1848
194
3012
1231
2551
273
3098
3914
65
3873
1014
1104
1123
1788
2204
550
1537
1827
3659
2657
1529
1215
2682
1745
3046
311
441
3785
1574
1374
2496
3059
300
3869
360
61
3834
1481
3011
134
2463
3451
3145
375
677
3778
710
2410
3045
1000
88
1089
1644
1040
378
191
705
3018
2665
456
3440
2538
590
1327
3528
2167
2224
978
3271
122
2988
3408
71
2093
2231
2944
308
3898
2214
3638
401
4040
2066
1268
3433
1900
2086
2789
1512
2491
1267
1954
2018
337
37
207
3077
3362
161
3242
616
1652
3838
2474
4055
2659
801
126
1288
3733
2237
1905
2324
3048
3962
1435
1080
1184
422
2649
2529
3144
3256
2915
3226
1536
3967
1876
160
259
3548
4079
1421
3338
2499
1982
926
771
871
1277
343
2253
643
3613
1335
3090
2835
1657
2377
3654
1557
142
2111
1721
2510
1746
63
883
1712
4090
3353
424
1053
3300
1449
2978
52
1186
1786
3372
2385
2379
1819
1023
3168
3576
409
2554
1915
1027
1493
3611
367
2763
379
2194
912
2134
138
3147
3615
1802
1313
3089
2072
2544
3977
2035
186
2751
2903
554
2329
153
59
1068
667
3136
730
905
1616
3596
2995
204
1478
2306
2615
203
2036
3068
2813
2834
2710
1194
1037
2343
3934
438
2739
2249
2230
857
1234
421
610
397
2895
163
164
483
1166
1766
2069
1995
2891
1945
3946
700
2553
1223
3239
2280
177
2938
1535
40
3605
1151
3321
2498
2433
2911
1340
3980
1329
3113
2234
2547
2064
1961
2684
3559
2782
2460
3083
3886
2125
764
696
2948
641
600
3327
3956
1949
2923
3483
2741
1619
2595
3143
712
2062
3039
2150
703
586
2119
285
3765
4043
312
393
1201
2101
3772
2746
2812
618
2759
3124
831
3342
101
3121
2259
889
815
3685
1396
852
2937
1641
1303
1249
2056
906
3431
520
1402
3895
3764
1863
2220
3371
169
2483
457
352
2397
2890
2994
3766
242
1531
957
1025
137
1182
899
2098
3937
653
129
3991
2939
1715
3138
2371
140
2844
3275
3763
2535
2956
3830
699
2381
525
3175
1719
533
115
388
2479
2030
846
2442
2804
2013
2658
2598
1908
1061
2674
2864
1293
793
866
1015
196
2200
3201
1569
2156
2585
3756
2465
3854
1677
3814
638
2517
1146
327
3673
281
3418
3653
3906
3741
752
3072
2630
1852
758
3177
1322
3284
3687
248
478
111
221
2975
2833
3473
3203
2325
1558
1401
2383
3374
3280
239
2565
2541
1680
907
136
2421
1939
3936
11
3929
491
3225
3947
2480
3179
632
1424
3833
3128
1636
1456
1735
181
58
2063
2951
3495
2100
1696
494
2338
3258
2462
3732
2095
1821
3579
2808
3608
2201
2122
1443
3472
2653
2041
3476
120
748
2715
3942
1692
2289
726
944
2052
3823
676
1118
3447
2990
2830
2361
3339
2714
2096
2784
1131
2472
1865
4012
2999
2577
1862
3097
3665
1296
1622
1236
1645
820
1195
3320
3928
951
1062
1794
1580
2298
2650
3965
2357
279
2862
763
931
1073
2364
1429
90
486
640
3310
3188
665
1792
2983
3640
3099
1055
2905
3927
4031
1686
2823
3456
2843
1276
2977
1992
2887
3062
3994
2947
1628
1894
3577
3734
3751
4081
773
234
2531
3951
1441
3025
3411
2221
166
973
2680
3317
2245
3877
927
1326
3812
1191
1911
3306
2750
1500
555
266
1549
1471
1358
480
3170
2707
2313
214
3981
2610
2790
4077
4029
3014
2431
2968
3437
3161
2619
3210
3033
719
1757
1079
3385
258
2635
3211
1272
1028
1450
2732
1829
675
2731
750
2558
362
3010
320
819
1910
613
81
1280
1764
2514
36
2388
2287
2637
3910
3116
721
195
3529
2219
361
49
3436
2636
2031
2894
3921
1258
588
3421
1341
2457
2528
1168
934
1105
3112
1705
3487
2047
3722
1054
2057
3540
263
2857
1408
3110
232
1035
147
835
636
1442
1777
964
4086
2896
3564
2883
4083
3100
887
2708
662
623
2141
3058
751
3566
2495
3163
509
2795
3453
2020
1885
1349
2181
1795
1066
1339
2362
530
1257
4067
1552
546
1545
1183
2592
1672
202
3710
839
3466
3276
1793
3308
1684
1629
2104
3165
1509
4025
1239
3726
3260
190
1175
1385
1880
1952
1034
1931
1119
1695
3553
278
1778
1896
3689
2260
1985
1262
1639
3970
2416
2965
4015
811
1530
2174
2440
2861
1668
1438
317
1264
405
2319
3619
3574
2564
3254
2906
2422
995
1365
3702
869
1854
3346
1490
2519
3543
545
2267
2350
992
3746
855
941
2153
373
3238
3341
900
1058
2987
1635
2726
3718
3669
3597
51
1661
271
268
1117
1850
3361
2876
2284
3441
2640
79
1729
3885
2545
1463
2048
2117
1433
1415
2243
3990
879
1444
298
2850
3253
3262
1447
1747
1898
1956
3234
3180
2660
3894
2037
1003
627
747
1632
3848
1926
27
3031
3493
652
609
3468
2456
1304
792
2783
999
1991
1269
433
1157
1440
2889
3185
366
2863
1
756
2621
993
2814
3787
1559
1586
267
3156
3533
4
1727
1458
1216
2817
1633
2022
2459
2089
1338
2742
1179
2396
2537
1049
1858
4092
1071
1627
1370
3954
2942
3245
731
1460
515
2160
1315
1532
1804
3578
1723
1294
1873
313
3500
842
654
1916
1279
3478
3536
2447
678
2527
1508
2210
2304
3458
330
861
42
1813
3913
2046
3671
1246
2831
3875
2766
1394
1842
193
837
2969
3870
116
370
775
394
518
3883
2043
3522
538
4052
1942
270
133
3197
3697
1211
3953
753
3232
3513
2310
1219
1398
909
1196
666
3818
2044
694
860
452
1901
2908
723
1137
2403
1346
45
1830
295
943
1132
1773
41
498
3377
619
3880
4078
2283
2058
1612
3940
2853
2296
1783
3876
2607
2369
1603
3328
286
2261
2573
3864
1162
2223
3724
2962
1059
2173
3489
1615
1325
603
174
351
2123
34
865
805
1617
2852
664
3676
3826
1362
836
4048
3872
1595
1354
2931
3857
2142
3270
400
868
3752
2151
245
2803
1844
1214
881
3514
2954
2825
410
3904
2438
2566
473
1143
2776
1895
1710
2349
1812
956
3030
3091
2580
2774
3643
12
206
2113
557
1836
2297
2444
776
682
3081
1805
3422
353
3682
2195
2926
3805
2002
1244
3580
3639
1728
3250
1255
429
2176
3255
656
3922
733
2128
2693
795
1897
2713
2038
3233
967
2375
818
3755
2348
2175
1484
392
1284
1698
779
2786
492
768
1096
714
3556
1649
2932
325
3586
1676
2745
1803
144
2897
552
3477
2963
1002
3491
2236
1823
253
591
1082
4047
1480
1205
711
1834
1614
402
2401
3998
1018
2933
