3587
1464
1590
2715
1294
671
3380
1568
1351
3099
3973
2055
2526
1064
2577
2580
2980
494
1964
1996
1384
1525
3129
1234
3208
790
3684
713
3806
355
3418
454
2755
3641
3452
389
771
3609
879
3178
2028
2030
2334
336
9
2324
1458
3239
2906
3583
2796
1885
426
16
2645
4055
2392
2923
75
2749
3848
2655
2374
3924
3704
3621
2370
715
4083
2498
3654
946
2685
1581
2812
2797
3888
1702
1105
518
2629
3110
1435
1848
2227
2976
2339
2631
1389
3629
1329
1739
1908
841
168
3365
1633
1110
2191
2829
3686
1304
2277
1774
3873
3652
1429
466
3252
2548
2468
876
3256
1798
4024
2275
3511
2240
3447
55
3566
1758
695
3189
3201
835
1109
3097
1316
1723
844
2999
2509
3713
1048
1423
2778
3474
1600
2838
60
2048
2817
1318
34
1250
2257
2593
3137
714
3882
1930
3538
3826
1403
1005
3489
3904
3594
344
4081
2138
1183
2708
907
3286
1871
377
2914
308
198
3167
1286
3369
2450
3384
1298
2071
89
2137
703
1705
947
3451
3011
3177
1364
3218
1160
3210
3165
3231
1595
502
570
3658
3810
3710
345
1806
1193
2353
2922
98
1714
500
1938
2991
1476
3597
1639
3378
2064
2892
3102
3182
2475
1972
3274
1178
925
2651
1976
920
2762
148
3352
1025
2517
2570
3224
973
2318
280
83
49
3880
387
1824
2926
2677
1780
686
1985
1480
2407
2954
575
1301
1557
638
1049
3460
3321
1495
495
1623
3858
3265
2377
4037
872
3107
3303
4031
1562
2656
2140
2155
2080
975
185
2160
297
3000
1845
212
901
2998
252
875
3746
258
843
315
2045
3802
2152
1906
475
1586
3179
1850
3253
1572
1952
180
2390
1967
3243
3842
2199
2301
3152
2413
3497
511
1787
2485
3076
2506
1864
585
1622
2724
346
2581
3330
3655
1468
1717
657
1398
2671
900
2989
3967
3415
201
195
3360
964
93
1228
3936
2850
3689
1023
59
1820
1741
2513
617
2680
555
3530
2840
1831
204
1663
2704
132
2826
27
752
4071
550
2248
2269
3745
4090
2490
1426
1490
1718
1045
3960
3778
838
895
2707
1692
2022
1974
1966
234
1669
1422
1367
2780
809
3298
805
1120
3227
2966
1652
1899
1453
529
2345
2360
501
3714
2687
1102
2393
3234
2193
2637
2146
721
1554
378
531
2883
1779
206
2692
1181
2495
2013
1075
2488
2190
444
221
1245
782
2622
3786
217
1061
2225
422
2538
324
1287
2955
1124
283
507
2018
2249
1685
1097
2387
2414
1081
3662
2700
2600
2134
3567
4030
4080
1625
568
3507
1865
2518
3664
459
578
233
722
513
2382
3699
3691
1306
2154
3422
2900
2943
73
2589
2644
3396
1541
3921
3832
813
2879
2268
673
2073
408
1284
67
3819
1722
554
347
606
2207
537
1117
1958
2106
87
1430
3553
2162
4064
989
1504
3754
594
3140
85
772
2124
3180
3357
3101
2341
3701
1650
2399
1817
1599
2302
1378
3886
2430
1470
1529
3945
451
235
2456
1080
1728
3164
3046
3828
2342
3294
2897
2717
342
2052
3094
2221
2568
43
3145
2723
1830
81
293
2092
2156
855
1874
4009
3339
136
1449
2362
2753
1509
2864
2164
4067
3849
156
3092
3424
40
241
2545
1800
3856
1621
2007
3646
3588
2192
2294
190
2652
3127
3150
3326
1828
3236
242
2647
756
4069
392
640
3270
3757
2380
3376
626
2768
912
1383
29
1471
3064
2375
3759
1651
116
1042
2290
1616
1531
1577
150
1210
331
179
3309
2815
1550
679
1837
44
3879
2832
1142
2740
1923
1153
3170
3963
3383
514
2296
2932
246
2149
3085
3725
3923
1229
3153
3436
897
2001
161
1499
2010
104
822
3041
1785
3851
789
2373
3968
727
1372
197
1884
140
3337
3777
982
3881
884
1574
2574
2381
191
1853
1602
1768
3398
269
2295
2384
2522
1638
748
2808
441
2613
818
91
1121
2060
1832
3371
2173
3601
404
172
291
3846
1186
3149
725
3711
1862
2111
1238
672
2403
3259
3400
109
1827
823
3327
1811
3005
2885
758
1150
601
2787
726
2325
316
1481
957
1484
3679
2293
704
3465
20
1920
3163
552
3571
546
1989
449
2455
759
3198
157
1975
2074
2252
730
3930
3361
2694
3913
1538
2133
2147
3712
2170
3604
3610
2741
2359
2315
334
591
4044
2535
2934
1442
3047
930
1569
942
486
2242
3017
2366
247
2365
3592
2197
3788
2730
2349
3075
2960
1355
1695
2483
3611
1626
802
3332
3953
2372
858
541
1255
928
1615
1390
2121
471
660
2003
3883
955
2672
1771
2157
2941
2491
670
1492
1258
1108
3644
1752
1343
2143
2226
536
1956
3032
2270
2945
1567
2670
1990
3839
2117
3387
2344
974
1846
1730
399
1869
2238
1068
3626
3961
866
46
3247
2757
2520
2386
2899
1565
883
921
482
365
2481
154
3631
70
2947
1289
2875
1483
565
1432
3509
1008
1849
1166
2634
2361
207
2314
3790
1447
1727
1114
2599
1326
3048
1829
1386
932
766
3835
429
3306
3147
2714
2953
2619
6
3752
2635
3634
919
922
2177
3935
1570
820
962
652
1147
633
3279
824
2972
1698
3563
349
243
2465
763
100
3027
3747
2383
3824
3126
289
278
4005
2618
2990
2959
146
3765
2205
1493
200
1857
3068
3434
1608
2461
827
1834
1587
3212
2585
3272
1356
424
995
2043
2250
3512
2086
1721
1018
1220
1077
4060
1890
1649
3917
2388
3289
1300
2766
966
76
1678
2530
3825
1445
1882
4039
3700
987
1424
2228
996
3943
3616
3971
3133
497
2925
3962
2609
956
3225
3060
3220
3455
3435
333
214
1066
2397
3531
1043
202
659
1046
1305
2849
3175
689
1686
3490
3570
2890
2726
2014
3207
2689
226
2220
965
2025
2176
1433
2839
737
1841
2592
814
1729
163
2735
453
1216
1118
1943
4056
1140
3726
3702
1291
3952
2664
1260
1588
786
1401
1836
3040
485
970
4027
166
2747
1764
3314
881
3513
121
954
162
431
4089
3766
2703
1254
629
1854
3603
3065
3554
3909
3895
209
353
3933
3341
1233
3852
1034
3931
3349
3579
1240
3735
1711
3841
1576
924
1522
2044
2219
3014
981
1683
2630
3082
3642
3950
898
4048
2818
914
1365
1151
1396
3595
1518
3449
1265
678
2790
3481
891
1219
1812
2306
3715
3586
664
972
2212
2487
435
2358
927
4007
3670
599
465
3044
3457
343
2806
2183
1744
3636
3546
612
1327
3466
3809
2093
959
3549
1516
2871
3529
1313
2087
1412
1988
1465
1573
1773
1069
2669
1185
1352
3663
3822
1004
3111
379
3874
2963
1243
3633
66
3651
2262
3527
3602
1783
77
4076
1745
621
1410
3190
3517
603
3071
250
3390
71
950
1488
1932
3408
1026
829
1687
1270
445
245
701
893
2733
3072
3983
596
3052
317
3249
1067
1675
2967
847
303
3389
3459
687
3464
3900
1459
3659
1168
1558
1261
1115
2846
3209
276
2297
3066
2218
2809
1877
2054
811
281
3241
3751
3773
512
832
1597
1543
3760
2444
2479
3213
411
3096
535
2691
1112
350
2211
4012
618
2246
2528
544
1032
2537
1556
3077
1726
1668
2189
647
3219
3857
3784
2076
3108
3311
2330
864
3461
1781
688
3892
3764
3656
1815
3317
593
1135
1201
4023
1680
1266
2418
1232
3863
3004
3519
1335
641
2178
69
2917
2540
3668
776
2905
114
3222
3979
3138
3185
2775
3468
2123
743
3724
1460
2131
126
2830
3618
3372
1363
2439
425
723
731
3470
868
747
3250
2447
2893
2751
694
2009
1790
3007
2039
653
2591
4042
3062
3454
2264
2371
2474
3495
3628
2165
22
2310
3972
400
735
1014
936
848
2410
1542
2937
118
605
3800
1521
2208
3039
1283
1053
2587
642
2427
2408
2903
3444
229
4050
416
1523
1376
313
3093
2078
1330
815
3821
2586
1251
264
1672
2135
1149
3733
3520
1128
2624
192
3492
1982
1456
943
2090
3340
3834
326
183
2575
3237
587
1796
2299
3221
2507
3136
3171
3308
1709
4016
692
2168
994
567
131
2907
4033
2004
1655
1348
3783
3348
2406
2803
2395
598
779
1628
1373
3055
3051
2367
1863
1762
1334
526
1419
534
1941
1928
3206
675
17
3496
2172
521
2150
2657
2184
2153
3008
760
2476
1927
1455
3525
295
1748
3156
1770
3688
267
1107
1878
2625
3485
3026
2957
1756
3756
3316
1524
1889
2312
1497
3915
963
216
2049
468
3312
2916
3542
1910
869
3989
1253
1058
1677
825
1148
4025
54
3018
1593
4006
2594
3310
1295
3744
3135
3673
1905
2317
1912
3407
3491
2569
2351
1507
3682
3919
275
1627
3015
2771
2731
174
396
834
3918
2255
1126
3985
1360
2667
2480
3814
2376
144
1344
2428
3817
3118
3614
2497
2861
134
3287
432
3780
1661
4074
2105
2632
1582
1498
1467
145
99
1631
4077
1931
1891
474
3727
2196
1145
1614
2682
2739
2995
2500
2091
2825
3672
203
2918
489
1671
2088
741
1161
1096
2604
2642
428
1814
4032
2115
3677
1055
2419
1469
1851
3425
249
493
3902
3862
3358
1987
4019
908
3020
1883
2863
492
538
2070
3089
2174
2435
390
1130
1950
1754
797
1237
2901
223
23
2180
1719
2523
3235
3730
2035
270
1786
1643
3624
2307
651
1163
2286
3719
3463
2608
3161
1279
171
1224
2514
2887
211
2502
3706
1297
3897
14
3981
2982
2116
1385
3151
1879
3411
581
2412
3054
3708
2454
2288
556
3562
3251
261
2114
1494
3313
665
450
2841
1158
78
4049
976
515
1030
3575
1380
1452
3739
2661
2547
1630
3502
1778
3267
1394
3323
3899
1144
335
3333
442
3792
3565
102
3482
3258
3426
2896
2811
3947
1979
1420
2779
1894
1406
2233
3030
1244
1071
639
1320
36
2175
903
2920
3666
566
2432
2501
3246
2596
892
852
522
2478
1230
4003
1354
359
2649
778
597
1191
3271
3113
2658
483
3416
539
2223
178
1679
3143
2217
3498
2104
2865
1441
1892
21
2965
2050
3556
3412
2466
3850
219
3547
3281
586
3573
3648
2482
1847
516
2681
2024
1747
1855
430
42
1309
1805
194
2860
2241
1571
1963
2996
2083
1195
3257
992
1868
263
3134
2970
188
1446
2974
1359
1015
3325
2118
1007
1792
1667
1252
1746
734
4010
1953
79
2716
177
407
705
3827
788
3090
105
548
3420
3195
1559
2807
1634
1662
2433
1536
2676
2011
3002
2950
3932
2245
1010
2946
1054
304
128
2019
3956
1799
2536
3081
2120
3346
636
865
1784
2141
1707
1937
3844
3324
2280
1172
615
1092
849
3992
3431
1636
433
412
3787
3505
706
3240
1944
784
3478
654
311
3977
3958
4062
3929
2389
4011
2201
3399
3386
3591
762
859
268
1859
3853
3261
2542
1563
2754
683
2964
294
2597
448
2722
795
3124
2674
523
1903
2405
991
2422
1104
2347
56
3159
388
3887
1766
2038
1146
3731
3808
3299
1346
1078
1020
3397
2684
310
1825
2988
306
1413
84
2660
1907
3548
2746
3694
1206
3296
503
254
2459
1290
3647
749
279
3816
2910
1921
1319
1993
2348
2773
3635
2617
3533
3184
2378
1606
1189
1822
2510
1060
1162
1221
3716
3214
3875
2148
3543
3319
1063
472
2271
619
2328
1479
519
2819
2997
655
3608
733
870
4002
1437
720
2921
3448
1387
573
1942
86
3477
830
890
3606
3197
1076
3866
1263
3781
4041
2572
1350
637
287
2144
2719
564
1311
3771
2237
3516
2084
92
528
1196
2486
3438
1336
2908
2748
2467
1379
1241
1530
397
902
3736
4066
2305
2789
1914
931
3186
700
620
509
1674
607
1969
1269
3555
3476
3440
3355
2401
1957
2139
2026
2550
2764
3774
608
3941
298
1296
3619
2785
3791
630
2503
967
248
382
2058
736
3117
274
1215
882
1666
2979
3083
1174
826
3925
3205
674
634
4008
2065
1731
2894
1992
1533
2260
1546
2429
348
1997
1532
1019
2417
1207
3105
1833
3693
2097
709
2256
604
2595
4087
1642
1027
1772
3940
1888
332
1544
3467
3095
1276
1689
739
2654
160
1317
2823
773
130
1999
2069
3181
4017
1753
785
58
2981
490
819
3934
1212
682
439
2272
2130
993
1610
3991
2525
3540
2975
1418
1395
1170
3401
1282
2082
2281
3999
419
3331
1044
4057
977
2451
2263
3794
3479
1732
1580
2284
1227
2145
3302
697
1347
1549
314
2693
3723
2786
3869
2598
1510
3605
1911
427
2993
1788
4054
1767
2554
164
2909
47
1323
434
2952
41
774
1978
1169
1682
2636
181
1303
1751
1116
3439
436
988
3683
356
1506
2584
25
1474
2108
2688
4073
292
1902
3625
3861
108
1664
2836
3926
222
3069
3379
2066
237
3508
3091
1353
2805
3993
2077
3202
2711
2831
31
2051
2457
3301
357
4034
1973
2167
3623
53
2866
602
3001
1818
746
3216
1184
3078
3944
2452
911
3796
3148
716
3578
498
3590
732
3487
600
3762
1073
1584
3292
2529
3854
1006
2311
549
2449
4094
508
3472
12
1617
2107
658
1995
2870
3264
398
2567
2524
464
1070
1404
2935
370
929
2469
718
1226
1222
3884
1755
3740
2627
2939
2037
2521
2744
662
94
1946
169
1856
3743
2745
3998
340
1917
1167
2816
3514
2329
2036
2188
491
545
1416
2236
115
302
729
3907
3720
2426
2648
2129
1528
3146
3125
2326
906
2756
3761
2494
2942
1842
540
1205
2557
4082
401
1129
2322
2763
3034
2549
1706
62
3732
2504
2728
1264
1409
1896
327
1929
3589
2029
1823
3336
2515
2216
2425
2319
1176
2169
3413
2511
2675
3154
1860
3812
2239
3737
225
3845
2438
2182
3285
1131
1605
3456
2720
1720
3758
669
456
1926
1200
3560
2895
4001
64
1339
1540
934
853
1236
953
1100
1935
4
3978
1358
4068
961
1724
3799
532
2232
3183
3980
2460
3653
3510
880
2132
2777
2886
273
3526
2743
3119
1688
2534
3086
2352
677
1821
2881
2446
2292
2072
3804
2971
1444
3293
3572
2103
4093
51
2267
2032
2391
4085
563
103
3364
1561
2958
3128
1589
2814
3080
230
2889
119
2878
2472
3343
3643
2690
3050
3722
3098
3674
2933
3362
3997
1085
3109
1188
648
506
3901
2020
918
1333
440
205
1408
915
3552
3615
1190
487
2243
3370
3300
2187
1552
1272
2844
1551
856
2519
2986
2862
1033
854
2750
367
2948
1016
3233
2810
3667
3969
39
3742
63
878
1520
391
2385
1607
1635
3112
1676
2659
3949
887
257
753
2346
1111
2855
904
1895
3084
1699
3954
50
589
3277
2464
151
1012
1273
2555
3837
3019
635
3484
1591
2827
2304
3518
1325
1090
3910
361
3695
2697
3432
152
2113
1909
4018
1708
1654
2710
1375
1553
3079
1913
15
777
3290
3770
1704
1657
1954
588
3870
3755
3741
1271
3367
3441
3021
3359
369
1047
623
799
684
2489
1876
1858
1519
3217
1844
1694
2075
1951
935
754
1960
3622
1088
1182
1893
239
374
2186
2949
244
504
1478
2924
3409
3480
1082
2400
877
2718
3245
3192
4040
3443
1526
57
3898
2102
1281
944
2882
576
2872
452
1592
1164
418
833
3576
2783
1179
2621
3996
828
319
413
3393
1564
1487
1152
3282
3033
2512
3276
1916
227
138
3388
337
2643
2006
1159
2579
1308
467
1918
860
2287
2665
1760
4047
1485
1511
2533
3607
1697
3262
90
380
2136
2791
3678
656
1022
3709
1248
1609
1302
2420
123
2492
3191
1797
842
850
2198
1003
3106
481
2983
3803
3131
1715
488
2721
1340
3676
2222
867
1684
403
2927
37
2266
4052
4061
3685
120
3877
2761
1198
2792
309
3363
698
807
352
3793
2336
2736
1919
1405
176
1539
577
1039
256
808
2633
3280
610
2802
3749
1
2566
2335
941
1761
4026
3421
255
2588
2095
3173
3696
1192
874
2928
1089
584
794
971
125
3254
1299
579
3661
153
3946
322
325
1867
1991
2041
2355
1881
816
1716
3582
3577
2729
307
3284
1292
1710
405
5
2767
1955
3522
2795
3612
3728
3338
742
2253
3680
3141
1759
2333
117
2760
2737
1156
2379
1211
2987
187
82
1696
1451
999
1866
1256
1257
3028
3698
1733
3194
2650
710
2919
438
68
1086
2788
2017
2912
1566
2034
2046
2913
2209
1338
796
1001
1560
2845
3417
1087
3537
702
1947
2679
3718
2944
312
1315
2699
3088
3228
3876
3488
2929
2695
220
3242
3382
609
2402
142
3568
3649
262
1079
1312
740
986
1011
1381
1725
3391
107
2463
978
3410
667
2559
3493
2323
1208
110
3734
3475
7
3168
2531
3937
165
1084
2641
420
2313
2620
2765
1738
3162
1632
3350
1332
3061
360
783
1835
33
2873
0
137
2856
385
945
2215
1924
2068
614
3335
2332
1712
2015
1119
505
251
112
2194
1225
2142
681
2543
1029
590
1645
3959
2224
2171
3914
460
3453
968
484
2282
4058
4092
821
905
3229
3948
1357
2411
3486
2423
553
1535
3499
1177
3368
1065
3295
525
1337
1141
1948
2234
271
2884
3988
3878
4022
3100
1816
3405
1267
2962
3840
3905
3789
2062
1369
1057
3763
2576
2985
1965
628
3807
3042
290
2686
3707
2265
329
2094
1024
3584
939
213
2869
74
3375
2573
643
3354
1342
2364
1391
2546
2163
2042
3657
690
3353
3003
296
3288
2571
2101
2021
3660
2874
1670
1132
173
28
2752
3833
2085
3139
1971
1431
1439
2709
3986
18
1803
2828
182
3226
1247
3232
3366
1962
330
3193
371
478
2099
3637
1611
3550
3260
3524
1454
2772
2185
2499
437
3010
1813
417
2040
3951
3070
3307
4095
791
2214
473
2663
1613
3437
3269
969
1898
2969
1795
2421
1743
2911
1749
1093
2940
2678
517
2583
2437
2837
2002
2590
2340
1897
557
2782
3074
3535
668
477
2602
19
1659
2640
3545
798
4078
170
423
3920
998
663
1235
2561
4029
2800
3433
632
1231
2320
318
2285
1791
1579
299
3957
1249
2662
96
933
3964
917
1457
320
801
2213
1099
3903
979
680
45
2493
1619
3775
3665
2961
699
1223
3038
839
3430
1644
2653
3029
533
3891
2276
1050
3035
13
8
547
1880
1641
949
415
1612
1218
1307
1656
873
2445
2902
1537
282
3394
1802
2551
3009
2202
2061
363
3515
2614
676
2582
1175
1648
3013
1959
3768
1368
1515
2683
2673
3894
368
750
2229
1690
3012
1713
2316
2951
1428
1021
572
3345
2424
2235
3867
2562
3
2436
224
3114
2610
3639
1782
2254
1293
3965
2833
960
1870
3157
708
218
3115
351
127
1618
1984
383
767
1349
2415
711
3446
2404
80
1585
1503
4088
3557
2738
3627
2936
2553
4020
2532
139
2732
3889
3620
775
885
2701
2646
2031
2859
3056
1062
1415
1838
1268
2876
2151
3675
3864
1106
2109
3423
913
2023
757
238
2357
896
3329
3428
595
301
2279
3922
1440
3561
3036
1392
2396
2834
3116
2012
3275
305
3130
3906
3823
3469
446
3427
1322
3681
72
2442
11
1214
3403
1578
1933
1139
3843
524
3738
1701
1809
1345
1737
3801
2603
2331
1804
3196
2705
1425
3503
3342
3057
3596
3063
1443
2443
755
2161
193
2888
3640
240
3419
1740
1125
3818
2793
1840
2356
3539
1239
2100
2394
2181
2702
1035
3160
910
4046
3785
787
155
2544
1040
386
2713
26
2541
3795
3912
2560
3767
863
1922
175
1154
2794
2261
3916
3373
2698
3805
886
889
561
861
3031
800
2725
851
764
2857
3356
321
3871
2204
2369
158
1362
1981
793
582
1547
147
1091
2247
3613
1940
2338
916
650
2770
4091
765
1887
362
3829
2327
803
2273
3776
3697
937
1374
940
3630
358
1601
1421
52
1371
4035
4072
3574
3559
1427
624
1041
2824
745
341
2616
210
1056
3593
2558
2158
1486
3671
1197
2938
2033
909
2842
661
3347
2289
3024
65
3528
186
3374
1603
3632
3315
215
2309
3617
3215
366
1095
61
3838
2930
1028
1094
410
3255
1331
3970
2904
1173
470
447
1970
1508
2696
2973
2350
1209
3855
3523
3104
3504
2258
1288
2556
122
3600
1138
1808
2564
3025
2125
666
625
3717
3381
780
2784
2128
2337
1624
3831
1475
4086
1875
381
770
1501
894
1051
2057
2398
899
3334
1904
260
2612
228
560
2059
2298
97
3273
135
3404
124
1980
3067
1646
1961
4043
2628
631
159
3532
580
2368
1596
2283
3283
2851
3174
35
1901
1604
1180
24
2110
2931
1101
2127
527
3291
1700
958
1242
2230
3445
462
479
3473
1934
3188
3297
2774
2321
4063
3022
1310
1436
2527
476
3536
3059
3976
1411
384
3896
4004
443
354
1038
1637
2343
3203
2477
2539
3638
923
1275
3263
840
1491
2891
95
1399
1262
3558
3859
845
3318
2471
3580
2956
323
328
1998
1775
2668
3344
3885
2848
3278
1789
2607
3830
3782
1915
769
1448
1994
717
1165
559
3006
236
1370
926
10
3494
857
2484
985
3244
1936
1583
3158
4036
2179
2409
3155
1598
3772
2470
1473
2611
1280
129
2056
1548
3172
1534
510
1477
691
1925
1873
3995
1127
1977
2000
1801
4084
2994
2623
1763
3798
2096
2005
414
3462
1949
402
364
88
644
530
265
2605
3483
1074
2119
3966
3893
406
2274
2496
409
2977
338
1769
728
259
1575
2027
2626
938
3144
2440
1382
4014
2206
30
2508
1939
1199
1765
3908
1703
373
3123
744
1742
1776
3211
3865
2727
2516
1513
558
4038
3268
2462
2278
1393
2776
1734
3811
101
2835
1750
3585
2203
2200
2769
1417
2441
3748
2798
3120
2505
1137
2578
3351
2354
836
48
3103
646
4079
2473
2
2820
189
32
810
846
2244
3705
1472
3304
3928
3650
3569
983
3458
3200
1983
4059
2431
232
3813
3320
499
3890
2063
2448
1461
1009
1793
1502
768
1414
1388
1500
2303
1002
288
184
3395
3860
1594
3911
2416
3450
375
1438
1366
1620
3939
3769
1434
2166
1945
1000
1013
592
1819
111
1036
1839
3990
1113
761
3645
141
990
2712
613
1017
1665
2813
2098
3073
719
3984
1852
2565
2606
1691
781
3053
1397
1052
1826
2801
2867
1134
3975
804
3750
1321
2195
1217
2852
3815
38
1968
1194
1794
3501
3687
3058
3690
1735
208
1314
3987
469
3598
3238
569
2639
2563
113
1171
1872
2868
1136
3414
1653
948
196
2821
2122
1037
1203
1466
1496
1324
231
2259
685
1647
376
1555
1861
3016
2804
2638
3429
3043
421
1407
3471
1400
951
3942
611
3037
1658
1285
3328
4021
1462
106
463
1900
3974
2363
1187
520
2915
3753
1098
1681
1886
862
3322
4070
1133
1673
2758
1341
1660
3994
1450
3544
3564
817
4065
3541
997
339
4051
2706
3121
738
3199
3132
980
3872
1640
3599
3392
2759
3305
3248
542
2853
2968
199
4013
2291
167
707
3142
616
3204
2300
551
2231
4015
1259
3534
696
3266
1213
543
871
1545
1202
2734
2843
3938
1083
285
1157
2615
3729
394
3406
4028
2984
1482
2126
3982
712
792
458
1328
583
751
1402
1361
1463
3521
812
2008
2799
3927
3087
1246
3779
286
2666
1031
3551
3721
1155
2434
649
1807
3187
1757
952
496
300
4053
2877
645
2453
395
3703
143
2089
1122
2854
457
3847
3166
277
574
1277
272
888
3169
2847
2112
3669
1512
3581
2053
3049
1629
266
2251
3385
1489
724
3955
2016
2308
3506
3836
622
2081
3176
1143
3223
2898
1505
1693
3230
1204
984
806
2742
2210
393
284
3045
2079
831
2781
1274
480
253
4000
3820
2880
1777
2159
1514
1123
1103
133
1517
1377
1059
2067
455
1810
562
2552
693
4075
2458
2992
3500
1986
2047
571
3402
372
4045
2601
3023
3122
1843
627
461
3868
149
1527
3797
1278
837
2978
1072
2858
2822
3692
3377
1736
3442
