2182
3009
79
1595
3627
3966
148
2181
2792
1153
3127
110
3953
2508
1648
2046
2795
2586
3404
862
652
1703
586
1676
874
961
1056
3151
1949
1841
1446
1408
1547
3664
1790
2983
2120
3867
2907
3955
2483
965
233
328
2450
1629
742
1859
2007
2472
1750
3506
1414
492
3803
1389
3354
3695
2252
729
128
3148
3624
44
112
3269
154
1158
2961
3326
3451
2000
1250
3789
2340
3384
211
1698
846
359
3111
1090
1594
1507
3494
1962
2873
3845
650
2878
3264
2052
2727
1546
1382
3978
3609
1536
2198
836
2043
1818
3351
1678
3990
3855
1861
2794
13
1114
2242
473
4026
321
1200
1980
3486
3815
1749
837
906
2460
3201
2588
1478
3205
3756
1853
454
3984
817
2348
1084
1474
780
4010
2516
2834
3652
4011
3907
827
2612
745
603
1416
2757
2877
3034
1811
2018
1664
2480
1993
1131
707
3501
3933
4045
619
291
1872
1643
1093
3758
1069
1825
2457
2919
2559
1005
2205
1273
3843
1608
153
2241
2608
1400
3647
2230
2484
2257
430
22
51
3359
1337
1068
3941
1304
1752
3285
1994
3233
1006
1605
3578
2618
1713
3714
3229
2336
436
1960
3077
2346
3352
3016
2132
1430
2393
2021
3081
3045
1764
2737
1888
841
575
493
3220
1767
2820
908
677
3013
2421
52
1244
351
1328
1281
1440
1677
1561
1386
417
3163
268
3306
2168
761
1452
1585
1652
3614
4038
2030
3074
719
1365
738
3769
3239
975
3468
1399
993
3058
988
3115
3628
2343
152
238
1320
2036
2187
316
3607
390
2426
403
2563
170
3635
307
220
3117
441
3658
1543
1822
914
2159
2156
1412
2328
1816
3842
244
585
3248
863
2751
102
692
111
395
3856
2902
2350
2739
887
2573
1884
64
3603
1731
1137
264
1261
3199
3542
1364
1844
386
2402
1486
1843
2513
3194
3263
974
653
2569
2172
1458
1803
730
344
114
3309
1894
2517
1046
63
296
3744
2026
1907
641
142
795
3837
245
1819
378
4001
208
121
674
3582
2375
2258
1701
3093
2714
3604
2725
521
2423
2137
2568
776
1180
3977
556
4034
3864
115
1151
184
2853
694
0
3796
3070
2524
2272
3414
3807
654
3851
3315
3307
3637
117
3092
2901
4003
1687
543
95
3299
608
1983
4093
823
3723
2905
2176
2566
2730
549
648
1948
2282
4058
597
3924
2339
1793
1512
19
2100
2070
3318
901
387
1145
689
1773
1770
2127
3073
11
713
2151
1772
1824
2320
2683
804
3959
3521
3259
1496
1197
513
428
2776
2866
976
538
2625
1417
4094
166
398
2880
1353
1805
1952
798
3549
1508
1271
741
2979
2373
2075
655
3757
2849
3919
2468
710
3332
581
972
3853
14
778
3632
1518
2011
2887
2497
163
1031
2923
1796
1340
2512
1147
2861
3335
2503
842
2578
1002
2149
2418
2676
1516
1563
3584
3454
3276
2256
4051
3175
2004
899
502
4085
1881
531
3771
3204
2520
1558
1519
526
3198
1193
3716
2862
3802
3571
3524
996
2788
1456
851
3065
1143
3452
617
1998
902
912
1346
3776
2936
2745
1925
348
675
1064
1487
2863
85
3370
717
3350
2771
375
3289
237
2806
415
510
2378
1133
2720
3358
3375
591
3661
3980
4047
2846
3892
2558
3214
3774
6
445
3131
495
2353
1082
1800
1525
1109
1984
2774
2486
3406
261
2116
3849
494
600
2955
3428
2661
1215
2222
1753
315
1918
1709
199
2947
2089
1381
1876
626
4021
138
1631
1565
3128
2317
948
2980
2922
1356
858
225
2202
1883
1603
7
2260
1552
2002
3036
3290
3715
820
3969
1927
2415
1699
3211
2280
2706
1330
2651
3588
1495
3143
345
2991
821
3666
322
2196
2633
400
3797
630
3021
3511
1218
1915
3228
1152
535
1149
3545
992
2929
2395
3987
987
2669
866
368
2122
627
801
928
2726
661
3759
3535
283
3430
2915
2143
2673
547
1203
3964
1681
480
3587
4069
3847
2626
1651
3371
1053
3050
997
3883
3356
86
1349
2978
2173
2518
941
2034
310
132
3982
3441
380
2028
2666
3835
3681
1660
2364
3403
542
3466
799
2728
3750
276
2712
1938
1529
1282
589
2095
3265
1322
2297
373
2600
33
3
1296
2777
953
882
293
370
671
350
3881
1711
1684
2354
3810
2306
3625
383
1909
2093
2753
1559
3876
437
491
3393
1792
327
2261
489
2648
3844
2189
3963
1634
3721
1988
2193
3105
2166
496
31
2469
2295
1759
3971
3472
3374
2479
2826
1591
1902
2545
2952
2177
2045
2091
3324
3376
3031
3210
1443
3310
1429
2284
2660
197
1165
872
2938
3580
1730
3303
3308
89
1756
3408
3039
87
1900
1627
2780
2286
465
550
3700
1316
998
3543
1161
1571
1211
3904
2025
262
281
2988
71
2645
1123
505
3367
1469
41
1726
552
1878
1700
124
758
3079
377
3409
815
2831
2701
2219
3340
2501
55
3749
831
1235
3863
1318
4015
1997
2277
4020
2342
100
2924
3660
708
4005
2791
1419
1427
3775
3467
2115
1420
548
3806
737
2051
2891
732
3547
2392
2523
1882
527
3316
869
1007
1139
2715
2279
3629
3922
295
3412
3471
1403
10
405
1494
2697
1191
439
1842
299
2504
1523
3936
923
2857
1935
4056
1564
3001
2782
3426
479
1444
935
878
4029
895
3965
3434
2249
2868
2681
1616
418
23
1121
592
3801
1572
252
1732
1354
4074
2131
3399
598
3288
3745
1383
1686
2178
1270
249
3513
3950
1333
3022
2547
3002
3098
1163
1016
2605
1779
2292
956
632
323
1566
2232
3617
701
3257
4
2815
3619
3164
1696
1279
1339
797
1238
1813
1060
2054
2576
3572
4060
3044
942
2790
3692
571
2005
715
3207
1098
2238
3634
2553
3608
1426
1041
1600
3103
4087
3813
1727
1535
427
1096
3985
2495
3925
3746
2649
1070
3712
24
1534
133
3200
643
1667
3189
2935
3146
583
699
926
4061
884
1839
2055
625
1397
3918
2184
2448
579
2134
2125
555
3946
1020
2696
1688
3838
3186
3063
3830
1237
4064
2119
2108
657
2405
1243
1460
822
119
194
2107
2647
3040
2882
2080
1514
3145
2985
4050
1675
452
2236
3120
46
2796
1472
2817
3380
1740
3788
3615
3683
540
3527
2659
3905
3823
1241
885
723
1541
1804
3037
3598
888
413
3280
2341
3075
3252
62
759
3478
640
2312
137
3185
1283
3321
2567
3435
3232
347
2374
2212
3811
613
3972
2446
1665
432
91
2268
2101
2785
3782
2752
1877
1528
1520
3312
3551
2210
3736
3149
1581
1633
1939
3988
222
2537
1199
604
4078
1575
792
2408
2828
1187
3680
1015
3685
3410
2900
536
1457
3566
3271
180
2821
1776
2872
2664
857
3502
2574
1947
3548
2461
1576
3539
4076
1057
3800
3224
768
1747
2493
1482
2020
1415
1150
3389
2838
182
1224
537
18
2550
3109
3433
1155
1252
2617
109
3147
568
3667
1719
2818
1542
58
746
178
3986
2398
2419
285
2652
3753
3741
2616
969
3017
3449
4055
3684
431
1101
649
3097
2543
2736
1396
762
2226
284
3343
2376
1073
3819
2438
3014
200
3891
1607
453
2562
267
2662
2183
147
2620
1943
660
4046
522
932
2851
1931
1540
3748
3689
3534
2830
3488
564
1780
3062
196
3274
3671
1741
4008
958
2385
3094
1746
897
2973
2789
3621
2185
35
2997
1864
2165
621
3397
300
1032
3381
1975
2076
2123
2155
2886
1369
3188
919
3724
1378
1889
2315
2039
1321
3550
1628
2754
455
3610
3611
481
2278
3178
788
4043
2779
3747
616
3722
3267
1989
1223
2963
3781
4027
1517
734
1809
3991
1880
2674
3983
2129
2303
1355
451
3616
2300
1919
3487
2259
2494
1292
1249
1368
8
1402
3529
835
1277
159
2171
2475
2773
1312
2622
2772
1833
2118
1310
1657
3328
1815
2164
162
1820
4031
155
4066
1467
2888
2825
1004
1410
3216
2103
1911
3623
360
4018
2747
1357
1362
2621
1655
181
2194
3928
60
3729
870
1074
2434
1192
404
1739
2223
1390
2367
1202
1367
3726
936
3761
3166
467
324
1640
3155
927
2869
2349
2319
3161
3055
2188
3362
3994
1729
1584
1325
1464
3612
1905
2023
3237
2455
2321
614
3225
1045
2693
3696
2835
3686
2148
682
1966
306
118
1432
2215
3295
1862
2436
1503
541
876
2615
1061
3728
3981
1786
1704
365
2823
1140
2356
1405
2982
3821
4049
924
1422
2850
664
1720
2199
3122
3814
3970
157
2271
334
2723
3342
3475
1079
4067
3920
1597
216
3440
3590
4088
3368
845
2239
3322
1666
2965
2595
242
3768
680
2836
2509
861
2843
2126
205
2139
706
1332
77
1951
2078
17
743
995
3795
313
875
3792
45
411
2598
190
3460
679
2307
2833
3241
3296
3346
325
1521
422
2492
1500
3480
3861
1009
4006
829
56
2530
1912
309
2705
1030
1799
2913
2949
2362
504
3379
933
3026
367
1078
2192
2201
1492
329
3417
2500
2179
2246
2719
3377
1863
2840
168
279
595
1574
1971
3104
3235
2732
1692
712
3516
2112
2420
1428
3192
1169
544
1335
2207
668
2477
297
3041
104
1287
1942
101
2467
2610
3579
2934
362
3052
4009
3336
1434
1690
3961
918
2269
1072
1240
3282
2301
2758
1586
2485
1985
1683
1837
382
1723
631
2482
335
3339
2332
1992
3865
3193
2270
3087
1771
1755
2059
1964
3112
139
301
3355
2597
227
3341
594
1181
389
1601
812
819
1829
1115
702
1066
2351
3766
236
1620
499
265
2557
3915
955
2092
165
381
3436
864
718
3402
637
3183
783
2234
3226
2347
1544
1239
2403
1637
3255
1105
3735
486
2506
1551
1168
1067
3191
2668
426
773
1913
3158
1866
3015
408
1921
673
302
1794
1891
714
1865
3870
2977
569
2765
577
3752
1242
1554
2875
3829
1157
3576
1748
3088
886
3387
2359
990
3520
2589
1834
3464
1673
232
3765
3386
3674
1734
410
3275
3418
3400
1502
2549
2229
2099
1013
346
807
2656
421
2631
1395
3704
1587
3514
1267
3794
1047
2711
943
1177
3029
3785
1144
1869
3492
566
3019
539
1855
1148
399
2136
434
3064
3888
3973
3743
1213
528
2528
2607
4016
1787
1276
396
2390
3330
1504
530
2304
1406
1257
1372
3754
2883
3676
3490
171
703
392
3344
1393
1327
2911
921
1953
36
78
3394
1025
3940
2914
2175
1183
576
4053
1737
2325
3118
2797
2999
3360
3826
379
803
809
2266
2409
1760
1714
2594
3656
1814
3884
3427
1442
2227
2094
282
3136
1725
753
255
1225
218
2541
1823
2209
2308
2440
1570
1996
3457
1860
3059
179
3437
800
4063
1532
1757
1491
951
2397
2289
1377
2844
2407
2027
1568
175
2017
1990
2953
1307
3873
3553
3532
3882
3262
2842
3411
2088
3893
183
3162
2813
2445
96
2956
1632
1995
1112
3361
1219
3974
1685
2324
1470
3605
2204
2858
3153
1743
3113
2998
2724
2243
3277
3731
2430
2655
3213
425
1596
1933
3602
1392
894
3885
2609
2081
2456
3791
529
3932
3479
2800
3709
1284
1530
2414
130
193
1589
1317
2337
1297
1613
213
2570
2611
659
514
1638
1269
420
605
3510
2760
1798
3703
2144
1299
2357
1245
2058
357
2255
74
1647
1185
2389
3880
2298
66
2667
3669
949
3672
3261
2556
2984
524
43
3382
1783
881
2755
3390
2384
855
230
3372
2627
1300
338
865
402
593
3523
3116
3165
3231
1708
3906
2110
3887
3934
1579
2990
1906
1718
1205
105
3456
3679
2601
2471
3173
2750
2593
3470
258
647
3038
2884
4071
3633
3859
1052
131
2583
3952
1024
3601
3618
3710
3251
830
4017
871
824
986
667
1693
3496
2106
1174
219
2443
2264
1505
3206
676
3850
3622
1674
3778
3943
1806
210
3180
1343
337
2580
2889
501
1968
1022
1039
2910
3654
215
308
3419
532
3154
4019
977
419
772
1489
3491
2710
4039
2160
3967
1268
3221
2224
1481
2941
3270
3929
2748
1010
271
3597
3968
1221
3832
4062
1206
519
2761
1288
3144
3640
2975
896
991
3091
2689
2738
2614
1623
3006
1106
2466
672
1118
2344
1742
1092
2927
2370
3195
1044
3484
771
1379
2671
3107
779
3913
3005
3203
2819
3701
751
1380
3369
2244
3184
2899
4028
2274
4072
1209
1635
3242
106
559
2416
3725
981
1961
1314
2596
1083
416
2056
756
1306
1836
3526
2029
3836
607
1856
2333
3650
2970
1689
2635
393
187
1583
765
2283
1573
469
1840
681
3824
1037
1027
551
341
37
3463
2442
1331
3053
3197
2399
2981
3799
76
3591
69
3068
903
246
2074
980
414
3072
1159
2064
143
3903
791
2932
1986
349
805
3841
2572
4002
563
2967
4000
2555
3025
3945
1127
1831
228
2768
2946
2293
3243
2206
1097
203
1338
253
235
2294
3217
688
274
601
1450
2329
2263
1510
518
3512
3889
880
1932
954
947
1043
2749
3008
3937
1695
3279
1577
1958
3110
2105
2746
3476
2763
1560
42
3172
2766
4030
3762
1021
2001
259
1475
3218
946
1413
3998
1763
3240
289
21
2216
3124
3900
816
3493
3018
1706
2546
697
2019
2805
1682
3438
573
2352
3976
3447
3989
1936
273
3139
2865
904
2879
1179
468
1712
3391
3495
90
409
2636
3507
4090
1126
3157
558
2044
1019
3852
2917
2
3100
1908
750
678
1807
683
384
2237
891
2085
239
1264
2688
1950
440
195
25
2599
1781
3912
1808
1214
3901
231
3363
4079
1765
1263
2505
1669
2345
3515
443
1569
4012
3899
3678
3565
1088
3396
2769
2957
485
2281
2327
557
774
99
140
2453
4092
93
270
2302
2424
2602
1289
1062
1160
260
4084
198
1424
578
1999
3482
546
2959
2943
2135
1850
366
2067
3187
1828
2331
735
3817
2804
4032
2630
2692
3429
2809
1017
3497
1548
107
2153
3260
3119
3287
1557
2814
34
2734
407
739
1309
269
3848
1293
1373
1186
2634
1691
164
580
3960
1879
3525
2690
2228
693
2454
1857
2195
3483
3042
1285
3760
1940
582
2104
687
4013
435
2338
3638
810
1298
3606
726
3024
1291
3719
850
1826
1501
2928
2447
1963
3420
1956
1867
2718
1490
2253
2008
1847
561
250
3860
2962
3152
2903
2068
1775
1129
520
2677
794
2940
3568
444
3027
2691
3286
2410
945
326
2429
645
1407
401
1473
3871
2322
2855
1290
2841
1582
3323
2642
2186
913
3443
2335
461
2637
1662
29
303
1562
3365
2694
1978
1207
2247
460
3544
2128
472
1981
176
2401
2013
1663
3872
2762
3930
1188
243
1671
2802
2003
1125
1513
962
1923
3808
2057
3304
615
770
2675
4059
808
81
3592
146
3046
1081
4022
1035
2097
1887
3804
497
3651
709
394
1113
1619
3732
314
3600
28
3505
1670
1499
2158
1802
2138
500
209
1342
1917
890
1782
2787
2937
1438
620
3174
3405
3997
3253
2951
1195
1485
2233
1715
2870
1476
1539
3739
1305
136
1220
2191
3659
3577
2464
2643
4083
1885
332
3281
1171
1910
1336
3508
967
985
1260
4036
973
2770
1265
853
207
4065
781
1893
471
1654
48
3485
3939
4040
9
2522
622
466
1272
1550
1959
3733
1991
1075
939
2380
1736
3923
3772
1001
1604
964
2856
1945
1262
2824
1233
2400
2437
3673
930
3256
122
1533
3727
1987
3926
1553
2031
4091
698
1077
1210
3007
311
2433
3347
2604
1705
731
2904
2147
2531
3249
356
1248
2687
3909
2533
2035
1095
4025
1198
989
957
318
1351
1011
3373
893
2638
509
189
476
2686
2042
3294
385
978
1352
1522
1275
3084
1103
1459
1404
1555
3047
1411
3556
3992
3250
1466
2527
2251
2267
169
1111
2425
2684
3473
2066
2218
1437
224
2451
2874
2698
294
3481
1896
2022
572
3293
763
1873
785
2372
3793
3866
1232
113
3000
1797
3023
3662
2010
320
2254
983
3246
3278
721
3636
2417
826
2121
1697
2463
1694
2371
3531
2628
256
1588
695
1895
2413
716
1433
2709
167
4004
125
2048
1488
2852
2921
3102
3130
3424
1901
2811
849
966
1639
3951
1324
3897
1745
852
1890
1049
1592
2323
340
2808
272
201
286
3917
1360
1624
2561
459
2657
2948
2759
1445
1835
1937
1110
646
2629
3083
73
3818
2377
3706
2587
172
769
177
609
2167
3179
2783
3132
984
3533
1117
1789
1425
3519
2585
2803
2740
1119
999
909
1394
3272
844
584
2084
1370
590
2334
922
2989
982
3975
355
1922
3099
905
3030
879
3561
484
1302
298
278
2086
1000
2077
2960
342
1531
840
2950
127
1754
523
3196
352
3327
877
1029
3089
1295
369
1630
2909
3958
2716
838
1848
3702
2767
4023
2481
2976
2918
2898
3825
757
910
1227
2114
2992
5
1744
1785
1014
971
1972
2487
3012
2096
1498
3773
160
30
1441
2069
3626
1625
3927
1063
1217
3786
952
336
3140
188
2511
3593
1401
2930
1454
623
2432
2964
2041
2047
1614
1003
2854
2971
883
3931
2161
3345
685
533
1832
343
925
813
3738
2169
3767
412
2214
3546
1930
2515
2079
1132
4057
767
116
277
305
2908
2565
1777
2702
2379
1849
2641
1116
2654
2488
456
2685
3300
3538
1870
3854
859
3908
1172
3020
1439
1315
3108
2912
3049
3879
1788
868
1636
508
3784
2881
3212
1012
1278
1230
1898
2394
2700
2544
3455
1026
2262
3445
2876
517
3141
2053
3886
950
1874
515
374
449
3630
1448
1852
354
2250
3298
3828
144
2986
47
618
3914
1311
353
2591
2906
2822
1941
2273
2893
1294
474
1229
1040
747
3552
2111
1538
760
3106
458
3555
818
3581
1545
2845
290
1409
331
26
1642
1162
1361
3890
744
134
1104
3067
1247
3834
446
1099
3004
1461
2033
2157
448
3645
2318
478
2498
1969
3415
2534
135
1795
2087
2458
2296
2365
3450
934
1091
3517
32
1348
1385
2140
1537
628
1167
1164
3649
2867
1128
27
960
2958
1130
1830
3820
2439
2276
3957
3707
666
2799
2744
2012
2987
3071
475
2945
3297
333
3740
1471
722
3877
1967
424
570
38
280
1766
3181
2717
1854
3190
825
3357
406
2632
1341
786
3763
4080
1606
490
2708
2496
2388
3422
371
1774
562
3364
1308
1138
3208
1738
2391
2386
1934
691
3202
2208
1801
2404
2163
2514
596
3069
2704
1196
3642
2275
2213
1602
2650
968
1280
1679
724
2944
1194
1251
574
1234
1036
186
2890
1659
3620
3562
3787
663
3586
2174
1916
2829
3121
3215
2150
3569
599
1468
1645
560
2786
2807
2564
2217
3032
2897
1735
1076
1391
1347
3948
4052
151
2146
3564
1363
72
3677
1108
3780
3284
83
1858
832
1344
1846
3333
787
937
2050
2624
3177
1899
2411
3840
516
2538
892
1897
2775
2552
1646
642
1051
3268
2603
288
1463
728
2291
4033
3942
2682
2680
1717
777
3338
3816
3779
3585
656
3641
3809
1246
3790
2476
3407
3474
126
3076
3690
156
2248
2180
3176
3827
3245
3499
2764
2582
2894
2860
2299
2133
911
3459
108
3223
2926
2778
720
397
2993
92
3458
2435
2871
3444
588
2235
1216
3305
3171
1286
2211
1102
2525
2536
979
1493
1617
1334
727
684
12
700
2311
2326
3319
3159
361
2355
3599
1929
319
2265
429
2071
2722
3862
2240
3135
358
1955
3230
1154
2142
3857
141
711
1166
1146
438
2613
339
705
1970
75
915
2954
1778
806
2462
4041
1451
553
3613
2288
1359
3644
94
2310
2699
638
3846
2848
2896
20
1618
1329
944
2743
1028
3699
4068
3085
1375
796
828
752
1253
1526
68
3999
3283
3133
2942
3431
1208
1784
3949
2532
2130
4035
2731
3595
287
1497
3142
1680
3868
2083
1974
2032
3011
1710
1875
1136
1
1255
1058
2756
3720
2994
1018
639
50
3798
3101
1641
3439
1610
3911
3056
1761
120
3126
748
2290
3314
670
2314
1376
482
856
938
1484
814
1447
1658
2369
2470
2444
1511
266
2061
704
511
1556
229
2124
3337
3947
1135
696
503
2305
3954
3060
2995
3129
2920
3682
3570
1886
3182
3822
1436
3751
898
1038
145
1479
3574
2968
88
3442
3812
1649
3500
1259
3234
1182
1453
2966
3170
1722
1599
3156
624
1527
669
150
1762
3423
3858
636
54
470
1920
423
733
3043
59
764
2933
839
16
1838
525
442
2383
3874
257
3325
3453
1650
3167
363
1622
2653
3416
3465
3378
847
15
1124
2581
3035
3160
2972
3996
2733
2521
2847
1374
3962
2387
3691
1080
3258
2551
1733
1644
1366
3266
3831
2499
3302
3432
1810
185
1141
433
3631
3639
49
2065
2162
3134
376
635
2406
2713
3385
2510
1979
2452
84
2859
3313
2006
3910
2098
3522
3095
2170
149
3010
789
3054
3783
3401
2996
651
3541
1423
3236
1008
312
2073
2117
3655
1256
3301
2431
2396
4054
2646
206
2639
3698
1435
554
2507
2441
3080
463
1254
4095
3730
2781
3668
2640
3935
1303
3657
3575
2679
2801
1176
2090
920
2009
2015
61
1621
534
292
3090
2741
2063
2145
391
3688
3653
2381
873
1477
854
3563
843
3388
3057
2590
3697
251
3238
2579
158
2474
1593
2529
1319
3528
2412
4048
1431
1190
2037
98
2619
867
793
3247
3558
2969
2560
2220
330
1817
1258
1089
3489
2358
1578
1048
3033
1924
3048
545
3498
754
900
2974
665
3995
1656
3086
317
53
3573
1178
1944
931
634
1768
3150
2422
658
2060
3123
3114
612
2427
2152
372
2623
2931
834
1189
82
4014
2810
1598
1033
784
2014
3425
3066
3537
2539
1107
1134
3392
1087
2489
567
2491
3137
662
3138
2535
2839
3717
2892
3291
1449
4042
2154
1034
2459
1549
3540
3770
3219
3894
4081
2109
1170
304
889
2798
1059
3462
2200
3944
2016
1668
364
1384
498
248
1480
2885
2742
1122
2670
2678
2644
2575
3713
1903
3559
802
970
447
275
2554
917
755
1023
1769
191
3764
2577
450
3051
2478
3078
2382
241
1371
1626
775
1350
811
610
2658
1973
2548
1094
2197
1421
1465
2707
1728
212
3805
1977
2540
1483
3708
3589
3839
1142
3711
994
3536
1055
3082
1086
3348
1506
3596
507
848
3331
477
2571
39
174
4044
3383
4073
790
1612
3921
3567
3916
1156
4024
1054
940
1071
1702
1100
3504
1326
1358
929
1387
3694
2812
1323
1418
3938
2287
1184
3670
602
2735
173
3737
2916
1462
512
644
483
103
2330
611
1228
916
2072
2864
1851
3096
1615
1611
263
3583
629
3560
3777
223
488
3734
1965
3169
3503
2784
1821
1398
2663
686
3329
3254
2837
2526
3518
1868
2141
1120
3693
462
725
2190
587
3292
3448
2203
1954
4075
1266
2542
3530
1388
3125
3594
963
2245
2832
3273
1845
3244
3366
2721
1313
2113
1204
606
1050
2361
1892
4086
3003
4077
1590
2231
192
487
1301
3878
1274
1455
2062
3509
4089
247
2102
1222
782
3557
2428
3353
2665
3349
2360
221
2225
3993
2816
3898
3028
3469
3317
2465
1661
161
2221
1812
1827
1175
1914
2038
1724
57
3646
3979
3833
2695
2827
202
1173
3875
1871
1567
3718
1509
1085
1524
3663
2040
3687
2939
3421
2925
2473
254
1926
214
4007
1515
1758
1212
2368
565
204
2729
833
1957
4082
67
4070
749
3477
388
464
1653
129
1226
1707
3320
123
1065
65
3705
3643
2363
3554
70
2309
3869
226
1716
1982
3168
1042
2285
3334
1751
3648
2366
3895
3061
2793
2592
2703
2519
766
633
40
2584
736
3742
1609
1231
2313
3675
860
3665
2316
234
1791
3395
3755
1201
690
1946
740
2490
80
3902
959
3896
1721
2024
4037
3311
1236
1904
97
1580
3461
2895
2672
2606
506
3209
3222
3227
3956
2082
2502
3398
3413
457
217
1928
2049
1672
1345
3446
240
2449
1976
907
