3313
3108
505
1678
1717
1210
1652
3571
1350
2938
3724
3050
1001
3680
1767
4029
2754
1187
182
3463
1710
3754
561
3294
1089
1344
1727
1812
1468
2090
980
3794
3947
1953
1199
2199
3358
1841
3691
109
1037
433
1804
860
467
1483
1130
618
3900
1323
1421
2120
2952
2559
1735
961
3922
3868
2771
2481
2761
2934
2515
790
1064
2024
992
1764
438
2717
1184
2757
1036
3830
1093
3512
1926
475
2762
1880
2358
3058
4087
2258
949
3657
2272
156
135
3725
2519
646
528
2709
2593
1120
3973
1757
2506
235
3609
3760
3801
1133
871
2899
2438
1429
3835
636
2849
3770
2158
2587
2826
3010
3683
2958
996
3341
3510
2103
2125
2038
2075
2731
202
190
1384
1589
1681
1673
303
259
3775
1608
101
3525
1584
3330
2727
4017
3347
3378
3885
1572
140
3923
1598
811
3000
3746
3338
193
2415
373
1189
3403
2702
801
527
3898
2126
3364
2682
1497
3809
3658
3730
2578
596
2827
1173
1617
2893
3390
2361
808
2549
2694
3977
3447
900
2245
816
1284
288
987
4039
2383
3993
2828
488
2385
485
2585
1890
684
1312
2951
2521
4006
1193
1636
1990
734
1422
3156
1899
2221
671
2475
2461
717
672
1565
483
1078
1914
3799
162
1226
1563
1632
927
2621
13
716
310
2081
481
4091
1092
3488
1082
721
1556
3296
152
3588
1324
2349
3183
946
3467
2304
3635
2583
524
2680
3566
928
2061
3816
1585
612
1432
3325
3340
3430
160
3957
2807
1146
2991
3136
1587
826
1712
196
3487
465
1403
1329
3844
1694
637
3544
1763
3553
1046
1311
759
3692
2401
1342
3492
33
1368
107
2967
669
2961
2200
197
8
2947
1049
3517
2815
1992
2772
586
2025
2678
2342
1139
2850
3420
2088
3063
2108
1689
2031
70
132
3419
415
2027
984
2891
535
2864
1488
56
1535
181
1009
2505
3414
2953
1937
1520
2265
3575
2957
4050
4037
2295
357
14
2527
1299
3958
3140
1781
3857
1867
995
2889
1080
1479
157
2633
922
3138
1283
873
2013
1206
536
898
1860
2236
2943
1522
254
2626
48
2097
521
74
2459
3502
587
3195
666
491
592
1231
1253
3954
786
611
1172
1471
3970
2885
359
1498
1959
2743
3346
3750
3461
317
250
2674
1711
2896
3323
731
1126
2114
2396
4034
2105
912
44
3861
1481
2522
657
2110
4038
2571
3174
3759
1918
72
1838
1242
340
1868
3619
1715
464
3189
1149
148
3470
3924
3455
4074
3316
2485
2204
2444
3041
3452
3626
3717
1978
2185
2115
3307
573
3524
1672
911
2362
91
3121
3815
1267
3283
3457
3112
1668
3366
1888
2133
430
2545
660
1508
3029
677
2921
2671
1799
4078
1273
1433
3728
3022
3166
1737
2794
3244
3536
2956
3695
698
2611
1782
2667
3727
4040
3997
2069
915
1809
3116
2499
2635
2964
1756
3480
598
1011
2554
3903
1980
689
2256
1331
1073
2547
1536
1214
2095
3908
804
1183
897
215
977
2012
3518
1280
2813
604
3362
3767
2874
2927
3242
703
1309
3217
1180
1335
3661
3468
3266
534
2737
2774
120
1044
1766
686
273
1976
468
2818
3793
1744
3143
1909
3817
2638
3880
616
40
3667
1442
3157
1154
3107
950
1372
2213
3044
3481
212
2692
2456
613
2217
461
1720
3540
1865
3130
1504
1219
4090
960
11
53
4007
1349
2436
1274
1780
167
3411
129
2264
4056
3798
3879
4042
422
2457
2512
1410
316
722
1947
2333
292
1848
3640
2838
3950
564
3170
490
549
568
3648
3131
1156
2178
93
2224
1053
3539
3099
1449
2193
3585
656
1003
745
1974
2109
3451
3319
1402
2913
3421
814
3818
2079
1723
2715
4003
1480
1944
2894
2725
1366
1674
543
2627
936
919
3466
2915
1934
3608
2253
3895
3128
2064
175
2371
2479
3781
3907
3246
3161
469
2181
79
3931
3303
3546
1846
1922
3264
479
2532
1459
3258
2359
358
1578
3899
3309
2227
3233
2247
546
177
3028
3569
204
2195
4059
1012
3068
1091
1370
2615
2211
702
3766
313
755
619
2566
3831
1819
73
266
106
2810
1579
2787
1957
385
711
1810
3516
1643
2993
3220
2347
3848
3838
3339
1404
938
42
3424
1552
2374
3096
1917
3381
1551
1325
2041
1353
3188
3914
2879
3689
1759
3538
1039
2101
3926
1275
1635
615
2480
1861
2489
4060
3945
3810
214
3360
2705
2872
2490
1478
4035
3888
3633
2298
1776
2164
262
1750
352
3060
2710
1532
841
3963
2091
2447
3893
2965
1458
750
916
2537
2701
2194
2916
913
1634
1698
1352
1954
3454
967
2811
446
1726
3948
708
2775
3647
1822
3636
3300
267
1965
239
489
766
1728
1983
931
2117
2982
241
1966
1628
2992
2336
2645
4070
1339
3440
1913
2904
1987
2084
1014
2102
2014
3025
3827
2395
2614
1415
2650
3150
2028
265
2976
1491
3200
1836
2382
3016
1906
3756
3822
3774
1824
867
1921
3132
2931
1505
2033
2642
2313
2343
3708
3110
2835
498
1803
875
918
4015
1129
3704
3145
4055
1800
3722
2919
3618
2684
3235
3887
3052
2207
2873
659
4088
1832
2278
1127
2107
2408
3146
887
194
1185
3209
23
2006
2876
1002
2930
178
1181
22
1390
386
2500
541
1377
3349
2455
1905
2399
1793
2706
3301
1237
530
445
1881
3383
3223
195
981
1895
1675
3124
2528
3989
1979
3639
3326
1984
2440
1300
2010
3224
2205
2687
2384
2225
1901
813
3327
3911
1595
376
1649
879
1476
969
1140
456
1393
1619
1236
3865
1351
3204
3740
1493
2437
3851
2995
1160
775
271
1165
96
436
1166
1817
1869
3311
3741
2981
2229
740
2887
3103
1946
2906
3855
4013
2639
834
3458
2778
1387
3591
2074
1152
1211
2534
2750
2736
2646
798
827
3072
1768
1770
3384
3088
1238
3497
285
1719
1940
1395
1666
3038
2677
3627
10
3171
3014
496
2190
2560
3
3005
820
881
43
3385
50
3387
3807
1223
1709
1347
589
1379
3614
1842
3960
3278
206
3559
1741
3162
692
1111
2002
3257
2986
3828
321
2147
1808
280
1457
1268
412
920
1513
124
771
78
1191
2620
1975
123
2843
925
1338
3382
3572
3712
3951
3846
2066
3533
1097
3203
2189
4021
3239
2393
3054
261
2714
499
1743
1455
3620
1967
3527
2575
3808
825
1884
1197
2804
1601
529
799
1852
1057
3934
1570
3394
847
2533
2051
2237
2719
411
66
685
2955
1600
277
474
1246
2608
1004
3079
523
3265
3812
982
1507
614
3523
559
3459
1258
4066
1722
1244
948
2057
2577
2875
1667
1346
3904
3148
3720
3526
2907
4095
1866
2060
2948
1773
3399
1960
2134
3682
3742
844
497
3352
517
728
2641
3438
865
2612
361
1910
1117
174
1252
2796
3656
1278
2260
115
1389
3210
2760
884
3889
304
2287
2443
25
2853
3086
3622
3805
1886
2044
903
284
1074
1285
3496
1094
1599
562
4071
234
1484
4068
538
3395
130
2473
1693
2303
1276
1115
1287
3179
3053
3706
1630
3840
1690
2140
1885
128
3671
3612
520
2223
2925
2397
1569
2252
1791
1034
75
119
3537
2946
4075
3297
2847
2999
807
1220
3642
3442
3017
3556
354
694
2862
332
2657
251
1013
1839
3651
1902
2595
275
1473
1823
2985
3650
3450
3034
2376
3910
1440
2023
720
1887
4082
3872
1426
1923
112
1234
1933
401
1
2695
1463
3697
1997
1043
1677
3745
1114
2881
2723
665
1487
3964
3275
1547
2369
630
1087
737
221
3764
2449
426
2979
2758
80
2529
4025
3165
2173
4004
853
2169
2218
1135
2201
3897
3310
1110
3151
2574
2394
3785
4020
343
3391
2637
2928
1033
2567
1308
1541
3271
3218
2662
1624
1856
2690
3513
3098
1431
3091
1915
2234
1738
2315
353
1122
542
1875
501
1194
3779
232
1593
380
890
2282
3234
1798
869
3590
3906
2320
1708
1650
2966
1482
3476
2263
2825
1434
216
1151
1159
552
1460
3306
3940
1834
743
1950
3332
647
94
1447
2062
1116
625
1542
2605
6
2350
608
99
2785
125
1916
522
1811
3882
458
3617
2518
540
2080
3551
1303
2544
2816
1290
4080
3160
2404
2791
3073
1696
896
1893
1355
2865
575
449
2530
733
3552
7
3431
782
3388
4010
2168
326
2582
857
3992
765
3315
3834
1898
166
3600
2433
2312
1085
3659
370
2122
2099
3631
443
4033
2186
2135
3836
4019
1795
3105
255
2308
2150
3193
1751
424
341
1456
3938
2973
149
3185
3826
2435
1163
3281
3825
856
932
4054
2909
2029
3137
1814
2739
1531
2309
1254
3287
1112
891
3184
1695
329
2670
532
3351
1229
309
2617
437
2809
1153
110
3956
2137
1943
997
2703
513
3092
1847
2377
3778
633
3503
3762
407
3800
1103
2113
3598
650
3486
2781
3599
580
1396
1375
2769
2693
3081
1218
1397
113
4076
1425
2293
1272
1282
2749
738
2338
3321
2798
3113
1423
390
3721
3660
640
2474
3324
452
1485
3684
2354
585
279
2157
2368
391
3159
3602
3478
3304
1222
930
3709
2410
2183
176
3874
2800
2398
2036
1026
1399
3522
1554
1381
1882
2535
3259
1991
2053
2503
691
1655
365
2296
652
205
2557
3377
2446
2009
3389
2685
1271
624
1029
3789
673
2464
384
2863
2323
2945
330
2299
2073
1430
222
3290
1894
1718
192
3616
302
2949
590
679
1240
2082
2789
237
1030
2628
2665
707
3969
1714
2249
3576
2491
3912
2683
2389
1927
3824
1769
3011
3696
3082
1753
2161
2087
1706
3902
2093
2214
2262
2594
164
2432
979
1661
2242
2170
1385
2279
935
1068
742
246
3295
512
2524
3610
2939
2344
1982
2679
2416
2417
1986
830
719
3542
172
1340
2590
3677
2738
2411
1314
2944
556
2833
398
3896
299
1251
1640
754
1386
3713
15
726
1169
904
1853
1602
377
1065
3026
2744
3859
76
2970
3641
3514
1469
545
805
2228
2616
3436
3046
3292
2052
2202
1876
1928
3913
2942
926
213
3493
3735
88
494
308
877
876
3228
2453
1291
2488
3786
674
895
473
3927
1168
943
3094
3974
2779
3679
519
1692
1560
2153
245
2852
2923
1098
2472
3215
1786
3197
1142
2498
2167
3245
3507
2319
954
1066
3520
2063
1503
3621
3270
200
1758
651
2197
335
3308
1428
631
1058
3286
1228
3994
1398
753
4072
3090
3871
1047
2458
2805
863
2220
1996
1802
18
2673
3198
1138
1537
2056
2427
989
2373
1573
1416
2997
2541
3334
2691
2935
718
3561
4092
3069
1461
486
1020
1235
54
588
3869
2428
3573
2378
1829
2162
2602
2632
3337
2050
134
1806
3213
2285
3586
2924
2177
435
2548
2936
1279
29
1288
2552
2301
3505
1844
2212
82
230
1088
3715
2314
1100
3001
1217
3305
3199
244
1948
2880
3595
4045
2172
356
238
3790
2130
201
1095
3269
416
30
638
3613
2280
3343
760
1341
2324
3427
3345
1451
2786
3700
4
3769
1534
1549
2580
553
2380
2288
3482
2658
60
2388
2235
169
1576
2144
3952
139
2644
1931
1911
92
3285
2543
1645
2855
3568
3331
2390
515
3393
347
297
1530
3711
1830
1170
2579
880
1008
1969
3250
2636
634
325
2255
3472
2363
3873
1644
1266
2129
395
3408
3018
145
747
2054
2123
3291
2166
1374
2870
1506
414
3035
1631
1134
1391
725
1295
933
1528
3582
1904
2842
3354
3067
3443
2696
2829
455
295
815
3804
3249
768
3071
751
3379
617
3732
3554
2841
850
3380
2564
2623
2983
57
2603
3049
2962
305
2422
1680
2883
1446
3368
1176
1925
2230
983
3318
2049
571
893
4065
118
2124
3423
1175
748
339
2072
1527
3662
2619
1993
578
2096
2019
770
576
609
403
3515
3534
855
2963
2790
1964
2070
471
1357
1664
1071
632
1177
12
788
413
3398
31
794
4024
87
1079
3644
1257
1048
2867
1707
2495
2817
3701
1412
55
1373
3494
3579
4030
2783
253
762
387
2745
105
311
1930
209
2210
258
504
784
46
1815
3564
557
923
3376
2494
3532
375
3115
1562
3118
2375
1731
2858
2086
3986
1627
3027
3404
3858
1620
1827
921
1772
2351
2476
276
2484
2365
1021
978
1358
3243
3811
2914
1797
2106
2294
2128
2502
3149
3605
1732
2149
86
454
3444
655
281
1408
3415
2972
168
1102
1318
1994
3878
3866
2971
840
3409
2022
4085
1610
4084
1494
1407
2664
208
1028
1143
1597
2259
1825
4049
2688
565
35
3342
147
1203
2793
3761
1843
3814
381
2831
111
3335
724
3272
1439
1837
3852
2487
1147
3078
1588
3921
220
1936
451
623
2222
2143
1255
2104
2421
89
3933
3726
1262
63
17
2251
2700
3240
3919
2357
448
3558
1511
3191
991
3260
3685
52
1891
1361
2699
3688
138
518
3425
2042
3205
3917
399
4081
4057
4014
2542
3791
1162
1051
2799
1539
544
1137
899
1683
3196
2366
3891
1417
3901
3418
713
862
3435
4026
4031
957
2729
3686
2950
2292
327
2726
3498
3437
3548
396
2231
3277
3353
3987
3085
1840
3006
1413
3279
2733
2960
1968
3583
591
3139
2669
1356
3087
1790
508
1907
1382
372
3495
3202
1626
3375
429
3288
1330
1896
459
3062
2239
1419
2139
870
2643
3336
2698
2281
1454
4089
1200
951
1521
3348
3248
601
2146
635
3719
817
3439
3864
3168
3329
1362
924
2497
1486
1081
2550
1775
3939
2748
1032
864
184
1448
2540
1436
3508
440
3829
1500
3589
1040
2165
838
36
3562
1076
4009
2332
2039
769
3104
3596
2328
2569
3729
2814
2420
1749
1679
2770
1941
1939
2355
1313
4041
83
2094
2034
404
3208
3821
3276
257
1611
3776
364
704
2878
3206
3282
956
3841
3134
3023
3603
2586
952
1501
3473
1550
642
3221
95
739
2836
3119
81
1517
1171
3707
667
2912
3045
3521
121
3432
563
2317
1128
108
3863
764
1762
1510
3755
761
1054
1489
3506
1202
2470
2902
3847
526
466
4012
3182
3541
1603
2098
2613
866
829
1243
427
668
3284
1083
338
1575
2152
219
582
1897
2037
2990
2610
256
1158
2283
2523
482
511
2337
2768
2920
3114
696
102
2655
2240
746
2274
3758
3186
1118
2244
298
2452
2681
3597
1639
791
958
828
2882
1788
797
137
5
1108
2187
3877
802
941
2996
294
71
3372
3003
2513
3464
1369
2367
2005
3547
4028
2751
3723
2243
531
968
1544
1400
3604
1543
3322
1059
1141
1492
3819
1327
3047
2413
3491
3475
2848
2932
1466
319
3966
19
2501
1405
425
334
3967
2206
944
2712
1872
3670
3918
2780
1167
3991
126
1682
3429
2465
3563
3976
289
432
487
503
3344
1086
1704
3628
3862
151
1553
1582
3059
3870
2832
606
1256
1186
1241
3649
2871
594
3100
3397
1870
4023
2596
1663
331
514
3125
1646
3777
1529
2711
1006
4061
1647
3267
654
350
59
3216
3039
4002
1961
2418
3371
1633
2599
2998
2192
2675
1230
371
1998
3823
3474
1912
3959
845
165
1067
1989
1401
2462
318
367
2261
3363
3120
477
670
723
2661
1873
1045
1060
282
1496
2508
2463
1938
348
1075
32
1069
3127
2068
3422
3999
4093
3837
3965
2689
1224
2326
207
2652
569
970
4069
1205
550
114
806
3849
2563
781
2392
3853
644
1265
2776
383
360
602
1857
1821
3176
940
639
170
3867
1070
2191
2911
1932
41
1063
1301
3469
1745
1239
3106
2290
3672
3077
2854
1605
1835
1041
2974
3937
600
2721
1394
1701
442
2892
2764
3298
2555
450
28
835
3356
418
1336
2784
4067
1027
3795
199
252
447
2155
2844
4016
2275
3093
2735
3842
3629
2837
3158
4062
224
389
1475
3802
3928
2708
973
4044
2877
1024
1637
47
3673
1179
621
3850
3359
2526
2269
1945
1435
146
1538
2584
2424
1123
3453
85
3787
187
3509
3247
2076
3155
2763
2493
84
2026
803
322
1972
2327
2171
2316
1124
1746
883
3164
1858
1670
1962
2434
2517
998
1516
428
1192
774
3988
2713
3772
2047
741
98
3500
1985
3646
964
3433
889
1653
185
2797
346
1831
3446
2407
242
3768
1889
4094
26
2208
697
150
2284
1725
3147
710
1877
2045
3230
2851
290
3832
337
1713
1618
1363
2112
2565
4063
3839
809
972
3949
2588
1851
1376
61
2546
2803
272
1657
351
393
1216
296
664
2001
434
2933
3773
2346
1178
3445
3535
3317
3357
3645
2746
3080
777
3102
2180
248
2405
2755
2121
1462
3624
3543
2556
2980
3262
2043
3593
2250
1201
757
3181
1586
500
3806
1113
3015
3664
1106
420
3490
1641
3040
909
3169
2834
2572
4079
1328
2929
620
1660
1131
1849
291
470
3471
2795
892
3361
1264
3734
767
819
3499
1465
4051
581
342
2520
3241
1621
2387
3638
388
3167
2824
1157
3033
3061
3190
901
3594
1774
3268
478
994
662
2659
1955
374
1109
1035
749
3417
929
231
2765
2868
3299
3328
1908
39
136
603
917
4058
1699
268
2704
1546
1427
3942
3737
3531
560
675
1623
2631
3173
2937
3592
3374
2007
3678
3936
906
959
2732
1669
2551
2414
2823
700
301
1050
300
2600
3982
1298
2238
1090
3008
2767
1512
1371
3549
3428
2910
3753
3312
3434
3465
3920
2100
907
228
2448
1855
558
3370
1161
584
2756
4048
986
1245
3485
336
570
3012
3083
1568
1801
2471
463
3019
1942
3402
312
1971
229
3055
1524
1970
1096
2686
1515
2226
64
69
3097
1826
1818
1007
2516
993
1760
3643
2232
502
4005
2330
3065
2176
154
3126
3736
1304
3550
1778
682
1260
2839
1215
2742
2822
2984
595
2647
2905
1305
3634
2629
3783
1322
155
1606
400
1567
3765
3135
3803
493
392
1729
2345
1261
1566
2040
2856
2601
2989
3030
1604
945
4001
701
736
1752
2728
3142
3946
3192
3751
2468
328
2431
937
2451
822
3606
217
2663
3048
2486
823
1294
3406
34
480
3925
3749
3289
1705
1472
779
1805
2321
1470
2496
3075
3412
2291
2419
752
2138
3944
3971
939
2077
2581
2092
533
3637
729
2379
1777
2246
628
2773
363
1499
714
2048
1354
3154
2531
2777
3983
1862
1150
2334
3693
2402
2568
2861
3129
2156
2812
3915
1558
2339
3227
3201
3511
3031
3084
3449
1411
9
607
1101
2782
975
1418
824
2016
2233
2922
2289
3694
649
3710
3876
699
1533
349
3932
2734
1807
3894
2656
885
3935
3654
2352
861
4027
3413
1042
2609
3117
320
1686
3194
3133
1437
793
2504
278
1233
3733
1787
643
1592
100
2450
3981
417
1613
1654
2886
198
37
1406
1380
732
2270
1779
163
68
780
735
2386
333
3024
3369
1155
3675
249
1204
715
3238
1121
3615
307
846
3416
3578
3668
270
1783
2660
506
264
1607
2277
1658
171
2116
3886
1733
1662
1000
1903
394
3214
2348
1023
362
3714
2866
2151
1854
3219
2819
965
1302
1072
962
3032
687
1010
2118
3274
2901
1651
2716
2477
1687
2065
4086
1031
1559
1052
62
914
2331
1019
852
3884
3460
4022
3653
2469
2900
1958
3652
2478
2142
453
3570
1367
3007
1785
3057
2759
2136
2307
2846
3519
1523
1005
1332
1022
1859
2306
2510
2305
457
2977
1249
3655
2898
439
2203
233
641
3074
260
344
1018
2071
409
2391
3625
1320
1038
2538
4077
2969
963
2968
1796
3021
3584
3256
143
1518
2649
572
1765
2987
3207
2141
3386
38
971
605
3484
3676
2576
1685
495
1364
2209
1871
3109
1789
1348
905
1477
1863
2597
2840
3567
2182
117
1583
1740
2507
645
744
462
4064
2215
1248
3350
2917
3172
1594
849
3665
730
2
1616
2403
2160
1293
3623
3261
1771
1878
3995
1198
3528
3690
681
1307
2598
2423
1502
2801
2740
2017
3892
3581
2083
3845
3752
783
1581
1208
2511
410
683
953
886
974
2604
3373
397
226
1195
539
3630
1850
3883
1526
2908
2747
622
3757
772
2216
492
1337
3064
1105
153
942
1319
1144
990
2648
1883
419
3036
1525
3152
2918
3530
785
554
2625
3180
2467
3796
690
547
3705
3574
1755
3738
1548
676
2302
1119
3231
2276
1452
851
1388
186
3076
2959
3401
648
1084
1736
0
1383
3111
16
3565
1444
872
122
2672
1061
2553
421
1145
1209
3943
839
3784
574
2089
2412
1232
2624
2884
103
3820
2078
3253
999
1164
45
1414
810
4047
243
3611
4073
2266
1951
2015
3856
2055
888
812
1754
653
2570
3477
2676
1879
2219
3968
2370
3163
1609
191
408
472
1270
577
49
787
1545
778
3232
3504
551
2509
2651
3875
874
1453
833
2720
2364
3797
2845
843
2322
2003
2940
2707
2132
2618
1259
2254
3702
1571
789
3788
369
3975
882
3280
1263
4053
161
976
693
3237
2454
1742
3953
831
3263
1761
1920
3212
323
1555
566
1702
1196
1514
2335
4036
1334
203
3555
1671
1360
1056
3448
1509
211
3962
579
1748
21
1392
3687
2975
2119
104
705
1622
3333
3254
3066
2032
3141
796
821
3056
706
3833
3698
2630
2859
2267
2400
1625
180
173
2724
2589
1132
1221
3681
3479
3123
405
1924
3004
1174
1700
3669
3780
144
2020
1281
985
27
599
663
1590
2356
1892
3930
3854
3972
1557
2514
2536
525
818
306
1596
133
1629
355
3980
1833
3792
1125
2525
763
2163
1438
2460
597
2634
1845
131
509
3663
2788
1973
368
2175
77
1306
3251
3302
507
1813
1963
1697
1441
1684
1495
1716
2067
658
3674
3236
842
2926
758
1016
3739
3744
423
2131
1949
3763
1188
2154
3978
934
800
3984
1292
3009
910
2439
1792
240
402
1055
3916
3042
3748
1474
2561
1900
795
2021
3153
3037
1615
3144
2188
2341
2381
1296
1794
1025
678
3462
382
58
1182
1656
2248
3178
1227
188
1286
555
2466
1213
225
1316
1345
1326
1580
2606
1310
3985
4043
2273
2830
2310
756
1467
141
2429
3718
2640
3293
1212
1642
2241
24
1919
3392
431
1315
2004
1864
2903
1104
548
4032
3557
315
2286
2821
1359
988
283
1420
3320
116
2198
1999
2011
4011
1724
836
3979
1343
1450
3941
2046
3013
4000
3489
3226
1956
3187
2591
3222
3996
1424
1077
1638
269
2300
680
3577
2257
3355
2179
2059
2311
3367
709
1935
1207
626
142
1648
966
476
2897
345
2808
274
3070
2372
3255
20
3426
1721
593
1564
3699
3089
2622
97
2406
3545
1874
1015
2008
3101
792
1190
627
293
1062
3703
1409
1747
2857
3560
406
537
947
1250
2442
2297
837
858
263
3961
2653
1519
1017
159
2792
894
3002
1612
1929
1703
2573
2752
688
868
236
727
1614
90
3955
3998
223
379
484
3211
2753
2592
3731
2482
2860
1820
2145
3441
287
2325
2820
51
3314
3400
127
2174
955
2018
2802
378
2741
832
3229
2954
2035
1665
1691
2562
2978
3607
2994
1099
2058
2718
366
2360
2654
2000
1378
441
3813
3580
2111
2425
3843
183
629
2445
1297
3365
1591
3782
4008
3587
859
1136
3529
3252
4052
1784
1321
3929
848
1317
2890
2722
854
1365
3666
2353
444
3716
3601
908
3020
3456
1445
67
1816
1464
158
1269
1247
3743
2483
2030
2318
2271
712
2430
3483
1277
2668
1730
227
1225
3225
2988
2426
510
247
3177
3122
583
286
3273
1828
2895
2607
567
3890
2697
773
1107
1443
1659
210
218
776
65
3632
189
695
3175
3747
516
2159
2806
2492
3043
179
878
3407
1952
1289
2329
2539
2666
3881
2085
1977
1561
1995
2888
460
3396
3095
324
2184
2558
2730
3501
4046
4018
1988
2409
1734
3771
1574
1333
2941
2148
1148
2340
3905
1676
2766
661
610
314
2441
1981
3051
2127
3410
2869
1490
4083
902
2196
1540
1577
3990
3860
2268
1688
1739
3909
3405
