319
2279
58
1855
1553
602
3248
175
1814
1013
897
1108
2531
3794
2607
3408
1287
3685
701
2457
4007
427
267
4040
2587
3393
557
2664
4022
1679
1383
329
3761
3561
244
2764
3032
1438
711
1983
2709
2137
3025
1619
272
2850
2049
2526
4062
1908
1698
1828
2814
173
2105
1556
4076
2451
3773
2643
1959
2013
471
3845
3793
1124
3581
2064
989
1589
3922
2437
3856
1918
2937
187
334
3202
560
1717
1411
3074
2304
715
3066
116
1091
2997
1173
976
3892
629
4083
343
1050
525
1170
1750
3529
910
3062
1223
1484
1984
2066
2987
547
1759
2539
1994
4026
2735
2430
2205
1551
1062
33
3049
1122
948
2695
3822
1211
1684
3132
91
2872
3531
2787
3288
2429
120
3990
1123
2895
3587
2117
1027
3898
3208
3526
3480
3396
2465
2527
3770
3477
2365
3363
421
3638
2978
1515
3405
1052
3565
113
1820
1161
731
3940
435
3392
2646
260
1797
3844
1375
388
2986
3390
4010
1791
404
2822
2041
3701
1848
1915
1677
31
3122
3385
1298
795
2804
3563
1366
2927
3674
1785
1068
1406
1700
3099
1456
1007
1314
2144
2880
40
1046
4057
1748
1268
2326
2678
3178
632
1560
3886
166
3471
902
909
3155
1258
2490
3610
3458
552
3934
2701
3965
3241
2433
2464
2062
3182
2819
1002
3837
1719
3328
4002
1437
391
778
249
556
4064
2409
3211
1910
2336
3259
1078
3113
2809
1675
3870
1496
3026
3713
2855
537
3009
2623
766
159
3895
2762
2042
4060
3522
2226
1507
2946
3603
1300
429
2981
3613
2631
3435
2479
3517
2271
2984
2602
2212
1224
1346
1172
140
956
114
2238
3153
3381
3570
3511
1734
3486
826
1749
2656
1076
1303
3994
2558
3000
3075
4005
52
2028
3663
3357
1576
3780
35
1856
194
1145
303
3002
3580
1538
1581
1222
1481
1094
888
3584
1119
2019
738
1464
2311
1106
2923
3858
3200
2720
3367
1500
1171
2579
3582
2697
1905
2730
1963
3765
3433
3785
1023
79
736
1030
2130
1183
1118
911
1463
2654
3508
1000
791
4012
3948
2438
3285
657
1557
3602
1328
1267
237
1408
1283
769
599
2467
3365
2200
3429
3956
3963
968
2342
3679
1349
1271
1906
3126
1198
2728
941
2535
3037
3098
226
535
1937
2875
3479
4036
1746
1378
838
827
3812
1009
1541
3146
464
466
27
1444
337
866
3277
3004
131
3034
3160
1873
1150
1243
2348
2411
2112
3688
606
2251
2268
1114
809
2878
3453
494
1691
2533
588
2301
2197
3320
455
2378
1732
2950
1582
2710
2645
1384
321
1445
1402
3953
2803
3199
3305
1096
477
513
4079
3276
3919
338
1208
1339
3797
2321
672
2824
2942
2011
687
3572
727
266
1944
1945
3256
587
1485
144
1902
182
747
3464
3815
2638
2589
2967
2400
2147
3403
3189
3656
3872
1656
2867
2913
73
2897
145
554
1206
1032
2754
3244
1629
2544
1321
2115
2760
306
2027
3777
2594
1139
1107
3197
1083
2894
3127
1722
4015
335
3055
137
1186
1493
3945
1883
2847
3618
4020
3082
2012
349
1658
1864
848
2095
3483
1070
2222
1015
1514
2796
3868
3846
360
1226
83
248
2020
3684
3224
2794
381
3588
2085
914
3827
136
3622
1056
944
1822
2394
1393
2410
1863
2217
3233
1617
1892
445
3916
215
1204
734
3813
438
3878
1709
1284
2494
2185
2375
49
1416
288
3112
1599
680
653
1282
1468
3924
1881
3044
2736
3444
53
2900
3031
3962
966
2572
3524
1325
1737
2120
3823
2001
3252
2898
833
3702
2163
1217
3304
1977
1248
1102
1756
3142
1476
2298
1896
3264
3124
3131
3147
4059
4047
544
927
647
1811
741
361
891
4048
37
3138
2035
1858
2682
2159
3908
655
1956
555
3420
3027
2155
2443
2006
3418
2338
4078
1497
3852
1421
2508
3077
635
601
413
1572
1099
1982
962
1058
318
3414
3597
788
2142
3620
1424
2907
34
30
2190
3828
2801
1166
2354
2990
395
1875
2588
3706
3040
3056
3748
3670
1928
3323
2420
409
2598
1440
350
1274
1227
2454
3896
1907
1636
2669
4016
681
2029
2283
2257
4092
1205
2493
3678
3193
456
1391
4061
2721
1702
1218
1004
835
3901
1397
2178
396
1425
1962
3281
3163
3350
2740
2856
1546
1377
1039
1279
798
2262
2846
3474
1777
498
3841
2949
3612
752
1830
850
2427
579
1141
3632
2963
1570
1564
1694
1447
1932
2478
779
3786
2637
2615
2890
3879
871
1455
295
851
402
287
2181
2127
1168
1640
3649
697
3927
564
2134
2866
2092
1585
3229
2157
685
3438
1519
2150
1798
2083
3111
3051
1511
787
264
950
1888
3121
1228
764
3737
735
2648
90
1745
3374
3437
2016
983
812
1952
2316
949
1077
1981
1625
1664
163
1348
2442
2043
439
3510
3556
1059
261
529
2077
1360
0
1275
3439
2091
603
488
1330
1195
1418
2449
1720
3851
693
3441
780
3338
2032
3092
176
459
213
480
2367
2837
3657
2179
67
310
1413
1249
1197
2859
998
95
2233
2781
1125
3262
3267
2561
2489
2821
1322
2989
1696
1909
2305
1051
1653
2292
256
2928
2056
783
2769
2560
1878
3046
387
3972
3941
1666
2944
2876
1882
2974
3586
4069
4024
585
1337
2663
328
179
1825
1292
2731
591
3379
3594
1356
1646
823
1849
93
2931
241
1472
2868
2377
2982
648
3015
572
1939
4029
1955
1860
2005
1295
390
2554
1689
379
3931
742
2688
3434
3801
3860
1755
2407
3664
3334
623
2825
1513
2228
3631
1930
1663
1361
103
1532
1427
2428
2203
2690
3607
3478
2971
1461
2426
75
1587
3800
3204
1817
3103
2368
16
690
3983
2501
231
2557
2380
3279
3733
4091
3904
3944
2776
3171
2782
3275
44
1127
3977
42
539
3209
160
2242
2574
4077
1299
55
1156
874
2087
3250
3947
3554
2811
612
1796
2339
890
1815
212
3231
3741
3779
3255
1494
622
1257
3395
963
818
263
1100
2933
191
1851
730
671
3183
2817
3362
3887
1175
1831
2820
3181
1997
3805
1731
2406
767
2310
526
750
2346
2389
2748
3735
1355
1191
1128
933
596
3148
1047
1138
2586
951
1255
2213
2291
885
608
1041
3700
3469
1343
3003
2415
661
125
3010
2288
3819
2037
3038
4031
2081
1319
1595
2053
2613
893
2158
3503
2929
1927
3042
1542
1594
3494
724
3624
2119
1743
2096
2458
864
2676
365
1824
2517
2516
3221
3974
1244
3687
3835
1710
3681
1996
3769
15
1092
2139
74
2775
3539
1451
1151
3993
3175
607
2351
1917
1323
3030
2513
1610
2605
1040
405
664
3871
3226
460
2318
132
3960
2839
3782
2175
2281
4081
107
330
1552
1711
483
1643
2039
3462
375
1846
631
1111
238
3086
1215
2791
419
2435
3680
930
512
3352
762
126
1368
2295
821
2076
3008
1891
211
1149
2325
2058
1301
3427
3628
2650
2673
1272
1069
3022
3369
54
3929
1649
3442
4043
1993
3117
2386
3750
4090
1394
2396
972
2767
1810
3614
3842
2496
595
3416
3938
566
1577
2007
3894
2102
718
3850
873
1571
2165
2818
1978
3899
3729
954
1473
1143
4065
1117
3187
62
1200
257
1989
43
1181
85
2055
3753
1423
542
578
147
3307
2470
3446
3573
1318
384
616
1095
2332
1230
1787
1043
2577
2289
1414
651
2255
937
899
2689
3154
1288
2562
3100
2770
199
3052
3595
4074
1084
2254
604
1919
465
978
2240
2114
2445
3725
1988
2363
4053
3039
3291
383
1216
2074
1547
3194
485
2507
2146
202
3633
3659
1417
2857
2712
1995
1926
314
543
1312
1841
2975
843
3421
2151
2425
3017
3920
2040
1884
1483
678
1225
713
2209
2612
898
2753
922
294
3532
2125
3422
3590
441
2101
1296
534
1782
3865
1433
2848
4017
3261
3228
2132
3627
2277
2461
2418
2113
746
670
2998
3979
2576
710
2413
1780
1017
1683
86
2149
729
29
1396
2994
2447
3507
2625
2003
2795
3207
196
3933
451
1813
299
896
2482
872
3234
1517
3210
1535
2434
3547
112
1876
2743
186
4023
2249
1942
856
1853
2390
1775
1256
496
2143
628
98
583
26
377
2387
2359
884
2350
1129
3274
668
3356
1113
2693
2550
1026
2993
3450
102
2906
1065
3366
1373
108
925
3073
2603
1269
1792
1614
3125
293
605
3110
3118
1359
442
3859
3150
2300
1010
536
1987
4038
2713
3271
2552
2182
3412
2960
757
3528
2707
3186
1665
1466
1176
3300
2914
994
565
2555
1992
568
1524
3213
2480
139
2273
634
1203
852
1187
1834
230
1634
1802
2303
3144
4058
2877
3016
958
3448
964
2379
1898
3606
2373
924
3058
936
4013
3999
510
188
461
3731
269
443
1687
3825
2661
2069
2320
3716
3788
3984
22
1714
178
1482
2604
530
1465
1158
3386
2515
64
1598
2870
1826
1544
3710
684
3862
3093
2679
749
1320
945
1028
1632
3564
1508
1082
3861
111
3925
2060
3455
2189
1363
1053
3906
1302
649
1238
2269
3317
3364
763
316
1751
258
247
1854
3608
1872
2779
3575
378
2798
3505
594
722
1220
1991
472
2412
1862
2312
743
3738
2260
2734
2799
2522
240
99
497
796
271
3101
2921
1306
696
4000
2486
2052
3816
2542
2376
2691
2198
3289
63
1806
2644
915
364
3998
709
1174
1209
1774
1054
865
2444
2397
3303
2030
3913
2711
1371
1236
2629
3308
1061
1019
618
2694
1712
1163
2756
511
3318
3568
1603
1986
3301
817
2793
2164
19
489
2530
2952
3292
3360
846
4082
2940
2889
3821
3576
3569
707
3436
1403
2624
1035
1894
1590
2054
3174
219
2188
382
2235
3473
3263
2715
2816
3820
1490
389
2606
3647
2360
3534
347
9
122
217
3880
1379
3116
2345
1531
135
450
3691
115
2361
431
2246
2476
3490
3344
3119
1744
1847
2086
2567
3986
1428
3223
235
979
4021
2450
2194
1827
2862
1199
2358
563
3830
2432
837
3287
935
2802
432
3542
1688
87
3795
3557
2951
3036
1003
1273
1596
2902
3133
1452
2333
2966
433
2302
1086
354
4049
1512
341
2398
2702
3562
1165
2211
3512
804
3253
3232
2221
3867
926
3060
1539
1886
1399
2703
1020
1601
705
3419
1266
3135
3238
89
3642
2440
3578
1914
3943
593
1088
491
1608
673
2751
1326
3571
975
638
1606
453
4008
1382
2766
754
676
2297
2564
2659
400
444
1136
1579
2853
3544
279
940
3714
663
4003
2505
3088
4
3087
2266
4045
3013
1724
2549
3617
644
1803
2797
3330
3430
3634
665
719
1843
2597
2417
3431
3527
2206
2161
755
3454
3348
1789
1410
3115
1667
2051
2229
2590
2511
1807
2569
2668
128
3784
1718
3370
2601
4055
1779
3102
2002
829
228
662
1970
255
3190
901
3514
669
3316
3325
2962
1762
3559
1336
2965
1434
3728
499
772
2737
3553
825
2215
3382
14
1869
359
161
209
2022
1805
2448
3143
422
717
1971
2399
2864
522
549
2487
2584
411
2483
2806
1903
2067
2
917
2652
2439
2057
847
2784
900
2309
1137
3298
523
3917
2372
50
1613
3661
2832
970
3923
1390
3222
3530
3400
642
1593
414
1911
2286
3623
3410
2227
2969
2422
2912
1221
2275
2061
3621
508
3566
317
1104
225
1968
1678
3445
3157
581
1604
1144
2138
3290
3368
1037
1049
2627
3498
3432
947
2468
4085
3833
756
51
1548
3817
1093
2241
417
939
370
999
1160
484
3028
143
3472
3188
3864
3371
3347
586
5
2883
369
259
1976
3525
2237
2747
2471
855
1480
3583
1747
3739
932
3215
1436
4035
1620
3677
714
3085
2207
1545
2180
1950
597
2133
3653
3932
813
3398
2881
312
531
1277
816
870
2815
4025
1294
3669
180
220
252
1655
2619
468
3321
3205
567
509
25
4037
1048
658
3043
3501
2253
824
17
1154
69
2910
458
1929
3387
3018
1920
4009
3107
2098
190
3021
141
1072
2665
2153
109
3358
229
3976
3939
1285
1699
3967
3516
3980
1591
216
1960
1345
3791
2366
3067
1528
3145
4044
1506
2858
3676
436
2666
2566
2774
3235
3660
3519
3626
2038
3310
2063
181
3326
3373
2752
239
2920
3020
1404
868
942
2972
2833
2773
4056
2220
3949
2596
142
1419
2955
2840
2903
1474
1033
1537
1250
2313
3625
214
3762
840
3384
3294
1868
3162
224
3698
1726
3615
4014
253
3324
428
3104
2716
3781
3719
246
808
561
356
3245
1630
2452
3069
1861
3184
2546
1573
3402
3050
2660
4004
1829
4001
3619
3975
3840
2860
208
250
434
1801
1607
953
2403
1388
3834
1781
3463
3192
862
2540
3311
1893
2344
3063
1597
1969
500
1334
3354
806
3425
3195
77
1510
3699
577
683
119
227
3249
3964
1491
1685
1385
2778
1866
3409
3140
3123
2504
2705
3988
1924
1639
776
2541
3968
3097
2547
3322
376
2145
550
2580
2591
2258
410
1946
2315
2970
3487
1392
3345
154
1767
3596
2509
1316
2084
3907
1638
2745
1341
2677
2732
1164
2565
858
2727
682
3720
1809
686
1233
1293
2763
3504
1958
2391
1073
2503
2392
3952
2453
47
2173
76
3767
2528
828
2331
1178
1448
3778
2031
803
3239
2089
463
2261
1210
2958
2100
3206
3475
1367
1975
3023
366
133
3814
2622
2080
479
1024
842
654
504
969
1290
1816
3946
110
2892
1951
1693
2755
3411
1631
1771
3120
492
1488
3616
1071
151
1446
2849
2393
1729
1036
2108
3651
1616
2462
72
3611
1668
1980
1329
919
326
2431
2521
2225
490
1757
2369
1025
1713
1242
2362
2381
1103
2177
92
289
3771
1240
1725
2243
24
3214
2280
2287
1219
1784
1521
1973
1758
324
984
1516
1344
65
2278
859
1130
3378
2919
3185
725
3196
3730
482
1852
88
205
4094
589
1042
1179
2499
3727
449
2224
3636
1592
3313
2534
309
200
4087
3329
584
2017
533
700
195
1261
3089
2635
3744
2265
2048
3848
23
2704
574
2873
304
1837
3518
3732
3671
745
2642
3766
2988
169
569
1400
3054
1305
2353
571
1237
3658
1566
2463
3254
3269
3452
340
2980
1085
2985
517
2718
275
1669
3105
1558
2232
2908
3467
1651
1674
81
2008
879
1152
13
1628
2423
841
3217
1376
1386
1844
1280
4093
1697
2834
1555
3853
2015
1680
3515
1262
440
2808
1626
2616
3955
123
3061
2193
3072
2168
1865
2219
104
1836
2136
2250
3855
2340
1931
1645
78
1441
397
6
1670
20
892
1022
2519
2328
3996
3136
3090
2296
1067
4089
2456
645
3592
3053
987
3759
274
332
39
1580
2800
993
3114
296
206
1979
1934
1259
452
4067
1890
1193
2938
3165
3591
1147
2757
3818
1644
2957
2722
1972
2401
2739
753
2708
3493
961
1153
952
3910
1338
3921
2871
3869
2270
3985
481
2514
1850
2324
967
1157
784
1832
2592
3992
2395
138
3502
1081
3824
739
2383
946
4051
1469
2683
1943
3335
392
3424
2653
2347
3128
3881
1733
1332
3756
2657
1229
3151
2204
3286
2239
4075
3600
957
3476
2611
1701
1142
403
1833
1177
3903
1583
3609
1738
2617
2768
2474
3645
748
1650
3041
3605
4088
3877
1016
3873
4052
1409
2750
3652
1904
3543
339
2823
2469
3201
761
1568
3179
3829
1526
2700
2667
3736
501
2746
2502
2649
3807
1478
860
836
2983
70
1278
3375
1690
3295
1477
3697
201
1611
1936
1286
3302
853
1624
712
3849
614
2404
1742
2863
3096
1923
2999
408
3629
3246
3704
1090
2044
1184
3836
943
1857
3457
3754
184
695
3
575
2672
3997
992
2116
11
830
3717
1245
886
3108
1794
990
3723
1522
1543
1471
790
997
3667
2583
3521
1169
1499
1766
1502
1773
2888
1120
3094
3550
1063
1642
1842
2485
3019
3130
1405
2684
636
1057
1479
1818
2886
1467
996
1586
637
971
2609
3711
1055
313
3764
2956
385
1618
127
2176
2402
744
541
2492
3643
3161
2893
2199
3567
1565
3665
3593
2416
94
3601
2082
1574
285
1426
3883
905
1727
923
1415
1715
2954
955
1845
3555
1335
2729
3689
666
3604
733
100
2724
2789
1916
3552
965
2599
2813
2742
1501
3772
694
1838
3071
124
357
2154
1783
726
2071
2904
4028
2036
157
1317
2698
1254
367
3694
3048
3242
1132
2184
198
2414
2772
1536
3991
2968
3156
1763
1659
1879
4042
1126
3545
336
516
1159
1641
1374
2196
290
811
3399
2208
959
3064
3843
3885
3970
2939
3045
2909
2169
1246
2004
56
1362
3936
2129
3180
106
3341
3258
3874
716
2009
2917
2524
3141
2349
1957
3961
728
1080
3230
193
1889
3942
2630
2455
1609
2563
3915
3548
2170
1938
2826
908
3745
881
2680
3011
797
1562
1098
916
2059
1182
2614
3802
2726
3831
448
1647
2481
1761
889
3810
1
473
418
307
71
1563
3047
3337
1885
786
2836
2922
3391
2723
101
760
2065
3747
1753
4086
740
1793
344
3443
3166
3640
3811
3686
2885
515
3495
148
3488
773
3106
3282
3272
80
3314
2626
121
903
2926
3752
1900
921
1146
2865
1527
558
4063
1897
3068
2961
3333
372
1752
172
325
2495
3978
1109
2408
2191
2317
2749
1765
2674
1213
2959
1772
2882
1005
3909
2371
2714
3353
2573
3339
1769
1429
3641
1695
129
781
311
883
1799
2634
528
2911
906
469
3109
1600
3152
849
164
3792
1540
3440
3394
3537
2140
3078
305
380
3630
904
2384
495
4019
1672
854
3260
1389
2024
41
732
2484
2290
2991
2021
1264
1263
1231
1835
1489
3866
3172
1871
633
2788
3718
2075
1442
3546
2812
3377
3351
3574
3168
592
153
1201
10
3692
1652
1038
1357
2977
2827
1561
3461
2851
689
1623
1372
3079
3227
3404
877
245
362
692
430
708
467
2141
1131
934
1705
3549
861
2896
1350
4080
822
185
38
3468
1925
1947
4070
4030
675
3029
1686
1189
3951
3426
3826
973
3654
280
3585
3484
1921
1518
3589
2852
3134
3854
3538
3401
3666
3683
1407
4073
1422
3905
3635
3372
3499
2658
475
371
2525
2719
3724
446
546
4018
2419
1823
3236
4071
1253
3935
1021
3911
1622
3715
270
1671
3672
3912
1821
2284
3159
2545
2593
1297
2374
1133
1235
2830
1800
2167
7
3359
2915
3721
2174
2633
1460
2202
1985
457
401
3497
1533
2675
3485
895
907
3758
3237
3203
2628
2248
920
1505
3900
3966
2497
2018
770
183
2670
1011
1006
2385
802
562
1635
386
3650
928
3361
2441
4072
3014
32
880
45
2341
292
1776
165
540
2294
1492
3451
3084
2244
2405
986
845
1214
1140
2323
2771
737
2230
3891
1966
1736
301
3644
3169
2247
3746
3937
2829
1812
3857
660
1398
2103
96
4084
2356
2000
2941
3882
1529
66
2014
233
980
3535
1087
3343
1840
3496
3506
2995
751
2424
3332
3198
2973
276
3668
2905
3129
800
3513
2111
2578
1673
3349
84
415
2195
478
3712
1708
3059
524
243
1401
1291
3315
353
867
3776
2156
368
3648
521
476
1340
3243
2996
2935
203
1739
265
1449
918
352
3876
831
2600
3413
4068
3173
2109
21
774
3783
8
2498
1941
474
222
3774
1252
2148
146
1723
1352
576
506
652
2930
807
793
570
977
3957
1933
1961
3523
590
4033
2536
374
268
2947
4032
424
699
985
691
3890
794
57
155
1014
1353
643
399
1089
3389
1795
2357
2050
149
3847
1060
3987
1704
221
2475
1534
130
189
3273
192
3533
1503
1681
48
1194
875
3492
1870
3080
674
2681
2551
2845
2078
3973
28
3682
1380
2252
1741
3536
425
2216
3283
1313
2936
2761
1912
609
3057
358
1913
277
1192
2685
3995
2924
2976
3989
3540
1498
1612
2473
1135
1453
3695
393
3520
2733
3893
1351
1550
2699
2854
2725
1721
3355
2738
3655
863
2979
1247
3889
2925
3902
1432
502
1044
1740
210
1706
4039
2218
991
2582
1728
168
2518
782
68
3220
1116
2491
2790
630
538
2741
416
2717
1395
2121
3428
2334
834
2472
1637
2073
3095
2553
2948
3177
3380
3407
1901
398
3954
3065
3415
3388
3225
2765
3293
3342
1207
1953
2259
507
3928
3319
2608
1105
1859
3070
3926
3930
1101
1358
3509
545
1031
158
1381
580
1998
412
3081
1662
46
2186
3982
1443
3673
723
323
251
1315
1788
810
2758
1676
2033
3167
1309
2171
2382
775
503
805
420
2308
4050
2025
322
1922
801
1064
297
2201
2548
3212
2337
3491
486
3158
3763
3024
3170
218
832
2388
679
573
3406
532
2282
3137
59
2299
2869
3482
792
2506
327
1155
1525
3918
3284
3637
3832
3500
582
1874
2293
3696
1633
320
2828
2639
1605
3796
1029
1584
2610
3176
2945
1778
2992
2128
2655
876
2783
1162
4095
177
171
2686
1212
3958
520
1790
2842
3560
1486
3257
3309
626
3790
3460
3306
799
170
2231
3219
1387
2838
974
2210
2172
551
1369
363
789
2500
1458
4066
3722
2759
2532
1012
2274
2647
3456
298
1470
1730
611
2887
1578
3787
223
1707
2276
3346
650
820
3296
3742
286
3743
2364
3270
844
2488
620
758
1370
1241
1627
3481
617
3449
2901
3083
2223
2570
1760
2267
3297
1276
2152
3760
1554
1475
3950
1333
348
514
1430
3838
882
1716
3646
262
3340
2543
3734
1935
553
1735
2088
1075
493
4006
2529
3839
2918
2641
2835
3768
281
619
2264
1167
2843
2621
3690
2234
3001
315
3383
3139
1949
2568
1045
2671
1654
600
162
1412
278
610
2780
1435
2696
2932
3662
2585
1703
1180
641
1115
2187
1954
1504
777
702
2466
1965
2123
2618
3397
1602
1066
97
1660
2307
3863
2512
2805
1887
1549
598
2687
454
3705
3466
3675
2510
3914
3447
839
2285
2322
1454
1364
2068
819
656
2162
2636
2046
3299
1990
2192
3376
1450
1520
3693
1148
1569
1899
1754
2110
2523
2335
3417
519
3312
887
3757
394
1462
2097
3799
3278
3076
302
759
3005
931
3884
1661
36
1304
814
3470
1311
2916
621
960
3280
3726
1615
2330
659
2874
2118
667
3012
2245
3240
3336
3806
152
1940
3755
2183
236
698
242
1018
3598
2355
1457
677
61
3709
721
3149
646
2861
615
4034
3969
765
815
355
2934
82
2943
1567
2122
2556
869
3558
2236
331
2477
437
118
1768
1808
2844
1657
117
785
1185
3191
2891
1112
12
2595
2124
167
857
929
156
1265
3639
3091
2010
447
3577
2352
1621
2090
1575
2214
3579
1232
1487
1327
2131
1431
613
1190
3327
912
2047
3465
2099
2070
2272
548
2831
1331
3247
1439
2107
2436
3459
1523
3164
1588
2314
351
3035
4046
3798
639
768
704
207
174
2126
3809
2306
1948
688
2319
624
1459
2964
3971
627
3216
2620
2026
1270
1342
3266
4041
4027
204
1692
2160
1202
2343
706
3808
878
1196
3897
2777
2571
150
2072
771
4011
3751
1880
273
2093
703
2792
3265
3875
1008
1770
426
1365
1867
1074
234
995
333
3959
1967
3981
1307
1964
1764
3489
1819
2879
1786
988
2034
1110
1682
3703
3888
105
487
1324
2744
2537
2104
1974
2884
2632
2023
406
2329
2106
1509
2094
3707
559
1648
342
3331
505
373
1877
2841
18
2640
2810
254
282
2079
3551
470
1188
134
4054
625
423
407
518
1260
2538
2446
3007
1134
284
2899
197
2559
346
3218
1530
1281
1239
2692
1895
291
640
1234
1308
3251
462
3708
527
3749
1804
894
1354
1251
2135
2581
1079
2370
1999
720
3033
913
2459
2953
1420
1034
1097
3541
981
2785
982
3599
1347
2662
60
3268
3740
232
2263
2706
3803
938
300
2045
345
283
1289
1839
2327
2421
2166
2520
2460
3006
3804
2786
1559
2651
2807
3423
1310
3775
2575
3789
308
1001
1121
1495
2256
