732
1955
521
2734
107
1130
3684
4074
1463
2751
207
1189
3550
3501
3454
1670
3187
760
3095
2916
3441
1516
1757
529
3293
1167
2889
52
1481
437
631
3376
101
2655
58
4013
1355
2652
3882
2614
2756
977
798
3777
3635
3741
1084
1170
1103
2686
1363
1524
255
3574
2921
1024
2999
691
3619
3668
3536
2897
3827
257
885
219
2013
2690
587
2124
1730
2036
3592
1320
2893
995
788
3487
2819
940
2247
1573
2151
3904
2457
551
2375
92
4078
1344
3597
711
1211
3211
2255
2926
286
2663
2737
1884
528
2534
2643
278
3727
1718
2108
3236
2423
3948
2681
3325
2750
3423
1144
2841
3980
3116
2987
2069
770
976
1873
262
316
1013
104
2157
2922
1576
41
1825
3591
1009
3805
1729
3144
2334
3645
1780
3240
4040
403
2369
3223
2696
45
2437
822
589
3361
1748
2861
3026
1426
2459
3514
896
3463
3587
3585
2205
3039
992
2071
3121
3706
1842
3701
3728
747
1071
2287
1673
517
3543
730
3153
1940
3639
3595
1753
1413
1606
2414
1791
705
1991
2895
361
15
277
1601
3945
341
555
990
1735
1034
3170
1019
2662
1485
520
187
997
922
1996
910
1772
751
1841
1012
3564
651
3243
2936
1972
2552
1253
4089
191
3055
1587
1381
2216
1053
710
3075
638
3113
3482
1957
4035
780
3483
1685
3488
2352
352
1491
2856
1760
69
268
1397
805
2304
2362
1997
2959
3152
3544
3936
1621
2642
3894
882
964
2983
3504
2678
3430
2535
792
2167
1227
2786
371
3391
2869
504
1432
2559
3014
1598
1852
2812
3387
1634
444
897
3421
1462
2374
2685
3917
3375
2221
3138
1255
3052
388
1960
1677
3334
4071
699
2701
2349
2709
3724
381
683
2294
3589
1218
1914
165
758
3212
1712
292
1321
2769
3974
3474
470
375
233
3044
840
2913
2009
1027
222
1979
1203
1251
2988
1040
3218
1205
639
4060
21
3017
3560
2148
2016
1948
3005
2202
3359
70
1279
2899
2271
1492
2047
1213
31
3565
3371
1711
1384
2073
3056
2529
3839
185
2613
1333
2488
3149
787
3960
3444
3289
3855
1618
1656
2346
1293
878
704
766
1593
3800
2611
3920
3989
3080
506
3303
1190
3207
2810
568
3494
2180
3807
1933
3
2816
1805
3649
2821
716
3402
1083
2257
226
3202
2333
3384
3813
95
245
1800
1467
1724
2715
2264
1207
2212
3107
1155
2452
3895
2331
76
776
3970
2974
3490
2199
395
3500
2754
1412
485
2824
196
721
731
3437
3419
3606
3319
652
2296
2213
1286
1260
2840
1829
3427
1702
1349
860
880
2353
2100
3278
2158
2717
2556
1319
2776
3781
2428
2859
2038
818
19
3476
967
2832
1818
854
2628
4075
2434
2172
3338
2973
149
1449
351
248
1046
2380
2347
4062
431
1118
1603
1912
377
3621
57
2438
2730
3713
2403
1742
2903
1087
408
1530
152
2995
3676
697
256
1306
2804
3759
2211
2290
1981
2344
718
3667
2015
1700
3329
323
490
681
3647
445
32
336
3849
410
3911
3021
1044
3417
2066
2112
2530
216
1856
2283
3399
1880
1821
3040
3685
3611
3425
2004
980
1721
2670
2521
2839
2943
3914
2834
2560
3949
3002
1935
2366
1552
2351
2953
2131
2506
1582
3092
449
577
1703
495
650
2270
2395
988
243
1389
662
1102
2330
1079
959
2817
1684
1309
3154
2191
3916
3299
3415
4000
29
1487
1236
1455
635
2976
1379
1883
114
3636
2057
2942
2515
2795
624
1962
1216
3215
3472
2364
3232
2954
264
3317
1650
3760
2097
2396
2034
898
1471
1259
4046
2089
2808
1001
3705
1747
2837
2068
2968
2323
2845
3547
1681
1510
765
3552
2905
2978
2692
1568
2254
208
694
397
1445
2240
3906
1865
1980
1390
4006
545
1832
2129
3915
1460
3456
2536
476
785
2513
927
790
103
1628
973
1819
1450
1639
124
742
594
1560
804
720
1610
3038
3123
839
2358
1068
2494
678
2609
3762
1699
3875
2332
3657
2044
3973
1391
2324
4
2357
1276
3486
4053
3492
4072
1387
755
963
2656
1042
1565
672
741
2037
3432
2855
2032
199
1294
3770
2809
1172
1176
791
2863
2621
425
2901
673
3811
1288
2654
2102
1316
1676
936
3120
2546
1569
2815
224
414
1589
51
2975
3497
1631
3287
1162
2431
3192
1274
2000
905
2945
429
1010
3787
2200
3712
516
2532
200
3785
1969
1881
1515
244
3148
3330
3632
2441
1249
1368
3054
3434
2391
399
3764
2456
2624
3347
3778
2144
1329
640
1423
3234
1734
1974
2335
3250
695
4057
2020
2146
1041
50
1615
2367
974
3204
1280
1550
2852
2768
138
467
2938
2453
2803
3584
2487
3573
3228
411
1091
3269
578
3407
3352
1163
1774
925
719
398
971
240
1971
459
2301
767
2752
863
661
2963
1706
2489
3905
2858
505
105
3671
275
1715
3256
763
702
2610
2650
1038
2262
2569
2242
3333
4067
2947
3675
2226
2153
2640
786
3780
1897
1417
2912
2822
526
979
1152
1078
1028
2629
1334
1174
3358
2118
3394
3897
3867
487
2422
1272
300
1226
2179
3013
3694
952
3583
1812
1986
3765
3659
782
2117
3666
2237
2811
1713
2480
171
358
2558
2318
3624
4014
1115
3877
670
3768
1646
1764
1638
4058
404
3135
1456
1159
2705
3665
1109
2799
357
999
97
4037
2190
1714
3012
1438
812
34
606
1204
1077
3934
3561
893
3298
3184
1454
1523
3853
3348
1719
220
3672
3886
629
1723
676
3745
2630
2647
3775
1936
1891
3939
475
1403
3575
2843
4008
3822
1030
2587
1496
2784
3991
2098
205
1716
1792
3686
160
3466
3576
212
4050
1284
3124
3160
3411
1366
998
1342
39
1067
2292
1946
1139
3266
2228
1611
418
30
4088
1111
2571
2446
2136
2714
1682
3369
1125
1153
5
3512
3255
3629
3008
2888
715
2796
36
4093
3766
66
3164
340
1395
595
3188
512
3610
709
3395
1811
2080
3057
2658
378
932
458
3186
1687
1472
3802
293
3859
1875
1011
1187
1354
1977
3959
2771
3944
1135
1659
513
823
1578
3568
510
930
1283
2017
3715
3345
1512
736
2794
1567
779
2935
2653
3703
131
1872
2412
3139
3687
3842
4095
501
2825
3469
3248
3216
3662
3350
1745
2645
2539
2061
3337
3094
2606
682
3378
2173
2350
1614
3258
3570
3033
2227
3484
3563
306
3167
554
3709
3751
2378
3955
2908
1201
757
1574
1243
2898
3150
289
826
1332
881
3779
2234
1817
1836
531
421
2193
2355
2665
3790
2635
628
1221
3539
2092
3815
143
2079
3141
3162
3919
3681
1197
3015
1863
1482
1337
2966
1114
3246
2979
1839
3943
3310
653
1287
586
2415
3267
572
1007
239
3268
3389
1744
3060
65
1017
4044
1848
3409
604
1325
2604
1330
921
281
4091
3750
2707
666
2914
1691
2946
2675
3393
2883
1655
2325
2588
707
1357
2735
366
3503
2689
1755
3643
614
436
533
2486
3436
3634
2589
2860
3030
1784
382
280
2632
502
3852
939
2078
3206
3252
2651
2844
3481
601
4070
2345
1120
1314
1168
753
1708
3485
2618
2846
3702
4082
1995
1563
1905
122
3385
1562
4016
3704
1932
2519
1898
4018
1479
454
948
4030
2533
2170
2509
1300
2994
2683
416
2297
561
3664
2562
3397
1469
249
1003
1066
364
3505
2780
566
2447
2989
562
140
1171
3830
1937
1351
1633
3217
2382
3007
3091
1048
3848
991
3981
3129
599
2666
2501
2083
774
2134
1291
98
2542
312
1292
3082
1590
564
1352
3173
379
3723
225
3159
3128
1419
3372
2440
654
3661
2729
1612
3846
1810
3609
3969
4011
886
1247
3031
986
2155
2248
1532
3923
2388
1265
327
3572
828
1061
1339
3673
1931
3716
597
714
3034
1543
3171
3814
3722
3964
2743
4021
3271
2636
1468
1348
1717
119
3455
1110
496
7
1519
1798
282
2781
10
2094
1710
3305
3735
1373
1728
2581
3517
1026
693
1816
3695
2184
2246
2198
3058
729
2140
1418
3890
3414
3235
1141
462
2241
3967
2029
38
329
913
984
3678
424
3489
72
1383
1475
2874
3090
1528
802
3628
451
2305
386
3089
1179
1372
2210
3593
2474
1196
1505
3367
3131
4068
4023
372
2137
96
2022
2545
2042
136
1797
3872
4010
953
1458
1241
3245
2547
1086
874
1561
908
2277
3953
2952
3786
1539
3405
1264
3073
2491
665
954
546
3640
463
2095
3050
2244
1599
2192
3311
3261
2162
3893
3845
2189
1704
236
3433
2755
209
342
1311
607
3837
1085
3178
2046
446
1926
728
3072
2481
1788
163
947
2595
861
3971
3401
2356
339
141
3730
1838
573
3295
1119
1134
2394
3511
389
743
1508
3272
3400
1895
3019
132
1194
2381
1037
1754
2885
3084
1315
4036
1002
1113
3631
452
4033
2010
508
605
422
2563
1625
3214
2306
2918
679
2622
1245
956
42
2706
3119
3840
2313
871
1640
2934
2929
3291
2660
3683
482
3275
387
1886
1597
3388
3022
11
3495
1990
2732
3355
794
3196
210
1199
1092
1917
3194
3670
1736
2744
1359
1198
3032
1857
2197
2130
3079
1993
359
2619
3854
461
2220
3653
4004
583
82
3689
1910
746
4038
2278
942
2836
1369
1122
2058
1382
1963
1408
3475
3650
1637
17
3205
150
1410
3470
3913
3708
856
2477
162
1514
3832
3987
3623
2710
1766
2096
86
1150
2886
2084
2727
2307
61
687
920
1137
3551
1117
3307
2957
849
1282
2962
645
1547
1866
3020
1808
1916
147
3254
901
2698
3189
258
423
1430
2602
79
1082
2433
2231
4064
3112
2878
412
1570
164
345
602
3449
1620
1281
1877
466
3381
547
334
1033
2631
1799
993
692
3130
1901
1073
1295
2207
773
3203
172
3327
3036
3041
3930
3734
1145
2748
904
3966
3224
1095
1008
2733
1254
2251
2165
2045
1527
1802
3157
2005
975
2236
3242
2232
534
83
2561
478
438
1435
535
457
3984
183
1947
310
3642
1376
1627
677
2123
2026
2626
1158
2076
242
2664
1803
3309
2276
1231
909
2439
1556
1686
1668
1761
2697
950
450
701
113
1951
2201
797
2053
938
153
1016
3363
2023
3277
1959
2892
2742
3193
1622
855
1451
2443
868
796
2694
1887
3823
2933
1490
4066
99
2523
3656
769
1954
2027
2169
3772
1248
2770
2879
1405
2233
192
4045
2669
2667
2119
2115
1835
2993
2676
369
3710
417
2522
1161
1609
3190
3262
2019
3435
3323
2465
3314
3880
879
3860
3594
2373
2875
298
929
2081
491
2578
3749
456
2964
1785
1219
3380
3377
1964
2902
2516
1743
1536
1975
3586
941
2996
1671
903
4085
2386
1063
1336
1635
360
1164
620
3954
783
1902
1441
3626
1647
2517
161
1843
3978
442
2620
1347
189
916
972
833
3182
1605
2726
1182
3142
2818
1192
3688
1501
735
1461
1146
1908
3596
2906
2149
646
3612
473
151
2121
2866
3660
9
1849
126
2877
2633
181
493
4029
3598
2835
48
1257
540
405
515
1888
4027
3799
3567
2470
3042
3335
2460
1275
1641
4043
2204
2360
819
2397
426
610
1230
2056
1878
2797
1740
647
1200
2012
1679
2188
3669
2881
3795
294
3793
3627
1133
2956
481
1705
1089
3403
1862
2741
2177
2637
3520
3292
367
734
2399
2764
643
3618
1263
3942
4024
3508
237
228
1815
3999
4034
1768
259
1080
1867
3899
1191
3185
3174
1312
2141
1143
1140
3301
2413
1588
1919
3351
2185
2303
3782
3362
581
3195
2370
3300
1506
2252
1801
2048
3884
1124
8
3831
507
2738
2638
616
94
71
313
44
2684
307
674
1436
1242
2311
3023
558
2557
609
3111
619
853
3603
1566
811
1903
1968
3418
1847
846
1431
866
1173
2478
2018
2601
1313
137
2648
928
3001
2937
3006
3179
488
1658
186
3771
574
3698
3990
2074
2372
1545
2475
1976
2853
3742
2051
722
1404
1499
129
3231
4054
1667
2284
1942
1988
3315
2944
3382
762
2932
3221
3873
2126
3521
2336
957
3453
4032
1056
2163
675
3457
1820
2312
2497
784
1750
3776
1268
1058
1304
1
2925
3818
3478
2326
2368
862
2838
2549
320
37
2476
919
3513
3533
3994
250
407
2580
3965
3826
3479
3068
3857
2826
598
1626
1166
3755
3888
2909
22
308
2960
3581
2286
2340
2043
2178
2505
2281
3555
1913
1690
2854
2030
2463
1148
4076
630
1564
761
3733
2577
820
464
1222
3858
455
3364
3302
3035
2603
1521
2122
4069
1335
2740
428
1595
2039
3208
655
2736
1477
3061
2041
727
3522
3808
2724
3820
1777
2322
3101
1540
2882
115
1697
848
318
2250
1790
1262
1683
2387
3541
1228
738
1983
1018
4005
2031
816
3641
2528
227
982
2354
1511
1160
1643
354
2828
2865
3118
157
117
2919
1285
1923
211
2612
3004
3048
3885
1181
1664
290
356
1108
2872
2787
2086
2398
2531
2591
3825
1513
1346
1893
433
1358
2851
3451
3946
3016
1250
2870
3938
1594
2728
394
2616
2298
2649
1420
3253
415
996
1934
2451
3326
3344
2359
2659
815
3063
994
3134
2341
685
265
3115
3801
2050
2590
1235
2661
2471
1465
3408
197
376
260
2365
1675
4087
2116
2923
3788
295
1036
1457
2779
1495
2831
1498
1579
3865
2967
1654
343
175
1726
127
3821
1769
393
1636
4020
1428
1488
2469
3379
873
2308
3059
2984
2695
2704
3251
3604
3910
55
2055
1266
3169
2424
3804
3789
1938
1093
3122
1256
3199
3257
1142
453
241
195
2646
2641
1062
3931
3027
1804
906
246
123
4063
3753
4039
1943
4081
2823
2890
3700
2608
593
3078
3282
3046
1720
2203
1406
291
2392
2268
795
1020
1666
1005
754
190
2033
1953
383
2445
2259
1064
3797
2677
1970
2518
1094
2288
2256
3498
1060
810
3105
636
2343
3103
3373
3677
3761
3273
3600
3043
1237
2145
1958
3200
2467
304
3828
3903
1694
1175
596
3270
3829
2295
2315
3658
1402
3922
634
1828
28
3360
2111
1447
1442
486
3102
3085
1429
740
3796
884
2171
2219
2275
2064
3918
3528
2225
3518
3824
27
3693
3881
4048
3754
1099
1814
3900
3308
1401
3559
622
892
801
1503
2687
448
2911
2060
184
3699
2691
182
3525
2802
179
1987
827
238
2759
2492
2075
592
2597
1362
3950
3422
3736
649
1240
525
6
3929
3892
1965
2279
2085
1770
777
111
1660
3607
3993
1425
1258
333
1846
4083
2390
2214
3225
3114
3452
365
3047
550
1421
2924
1183
1374
1478
4073
3566
409
2527
894
2582
2499
390
3383
1771
584
1956
1966
1059
671
2910
900
864
759
511
1776
2052
1844
2011
3806
519
966
1751
2420
471
1074
3794
2574
1616
1546
214
2555
1032
3010
806
1553
1377
717
1918
2615
3064
1307
1885
173
3175
3952
1229
3413
465
1184
2766
3069
3284
869
2876
2849
2719
689
3655
2998
1853
1585
851
1557
2512
3601
2093
2377
1070
814
503
1619
569
2789
1100
1106
230
1794
332
1422
1649
2969
2981
3932
59
2493
1252
612
2767
154
1783
2113
560
2765
1234
3519
2082
2103
2708
1525
2958
3538
3374
2576
1076
2805
3577
1596
1415
3496
477
756
2985
2450
2099
2927
1096
2814
3222
1308
644
2583
2541
703
1707
63
2299
1922
3542
926
3440
3067
745
1939
3446
134
2739
3459
89
1688
3294
2894
2077
1324
659
632
3420
1701
3977
2132
3009
3637
1097
74
2598
2464
1317
2327
299
660
2249
109
2753
3442
3093
3968
2067
1850
2436
3137
3654
3176
1050
3201
585
582
2065
1459
2716
1385
108
843
500
3086
3633
3851
737
80
2599
3756
625
1131
16
3396
1544
1090
2498
2455
2585
633
498
3127
3053
1807
2101
3925
3737
3366
3630
3571
3077
2028
2544
2896
87
3674
1930
3986
330
832
1949
961
2014
2862
2550
2035
2592
1602
385
483
518
2997
90
2348
943
3499
100
1157
3431
2700
2429
556
524
1224
1497
1489
2904
2128
575
1029
842
1180
951
834
648
1186
1209
1225
3087
3318
831
3011
3844
1989
2572
1453
3901
2747
1860
4079
2224
3343
319
2182
3390
3996
1767
1271
392
3958
3136
2215
3506
2972
1541
1985
2829
3143
2941
3191
3889
1630
3927
1214
1394
3076
3562
1399
2564
3237
2507
178
1323
3450
2907
700
841
1692
3464
3229
4031
3523
2320
2384
3995
3926
1645
311
752
3515
2792
120
193
206
3177
2245
3365
3548
3406
3468
441
3140
2070
1303
56
3132
3368
603
1269
2147
3259
2260
4051
3037
3819
3181
1859
690
3106
3554
4090
2788
2623
2300
3711
3956
3197
824
3398
3530
4022
474
1507
2980
20
3896
1944
309
3791
4002
724
3532
3549
2554
3957
3276
1154
2183
2466
2567
2293
1378
2873
989
2951
3529
2001
548
2482
1591
1326
838
1571
2900
2731
2003
3545
1894
2282
2363
3940
1464
497
2273
1112
3051
3448
3493
3279
3553
3652
2267
2253
2793
3404
2955
3233
708
3773
1696
1116
3491
1416
1693
363
3155
1899
1386
1531
401
3070
1520
825
2049
314
3838
2928
1925
2393
764
1278
3062
3151
1833
2596
2949
723
3809
1388
3322
1632
1669
1043
2161
1322
2584
1367
3283
875
1813
484
285
2263
3346
618
888
608
2579
1526
563
47
3443
1746
809
2702
4042
2920
1871
627
2059
3098
2007
3263
468
2110
427
60
1961
1127
1220
2159
3769
3386
803
81
2864
1762
1575
194
1907
460
2848
355
4065
944
335
1537
4080
26
2783
1296
2746
303
923
1548
2990
2627
3843
1039
2553
33
2986
3883
668
2166
2235
3975
1806
1727
3158
2758
626
2376
2269
3868
1331
3691
1672
1613
3887
895
77
3357
2801
3617
817
2657
3835
688
667
2154
3638
3324
960
2385
3644
2806
1500
887
1722
2321
1244
125
3648
3156
202
3537
3833
1864
4077
1047
1652
1845
432
1558
1731
664
231
3146
1328
912
1793
1305
3241
712
2496
3947
3316
4009
384
1022
684
579
469
1202
40
4025
2503
1427
2791
348
1215
2682
1289
3928
2274
253
1665
297
1206
2432
4007
2181
2586
1854
2725
3608
3320
116
2371
1302
3580
3997
829
2473
1208
1581
4094
2917
891
1741
480
2680
3810
370
53
3439
2361
1470
3983
725
1674
1928
781
2021
3104
396
1473
3083
2217
600
2850
2930
748
3392
1678
4028
2339
3861
439
2087
2143
613
1297
877
1876
296
3045
1239
2830
2421
642
1911
3230
4041
867
1663
1929
1840
3963
2106
3247
1107
621
3003
1301
2054
419
349
3979
872
3285
2723
3933
166
3354
2600
1651
2915
538
3614
2617
443
2272
2504
1052
1370
799
847
1662
933
3869
430
2773
536
987
1364
1584
3166
110
2454
232
3720
3898
3680
2319
2317
865
3871
1217
3147
2062
479
658
3774
156
62
2510
2160
3717
4003
2495
380
3471
2138
1827
3941
3907
146
4012
2868
2807
532
2950
3198
218
373
4047
1592
302
1353
1698
3798
553
615
368
914
917
1178
2194
1795
1504
1787
2196
2671
331
537
2540
2125
1375
3028
907
1533
3238
1653
2484
2570
3081
3473
2607
3879
2511
3125
3812
1437
3065
1494
3244
3509
1600
2991
3758
1879
328
844
2884
3265
981
3902
3690
1350
3461
2107
75
4015
2761
14
1400
266
2699
1518
970
315
2674
1607
1900
1858
2931
3462
158
3870
2127
400
326
772
3049
949
2208
807
852
2479
2407
1476
1128
247
93
3313
276
1318
112
434
18
1738
1709
2444
3227
3527
3605
2672
3507
883
2430
2525
1950
2970
1000
3126
985
1973
2520
1695
261
3732
2880
3757
1466
3281
2265
1232
499
1522
2605
1004
2820
2410
2712
1444
1407
890
2573
3540
235
3340
1796
272
215
1273
3226
2338
1393
2223
2404
2688
3590
2337
229
2406
133
1434
3477
1978
3792
2164
2419
1915
3099
3467
3602
338
1177
85
1763
3349
2239
1830
3784
3972
946
2025
3783
2408
1360
1025
1604
4059
4001
1689
1440
696
23
611
46
24
273
1855
217
2316
3097
1126
2206
559
918
3260
1121
1014
924
3074
353
1583
1629
3502
1101
969
978
2992
1136
2887
2721
2289
1890
3145
1035
1212
1927
2401
1270
3447
3297
2891
1238
135
2416
3465
1752
3524
413
204
64
2871
168
1446
1945
527
2442
3878
2104
203
1823
3172
530
2524
3531
344
3163
3445
346
821
3718
169
1021
1994
4019
3740
2458
2833
2063
3847
3088
1758
3862
3029
3679
1952
3746
3117
1392
2977
3863
669
3066
374
3864
1261
3588
188
2502
2566
1759
523
1837
2538
402
102
3739
2002
301
3510
3100
2720
322
1982
1193
3290
576
789
3110
4052
1538
3752
3696
3165
3249
1824
350
1809
2024
1165
2639
2426
1246
1072
3856
3209
3180
1298
1185
1924
3651
775
1104
1105
267
845
2417
1474
3328
3803
3763
3306
3353
130
317
337
252
3578
2472
1156
3599
1149
945
1088
3534
3924
2842
251
1542
440
1045
1509
3296
1617
1210
1781
2139
3341
3558
3622
3183
1782
2309
1984
1065
2827
557
1345
1874
3516
2187
2342
1998
1132
3912
3985
472
2266
1188
2105
1138
698
1624
1608
2594
13
2722
1967
1433
1896
3579
2634
771
88
934
1006
2150
1861
2644
3000
2757
2168
2857
3714
2176
2
552
3133
1365
1580
2285
2760
2114
1999
3438
3692
835
2537
2088
420
3937
35
3909
830
2485
1778
492
2402
2940
223
1493
2209
2867
1826
931
3962
3744
3264
2593
850
4056
2229
706
3817
567
106
2847
2328
284
3460
2790
543
2778
1870
287
1517
637
2713
2490
1414
271
1129
1904
1169
2389
3219
590
1831
2302
1725
49
3332
274
1921
3747
325
657
2142
1483
2238
509
2462
3286
2514
2449
3908
857
2383
1554
902
3998
3071
778
1341
43
3874
1051
1277
3834
321
2718
1733
142
1549
836
2314
1380
2772
680
570
965
3526
54
1290
254
522
67
2040
1411
2218
494
180
263
279
3458
170
1223
2261
3841
935
588
1869
1992
955
283
2280
2551
3721
3556
3748
1195
3210
899
1049
870
3429
750
1448
1779
837
1732
2500
3239
2427
962
3356
1267
177
2230
2425
3018
128
915
2693
889
1822
2785
1338
3866
3682
686
1371
1868
3569
2329
1361
2543
2291
2982
580
623
1310
148
1657
3935
1443
3557
1480
489
1623
1340
1484
3707
1031
2679
139
2548
1889
1023
768
435
1057
78
3161
541
3582
1642
617
3663
3767
3220
3108
937
733
167
3274
3731
2939
1123
144
2175
1424
1529
3213
2120
2258
2195
2813
571
3988
1015
1452
4055
2703
2762
73
539
2774
1343
1081
1151
406
4084
2483
3726
911
2133
813
1398
1775
2072
2186
1299
3321
3961
159
201
1834
1559
1786
2008
2379
391
1765
2775
3951
4061
2673
1534
2409
3836
1439
1055
1680
2800
2222
1737
3410
2668
176
726
3416
958
3426
3891
1535
84
713
2310
3312
2152
1749
3616
288
2400
3976
155
3850
1069
1941
3109
3339
1644
3428
2782
3535
968
2948
3336
1909
324
121
12
1551
3412
3729
4092
2135
1075
1892
1327
656
4086
3304
663
3024
221
3168
1409
549
3424
749
793
3719
808
2565
2174
234
3725
2568
2461
3743
3876
3921
3025
3342
68
3620
1233
3280
145
2091
859
744
2508
4017
2749
2965
91
542
2961
2798
1502
1739
1851
269
3992
1572
1661
1586
3625
3615
1577
983
565
3096
347
1356
800
1882
3816
641
3288
447
1555
0
2418
3613
198
1098
270
2109
2435
2625
2763
858
213
25
3546
174
876
2090
1147
3697
1920
2006
362
1486
514
1054
4026
2411
2468
4049
305
3738
591
1648
3480
2526
2745
1773
1396
739
2575
1906
118
3370
2156
2711
1789
2405
2971
1756
3646
3331
3982
2448
2243
2777
544
