2229
1182
1887
3186
2983
471
1911
2420
3899
1745
3007
902
2795
1010
3726
2760
882
2300
3010
1258
525
1496
1602
3576
3597
2302
2803
2549
472
2409
2907
3445
2493
1926
411
738
1751
579
2832
3990
3463
3076
2712
2839
627
3809
259
2566
3618
3063
270
1962
1286
2597
3926
3645
4069
4090
2871
2384
3249
2625
2605
1283
1803
2496
2002
531
230
3898
2416
1873
2269
246
1279
817
1401
3157
567
837
2912
1921
3350
863
2515
1304
3930
2541
408
1550
2274
2385
982
4038
892
282
1055
977
748
1737
1408
2918
1589
3686
3773
1894
537
2928
245
3422
3970
3285
2103
3780
486
1914
3093
856
88
3679
142
3411
3651
1474
1329
4066
2392
2934
994
1634
802
2223
334
2056
1788
3663
3348
3012
1212
2070
2655
959
1230
2256
3501
594
1344
3674
1682
1179
1999
10
812
2155
58
3218
1661
2920
66
3069
3297
3068
3913
1020
2890
1965
2619
3770
1584
598
1526
371
681
4075
1147
2316
808
682
3238
3544
2786
3750
2612
3465
3494
3615
2518
434
1692
1082
3149
3665
418
3782
3147
806
1858
2239
9
3038
2506
2089
1606
1774
1409
1016
2283
2213
3152
2668
4067
720
3414
3283
443
2130
1738
3943
1826
2683
432
1062
1226
1336
2633
219
573
3294
595
700
2484
2405
3958
3225
721
2669
3342
3034
3756
1598
1404
2751
205
1929
1763
3962
4091
3464
2994
1098
2252
1164
3148
2292
1416
2737
3533
3916
2833
870
404
2967
2435
2470
2868
2037
1205
919
26
327
423
761
2677
903
2947
3772
1565
3347
1209
2226
2976
1072
2060
2946
2449
1857
2159
79
122
32
3728
239
2312
1146
886
3822
1917
2007
68
2773
1295
1784
3356
446
4074
14
18
4044
3687
3515
796
2350
1467
3701
891
1011
897
2962
3921
106
2388
3912
2288
3871
4032
779
4014
1697
1891
895
3134
2651
261
3523
1402
816
1187
3178
1343
993
117
676
3787
668
710
399
1374
1641
2603
3239
3169
851
991
93
129
3468
1213
776
1132
2779
3940
2040
1332
2916
1765
2203
426
1223
3189
3942
2661
1247
916
229
3869
3497
3547
1559
1687
1628
3599
2095
642
2852
1388
2210
1918
2624
1793
1744
1746
1293
203
1711
1839
3574
2017
1830
2696
1141
4053
1645
1700
102
2086
1844
2926
2260
876
3668
211
2347
3588
2343
1485
187
3987
2285
1270
2216
3677
1459
237
1725
1790
3733
3818
2666
301
2872
1527
2528
69
360
84
1326
3272
1838
1030
2245
280
415
1742
3634
972
611
3540
3906
1052
1297
3821
1067
489
2088
3029
1593
2904
1287
2581
989
1300
2761
3873
3670
1061
1290
2298
1019
1714
1341
454
1115
210
1288
3037
1546
290
1779
961
2161
677
3243
2989
3409
238
2584
104
1813
12
353
2000
351
3104
3319
719
3070
1938
3725
831
2041
3214
3796
521
3736
3839
1797
22
3228
3600
2672
1392
3039
1494
1366
3657
405
2127
1114
1443
2950
286
2973
590
615
3892
2334
4007
272
3529
544
1285
3293
716
3295
1492
1233
1181
1508
2050
3554
1569
3255
3908
263
1138
208
1271
2673
1225
189
3083
576
3380
2423
2547
694
3231
3358
1108
3862
449
3191
2479
2029
401
322
1241
3559
3661
2567
704
1315
801
2175
1613
1831
2975
220
2451
1324
2816
196
2936
2930
1933
1012
2460
1850
608
2137
2129
3752
1881
1895
3
298
2444
3176
3088
310
1112
3584
2750
951
3146
2687
3331
2032
3863
3320
1951
2494
2173
3878
2788
860
46
1091
3404
247
3286
1502
2339
505
2981
1183
1898
2145
2335
2805
176
3102
603
2787
1547
77
414
1005
3313
2542
2641
728
3101
3387
2209
2325
2476
1418
2396
3402
2359
1690
2308
3557
3061
2251
2432
3412
3690
1632
3771
1798
2052
3258
3401
1249
1940
2289
2474
181
1512
469
2754
450
2812
127
511
1899
254
1699
375
3658
90
1386
3339
898
295
1136
1769
3833
1757
1781
339
3361
2369
2929
16
312
116
1893
3181
2834
2649
2348
2111
878
2767
3884
2126
541
1153
3137
1301
3717
3044
1173
224
3775
2321
167
1552
1721
3548
2644
2598
3364
2980
1678
1236
2190
3321
3196
855
2804
2073
3266
3488
609
218
1299
1653
3078
161
173
1853
2074
1096
2244
3746
3182
3676
3918
494
1728
970
3335
690
1243
3902
3108
2690
697
2148
740
2732
1823
1462
1884
3794
3845
3112
2
3848
533
4088
470
2658
2631
1262
4089
2001
1764
3322
1031
1177
156
998
3099
3925
2431
3192
3629
3592
869
3571
1537
1667
3563
3327
2860
2338
2187
641
4024
2643
2142
539
406
3368
1580
3607
3510
1806
3880
1144
1534
2642
1924
1050
2784
1095
409
3366
2146
777
2448
3003
1854
979
435
1979
2783
3065
3312
3712
178
1281
101
701
3317
1869
954
3985
437
2919
2219
267
2526
2101
804
1808
2702
880
3706
2775
3742
1644
3673
2168
1296
618
2119
2254
3071
3438
1195
2577
1248
1201
3457
2653
2045
1216
1734
2354
1817
2507
38
770
815
3210
3371
2411
130
1516
1980
3511
2897
1919
3476
1472
4003
465
2442
1242
1417
1135
2456
1065
134
2150
348
3207
2689
3879
1611
288
3716
2931
2331
3247
2853
1445
2333
70
638
592
1452
2236
3418
1631
19
2081
2428
2665
3383
2533
467
3842
2349
321
2492
2646
457
225
3613
597
3553
1555
2207
1228
1686
2855
3425
2267
2555
3202
1339
3440
1655
2829
2660
2367
2270
588
925
3484
231
2425
95
2703
2309
1930
3062
3801
1673
3812
2806
1176
2626
879
2663
1446
866
86
2445
3852
3619
1364
1482
3324
1571
3382
3130
2715
1390
3179
3727
1827
2854
3307
316
2621
3534
3745
3627
1377
2530
3709
922
1662
373
306
3201
1809
2903
2706
2323
3850
1720
693
2869
1356
1811
1322
1536
2606
2579
3860
1544
1238
3520
980
3370
305
2241
584
3005
1291
2044
3859
1937
3814
340
3013
3881
2498
2047
2170
3461
3525
3150
2113
713
2630
707
1696
2799
1370
1800
278
538
1461
1245
1436
2012
4009
462
927
281
1712
2058
2031
620
332
942
1685
3436
3389
3509
1515
1715
2010
2120
4030
133
2717
228
3195
2011
2262
3230
1037
3622
2438
3662
3081
672
3591
43
3120
2077
3226
2307
4093
139
35
3419
2814
383
2247
913
4048
2827
2122
2465
324
3267
2861
1520
3188
1317
3459
1318
1646
4000
985
1592
758
365
1818
3252
2437
2491
1669
1789
742
847
74
535
1586
1927
1786
1047
1075
2744
3737
3400
1651
3611
1805
957
680
2628
4021
3810
678
136
1040
965
1106
3518
2741
2265
3956
2116
3693
3087
789
2587
153
4045
2193
1395
526
3513
1444
3806
2884
3455
1519
938
1521
2485
341
1340
1310
138
1305
3177
3014
3505
3105
630
2387
1783
315
307
1672
56
2745
361
2956
1219
1845
27
3379
2801
828
3091
1931
1275
4002
689
483
3587
2258
2979
3055
2169
3935
733
3259
3446
1575
1603
2295
3531
99
4029
407
416
575
2386
3114
2543
336
2199
275
2138
3790
1081
807
3811
2024
3393
885
527
287
78
2554
2891
3992
3274
3388
2639
3085
3340
2462
299
61
1059
1920
3807
1068
2520
2849
2030
96
3714
2139
2988
1761
1276
412
3194
1244
2850
1251
3163
3200
542
2892
702
4028
2457
4060
495
201
3142
256
3933
2879
2545
1314
364
2356
2954
2965
4035
2726
2230
2610
2794
2273
1483
198
2591
2537
1171
3705
1083
2468
2858
1683
3577
1109
3330
1133
1378
3241
616
1759
3365
1490
687
3052
3167
3783
1353
1204
2843
1113
865
3766
3395
1842
550
1691
944
1540
1431
1529
2866
1545
3638
3199
829
436
825
2971
2960
3027
1724
2733
2026
2951
2097
1955
1568
1945
1391
1234
935
2326
2362
1029
3950
960
2301
1710
3866
2277
1578
3883
3537
2066
3423
1442
3669
1350
1829
2481
33
756
498
3972
2215
1888
1355
3911
1371
3357
1726
3323
389
1056
1976
1331
3710
949
3646
3954
157
3567
2917
1619
1532
4056
3836
2195
3738
3707
3058
2810
377
1203
551
1658
589
2766
2590
619
1856
1231
2586
3197
3328
2841
1466
3907
1407
2617
1128
3405
3503
359
97
1766
3119
586
279
1825
1229
4068
1990
1222
2540
3154
956
1134
1156
1256
3581
112
907
75
3542
248
3314
1175
3840
1048
3865
3803
3209
3994
1707
781
2588
3867
3920
3616
612
1066
3639
2887
346
644
2133
773
1385
3692
2342
2477
780
24
109
2459
3609
1090
2174
3698
1161
2472
3237
2399
3118
3532
289
2259
1509
1447
1145
2604
3333
2863
1599
1910
2583
698
3074
3755
3458
4084
517
2846
3344
459
2319
1017
2500
2208
1708
3761
1123
1406
3527
2255
1382
3841
3936
2565
1303
2953
1430
2218
628
976
3521
2355
2613
3378
2082
1427
108
548
799
3595
3376
1428
1190
120
3915
2525
1648
2305
2467
1533
372
1188
1822
3998
1900
3795
3953
3582
2293
3336
143
1855
3193
3106
249
3659
3268
1964
4034
790
3720
912
669
2820
2450
1150
182
3524
240
1901
3601
1922
1284
166
583
3854
1354
1264
2659
3338
65
428
572
3096
3391
2823
1163
1456
3443
2253
2538
221
482
3454
3946
2096
2377
3289
2121
2691
3546
2589
1137
762
2313
468
3991
3621
3793
3708
2955
1590
900
2877
2091
2033
1557
213
574
3568
3174
3260
2713
118
3823
147
1916
1282
37
3067
1338
3161
783
2453
3022
2516
2998
2303
1843
1802
1902
614
2105
3620
2237
1974
3115
1879
1126
2987
1574
396
4015
2049
3140
3421
605
1755
2764
2645
3033
3403
381
931
911
3113
235
4011
499
1572
666
1070
582
724
333
1424
3984
2143
1733
2898
2563
1671
2167
1143
1849
1505
71
3653
1346
1736
3723
3254
2136
180
54
3938
2911
3128
1740
3593
3416
276
3032
3785
908
1772
874
1877
3722
3564
2721
1972
83
2883
4073
1638
2087
1612
3802
3133
358
3715
1100
2233
1479
3334
2488
794
1889
55
2601
3332
1553
2433
3008
992
2261
4078
918
2676
3549
1890
3594
2240
1274
2580
1365
2974
2018
3566
2131
3978
1038
624
3111
1716
1616
3211
3781
2939
1363
3579
3711
2942
204
3374
1754
3700
726
1073
1097
554
3486
887
222
160
510
767
774
3246
1997
3245
4051
1439
2532
3719
904
671
995
2752
463
3931
3024
2434
540
107
1328
3642
2848
731
3185
2455
214
3897
2345
1718
2574
2927
3098
1489
2006
3861
1265
3986
509
2694
4052
320
1207
2419
1609
2403
1400
4087
3799
1775
2781
646
1358
3837
3301
1912
3536
928
1795
3995
1360
1749
3757
2844
2561
1674
1086
915
162
1702
763
2402
474
3905
1756
3648
461
233
1688
3767
1454
3939
1607
2521
3924
2899
3585
745
3834
3718
3610
3949
862
3543
2548
2755
2109
3578
2922
2381
362
145
3893
3206
484
971
3633
2681
2118
1103
2509
2536
3233
997
2406
1549
2115
2164
3001
1495
4080
604
2291
659
3882
3562
952
836
2427
2573
2925
1915
193
3084
191
2560
3895
2441
3481
3858
1988
2943
929
934
670
4031
2968
775
1872
368
448
2043
20
4082
3730
1727
331
834
4004
273
3819
1239
188
397
1172
1215
3478
2346
4022
3624
3602
737
402
1325
2757
2679
3117
2184
3141
1804
2821
1280
864
236
3190
447
2889
1563
1088
2276
2393
2995
42
2913
2114
165
868
1481
3164
3045
73
2076
1441
3304
3605
2124
1523
3683
2340
1167
2970
529
2990
3086
2078
2134
2421
1278
422
3265
186
1819
1729
2817
501
1896
2678
3280
2727
2797
2534
3430
3928
3495
1874
2461
1886
1334
473
2426
2634
2893
3614
2837
3923
3456
3184
558
735
2685
650
2640
1484
2366
2182
3713
394
3974
2501
2391
3250
786
1415
2957
3887
170
1438
3904
3426
1587
3988
2825
729
545
1218
1785
1397
2700
3172
3011
3997
2546
1440
1032
2282
1131
207
491
1033
1493
2873
2395
2514
3175
1198
1566
2353
3844
1429
2789
3735
3394
3398
3420
3171
2670
3758
3253
458
4016
2510
1837
3059
1594
2720
1259
123
2214
3589
124
3874
3565
2290
3608
3208
1567
652
1024
1470
34
2067
950
2373
2054
2809
1859
2557
1731
3299
2211
1491
3127
2523
1748
59
1078
1202
1272
2517
3919
62
2053
1273
338
1000
534
2415
2246
3160
1878
3212
3275
3966
906
3262
3234
3138
2497
1995
2370
1909
1510
1935
2400
2410
479
3590
2595
318
3999
2693
3269
2769
958
1186
114
613
3652
1488
2034
2636
2570
2099
2718
1620
610
1308
2739
2394
2320
194
637
662
2365
1946
3097
1579
968
747
3375
3808
3158
417
1191
252
87
1771
3053
679
253
2622
1426
3031
2758
1865
2748
1943
564
3121
2985
4039
3944
1989
759
1168
1892
1617
3346
2202
854
514
3092
2090
3650
3392
1
2287
1660
3153
633
1835
223
2885
2231
2198
1870
2483
200
3937
2357
2463
3019
2084
3623
2765
1457
2969
2141
2100
2627
3054
3514
1200
179
3452
30
2822
3826
1003
2083
2594
787
255
4020
2657
197
2197
1675
974
1908
4012
2149
2836
601
3555
3969
2163
269
3603
4062
2763
1154
4065
2447
3329
3774
3747
2964
562
4047
2774
277
945
1961
2568
2544
424
3016
1307
3466
647
2360
379
1379
875
3288
1079
3276
2502
3227
1647
2178
3362
4018
2722
645
3541
1121
2991
2304
3407
798
3021
2475
966
688
1663
4057
3853
1913
3575
3298
1821
1652
1923
513
1991
250
1025
323
3384
3759
3349
3526
164
2662
257
3681
3479
392
3248
3437
2028
1002
72
2602
420
1703
506
1581
953
1679
2813
363
283
3685
357
174
132
3496
1970
1968
1577
3051
2268
1117
1018
2723
549
3637
3103
3932
4041
1224
2315
1039
2711
2705
3057
17
3090
734
940
1709
560
1455
2539
3888
1063
785
1993
3691
2112
883
103
2575
3791
7
2473
547
1573
2154
2704
3696
1149
2923
3569
2075
500
1868
4026
532
3015
664
382
400
1639
2429
893
2724
1535
1125
718
1227
2495
2982
1983
975
2948
946
1627
342
2281
1871
3976
797
2880
3474
1268
2862
3900
675
2189
2389
2019
0
932
3408
2961
234
2363
442
3073
303
3934
2531
1624
4036
2719
413
2802
3980
433
520
2830
768
242
3640
3047
1139
2264
750
2279
206
516
827
1499
3721
2864
1636
813
3491
3170
3220
810
1194
1267
1208
3851
1882
3765
873
2299
3240
2699
2896
1981
4040
4025
2729
3763
1148
3475
792
3303
1435
3341
3428
2582
135
1704
50
460
1316
2571
2675
568
192
2132
1665
872
1954
3847
1582
2504
947
3232
2271
861
3434
53
2671
3831
1630
749
2487
2782
199
309
844
3109
3751
1654
3753
2227
2527
3644
1094
3689
722
964
2910
1357
2932
2478
2110
3498
3948
1570
617
2513
933
3432
2144
2048
2341
683
2192
2796
3635
1376
2171
3828
4058
830
1369
475
695
429
2999
753
317
1220
2242
824
822
2776
3732
2272
955
2572
1596
2162
2654
2736
1111
1174
480
1969
1643
3251
2708
385
1618
1717
3786
141
1448
634
3122
2379
296
3290
265
367
1875
441
314
503
667
639
2284
2440
2768
6
715
2716
2972
2735
2311
1074
1650
2600
569
1816
2730
2014
1058
1513
850
969
983
1507
1777
2558
1864
1166
1852
2512
2623
3406
602
440
2094
1351
2486
1719
2851
3875
2071
2404
328
8
826
3144
3036
4010
1597
1120
2616
1257
1327
769
2201
3769
1657
11
2800
3777
2314
3572
3224
999
685
3126
2798
1601
593
1723
2055
1389
2280
3353
3530
1982
1085
3116
1978
92
1925
1323
978
3048
699
600
3876
445
561
3351
1656
1193
2906
1312
1348
3386
1399
2592
111
2791
2204
3352
3483
2772
2329
51
920
751
2966
1368
712
2945
285
2778
1504
2615
1151
3002
4027
1812
2647
4001
2870
2036
2840
3453
3643
1080
2935
1396
3493
131
1747
80
4043
264
658
2489
2368
297
125
3462
2452
2064
1863
725
1604
1049
651
2792
2749
3080
1124
3671
3145
1640
3901
2553
2471
378
1768
1713
64
2328
2847
1681
2275
3326
3311
577
692
833
1834
2413
453
1255
591
643
3448
1633
1539
1359
3056
2243
3308
3035
3967
2710
2826
1383
3124
105
1001
635
4049
1776
1465
3441
519
3896
3538
3166
2499
2569
581
730
3235
21
3606
1099
2876
3221
890
151
3598
2780
3973
3504
2938
1939
587
1122
3702
909
1152
4063
1503
2790
706
3556
3460
1949
2418
3270
2469
4072
3647
3788
914
2978
2609
1595
1668
2297
1666
3739
1292
1309
962
410
2828
1298
1398
2412
2235
302
2632
1942
3968
2753
1904
395
2361
1160
1092
2614
172
2894
1333
195
696
1142
636
217
3079
585
4042
3004
3612
727
546
1045
2194
552
660
811
3947
3273
3028
2986
1992
1952
1162
2156
839
3264
1506
2900
848
1158
1127
3632
159
57
686
743
113
2664
3263
1695
1670
1077
3789
2578
2022
1089
1958
3675
714
1807
2079
85
1041
2322
49
481
2008
2398
2364
3359
94
1449
884
1453
2731
1423
1498
427
626
1815
2859
1463
1956
709
557
3094
3100
1610
3072
3390
1064
1518
2607
744
2324
705
1384
1538
2819
4081
1576
1591
3472
284
4064
1261
3413
3492
456
3439
2439
1221
1289
1319
3885
344
3431
4095
3075
3654
1562
2807
2709
391
3287
508
2072
1530
3636
2551
823
3835
3165
2165
665
110
3641
1959
3979
2944
4055
2734
1022
3695
1009
1543
3399
3824
1381
930
3666
2618
3309
1087
2222
82
515
2206
2686
3041
2046
921
1705
522
3017
1767
1722
3354
1684
1762
1104
3573
1335
2436
1321
2674
2443
4076
2234
455
3284
512
1792
3236
1564
3296
2422
2519
3927
1500
2963
2785
1035
1118
3964
2490
1411
2815
3042
3018
599
3469
3617
3971
3952
388
1361
48
3139
2263
3754
2390
2080
268
3173
3060
2059
121
2599
3279
425
1116
2818
1528
2756
703
1320
555
115
2407
3977
2424
3377
185
3485
3762
580
1497
2147
674
2511
760
631
4059
2217
772
1778
488
1876
819
419
1071
3506
788
3435
451
3656
3467
3959
3522
2941
2937
2746
98
215
2915
2248
1701
3872
3215
963
3006
3306
3779
1836
2224
3545
3502
853
566
44
3539
845
1947
2701
2042
350
1165
3025
2310
754
1585
2949
523
158
3903
3552
2191
2529
3449
3996
2179
3369
649
3471
1985
838
3095
3180
1694
376
1977
3776
3798
497
1928
1966
653
2093
2738
2061
3447
858
2648
1760
1199
901
3030
1680
3205
832
1832
1246
835
91
149
1036
3129
3213
41
3894
3151
2895
3734
241
1046
4070
3156
711
168
1302
3891
335
2205
524
326
1799
3672
3570
2576
3857
877
1352
292
3792
1140
304
3697
2698
330
3748
128
1084
791
2160
3183
648
2152
1419
3729
2220
2865
1458
1984
2015
146
1994
3699
3744
3960
2697
3415
2743
3064
2306
1676
4
3082
1867
1622
2039
490
1413
1469
258
2559
1556
3305
1998
888
3768
76
3868
1471
137
736
4019
3843
1941
1475
3487
3558
502
3516
1210
3846
1975
739
374
1750
2637
2993
4092
403
543
2728
319
3077
708
1677
3682
1487
2556
3489
352
1042
3473
177
2025
986
184
3000
1277
1373
1197
2695
1476
843
2140
2296
1623
3363
771
1743
1953
60
2128
1254
3417
1770
356
2401
1232
3740
1184
3694
1967
1846
1600
1214
881
300
1608
3229
2808
941
1810
3442
1522
571
1069
4077
493
820
226
606
1421
3965
1517
2984
1347
2867
2117
2005
3655
518
3703
485
2905
2027
244
1960
553
3664
1253
622
349
2176
3292
23
1420
3198
1551
1787
1412
2038
917
1801
3143
3477
1008
3507
3981
4033
1372
126
464
39
3433
31
354
3749
1051
232
764
1732
1206
150
795
2458
3066
171
1422
2747
2482
2725
3519
1014
2344
3043
3760
3302
3724
2158
1541
1021
1237
1044
3450
2845
291
140
1649
3499
347
3490
3856
3929
3870
2065
1948
1847
1178
2638
661
369
2777
3989
1637
1791
355
1013
2564
800
4017
1450
89
871
2021
2838
3050
3535
1885
2327
657
3764
1950
629
852
2380
3316
889
1635
4050
3278
1157
809
1642
390
4054
1345
2508
243
144
1730
2225
1102
2886
311
212
1306
3444
673
565
2098
2196
3550
1558
632
183
2875
370
3889
3583
939
1235
2740
3561
3630
5
40
2888
3470
3580
45
3604
2249
466
2104
3922
1735
3528
1862
948
2020
1782
1107
1414
3626
1196
3159
3367
1380
596
1840
380
784
345
1349
563
896
2882
3832
3337
2552
859
2811
3345
1659
1851
3291
623
4037
1706
2464
325
1814
973
1753
1996
2771
3187
1342
1626
1405
266
1524
3500
3680
3704
3123
2535
190
1905
2992
2881
1240
2108
2035
313
1105
3204
2901
894
814
684
717
1934
3136
2466
2480
3886
148
3596
3315
536
3586
2332
2759
393
1480
431
2375
1486
2902
3242
625
2318
202
2454
3318
3743
3131
1542
386
3300
4086
821
3480
1987
3222
2157
496
2188
25
3784
1824
654
2430
2707
1330
1026
691
3731
1130
1907
3089
13
967
2831
3110
1337
530
2680
1583
3982
3219
2656
1794
2166
4071
3282
1159
1294
3223
1093
2770
3512
2924
3910
1110
293
1170
3009
1664
1473
1269
1027
857
1266
3023
3667
3385
2593
1060
1478
1971
528
444
2611
3256
1057
152
492
640
2629
607
3631
3813
2824
3410
1403
1101
2684
2857
1015
937
3838
2667
3917
329
1514
2371
849
155
2135
2635
421
1043
3945
926
2842
4061
1531
2793
1477
3955
1963
2151
3482
3983
2125
3864
15
803
4008
578
621
4083
924
1028
3372
308
3951
2186
2092
47
4085
3855
1880
3310
2652
1866
3830
4079
840
2620
3820
2408
430
1362
1848
3628
2358
2106
3829
3805
981
3429
154
3660
3825
2336
3125
1433
3678
3849
2123
2742
1468
2874
274
1464
29
1561
1263
175
1621
1313
755
1260
1615
3217
438
3508
2997
3020
384
2505
3560
2004
2003
3827
2562
169
3381
2181
1828
2352
910
4023
1860
52
2200
3815
487
1004
3355
209
1588
1897
1752
3244
1375
2330
4013
846
3281
2085
2446
1211
398
559
3517
923
1936
3046
1252
2417
3107
366
1796
2228
782
805
63
570
81
1007
3168
67
1698
3325
1973
2063
260
476
3026
984
842
1625
2382
757
1841
2959
507
1460
2221
1434
1129
3957
3261
251
3155
2524
752
3424
28
3909
818
741
1548
294
3684
2608
2714
2185
2856
2682
3890
2180
100
4094
2023
987
3800
2153
1189
1192
2013
2909
3277
271
3625
1185
841
1605
3396
2688
899
1944
2692
387
1629
2372
3741
2057
2250
3451
2522
1180
3941
2914
2383
3049
996
2212
1451
766
2940
3877
3360
1773
943
1367
262
1906
2051
1432
1689
2596
477
2585
2878
1525
1741
3975
2172
1023
4006
2996
3257
2908
1511
3914
3963
2294
3804
343
1250
3649
3778
793
163
3427
36
2266
2278
1006
3040
1883
1554
216
3132
2069
2232
2977
2550
2016
3135
4005
1076
2238
1311
1614
1833
1986
1501
867
1393
1053
3397
3203
1739
2337
2376
746
1217
656
3216
723
2921
3271
1169
3961
2414
3343
2378
3797
2835
1425
1693
3816
4046
988
227
452
1437
1820
1387
655
2102
3817
556
3551
936
1155
504
119
905
2503
1932
732
2397
2762
2317
439
2068
337
3373
2009
2286
3688
990
2952
1903
3993
1957
2933
1054
2183
478
3162
765
1758
1119
2177
2062
1410
1780
1034
2257
1560
1394
2351
2374
2958
2650
778
2107
1861
663
