869
1727
1673
1338
2010
3658
1417
1916
1407
2777
7
557
3697
1409
3834
3743
4054
2283
4052
1764
3151
1238
441
1379
2838
2926
3093
3563
3310
449
1819
3539
84
3903
1102
2469
805
3389
920
1930
3235
3761
2880
1364
3681
2015
1347
3363
831
2832
3961
3630
73
722
1219
2710
3879
2059
3288
3167
2999
3571
3898
3835
2715
16
2548
1928
2632
2550
926
4045
774
3532
1831
1771
2677
2932
780
3956
1953
87
3447
1059
4030
278
2471
3738
3733
3746
3124
447
3639
2711
3750
1438
2122
657
2453
340
1731
1717
2887
139
3715
2519
3808
1007
3356
3450
1974
1890
3867
360
230
2921
157
2913
1589
3429
1259
3745
76
3566
2439
1320
3203
1534
123
546
3785
397
2638
1465
400
1948
2910
2939
1600
759
1030
847
1597
994
2614
392
3857
3687
417
3694
1109
319
1579
543
2706
1609
3751
300
3873
1640
2725
1305
3759
708
1336
452
2514
1474
1408
1180
1891
2621
663
573
842
2332
2438
931
265
2560
1511
3270
1418
3793
1370
3570
1631
2159
460
2300
2765
1431
3719
941
913
670
222
3525
338
2028
2579
1211
2882
1416
1650
288
2834
1234
4056
2933
1296
711
614
1761
1414
786
3700
412
1172
3029
2220
1216
1345
51
2627
606
3661
1222
301
928
3086
4006
3601
2117
58
1726
3
3540
1892
2136
727
3949
966
2576
2601
3061
70
258
2846
881
79
1229
2895
3004
2505
1415
690
2304
1132
1435
1680
1829
958
3874
3181
3594
3758
2032
1657
3071
1723
3012
1802
1458
170
901
2676
1294
374
3058
1444
2336
684
1265
334
2909
2053
2381
2663
554
3689
3046
4080
3626
852
2256
3018
1227
611
2375
1825
1346
3659
431
748
1197
1481
808
2033
1116
3690
1565
4049
981
390
2806
1069
3408
1882
1639
1818
3424
1496
3159
2586
204
1736
2197
3728
3727
3579
3320
380
456
553
2274
1083
875
45
2756
2906
1494
2104
2622
3850
2837
1344
3482
960
3836
4051
3467
1613
2009
2971
3238
1880
1614
3578
3114
82
149
949
3845
2119
1360
3767
3883
1380
1633
332
2433
3868
1592
388
144
29
56
2818
1284
2783
972
1515
2754
889
2770
777
1312
83
1982
3824
106
2327
3969
1262
919
590
765
3383
2139
1001
2213
3678
31
1106
1698
1555
3797
43
3308
1365
1392
3178
1939
854
2000
3327
135
1200
1692
3885
2282
2034
2040
3671
2708
3448
3720
2056
178
2079
2581
1168
2835
823
3756
2395
1095
2753
3398
709
1966
1468
3748
3990
778
3584
1352
3379
3268
615
2113
494
3180
840
2125
1249
2177
4020
1489
636
2491
2467
3567
235
767
3666
3315
150
1776
2055
762
2276
350
656
3192
3137
1780
3536
57
2827
3800
4068
1803
3236
271
3823
1151
1111
1147
1321
3960
3388
822
4088
2934
3610
858
3984
3978
2259
145
2173
52
1178
1719
529
3938
3054
2482
2498
2784
4057
4089
2174
4082
3670
3287
3651
95
2732
2536
3281
3241
2355
50
3021
1453
868
781
4093
884
1348
208
2599
1288
4073
2526
897
1442
1396
3056
1716
1129
2746
3111
2022
3260
1603
1772
3652
1293
2178
2800
2828
2727
561
3280
2857
2922
3435
565
3365
3289
956
2468
3300
2740
3239
3959
2330
357
2866
2858
2943
2289
1118
1277
4018
3402
3292
1864
631
3098
337
2931
3809
1538
1266
787
1263
1493
3449
1833
1173
1893
361
2301
457
365
2927
3266
173
3909
769
1901
2583
3155
3231
2993
685
281
3851
255
570
522
2751
4065
2641
3776
2957
1113
114
3319
3512
182
3032
256
1746
3763
4081
2044
2644
3817
3802
3325
302
4095
1688
3302
1925
3695
3166
3393
1859
1376
3076
1507
1096
3486
2415
1150
3131
3262
3047
547
4041
2098
2120
2190
3130
3340
1425
2492
3417
1659
2892
1993
2394
370
2936
2700
1405
933
344
870
3491
4015
1832
721
3204
346
2409
1165
882
1267
3044
2006
1170
2695
3640
336
2941
883
3305
4085
2821
1588
2594
1781
2150
220
2810
3113
3621
378
2859
874
929
2054
2045
3442
2845
1289
3077
3392
4013
3414
1976
4037
859
152
3912
2998
672
1476
3279
713
2636
2454
1108
846
1981
3333
3906
2350
1451
1792
3412
469
1646
4001
245
2763
612
3707
2530
1685
1105
1002
1462
4046
2808
3774
1682
2258
3891
1103
3095
1884
3881
3886
2533
2410
2016
3010
1729
1240
3501
1745
2563
197
68
3073
2625
3134
425
2675
2347
1255
307
391
1806
1433
268
1441
174
422
3121
477
4076
1174
3635
2796
4034
1209
133
3564
2239
3650
3538
996
3893
3089
3212
592
3676
153
293
2183
2205
962
1611
2635
2111
1702
3837
688
3964
1010
4029
3149
3943
3645
1432
3918
1003
2244
1246
1973
3295
3066
1710
443
3742
1317
2108
3232
231
1131
1337
3189
1697
2686
1567
1936
2371
3395
3006
1757
2200
3770
2885
3899
2497
2249
48
409
1395
2694
2786
2737
1944
54
2051
3717
32
3703
595
1112
2135
454
2704
91
2060
1622
3321
2366
2103
3142
4038
1388
3128
3556
1583
1997
2326
2261
3301
584
351
2643
3454
3473
475
2264
2664
1390
3432
201
591
3762
314
2127
498
3741
1276
588
2651
2730
2137
510
1653
3788
2986
141
1452
353
1836
3460
1946
2405
3527
3869
2683
1593
1606
3948
2811
3362
2058
819
2982
770
3896
508
1942
558
2534
3074
3390
3264
844
3476
800
3924
3730
1672
3297
3983
3339
3531
2307
2296
1175
1176
1439
3522
3394
3160
2328
1195
824
2474
1275
1501
3801
793
3840
1539
1794
2262
865
3250
1610
3672
1241
1586
2541
2724
1335
97
2607
2385
1704
1383
613
3856
3768
2052
880
209
2358
1523
2947
1687
1508
3097
1149
3660
3090
2192
3569
72
2769
3625
1043
1434
1326
119
1327
410
619
1645
1224
464
1473
3426
766
3927
2712
1484
815
3139
1931
2002
4027
354
3667
2867
156
839
165
710
3935
2138
1085
4071
148
217
1910
3551
495
969
38
14
1870
1644
3051
2949
2726
128
2141
1084
3464
2980
1472
3794
3371
4008
2269
1785
3132
352
1079
1801
1994
2097
3516
1142
1467
2049
1097
1805
2502
1689
2667
2170
1245
1243
1008
1064
2574
2685
3440
2234
3810
3673
3403
3483
2215
1635
1402
3157
851
3493
167
3529
53
2545
2978
96
1568
2924
2496
1005
1912
75
504
2555
3470
3267
3313
1576
1092
3190
3286
2082
1184
1014
2404
1329
1574
3103
1454
1838
789
2115
2005
3481
3033
2861
2570
1952
829
3749
1721
2721
465
3041
3779
61
2618
1506
806
1502
309
1706
1563
992
888
581
3926
1868
997
2351
2448
3821
3829
2628
3698
2956
1128
872
2320
3833
437
2870
2275
3953
3841
1066
1620
718
3485
1752
3520
2156
2535
3653
1596
2755
1570
1598
3228
2946
1637
686
2284
2565
3636
925
4047
304
1089
3736
289
939
3374
1308
2983
1886
80
1080
3806
1377
2791
1760
2508
3997
1499
2798
3245
3699
3747
435
3677
517
3322
2692
1937
3291
3206
4072
1871
665
3428
3925
914
1037
1258
2086
2571
3384
3648
1463
221
1992
407
1139
2814
936
1311
2907
1662
3434
1460
2266
2517
2048
2744
3347
3781
2623
3993
1062
3931
1464
1907
977
284
1561
904
912
2064
3723
3795
2418
1394
1865
509
3968
229
77
2540
799
3382
559
3619
2626
2928
696
3444
771
2705
890
3410
2024
1354
3201
2758
33
1740
3999
2515
1962
4025
386
873
2578
3916
2323
3311
2077
2043
4009
3664
2372
602
618
2478
1737
1006
2483
715
3495
1722
4028
2914
1602
4063
2896
3312
3387
2057
3561
2160
2207
3744
160
2356
3807
3035
1941
1967
3480
3582
2445
2193
2572
2310
117
756
440
2648
788
234
396
638
654
1356
1495
3158
2162
2645
2110
1678
940
89
2419
2247
3277
2219
3991
326
1591
1900
2008
3772
324
1834
772
2829
1042
1382
2067
1054
1519
2411
1679
2169
3335
2518
944
2862
945
3369
1038
2106
3360
103
3253
3096
3075
367
489
2271
1021
3870
415
1137
1387
316
3524
1516
67
3198
2164
4014
3629
1428
2386
1190
3513
1626
129
4091
3372
2516
760
2313
2090
1889
3352
2352
3831
3458
3633
2634
544
3341
2613
3585
44
3119
3542
866
2723
3101
1684
463
2865
99
1713
2416
1295
1940
3030
1594
3600
3194
2233
896
243
599
4040
1585
3409
1839
1009
3789
41
1837
2790
3351
2968
3977
3446
3067
3683
698
3755
4083
2229
3787
384
86
1124
560
3656
2252
2781
3138
1634
1711
2198
3027
2184
2662
3244
987
2749
990
1203
434
3503
305
4026
3273
1298
2817
3455
2501
1274
299
2393
1459
2031
1686
961
2237
1324
485
726
2788
3284
2071
3223
644
3248
1676
432
2420
2246
2450
2953
266
779
669
2848
2050
1577
2950
3634
2070
2161
3344
2527
480
3048
1141
3518
3471
1869
2407
1835
3196
783
1056
3217
1185
1660
3017
1186
3702
2288
3549
2224
3465
674
248
3641
450
1655
1540
1947
393
1133
3324
2930
1955
1053
2772
2436
4039
3957
1221
3317
2629
733
1244
1318
2209
2609
1034
572
1914
2750
236
3890
3427
3197
1205
2322
1933
1248
3252
503
860
3631
857
1809
1162
2444
2709
2521
1841
3425
3819
2918
3498
1943
3078
2546
3404
3876
801
3691
2013
811
4033
3240
1504
2731
1950
1483
3055
2281
2836
991
3844
4058
1077
1959
3764
3974
1881
21
3828
816
3533
2144
577
3897
790
3519
2080
23
673
1956
1135
2680
514
1612
856
2335
113
1252
3623
64
3799
2854
2988
506
2317
2294
2182
1254
3040
263
539
3433
2544
1437
1642
3175
1213
3396
1081
600
3577
125
138
2973
2073
603
3970
978
1406
676
1897
0
3421
2046
3148
634
2489
270
3367
1929
310
3852
130
3913
2589
3865
3039
3143
621
2227
1401
1325
2129
2529
2017
107
1965
2465
741
3591
3451
3981
1958
3060
1260
757
2039
2997
3005
3603
1440
3214
3001
624
2761
3431
46
3753
3998
3838
1120
1411
3202
303
3921
3179
1888
296
4069
1641
1269
1862
1457
3423
3757
2962
2520
1065
3218
2206
541
2486
2245
731
3620
1350
1988
2140
3105
1735
751
1012
3023
175
2889
3211
985
3546
2093
2595
2431
2940
3057
2357
3282
205
4019
2653
1861
1996
2380
734
2359
2552
1532
1798
2843
942
2539
2321
358
2421
3766
225
3858
2449
2250
3226
2630
1748
1206
411
1461
198
1957
675
1569
2738
2872
1152
2424
2823
1094
2525
3565
3710
3729
406
2493
3847
2303
507
202
3278
2254
3725
24
3400
3827
192
364
1998
1843
1791
1853
886
1339
3496
2376
1198
3184
993
4036
3952
2923
3583
2088
2752
3534
1763
4066
2309
2001
648
921
1709
2735
2349
2562
343
1535
3887
414
2099
261
1015
3015
1127
1526
2850
1424
2408
2181
986
88
2747
641
623
3125
1273
917
692
3477
2081
1762
803
368
3792
1954
2484
3861
3842
1783
909
2617
680
1319
2665
3962
1253
3548
894
550
728
704
2298
809
2929
2047
1355
4084
1068
3163
313
1648
196
607
1061
1674
333
1778
1604
2524
2148
525
3169
3014
1427
838
662
2876
3118
3951
3025
2874
1743
3663
438
668
3123
3646
3588
1136
190
253
2669
723
94
2510
2955
444
362
1677
292
835
2532
1351
3724
2168
2285
3364
216
214
898
934
749
1236
1313
2291
988
3511
3257
3445
2477
1671
3575
3613
172
3115
976
2123
1909
957
3940
535
206
965
1747
1302
115
2384
1799
3331
3798
3765
2457
876
3973
3638
2868
2494
3172
794
620
2354
3713
1314
2124
1119
1699
1830
954
1668
1690
1471
4050
2023
2961
2344
2003
3954
110
2743
578
1905
3459
1517
3255
2588
2987
2063
3259
1932
4023
3085
3608
78
2553
100
3316
2188
4075
3053
1667
1485
2789
329
2392
2126
2458
2397
3088
3346
502
3373
4017
3043
122
3811
1813
159
887
3411
681
1814
3714
143
3782
1951
1144
1420
753
1518
3545
2697
3958
2948
2764
2299
1050
1744
534
1536
629
1529
594
2490
792
2191
215
2185
3604
426
1210
725
297
3814
2905
1423
1268
785
2443
2231
2342
1527
1237
3657
1480
3632
2952
2852
2792
2485
530
1134
2280
1478
3737
3162
3784
1025
1367
3902
923
2382
679
3336
3917
671
2659
1793
1233
3863
2689
2189
3375
348
959
1242
3911
548
2399
1975
1544
736
1040
1371
825
2871
1048
3599
1183
3456
1503
973
3112
1475
2773
1159
3354
2984
3082
855
1143
1332
1856
551
1052
4042
3068
2507
1019
3359
1033
2041
1842
224
2523
895
3818
3731
2908
290
2759
533
467
1158
521
1231
1578
3628
845
2290
2413
439
3436
660
233
327
2559
1191
3188
3979
1751
35
1582
1647
2762
3227
2212
3153
8
2698
3350
109
428
2733
3013
2268
466
1187
2716
1894
1199
9
1035
3418
1389
1580
2066
1306
1177
2537
752
2600
1858
3572
2976
3079
2661
2216
3615
712
3708
3662
3492
17
3910
938
453
413
2208
10
2255
1828
3430
3127
147
2577
1554
3822
1557
974
1913
575
1923
218
2853
2873
164
2312
1201
2426
2839
2824
2954
3598
2945
691
3796
1599
763
3987
580
1917
2402
3275
1790
1669
3923
1857
1872
3716
1223
1138
3528
3109
2118
1098
3276
403
1509
2027
3468
74
1181
2970
1718
4077
1031
2238
2378
1827
1261
2377
4079
1126
3484
3955
1560
2542
2460
1497
3790
1987
3397
643
193
2333
3207
1447
3825
3769
4074
1482
500
3505
372
2566
335
1789
2151
1117
2412
730
146
2793
655
11
830
3971
2797
717
3028
1039
430
108
3059
2776
2702
538
907
2401
1122
4005
2242
2210
1899
645
3457
1445
3963
1076
1028
2038
3586
2018
2195
1775
3463
2176
3224
30
2728
2112
2741
3216
3254
2681
1331
1218
2974
242
1921
1559
1848
2128
3215
3413
3589
1107
4003
3263
3345
616
3422
4094
2911
3934
3643
1063
398
563
3479
3296
3726
989
1073
2226
2590
308
3995
3521
1543
1160
462
2775
2428
1572
2804
112
116
3777
2179
1154
176
2472
2133
3072
744
3205
244
1895
3391
2960
540
2964
3535
2368
2218
1057
738
486
1990
3544
826
652
4004
740
3452
903
3888
980
705
995
2353
2240
1621
918
647
3002
1826
1235
2592
697
3135
1384
4043
1091
1450
155
1342
2331
1101
3693
2901
291
1815
1058
900
1292
724
1490
827
151
3237
2678
3526
1381
2211
1179
1927
2217
2684
2461
3285
240
2639
1316
3208
964
758
2202
1087
1739
2813
3156
2011
63
3684
2158
328
3547
377
2214
3541
2624
1926
2904
3576
3003
1903
1770
795
322
2582
62
3064
1228
2427
2531
569
181
2815
775
3303
2243
2902
3466
626
2171
2297
622
567
598
501
1730
294
2972
1963
3555
1299
2538
2121
382
3100
633
2503
3129
916
2886
3627
3049
395
420
3080
3141
893
1368
1691
2963
1810
1703
3914
3947
2314
483
180
3234
474
3649
1446
1787
383
184
1696
3368
3682
1374
1491
532
2989
3399
2785
750
3803
142
937
841
3692
2558
2306
3976
339
4053
3272
3919
429
2966
3256
821
445
1000
2069
2652
2748
371
2459
2879
162
3478
1969
1767
1887
2500
250
1075
2462
2339
2805
3612
1774
102
2270
4021
2604
1934
3258
1616
4010
2196
871
298
637
1290
1194
223
55
3419
1140
2779
3332
3614
1605
3510
1968
3329
2499
1232
695
2149
967
3019
2670
2364
1879
2842
2325
187
511
2631
1369
2881
3901
3775
37
3165
1279
3133
3377
2656
3293
2660
2935
3721
2640
1549
1449
512
3261
3314
899
195
2267
627
1533
3517
1391
3734
1575
1556
272
2012
1498
1090
3154
3102
459
3706
4067
1784
3581
3537
1041
1542
659
2102
524
3298
3349
902
3453
4022
385
589
948
955
1984
3472
1970
527
3722
2864
604
773
1755
1768
394
421
2479
2654
1146
468
2437
105
3504
171
2917
952
1849
3712
1189
1991
448
3552
2610
1067
2951
2334
2602
2072
747
3126
837
784
1979
2434
836
1291
3550
60
1811
3878
523
219
2718
2343
3739
168
879
3294
1412
1500
2096
3069
264
1804
549
3701
355
1935
4062
3849
3437
3668
833
2674
127
998
2324
282
3251
3488
2620
2287
189
104
249
764
1512
2084
1429
739
3083
1372
3930
389
2673
2146
347
2591
3616
2251
2389
2822
1714
2649
1029
2875
911
3183
1404
2809
1705
26
1157
3543
2092
2768
2557
1385
2897
1375
1566
1571
1999
2260
2061
1215
2435
1270
2292
2187
3558
843
1595
3246
3117
3150
2915
2145
260
3967
3711
3348
3942
3062
683
2830
3443
2994
331
3494
2277
1664
212
2992
1026
402
363
4011
628
1683
951
3024
3679
3376
3401
3326
1430
1403
552
1280
536
2429
746
3462
2087
2528
1649
4055
427
3406
3617
1304
1013
349
2703
999
3052
247
169
853
2020
3965
3353
3760
2942
433
776
2065
3853
2543
2166
1961
1530
1782
1060
915
228
2319
1885
515
2593
2278
2363
3361
4012
2606
2279
3081
3655
1017
1278
1488
241
226
1413
3966
1300
2441
179
101
3812
2154
1548
2400
2794
3933
2338
4035
2374
3637
1455
3099
137
478
1558
3530
3191
3508
3705
3889
3846
2388
2167
2473
3523
2937
71
3487
3337
3222
1071
1562
3290
1749
3618
1115
1226
2938
3144
1045
946
2132
2672
118
3323
1046
1378
1082
200
3985
1995
2172
1036
1753
2035
3907
2714
3304
3307
2265
716
2495
161
528
471
768
2451
935
3905
2596
1256
3860
3826
1666
2152
3996
158
4007
2556
2803
1086
166
2504
2470
2925
1628
3174
1550
1665
702
213
345
930
476
1020
3152
2257
2717
3185
3843
2
2736
3740
2977
227
3686
742
246
1362
2452
2991
677
1027
455
2370
1397
2480
2981
3358
2585
2432
1779
2463
3771
3606
2155
3855
3265
3982
1724
3210
2466
720
3176
2373
1986
2877
259
755
2900
3882
3946
1964
424
2760
1448
2512
1521
2679
2587
3230
2201
134
1573
932
3195
908
4078
1524
49
482
1528
1510
1161
2387
3146
3872
2729
1924
3944
3022
1155
126
3438
34
1919
481
3122
3161
1615
3355
2844
1707
568
610
2506
1564
6
2346
1049
2608
3568
1051
3754
1800
2345
3219
3786
1032
812
1758
735
3168
3986
2890
4000
2222
562
1652
1786
154
2701
564
2696
2225
3193
1797
1426
814
1675
3407
2801
2014
3489
1769
810
3709
3929
3904
2903
979
1022
2165
3816
1257
2637
140
285
2107
283
3642
1759
518
2739
2899
269
3220
1443
1960
1821
2091
3026
1852
3680
761
3920
3839
729
630
804
848
3502
1093
1163
4044
3381
1840
2085
2223
1945
982
2203
666
3116
1766
1153
325
1656
4
910
1823
2975
802
798
1225
3441
2666
2682
924
1334
625
513
4090
2687
315
2650
2554
2440
1525
1738
3147
609
3271
1754
2100
3592
3011
188
3186
93
1281
1479
359
867
2916
1359
505
3992
632
2561
3283
3490
262
4032
2647
311
2365
3922
1733
2442
2025
1795
3415
3050
2101
1874
3110
1164
1285
199
416
1545
2293
2782
2573
2584
2568
1078
423
1251
820
1651
3274
4060
1866
1607
1918
1513
1638
2996
1658
1
2668
1264
1694
2807
1373
274
2658
2799
1283
12
968
3177
2037
3862
3597
1104
3859
545
732
1773
2186
2423
3171
2802
2616
295
892
639
3386
650
2642
2476
797
2475
2646
2076
3094
526
3065
1971
1989
583
3509
542
2232
1196
254
341
2273
3988
1400
714
1581
4070
490
419
646
2855
1619
1004
3070
651
2816
3900
885
3514
3884
3107
85
719
1715
891
276
1422
2295
2831
807
2007
3507
605
2157
1016
2513
3506
1505
1072
2985
1670
1100
2567
3106
2699
1282
2967
4016
3420
3380
3497
1469
369
1393
2263
4087
2414
232
1922
1343
850
22
3229
863
3042
2116
183
3605
1522
436
707
3880
2690
163
2036
257
555
3034
2406
3665
818
1169
203
3607
69
2551
1340
3242
3654
745
3813
2795
706
1552
2564
3461
1625
1301
492
3752
1920
1399
2657
2311
1977
2819
2722
682
3499
1192
1307
4061
121
28
3515
1883
3200
1011
3590
2430
586
2990
1421
593
3007
186
1911
2883
2083
1193
3611
3950
3145
177
1537
280
3120
2851
1624
2655
2204
635
1854
1286
124
286
658
3221
366
1636
531
3560
2272
2511
2455
2893
3866
2019
1681
2425
306
1055
18
312
817
4031
3945
1846
3864
3164
1341
1654
3941
5
2089
2825
36
487
1470
608
667
1214
3820
47
3674
1877
1875
1695
3574
1608
587
782
3031
1520
2965
2109
984
1456
1220
537
2367
2693
2078
1807
1114
2318
399
689
2894
1358
2509
3357
1217
3559
1099
317
653
2488
458
2329
3343
3815
2369
3622
2778
1188
2547
2713
1617
318
2898
1623
3554
3832
1728
1546
2340
2464
3644
2812
323
828
1398
2026
963
1632
136
1765
3249
2447
596
1873
320
1156
3037
3975
556
194
1166
2884
2671
2745
40
1551
2598
2826
1018
3416
3562
516
418
1204
661
3624
1630
2221
3063
1808
3989
111
461
3330
2688
2030
356
1323
3366
3732
4002
442
3894
376
2362
3877
693
3091
1788
277
2707
1363
849
1125
950
3225
3306
3704
497
3084
3596
1661
971
2253
2944
2603
1047
3008
3247
2398
379
1720
2403
3309
1851
3087
2390
3557
1845
1915
2147
3696
574
3778
701
3020
642
1847
3587
1980
491
1756
3269
27
92
211
1902
4092
2360
3685
1303
1985
2860
2095
3773
1643
947
2074
1896
1725
2757
2175
3915
2612
239
2840
566
2912
2286
4024
1590
1860
2230
2611
2959
2847
1333
1547
3299
601
1477
1121
2597
1239
2787
1322
3405
2691
2341
2029
1230
571
877
2958
1145
2361
1824
3791
1938
191
3875
3136
1410
3675
2841
2228
3892
3173
640
1202
1148
287
703
90
1514
185
617
2131
1466
3718
4059
970
1541
519
1361
66
2619
2134
3209
3783
1712
373
2391
1732
3338
2248
2771
1627
2633
1492
2315
1898
2820
2042
2742
832
3385
3038
65
3233
408
1876
375
1044
3243
2180
1601
2969
237
484
3972
1693
2062
1123
15
3000
3780
2068
2891
861
3199
2605
582
3593
3805
2481
943
1867
597
1487
3439
1906
2888
404
3980
2979
446
678
2575
1708
451
1978
3928
2580
576
2833
1330
2163
2308
878
3334
2780
700
1983
687
1070
2720
3580
2194
3378
1822
1272
1271
3602
2766
1486
2337
2767
2615
2446
649
1315
120
2417
131
2920
3009
1366
3092
20
1972
3895
1182
2130
2869
3187
273
579
1734
132
1353
3908
1023
3688
2348
699
3871
275
1349
1816
267
2316
3647
1850
1287
2305
3937
3328
1817
59
2487
2153
342
3830
3848
1167
975
1208
210
1777
1863
1553
1584
1663
2849
743
42
2241
2094
2379
2774
862
1904
1419
1629
39
864
737
387
796
813
1855
3553
520
3140
3036
2522
585
25
1207
2236
207
1250
1531
2856
1212
1908
3170
479
1110
3104
1741
4064
922
3573
472
1820
1436
2878
3370
664
1742
694
2719
3609
2456
2422
953
1844
405
2075
3500
2114
2105
4048
2569
754
2143
19
3213
321
1386
1309
330
470
791
473
2142
983
906
3735
2995
3045
252
3854
1750
251
2004
1949
1796
3182
2863
1171
3994
2235
3936
3342
499
2549
1878
3932
2199
3016
493
905
81
3939
927
98
1074
3108
3595
1357
1812
488
2302
3804
2021
3669
834
2383
1310
1700
496
3318
1297
1088
1328
13
3474
238
3469
2734
381
279
1618
401
3475
4086
1701
2396
1247
1024
1130
1587
2919
