2913
1577
3880
514
398
435
104
2004
2240
3199
1403
737
1231
1083
1335
668
251
4016
903
3101
4
440
998
1711
3958
2954
1126
3332
4037
2440
3273
2116
2542
2884
3435
1026
2604
206
2099
3201
2849
1802
1775
2755
1157
3327
1800
1235
539
3921
1495
3406
2464
3482
2249
2557
1715
2040
2855
755
3505
1098
902
179
2441
4083
2600
2745
3307
1844
3192
388
4027
3429
214
2016
3461
3465
3714
2218
2811
147
797
1032
171
2905
3181
3438
3009
631
1952
2018
3633
422
233
1668
18
1945
3312
2637
901
2105
2285
1575
7
1066
1116
3611
1965
2088
1531
26
3275
3222
1247
197
1610
1198
3130
3483
217
1346
1656
3516
3860
4038
1812
3556
3129
3585
3321
1701
3003
1731
3549
1044
3220
1133
2618
2907
347
3428
709
3204
2217
2456
27
2509
2967
1449
3117
658
475
3499
3591
3385
3048
1908
3662
533
3276
3362
31
274
22
3878
3374
1399
964
1916
1052
1454
3809
3854
2039
2498
2117
887
1957
2246
1407
2392
2
1381
128
3583
3971
2493
3087
3665
3595
2146
3179
2833
2036
132
1853
588
3188
4034
623
255
915
843
2491
3800
3202
3078
2386
960
3723
223
3343
2921
1361
1944
2026
189
484
2332
1842
985
450
1961
1397
1476
3292
1687
1968
3890
105
4002
1492
1262
1462
810
3110
845
1189
3871
1103
4063
2400
201
2634
3127
996
2078
1663
412
3478
990
2880
802
3391
1975
645
354
1216
2533
3949
3645
386
1390
2931
1533
3157
3706
389
3238
3284
2949
732
1432
98
595
928
3615
1185
2546
2679
4047
3836
487
1879
2372
3344
3785
757
3020
3574
2055
1955
2189
1708
3772
441
4049
160
2981
3920
2438
3846
536
46
3156
314
1118
1012
2922
2436
3030
1174
918
2857
970
1057
605
60
43
3931
688
485
1509
1089
3146
3684
2011
371
3866
81
1501
2328
3366
3886
1238
1824
833
3816
2365
2030
2516
1080
1260
3696
2318
3407
2706
15
419
2716
3913
3437
2201
931
3602
2737
906
2056
2973
177
2191
1305
3418
1395
120
3207
3244
2461
3623
2615
1869
4069
2447
3831
3320
2325
2091
2543
2199
2854
3692
2048
3240
1265
1389
524
795
2267
3902
2408
1441
2299
1739
3005
598
2771
2237
2433
3771
1347
2652
73
2242
949
2326
3454
2926
1137
520
2819
4087
3363
1752
1306
3657
1016
92
2450
2221
4032
1637
3674
1748
761
1864
3021
3822
572
3067
1095
2307
3899
3296
1138
3258
358
1881
562
3237
1266
469
1962
3704
3753
1186
448
3721
1408
633
1042
2374
3780
1161
2186
2588
999
58
3749
2012
2356
301
11
3376
3267
3810
1696
3617
641
3722
3353
4051
1345
1021
1145
1755
163
2647
3613
505
2355
1722
2801
927
3038
318
1856
1077
2006
446
1340
3532
3711
331
2909
1674
3978
228
1472
3757
840
1494
1129
1352
3315
2897
3922
842
3040
776
2213
1475
2651
657
2407
857
1427
1512
3733
1612
2230
74
4078
1783
3945
2506
905
3131
1654
1039
3475
2685
2550
1885
1276
3150
2124
3394
1243
2510
3166
2929
834
994
1562
3433
4028
3942
2548
801
2718
1478
1532
2736
1922
2286
152
1889
327
3974
3115
1127
63
3565
382
3432
1937
3571
718
2121
2826
3194
2711
1481
3853
25
1405
2766
731
2989
3636
3966
861
467
2402
2497
3857
2233
1448
1318
363
1401
2781
1329
2798
1372
2690
1641
1510
2421
1196
1617
1230
2998
3984
426
1542
444
391
97
1943
3369
1300
3167
2613
824
285
4029
2104
3524
3859
2208
4019
1467
1059
3735
825
1574
2696
859
366
2946
1261
283
133
461
1435
2082
1871
2290
563
2291
3814
2077
899
2031
479
1280
621
2064
29
2396
4007
3297
3229
3675
934
1429
1100
2951
3716
3638
308
3319
199
869
856
1385
1255
213
3356
1866
1433
1084
279
2229
3621
182
987
549
2028
1073
1524
3999
1831
1206
203
3970
3708
2976
3588
2628
1279
2209
3410
895
3520
746
1808
2563
710
3661
3586
3495
1847
1312
246
3359
1326
1038
3035
2306
281
3887
3128
3528
3664
2705
3305
232
2451
313
2626
3646
229
3983
2268
2513
2988
2534
1991
3006
1025
4005
3381
2103
2071
1821
1274
3769
1217
1552
2923
1415
2633
546
497
498
3135
3148
700
955
751
442
250
3982
2719
297
660
34
3599
380
13
1744
2972
3807
2494
2444
715
988
3679
3085
760
896
1719
1054
1568
1700
1540
1162
690
2747
2950
1717
303
278
1682
1660
367
2677
2713
1421
2528
1211
2000
3678
3466
2797
1850
1521
2382
1062
3635
2430
3109
3377
94
2784
2347
738
2459
1197
1283
89
93
474
2059
3274
1913
1986
1588
830
410
624
1152
2638
2977
3171
3114
1953
1998
3189
3862
2585
721
2210
2665
2073
4025
503
3323
1370
2362
1804
858
781
3090
529
3493
178
1043
676
3660
1865
473
37
2807
1981
404
1940
3392
3310
2350
3923
907
3151
2505
1404
3386
2309
3174
2863
3760
258
3303
2697
2587
2353
91
2312
3459
816
3096
1134
1334
538
4020
725
796
3462
3398
192
2370
1410
1867
2171
1355
1099
2908
17
559
3217
3225
3545
162
2722
2827
1151
2709
2097
2812
2581
2133
897
2689
1896
804
812
2928
418
1339
1371
3431
113
673
535
1793
2681
1600
2303
975
3210
550
3720
1158
1468
685
2197
2478
3572
2924
2033
414
1678
3082
3790
2636
1611
1892
218
707
3683
116
635
1267
1538
3027
76
2650
3360
1594
519
276
2599
894
2979
166
79
2301
616
2914
1163
2735
3125
3710
2574
2180
2617
439
867
2845
332
3054
3033
974
2940
1209
249
2378
1787
157
1971
4053
1128
1094
1860
2730
260
554
603
1005
1241
2717
3908
3138
3687
742
506
3214
735
193
3832
508
3348
2934
577
1766
1676
339
2593
1974
1210
977
2333
3147
3740
1328
2106
1135
1603
2089
4091
3333
3236
3401
1363
1459
558
3088
1123
1477
1289
2367
3216
1282
2346
2982
2793
1791
642
2241
2029
289
1615
360
1956
3203
2522
219
2816
3422
1816
257
1758
545
733
1225
1409
3291
3219
2728
2152
942
3093
992
3341
2111
2060
409
3352
2488
3133
2216
141
1843
1315
1455
2025
3393
2843
2357
1166
1234
101
1994
2096
543
1386
753
180
3268
1444
3747
1840
1645
1548
3367
62
3653
1337
1229
1725
1148
2468
1146
2398
1909
1420
2906
870
567
30
275
3741
50
47
3703
2168
2085
3357
2081
1624
1299
784
2712
494
1716
1168
2214
2518
653
95
1876
4067
2034
3388
2870
3993
3154
2150
2195
1769
286
3826
387
1237
1519
3503
3865
680
1875
3848
1757
355
1278
35
345
2359
2620
2832
2435
3223
2856
3102
3134
3531
3424
571
1745
4010
2648
2668
1192
324
1219
3084
2729
2072
3600
4084
2809
597
2565
3403
492
3411
1487
346
1249
148
1560
3513
4022
1900
2727
3770
2763
3882
2866
4009
4001
4026
1518
376
1706
4071
699
557
139
2744
3383
1154
3510
2632
39
306
2671
247
851
3643
2780
293
3051
2837
1460
3756
3950
196
3847
3825
2243
2483
933
325
3892
168
2869
1470
1349
3994
1570
613
3253
1149
2094
3168
2902
2645
1657
2080
3718
1322
1801
3500
2824
3712
2609
2163
1463
3371
3264
965
1693
1720
2851
3909
963
2740
1442
881
2614
752
447
659
1949
164
2836
1122
4011
462
2394
3905
841
3026
1034
1111
3575
1056
1776
1898
2514
764
85
3561
3587
1107
2371
886
2395
2606
385
2128
664
1505
639
2471
2861
1007
1528
3620
2760
1447
2305
2800
2992
4058
458
298
1760
1609
2750
465
3143
2215
1091
1811
2919
3141
3517
1911
2418
329
1376
1829
2952
1242
4040
3680
3563
3254
560
428
1890
1325
1622
378
3981
1434
3108
1648
280
1794
3553
145
4092
2796
1286
2019
402
1652
1584
1878
1809
787
261
1201
2340
1642
2545
808
3412
1544
3580
3906
1586
885
2167
1031
714
3651
291
3277
3758
2910
2872
2341
1456
1101
242
564
698
2898
643
3112
3543
2743
1508
3170
646
3821
3120
359
1378
2693
1473
838
2257
1596
1085
1218
272
2187
2975
1498
2821
625
3104
1742
2710
3845
1493
3804
1644
3939
839
1761
786
1452
411
1571
656
3448
1515
1147
578
266
2109
2278
3328
2220
1156
3737
813
2828
2527
3470
3707
252
2302
4079
3930
2608
720
2603
4012
3912
2502
1017
883
3230
1815
2511
3530
4021
1589
2279
3055
3630
1747
2507
3228
1411
1104
2254
2495
1805
2428
3914
4045
2917
972
1167
3029
788
2159
1474
1695
1019
2319
3404
1071
2406
706
951
2492
3727
2013
2211
1010
3316
2385
2206
1620
337
2185
3596
1391
537
1213
2345
2086
836
36
568
3940
292
3938
2558
259
1406
3997
3481
1333
1639
3368
3844
2129
967
2198
2329
2852
3726
1857
194
3152
3426
1572
979
671
2226
1143
149
84
2263
1979
3929
1323
2295
226
322
2862
1851
1069
2294
3992
2535
3198
3979
2699
3717
1907
1672
1067
2842
1579
2684
425
3748
480
338
2789
2962
2065
2643
3883
3803
2260
294
3173
528
3616
2955
236
3468
3354
2266
986
1486
3073
3160
2177
2343
3589
9
1418
3043
911
2936
1746
4015
496
3608
769
686
3644
3450
3642
1445
44
75
2888
1920
3309
3688
2101
2348
2417
3989
3627
2649
2808
2058
2803
2010
2192
3175
1980
3047
2460
330
495
855
1173
3812
3155
2181
3593
744
1058
570
181
3947
818
3824
1503
1565
1927
33
3256
264
1929
3247
2119
2720
3901
1723
2379
1762
665
1888
1792
1207
3413
3515
2767
789
2165
88
2485
1967
3136
1557
2932
459
3766
1081
2582
4003
2437
436
1891
3885
2714
2446
3329
640
1284
2112
1426
1270
2844
2292
478
1799
2623
2607
2069
3624
2161
3559
2227
449
798
3663
2838
1750
2741
1704
3034
1925
3015
888
1159
3380
2986
2134
69
939
654
3251
4008
1567
1239
854
3416
666
1013
1317
2162
1359
1223
3691
2576
1650
430
2848
172
1227
2041
2560
3350
2384
711
882
3910
2503
296
2731
1263
40
438
3183
1226
2391
3176
1423
2756
2758
1350
3554
2753
156
103
2462
2176
2739
3301
3260
2154
3286
2057
1897
3255
23
1942
677
1109
629
3991
1316
1728
2179
1995
277
3339
1313
3083
2959
4080
317
2125
750
2002
1356
1436
1048
3457
3288
413
3326
2003
2377
1905
2155
1028
2782
1285
4060
2947
2787
3281
3879
2985
121
434
2481
1171
3864
319
1625
2484
1507
1520
2499
1713
1092
3746
110
3439
122
3039
86
3795
2389
1489
4052
3490
16
995
1996
3299
2068
1360
3318
2419
381
1055
1604
4023
875
1348
2288
1121
3263
531
2864
472
1182
922
3802
3990
3705
1825
66
191
2310
3364
3834
3739
1511
1972
486
3382
1155
2692
1053
3815
594
759
3980
628
3508
2404
2883
1592
591
2182
3242
2778
464
2174
4041
819
2083
3158
584
20
507
2066
1966
3610
1114
509
4073
926
2079
637
1934
1797
1298
3967
1106
1375
2170
3501
2773
352
2595
3421
1240
980
2868
2942
3178
353
1721
3745
3713
2804
2224
3241
932
1046
2194
2961
405
3434
2429
1443
3609
1753
3581
803
1179
4048
3295
1768
3001
739
3396
3469
3249
556
2235
243
1051
3463
421
2762
2434
3126
130
1988
518
610
1628
2412
3813
1523
724
3050
4055
1770
1647
3514
3098
1184
1655
1556
4017
1789
2572
1086
1935
456
663
2768
3460
5
3427
3762
1221
4044
2032
3455
28
3897
3541
719
14
1712
3915
2770
215
828
3527
3349
1141
212
3805
3215
3548
904
2622
1172
1362
341
3324
3379
2236
100
1222
947
691
3681
850
3445
2017
791
2879
1342
1877
1020
2597
3180
3607
2995
2205
3140
3823
3555
3486
3243
1736
321
117
2667
515
1782
2802
1823
2748
4050
636
3648
3250
758
253
2589
891
1332
2234
651
1951
877
1001
1582
3322
3002
463
3584
862
723
187
154
2475
4064
155
3944
1037
143
2425
1555
1993
3106
3926
2093
3259
3425
1893
2183
1293
1950
1065
3973
3094
3782
2466
729
2380
806
1027
1545
2148
2627
1036
2725
618
2414
3934
865
1928
3911
1388
2687
3895
140
2963
1049
241
3569
123
2281
3927
1569
1200
923
56
3325
1549
3239
2751
1336
873
2053
614
2640
375
3308
924
3169
1680
2160
4082
1516
3777
3793
3605
3518
1618
1629
3676
3346
1677
3164
913
956
2579
1364
3452
2537
2368
2590
835
2732
1593
3752
2529
424
2225
3789
1457
3227
526
2564
3792
3828
607
416
2076
3791
368
574
1233
969
493
2231
2308
4039
1419
3526
1366
240
373
1321
2470
1763
1675
3408
2005
2482
397
2927
3122
1000
772
3764
3441
1670
3053
1673
2953
2704
333
982
944
2399
3257
1785
2149
482
3306
1963
2752
3594
3052
1040
717
837
3606
3656
68
3116
3013
1846
827
4054
3869
2569
2001
565
779
1466
1749
1497
1215
3619
1314
1338
1863
1414
3567
1599
2635
134
1992
672
6
1074
3092
3442
2795
1941
1915
2859
1718
1827
1738
499
2352
773
848
1803
1633
3007
1517
604
239
2212
3668
521
522
2611
582
1948
2480
3654
1836
3070
1327
1394
2021
669
4093
1384
1009
2937
954
1303
237
909
2200
3876
3628
941
2138
871
2814
1921
630
2049
1636
1304
270
540
3625
807
3849
682
316
377
1886
311
2358
1705
3272
3604
1662
1351
576
1269
1790
3387
775
1310
1504
2330
1707
3014
2556
1120
2891
3838
1627
1643
1607
727
52
3715
1861
602
2969
3476
2349
2474
2873
3061
4057
1686
1779
38
2673
3208
3041
3314
1798
3521
188
4000
2190
2896
343
3690
1029
3464
3941
3755
2612
1254
3290
1003
805
1387
2090
3193
227
889
2881
72
3095
2015
3889
230
1014
1608
1638
929
3659
606
2144
2108
45
3113
1125
1887
2173
3031
3378
1023
1292
532
1573
2847
3046
1195
489
3943
2965
1813
42
2157
4075
1530
2968
2555
2465
394
2980
997
3566
1526
2496
2448
158
1087
1228
1257
2682
2675
1183
991
3729
3265
3335
1453
2846
3351
2540
2653
1369
1699
3145
794
615
1006
586
3107
3957
124
2672
2272
82
2458
2052
70
3423
542
2092
1024
3953
3195
1930
3074
3066
2900
1667
3440
1756
1581
792
3955
364
4061
3558
2051
2749
41
925
950
667
551
1011
2688
3186
1246
165
3719
4074
4065
2978
2070
2562
3689
1311
860
299
2156
268
2659
4014
662
3489
2806
3058
3666
2342
1398
3829
3449
3916
1576
3881
823
2742
3458
1264
3089
849
1119
1917
3877
968
2786
2364
1416
3693
555
3538
3952
1396
3904
2296
4095
153
2561
2878
3111
679
3100
747
3059
1382
3390
3736
2948
315
1113
3894
1741
2084
167
3875
169
1096
2792
2918
300
2038
2063
1651
379
2875
2903
2145
1258
2541
1997
1176
2469
3968
2551
3603
234
1828
3540
3317
4088
2405
3016
2151
1664
2107
307
2904
2140
695
3430
184
111
2274
3768
2983
2911
3754
793
1613
589
2874
1180
119
2344
3784
3972
2139
3233
2958
455
2336
2566
4072
2970
1726
2335
884
2664
3248
736
890
3842
3159
2996
585
3730
2567
3446
2580
3436
1253
1845
2708
1485
778
2324
1367
4024
770
2764
2575
2273
3750
3817
2293
245
1837
2443
3539
3142
231
3072
1175
705
476
2663
142
2893
4062
1142
1894
1529
2538
357
1771
908
2339
383
1368
703
1428
3037
2354
3397
2453
2829
2188
1623
573
2132
3485
3049
649
0
1252
1698
2363
2248
1160
362
799
608
1597
2062
1506
696
3685
1959
3843
3839
3631
2219
135
2366
2646
3601
1883
1848
3287
3283
2252
1973
3187
780
3759
2993
1778
174
1177
2255
3724
1733
1681
814
1976
3851
2912
2277
3751
3076
2769
1004
900
2113
596
1193
2777
454
3182
2790
3399
2683
708
510
3262
3965
2630
3409
4033
3370
844
1873
620
3698
2544
2945
310
2757
127
3025
952
530
2941
2654
3509
1534
51
483
1679
3570
2455
2621
3969
1078
2707
716
3304
2820
2166
1730
1064
3206
2669
2337
3841
1357
99
634
309
1422
644
1202
1287
1110
2532
1838
2818
3342
2397
2432
1854
3234
3622
3279
2644
403
3355
652
3954
3365
96
3197
2311
1630
1653
1732
3925
2020
3858
3056
3951
1795
420
2431
390
3933
2625
726
112
2490
936
1634
1598
3652
3185
3121
3732
3667
1187
1170
1281
3200
2889
1858
392
1353
3270
415
1502
1969
846
2014
77
2061
1849
175
3948
745
2601
3124
1765
935
3456
3818
2734
552
2022
271
1543
3162
1826
3494
3686
2327
10
2605
1301
1273
790
1341
3024
3184
3018
126
3550
3443
1458
3976
2724
2304
1188
2244
864
3
581
2142
3996
3568
3700
1425
1547
2467
1402
19
501
2916
2594
1640
2008
3956
2351
1590
471
1671
1833
2098
400
151
3144
3694
734
21
4046
3097
3801
2449
3479
3400
183
3235
2860
1088
1919
580
1666
3336
265
3163
756
1990
1754
118
2559
1090
1496
1773
138
1884
1344
3576
3734
1658
1939
2515
1307
1936
2738
1033
2251
61
966
1786
451
2508
2442
3798
2674
2427
3451
3937
622
477
2642
2956
3998
3776
2935
131
4090
1212
3060
1343
2045
1451
4066
384
3506
468
2283
48
2024
3995
3917
2680
3414
3547
443
2426
1330
3246
868
525
566
2264
1583
2939
2817
1132
1525
1297
3123
832
1030
2422
1102
1964
2334
3742
638
3302
1164
1308
632
1817
612
2269
1115
917
2439
3213
930
2525
267
569
3487
3477
295
2830
1938
3535
2387
1022
648
1924
3835
1383
3840
4004
3702
445
3988
1076
2102
1904
3079
2639
2694
4042
1469
1437
2027
1870
2130
1539
470
1232
1561
2835
3767
3773
1546
561
1830
1527
429
1777
109
2376
1764
1902
129
2841
2050
452
4031
527
1294
1868
2477
1499
1208
3918
3963
2261
67
1999
2772
1277
1635
2275
2044
2759
3504
1564
3850
1724
320
2517
993
502
3629
2577
1566
3695
2403
3420
3552
1236
2500
2137
587
1018
768
1551
1737
2457
3744
2239
1702
3987
2280
940
2721
2316
348
2114
1205
2957
431
3205
2136
3542
211
3345
328
287
4077
2882
2991
1296
748
2361
3502
4018
3677
3788
427
1093
2723
600
1513
1810
248
3405
3903
1727
2598
3632
1015
3472
1880
3830
3137
125
304
523
1740
541
1977
3533
2573
3519
2046
2602
693
3612
2087
3728
1150
953
3985
981
2454
872
547
2877
4068
53
1079
3658
1490
2463
3245
3252
3488
3786
697
962
2890
1978
3725
2259
2282
2204
626
2321
938
1060
3560
945
2531
1108
1380
1839
3395
3000
3165
3579
1377
1852
4085
3419
3626
3511
2944
2964
195
1275
1631
2287
3641
1982
395
513
3891
3285
1
1392
2839
2178
3042
782
783
2698
3294
937
740
701
1578
351
3779
958
553
1626
3298
1035
460
1461
3874
3960
3224
1047
170
3497
2899
2568
481
2445
1153
919
2641
2452
728
2984
647
815
821
2393
3507
2222
959
1204
863
743
811
1684
1002
24
2825
2783
3212
920
1374
3977
198
262
1482
2122
1788
490
1483
2284
817
3534
1606
1440
1124
3863
342
874
2791
822
3867
683
771
356
548
3673
2258
3763
3022
1288
3330
1714
1464
2831
3573
2360
619
3525
1491
2591
1784
1256
3935
1602
989
1439
209
3471
1271
1734
349
3639
1068
1131
1070
2655
3338
3808
1471
1479
1689
609
3008
3781
1989
2616
3787
2662
880
704
3898
1259
3358
2037
2570
2779
2554
2300
57
3091
767
361
3190
3372
1050
853
1178
185
1063
2074
150
1659
741
273
1072
1214
2823
2390
852
3172
2504
235
2158
1537
983
80
1632
399
3019
1882
3231
3655
1320
3761
3907
1140
146
256
2153
202
1985
305
2850
1220
1806
3232
2265
2938
3269
3036
221
689
2271
2715
2323
407
1465
302
1291
2381
2894
2270
2172
2553
2009
1820
3057
1181
350
466
3837
3139
3614
2193
3919
3384
961
417
1272
1729
4036
3010
1767
3928
4035
205
334
102
222
3672
54
4006
2521
1446
1688
2410
1818
2886
592
2203
617
2043
2067
3783
3682
1136
1112
1331
3975
3562
579
2331
2933
2994
2867
78
763
108
1130
1061
3293
2479
2126
973
678
1694
1960
1591
2539
3361
220
3467
4070
3373
3852
2322
3961
1862
2317
3893
3068
1554
2658
702
3738
1082
3496
893
491
1165
370
4013
1550
3868
3221
948
3697
1710
3447
2805
3492
2578
2960
1553
1931
2834
1832
1947
984
3105
216
1906
2473
3637
144
601
173
3340
3065
3311
866
1649
1619
730
457
2915
1835
749
2075
2876
2858
2524
2661
3218
3282
3474
1743
1932
3331
655
2369
2131
3900
2754
3536
2785
3149
2619
1983
1621
2413
1601
2629
137
1319
3592
2118
2169
2571
1105
3856
2930
2892
3017
1302
2813
3023
2373
2250
713
2289
406
488
1692
1250
263
2519
3103
762
1661
2526
1373
2401
1251
3634
1522
2253
831
3261
4094
2035
8
2100
3962
4059
2761
2320
3649
2999
1536
2840
3271
2415
829
3557
1008
3045
2523
2143
2788
1500
2047
208
1559
1923
3473
2375
2775
2701
511
1958
3774
3811
1585
1438
2925
2184
670
3986
3888
408
49
269
2313
3819
3077
176
3512
3196
3063
2409
1859
2476
1424
2966
1901
916
2512
3670
2895
826
200
2297
3598
3731
2592
2489
1697
2901
1097
210
65
4076
1268
1417
3132
2054
2110
2530
2695
2660
1912
2228
3799
3775
544
1841
2175
3484
1431
3081
2971
3278
323
3765
3211
3701
90
453
3011
1199
3032
876
3075
1413
2865
3044
3669
1970
1933
3313
3266
2420
3827
1295
2095
3086
2423
847
627
976
2223
1926
4089
2765
1075
765
2943
674
575
2974
3936
3618
2123
2549
1480
4030
3191
694
2678
2120
681
3590
2686
1914
593
500
87
288
372
1946
1045
3861
2547
3884
946
3069
1614
1855
71
978
3597
3896
1365
3337
1248
2207
1984
1796
1430
4056
2853
3959
3796
3177
312
1605
3480
2702
1874
115
1358
336
2232
1807
898
2987
2238
3671
2887
1354
1203
3491
4081
1324
2416
4086
2127
921
2245
3794
107
2164
3647
3071
3870
3523
879
2520
1488
3964
2315
290
3118
1691
2411
914
1872
2810
661
2501
1535
2007
3064
2657
590
2920
3873
3062
957
1690
433
3402
2997
1191
1899
2247
326
1834
1587
1646
1814
1781
423
3415
1144
650
244
3453
1910
2624
190
59
3012
1759
3806
3375
1685
369
2676
3650
3529
1484
2487
1751
1041
106
692
2202
1117
2536
1379
2794
2670
3778
159
3582
3119
2141
1514
2799
1393
1245
517
1412
785
3640
1709
393
1683
2472
943
2196
2691
1822
1665
2298
1703
2135
2314
3833
2586
516
583
2871
3872
800
2822
1224
3153
971
365
1558
2262
3209
809
282
2023
3004
2631
2656
344
1244
687
2666
504
432
340
3924
2610
1772
3578
225
820
1669
3699
3028
3417
599
3577
3498
2596
1918
910
1895
3280
64
3709
2486
3537
1954
284
3743
684
1780
611
1169
3820
186
3855
2552
892
3444
3080
1616
396
1541
2774
3551
207
3099
3161
254
712
2885
2583
12
2746
774
114
1987
1774
2338
3946
401
1400
2042
1735
2424
2700
3932
3797
754
1903
238
722
675
1194
1563
1580
161
3289
2388
777
1190
204
512
224
3522
2147
2115
2584
335
1595
1139
136
55
3226
3389
912
374
2726
878
2990
2733
3300
2276
1309
4043
1290
2703
1450
3564
2815
3546
83
437
1819
2256
3334
534
2776
3544
3347
766
32
2383
