1046
2962
2986
3756
1006
2380
992
3328
3153
512
1118
1572
181
4036
1158
1159
2799
798
978
1681
91
3923
403
3615
932
2418
172
3508
865
1074
3025
526
2599
4063
2743
3637
1216
2382
2665
3525
3758
4016
602
3903
2108
2401
3544
3783
3697
3685
3824
404
2376
2484
1999
1847
2169
2678
2580
843
2424
1198
3335
3407
1442
1750
1886
333
1418
1026
448
3973
1137
625
3512
1389
1071
2547
641
3515
794
3826
1809
530
654
2161
4020
1206
1655
1249
3022
451
2852
1279
2352
1314
608
2014
2516
2653
2800
3339
1520
3893
2081
1768
596
1325
3527
3532
1011
2869
2648
2539
1365
765
2409
1966
2887
1523
872
2878
2646
2342
3978
3369
54
1286
416
863
1678
1584
1987
2121
3010
3357
3415
2130
3850
3247
1964
660
3359
3052
62
1631
2000
742
1283
3084
3616
3075
359
3377
38
3868
2123
756
60
3674
2301
1661
277
304
1417
282
3473
2295
2881
2617
2165
1182
1019
1597
1571
207
3270
801
2356
104
859
331
355
2959
1729
210
1289
3437
876
887
3888
3649
2362
3265
45
605
135
1016
3972
3590
2481
2510
3308
2277
2064
1918
630
3597
664
1861
2455
1015
663
3353
2556
270
74
3726
1396
1828
1327
3582
3416
1724
1853
3128
3570
3995
1122
323
1639
4029
2842
838
129
3302
143
2225
1012
642
472
1672
3343
1303
3576
468
1703
643
1229
1024
3401
2467
1020
1378
1603
1258
3950
4026
1116
2570
3951
3082
120
2994
3165
67
2233
3952
565
762
3214
3798
2812
486
2102
2237
2334
1784
1848
1792
1903
2786
4074
3300
3849
4062
1408
3426
248
1595
500
4065
1618
2349
3424
595
2168
3841
880
1504
854
174
1224
3549
1369
73
1874
1799
1084
3892
1864
427
3441
10
2331
861
2232
1732
322
3776
1890
2817
1119
100
20
3496
680
2929
2610
2640
954
23
991
2587
619
3694
363
2068
3224
1953
2171
5
3740
3382
2351
2850
2170
1688
2080
3388
3332
1483
3755
3444
431
2132
1066
3106
1833
2531
2097
1862
2072
455
3607
3979
1241
256
2897
1411
1926
157
528
56
571
2257
3285
426
95
1977
3935
2557
3876
1501
3483
520
570
1328
1215
2874
1566
2101
3679
3804
367
9
1600
728
1730
556
43
718
3468
1316
2077
3054
1459
1934
2714
949
3114
3083
2360
167
1794
740
2259
776
702
913
1384
2012
3458
1428
685
2797
2964
893
2554
82
2674
3992
3141
3920
2052
1171
3239
2071
3969
1187
3784
800
463
2312
2343
364
53
494
469
1419
799
1029
819
2675
1752
502
1093
263
534
2638
780
2632
22
1429
1898
209
2739
3000
653
4052
497
3859
1863
1528
2082
1783
3721
940
1120
485
921
3990
790
2885
2974
3742
3303
1839
3822
677
94
2731
901
3038
3286
2310
2033
2416
1194
531
3514
754
1180
2761
1630
457
3587
3288
2914
1935
3779
2985
1698
1793
4013
3149
2223
2611
1751
1808
2519
1498
2372
1441
2107
227
1904
422
234
3019
3421
3404
2205
1243
2440
2752
3861
1984
3709
4008
2880
3550
1323
64
35
1810
362
3199
2230
1949
707
1304
1468
1238
2469
2990
1178
3297
2042
3074
3566
2770
2981
2164
39
2527
1377
3246
3040
2252
21
4073
3572
3933
504
952
3827
3838
2453
2138
459
2899
2412
2363
1632
3397
1002
3743
3528
2021
4072
3375
3817
1203
3858
1614
2515
1646
1968
3914
1656
1893
1299
1856
3750
517
1800
1482
1882
3501
2216
515
3848
3499
1971
2564
1275
1832
1625
1870
3497
2748
2685
4088
1467
2942
3757
2690
1443
1583
381
1236
3559
3982
552
2144
247
3374
3161
645
3003
3670
3509
2589
1762
441
483
1961
2722
1912
3127
384
75
3459
339
474
2353
3142
2518
265
2419
755
679
1602
2444
3420
309
2119
3184
246
732
478
2354
2767
885
2681
3661
1771
1770
635
1754
2157
2637
3565
1469
2814
674
3628
994
2867
2742
1000
1728
3811
1567
1826
1047
551
1192
2568
1357
4061
313
1513
2030
1704
4083
2721
2395
1769
2682
1148
1431
3621
637
825
2782
2493
1737
1651
4050
2497
1166
2359
1186
3591
2676
3131
723
3878
1217
1059
3371
2159
92
3367
2542
3033
774
3851
2756
1967
2479
1135
1911
3930
2713
1068
4004
1252
1036
159
1664
1222
2441
1150
1235
3292
1645
847
2290
151
4042
2521
3347
2307
409
1633
922
4070
2670
2188
3186
1213
2694
3588
1043
783
3411
1305
3147
3542
3206
358
822
2213
3875
3577
2318
2333
251
3561
1393
1245
3962
3321
574
578
1787
1434
4089
1039
3376
1110
1197
3511
1121
1335
57
2803
3632
3833
882
1952
2581
2759
2345
1774
2127
2926
1865
456
1605
1404
1694
1130
3643
4048
243
2465
1133
308
907
479
4024
2545
2633
678
1891
340
3539
3238
941
244
3732
3609
1592
3955
1831
107
2045
2463
3045
1585
1356
2038
2348
3668
691
1888
3355
2315
3778
3592
2988
3220
3891
2846
2209
3340
2911
1014
713
1466
829
3096
2621
1575
1659
3843
3641
1683
1141
1733
186
2386
2374
3036
1634
743
681
252
260
1608
926
2860
3810
611
810
2468
2269
744
3975
1301
1487
2113
2613
2789
1956
1705
466
683
581
1082
1004
2089
2153
1170
934
1438
3262
1658
791
1315
2798
3453
7
1508
3358
666
919
1627
4018
3656
3351
2265
4056
2091
1538
2558
2447
445
3361
1290
378
2844
3243
2643
3379
2877
1174
465
2735
2919
306
2092
3237
202
1099
547
3970
2032
2311
166
2848
1756
2956
49
3552
24
3484
573
1472
1714
3174
443
2723
2019
1950
101
2067
2049
891
3688
1311
1764
1556
3781
2543
878
314
2427
1214
1983
2041
3734
4054
2425
3152
1107
3378
2970
2410
383
3488
890
2249
439
3172
3456
716
3318
977
3863
3406
957
1524
3866
3714
160
3465
2859
3686
3324
786
1892
3168
89
4095
2783
3187
961
709
3967
1005
745
90
2826
2100
169
3219
3513
1458
972
3808
933
3138
1189
2414
2470
2822
2684
1077
1842
2407
1701
375
3853
3585
692
218
3423
3202
1697
3390
3669
710
3999
1364
3535
1877
2381
3595
939
1720
1699
370
3145
963
3477
2749
349
1349
3575
867
1564
2143
779
477
3314
1930
3193
2430
1144
2329
3425
1083
1232
3442
759
1461
1048
2203
438
1324
2696
652
1115
1034
2432
3518
505
2248
1003
498
2426
3612
4035
1497
1390
3435
108
3194
2086
2728
453
2567
737
3901
2355
2661
1531
2948
2357
1516
3079
930
1623
3345
703
2500
1822
2435
273
3015
1072
2227
3998
2891
3089
2666
2162
2892
2055
3037
1184
286
32
189
2813
283
3363
990
2137
2635
2392
1129
3450
48
2829
3635
594
3856
373
1063
3337
3452
1025
2224
3774
803
2660
3934
626
3648
3562
870
2303
1621
2634
3504
3545
2059
1273
1690
116
527
730
2262
3352
2193
3108
544
3305
2192
2283
3814
2219
3837
1403
2116
1149
2854
1821
2024
3653
3911
1455
3346
3939
2066
734
840
2405
997
3900
2402
3067
871
1820
1387
1291
536
1540
1990
2708
778
2005
1795
432
3135
3113
719
2594
3392
3698
490
2433
2341
2429
697
682
2442
3770
4006
3683
3954
4049
311
3171
2651
2700
1743
2146
705
3112
3372
292
3078
269
2631
1725
2679
1593
2003
4033
1872
2535
1399
2034
2026
894
1155
1920
2302
1131
1974
560
3506
484
3240
618
3169
2969
1913
1654
3534
2393
1379
2667
1547
923
1755
3277
2791
2760
2711
1085
1817
235
1322
1748
1067
1355
2322
955
3344
1601
879
1594
3492
3642
739
3203
3744
3660
1420
352
3705
3667
1543
1161
1231
3831
3567
3333
3235
2251
3799
735
2790
3823
2921
2148
287
1960
1260
3747
3563
2776
1415
1857
55
1781
162
1562
3690
3014
1013
1573
3085
2511
4045
1140
3720
1032
4009
1709
2906
3317
2649
2753
975
787
2236
2958
942
2384
3290
411
747
2485
2951
2925
927
343
131
3414
1413
2117
2584
1277
888
979
2272
3395
3890
1532
1223
219
3387
3111
2697
430
2807
1525
3806
807
3942
3212
3907
2933
2456
2167
3620
812
3551
2907
2801
3154
2095
1776
892
2061
995
656
3737
1721
1447
138
1722
3835
4087
1296
2751
506
3312
3672
3711
3123
1696
3381
909
1300
2274
1406
4015
2565
2240
3877
2185
3115
2073
435
142
920
2950
2923
3651
2461
967
3608
2099
1615
2105
2166
261
1151
3968
3753
1477
2828
649
694
708
833
2898
61
1204
864
3250
1914
1679
1824
667
969
1542
3210
16
1358
1840
3462
1778
1512
1329
400
2029
2793
2304
408
2179
4093
3227
353
3493
2971
1405
4034
326
4084
2139
372
3029
3767
3557
1544
1111
271
2085
2785
1550
1426
3384
2160
2937
3354
1555
2258
3061
3266
195
1530
3517
846
2126
2703
1509
425
2771
3267
3269
2261
1939
2062
1988
315
889
68
2480
211
470
301
2009
4060
1321
2608
3919
2883
2275
3574
2111
3216
1481
3244
2830
2918
623
3093
2035
1105
3449
334
2768
2078
1574
1081
599
2650
1347
1973
2559
406
1001
1741
1962
3296
168
1760
1657
2795
1972
70
970
3325
1147
2523
931
87
2902
1251
2825
914
316
2544
2719
3259
58
1684
2457
1233
3879
1813
413
1104
1940
3177
3500
2420
4012
622
1995
2987
2905
3936
2520
2763
1565
3095
255
2134
3046
4046
655
146
2979
3170
1514
3249
3432
3701
1873
3991
2053
1965
2163
896
2715
3480
3807
3966
1280
2593
521
1271
1994
2475
2619
2378
3908
3961
1156
3580
965
1692
2406
2501
1332
583
1353
2908
2630
3678
118
3330
1253
590
2639
3294
3644
2513
858
3004
2833
2431
3117
3136
1257
1471
3581
606
1175
2268
1342
2586
3001
2903
222
912
2636
2641
78
1685
3554
2411
2597
3759
3782
3326
377
1517
738
1506
1146
1582
981
134
1568
2868
688
2150
137
3124
3436
2448
3279
821
3195
1128
1228
3801
1548
126
3749
2474
3874
3650
657
1154
4017
1744
3125
1320
1114
2890
1055
1476
2264
88
589
1493
2282
1643
2600
614
1902
1023
1163
336
1959
3931
1282
221
1644
814
2928
4085
1250
2978
310
3560
317
1518
230
437
1402
3764
925
1363
2060
3819
3681
1636
3396
3261
2103
1086
3526
1766
4001
1624
369
1866
2644
2629
3139
3257
3543
3012
3158
3953
3997
1339
2293
3198
4030
2688
79
636
1270
2837
183
2720
2330
3218
540
1422
1790
368
405
0
2464
3802
2602
3280
2802
2273
1521
2154
391
1757
538
1945
2875
496
1947
3120
2726
1782
1106
2291
1780
2702
2156
3143
1313
3873
1622
3316
3133
792
4038
132
3948
3204
2774
805
1527
1103
208
1993
758
1860
811
2504
3624
1570
3107
442
806
81
2317
2732
632
2173
2824
2561
817
2788
329
3718
1008
3196
3201
1492
289
3538
3761
2995
3109
873
962
2364
2781
2466
1670
3403
1079
1649
1626
2975
2239
3805
4025
3594
3313
2998
998
973
2572
2109
2730
2913
2704
3348
2208
1777
2211
3862
1502
2856
1491
3440
385
839
387
956
1089
585
3289
2940
341
1274
2590
1907
1745
4055
80
2051
4080
1262
2445
1616
3391
3485
3049
36
2935
3872
1456
3447
3882
3192
1440
2955
233
1134
1035
2093
357
3963
2069
3639
993
3276
1409
1876
3383
3663
607
2428
1578
2439
3845
3451
1208
1142
1610
3573
59
3023
1717
518
1276
2489
3148
615
3307
1976
3820
2736
1488
2605
3604
1829
1825
179
1045
3871
511
2609
827
2645
447
3887
3268
2247
240
3772
2622
327
3467
1306
2980
1916
1073
2155
473
1256
3472
3745
541
105
2004
516
1620
3958
3860
259
788
1554
2332
2615
3491
3821
4043
1056
2271
2834
3904
974
3055
392
2314
985
3253
3578
3031
3626
4058
2178
2888
1211
2499
2129
2628
875
3098
4041
2201
1955
3032
1680
706
2537
3836
3495
943
2039
2843
188
1539
1414
1647
3457
650
3727
3677
3044
3306
3155
3231
1173
760
576
2819
299
2280
2709
2403
2423
1932
3638
535
1451
119
3700
1963
1088
3241
785
1576
454
3448
3716
3008
577
1427
968
1985
3680
2383
2177
3629
3790
1711
3129
2128
3385
2074
325
2747
722
1465
3614
266
2954
1407
928
3940
3993
2525
729
295
1234
1164
1992
3673
2820
2777
533
1802
2606
1453
3366
2375
3490
2541
262
1285
561
330
3929
4040
1230
3058
2015
3053
1454
69
1292
2013
1674
1288
3586
1641
3695
2683
50
3338
214
3418
3311
639
852
724
1561
2270
2579
3248
3030
1010
3191
1596
1854
3242
2930
1617
857
916
3323
945
3769
1336
3547
489
3309
1097
1371
1209
3852
1219
2915
1092
3987
3057
612
3258
841
1383
1160
3232
1859
2522
748
2716
2762
584
2534
2827
1168
1287
2328
2408
514
982
627
2371
513
3865
2413
4066
733
433
1943
3176
2625
2677
3026
2450
564
3373
568
2528
3809
2373
3760
1179
2482
1827
1801
1102
3699
3273
194
3233
2691
2663
274
3060
1007
3516
2473
2738
2063
3857
2601
3912
4002
548
3156
2305
532
3466
1057
290
3103
4019
397
4090
1814
3634
19
3647
8
139
610
1606
1062
959
2044
3018
4071
41
2
1030
2618
2538
2502
3785
752
1162
2772
3398
1310
253
2212
414
3989
764
1199
300
2548
2533
844
141
620
382
2222
4000
2007
111
93
2809
2048
293
26
2853
3009
2886
3502
2346
2664
2488
3185
2725
1836
1309
1381
415
3179
804
3775
2087
966
2324
3380
2508
1090
1078
1668
899
1112
2462
651
3255
2387
2889
321
1054
2654
3627
555
2604
936
122
964
156
726
2524
670
3163
3017
3964
684
2199
2840
714
2495
1165
2849
302
396
3183
1201
2741
3454
3282
2498
2864
2695
3813
2158
3461
2576
2729
1638
883
2623
1734
3898
3304
4005
1018
3889
1996
351
1143
3571
717
3293
278
3869
2740
421
1851
249
2022
2286
1265
3229
3829
1400
613
2687
2514
345
1226
3724
2616
1905
1044
348
3360
2901
2838
320
1536
832
3523
2574
3657
3606
2106
2289
4037
1139
2151
905
2149
2043
3766
2698
4007
1805
1080
3471
1533
2120
2647
2750
793
2288
2712
2997
2503
3336
1360
312
2438
281
102
3812
720
3925
1899
2016
3564
2186
2443
72
2399
337
700
3234
2458
2699
140
1200
1924
2366
3094
1900
149
2088
145
1969
2110
2422
1490
434
860
1749
1367
1366
2595
766
1109
1308
2040
28
658
831
3429
344
2912
3646
1712
1433
3602
910
1927
96
1494
2491
553
2866
354
1580
225
572
1642
2404
2244
3902
951
3494
4078
1344
1772
1225
2778
770
4092
37
3959
2471
3728
3487
1049
686
1503
2668
1798
2855
3427
575
3977
1922
816
980
1042
3350
136
2243
2017
853
4067
2276
2202
1786
842
1246
3944
394
2745
2620
1970
850
2010
524
2001
3349
2976
332
1218
3689
2839
3469
275
3489
3546
3596
201
1479
2058
450
3895
2512
2550
3722
115
704
1319
2396
402
2046
1157
4077
3251
1901
3707
2922
545
3264
3696
1499
3119
3881
2182
2932
3
1823
2927
2308
495
182
2339
3063
1486
3159
3474
3463
1522
206
3099
2054
224
1021
3792
837
2816
2400
4003
3986
1989
3281
460
2857
3144
4064
1731
4057
976
3717
950
158
133
1050
2369
1302
3222
2585
2583
1061
3910
154
915
13
1586
2769
2818
1834
1526
109
1439
1424
461
604
1981
1682
2764
3211
2285
3207
1736
2960
672
3568
1416
769
175
2124
4047
376
285
763
1348
1464
1915
2476
2879
3916
1060
598
3765
2367
1785
346
3439
1611
631
1850
1804
986
2267
1391
1715
2821
1739
429
2727
3386
1196
537
2070
1087
2296
1450
2506
3460
1460
2672
1076
436
33
66
3816
3922
869
911
1101
601
2946
999
2992
1806
2835
3041
12
3482
1337
2449
1558
2037
2397
324
3917
3655
3167
3980
898
701
3412
1569
1979
2263
3519
1237
1326
525
1933
3121
886
3981
18
1946
1240
3522
3623
3162
3946
1830
3006
2938
2710
177
29
550
3712
1936
1885
3693
1906
543
947
1278
503
3771
31
984
510
2214
4079
2320
3825
65
1843
715
3880
3924
1816
3780
2234
1172
2815
3691
2966
3319
3272
3100
2338
25
4010
874
3498
215
2806
775
2436
2991
501
546
2370
3593
1398
777
3315
99
2454
2297
3430
835
3278
3182
3478
106
3287
2452
1577
2943
1136
173
3735
3906
509
4069
3431
3393
2577
834
3918
3059
987
3529
3215
1437
2598
3715
3134
356
128
580
904
1846
2673
1797
360
2909
2871
3617
2278
3035
3787
3087
3146
1430
795
736
1978
2344
2626
3189
3883
1038
2184
1710
1264
1373
2075
782
621
1248
144
117
3071
725
549
1887
1662
3555
2832
1261
2076
3558
2104
198
1944
2180
3056
721
1975
1307
2705
1700
3938
85
1716
223
3208
1998
2936
3665
3370
3069
3245
1380
2851
1436
809
3434
2945
3342
2446
3662
2220
3409
1880
237
529
2982
1726
1923
4094
638
1098
1884
634
1188
3329
824
781
3252
1837
1017
1637
3897
1254
3291
1921
3899
3579
2893
4059
2733
1185
1108
1727
124
238
1446
3671
1202
1942
3065
523
2953
491
4011
1167
3583
566
176
1677
558
903
42
1272
3631
3047
418
2689
2804
2434
3762
3941
2319
2487
917
3926
1475
386
389
103
1511
3867
1773
2496
731
3034
1713
2065
2198
165
960
2701
3254
1343
918
895
125
935
2114
3708
3658
190
229
3284
2368
2977
1386
3116
3729
519
2187
2390
1395
2870
2260
3507
3433
3988
4039
3834
3223
1707
3611
3364
3299
2195
1753
2118
1515
3137
671
3736
15
1858
2394
2238
946
257
3050
868
662
1480
828
3021
127
3733
2181
1589
1855
3636
2657
1069
2266
2217
1878
2916
2662
1205
1394
2757
3510
646
2841
2196
2775
2084
3706
1838
1138
2967
14
1341
3486
1247
1376
2823
361
2693
2183
1169
948
3738
924
480
2140
2530
813
2939
2773
2028
3166
1425
1629
2642
1041
2582
772
338
881
3140
1706
1818
1869
2011
2569
2175
3556
1338
3847
63
1563
3188
97
2152
371
212
1671
668
3913
2532
3844
239
1183
51
2965
1735
399
3601
554
170
796
1591
2027
161
3104
4044
3394
3932
1350
1096
4068
2612
1385
3682
587
2526
851
84
196
644
1352
2325
1037
751
3221
3957
3405
213
1370
1485
1759
3619
3007
1986
3408
2758
3263
2316
628
908
2417
3410
446
1410
3943
4032
1473
3818
2655
2347
3520
2083
4051
820
1740
3704
3854
2204
2680
1925
163
3068
2507
3011
559
4053
3971
971
3676
2031
4028
2652
3365
699
3088
1844
2472
191
3599
3081
2256
2865
268
3610
1938
1094
2536
3928
2505
2194
1126
3719
1954
3746
2313
3956
2131
1579
1210
1227
3475
2098
1412
2796
2671
3470
1835
3960
2746
3048
2136
1145
2658
1982
4075
1665
1470
3190
1535
2008
1534
3310
802
3200
989
1091
609
507
3256
1242
3327
2784
3794
98
3613
1675
3105
407
1599
2792
1070
1803
784
4076
2300
1852
1669
2135
250
1444
3039
335
669
3028
2133
2336
983
3886
2566
2494
797
2006
482
488
2379
1176
272
3533
1507
1767
617
3741
2483
6
390
633
539
242
4031
3295
958
2002
1191
121
2254
1124
3909
471
1374
753
379
3298
2947
1177
1496
2949
1484
3675
2025
2810
294
2287
114
3438
2706
2546
2326
761
298
3217
462
2246
481
2486
347
2707
562
1448
178
232
3786
3584
2944
3455
2018
3687
4086
988
1255
184
2884
2754
661
522
147
3752
2858
342
3356
3118
3126
1789
1340
241
395
1609
849
492
3417
3896
1919
3840
2245
4014
2437
3710
1297
1113
420
3828
2327
1587
3754
1263
3630
3334
591
2125
3132
3605
746
1666
3230
1889
2910
1549
245
1691
929
1742
1298
877
1295
3985
2845
2596
579
113
768
2361
2553
1628
1362
2836
2896
2873
1897
3160
3633
2115
152
2228
2377
2350
2811
938
3947
3664
855
1908
862
148
2174
3864
1064
3076
3984
1294
3731
1590
296
2145
3531
3949
1552
153
2656
2036
2079
424
665
44
757
264
1867
1980
3521
47
374
1667
3659
1676
1650
2057
2724
836
307
1423
1053
3236
1445
2847
597
741
2963
826
906
236
1560
629
3530
1051
3600
712
1212
1551
2934
2900
318
1581
2560
1033
2737
693
3846
600
1333
2122
2250
3476
2309
444
2540
205
3773
1747
40
1361
696
1331
3122
267
319
197
1652
3151
3730
1449
1489
3540
1181
2717
3066
3092
2281
900
866
542
1917
3622
1849
1537
3974
2477
3763
3569
2808
2241
2050
34
1937
388
593
1868
2141
423
2555
823
2358
231
3180
1027
164
1758
199
1941
3481
3164
1763
2603
1031
3443
3020
902
2191
897
789
1708
3713
2388
1317
3536
2734
1351
3768
3042
2337
2894
3402
1559
569
464
659
845
2552
3368
3797
3839
393
2142
2020
3692
4023
1957
449
3024
648
4081
727
130
1746
2210
3894
3301
1318
2573
1958
3341
280
687
3228
1267
750
77
254
2984
2056
1765
567
3937
640
2321
3645
4027
2999
1819
1598
2389
3422
2460
458
3739
2961
3921
856
3043
3666
1
2562
1529
2478
110
3505
417
3796
2968
1909
2490
2669
27
3751
398
1382
493
1100
2253
3870
2973
1421
1807
1875
2279
3086
1775
3803
689
4091
3965
1545
2904
1791
1815
3102
1613
288
3945
1388
1190
1478
3723
3446
3625
2924
3791
3830
830
582
1028
3013
2578
180
3832
2861
3051
1895
3322
226
1541
3197
150
3684
2221
204
440
3400
2551
2255
1896
2190
2529
3173
1879
2340
185
771
1346
2306
2242
3598
2509
3994
2365
1588
2805
1220
279
2765
3793
1607
2451
3274
1009
3002
3225
1463
2957
3157
467
2983
1022
3209
1660
1269
1635
1951
3777
303
1519
1928
2659
2172
3789
1845
1500
673
1812
1457
3788
557
1334
1653
192
1648
2996
3524
52
1553
2831
3073
1505
1612
3703
2206
1259
2218
1452
3110
3428
2294
3553
284
3548
11
2549
305
2189
2229
676
1619
3927
3413
1193
4
1693
815
1462
698
2591
83
2993
1359
2744
1761
1719
2876
818
592
1345
690
2686
695
2147
953
3915
3537
1123
2415
3150
2882
4021
291
2398
2391
3016
2323
563
2571
428
3795
350
2517
187
1368
3800
2917
2787
2492
410
1871
1929
366
3884
1052
749
3445
258
2090
3101
1125
3589
2200
2226
217
1132
1673
1075
1510
3983
1375
1354
328
3479
675
3070
2692
3362
1065
76
3885
412
475
3178
1195
808
1881
3654
200
3725
2112
2235
996
3815
1239
1640
508
1495
2207
3072
3842
1702
647
1779
944
3389
2575
419
1474
1557
46
3996
2872
2862
3652
2094
228
2718
487
2607
2779
1153
3005
3399
2794
3226
2231
276
1293
17
2931
2284
1931
1695
2755
380
3748
2385
1883
3320
86
767
1894
2627
3541
3175
4022
2292
1718
2459
1330
30
1910
3090
1997
2592
3503
123
3419
2176
3275
1687
2023
1268
616
2047
3181
1397
476
2941
1312
1401
1689
1284
3064
1221
3331
3130
1991
2952
1372
401
1244
193
1392
4082
3205
3213
1435
1738
452
2972
3271
1841
3640
365
3062
2614
2863
3905
2895
1663
71
112
1127
216
3702
2624
3603
2588
884
3077
1723
3097
2215
3260
3618
1546
2421
2920
2989
3855
1788
2563
297
2298
586
1948
3464
603
937
2096
2197
1040
1266
1207
3091
220
624
1058
1604
588
499
171
2299
3283
848
2766
1811
203
3080
3027
773
1432
1686
1281
3976
1095
2780
1796
2335
1152
1117
155
711
