1593
857
2188
1984
1268
1119
69
480
655
263
1635
1707
3761
2017
2837
3376
1138
3147
3119
2773
825
1123
3328
4057
327
216
1803
3595
3641
1176
1858
1509
782
1089
1408
1878
2917
2238
1250
150
309
2428
3665
98
1479
1840
319
1544
2488
3488
2452
1921
2355
627
545
2903
2871
1737
258
675
2893
802
262
1888
1104
2920
3139
3060
625
1438
1496
2320
2058
2334
2996
944
1978
1796
949
3237
2350
923
1463
1099
1379
2353
1337
2228
844
3372
3762
64
2568
2242
2365
1162
2106
1756
3475
2202
3091
772
1874
1018
3970
2143
2941
2650
451
3734
833
280
44
706
3178
2207
187
2052
2317
1134
1708
3100
422
76
853
3261
1511
3612
1944
604
2024
3405
1083
3033
538
3008
1042
1155
1064
2786
3320
3768
3679
2264
3645
1834
272
288
3839
2446
3891
3458
3987
1631
405
1875
1768
2793
2910
1392
3448
1964
2214
920
3449
236
3846
1897
2841
2396
218
3044
316
3758
3907
916
967
2722
3210
3564
921
2011
1891
3747
221
900
2780
2748
378
823
2385
1260
1791
2274
2269
1366
3312
3087
2672
489
2894
532
1997
1893
2049
2853
253
2219
1643
682
1265
454
1338
548
1457
865
2600
2292
2266
2095
892
2405
1604
2707
1759
1458
3408
1323
3072
937
1903
3666
225
919
733
887
2676
68
2728
3456
4040
2445
175
578
2460
4007
3027
1972
2822
2098
3169
4072
1639
173
139
4056
99
2668
3657
3749
1892
624
664
3653
2047
382
950
2738
1332
3534
2935
3397
3929
669
2723
468
544
2305
2204
2221
2541
3473
54
2170
3651
3913
2639
33
1418
551
644
1515
2814
927
3071
3122
3259
1152
2321
2458
3357
2093
3993
3435
2528
2123
1917
2335
40
1436
4000
155
3808
3607
267
1977
3207
3918
1028
2797
156
1245
437
2454
1067
2171
4020
233
178
4061
1160
2984
1380
926
168
111
514
1717
1487
1700
692
3596
837
2419
2456
1093
767
1676
3677
190
3903
3205
2628
2421
810
1855
3682
1797
410
3017
3609
2362
4005
2450
1032
52
2018
246
205
3708
2029
1780
1686
1248
2479
2186
2878
3166
3705
4016
3989
2464
487
1558
1451
819
3020
134
1374
781
1801
3040
3982
138
3923
2443
998
594
1307
1862
3358
555
2588
1927
3194
1311
74
3089
3545
1087
2597
3912
3074
3381
1752
2866
3767
1198
4062
2821
1848
780
2173
3799
3255
324
1605
602
2224
2174
42
2324
3505
3076
2978
1136
1450
3038
2732
505
549
749
3427
2751
2412
687
1114
4089
2325
2478
2985
2103
3840
1647
2439
2869
2573
3671
2863
4025
3251
868
2134
3280
1168
1071
213
3283
2036
167
3110
2022
2054
698
2002
384
1282
4033
3403
3994
1713
2671
2386
558
85
1500
2736
105
154
28
3861
1156
2472
3854
306
3262
3317
3181
1227
3676
353
3797
1049
2126
2502
1869
3837
1105
3928
3832
1072
953
2236
3428
1294
3835
3572
1837
1148
485
1688
1444
598
2602
588
1205
1623
3860
2039
3383
1881
2806
3816
3487
2113
1653
3567
911
2981
1045
550
1257
3663
531
3586
640
815
3279
634
43
1183
3175
1125
3571
2312
1235
91
2637
584
2438
2177
281
2595
611
2192
2486
4032
599
1046
721
571
3290
3693
731
2612
1906
2492
300
1770
2813
1073
1306
2807
3528
3836
2809
2737
980
414
2090
2220
3786
3413
2021
3041
3683
1724
912
486
831
1986
2933
4052
2767
2184
1722
3454
3900
672
166
1813
72
1660
783
191
2589
245
771
3870
1037
4001
1612
3794
517
2956
2670
1744
2983
2630
741
1459
1672
3447
49
1781
870
1962
3590
621
1053
1565
2975
884
1236
1534
323
2082
3361
1916
928
3305
3200
4013
3461
2070
3284
322
2514
996
3922
1976
1377
2127
2925
2467
2117
1094
848
3782
3988
1141
2092
158
1598
3219
995
2790
1442
2545
1108
785
1513
3056
313
683
586
2189
2601
3193
2132
1466
241
3954
619
3814
2621
1586
1854
2046
1807
832
3910
1516
3713
4083
3613
14
289
260
1709
1998
1054
2409
3874
745
3078
2550
296
3514
1830
142
4063
3450
891
2714
1761
1843
1842
3293
516
1364
2284
181
2208
2684
2259
3620
674
2119
1879
2197
3841
2322
862
1620
2282
3332
1884
270
2680
491
2027
1852
1043
1836
3114
3950
317
3054
596
2328
2462
2582
271
1092
137
4010
4042
896
796
1656
3248
3374
2413
2330
2946
804
2964
1530
536
2755
3342
1485
842
1936
3513
1812
360
3843
2031
1706
4015
2605
2783
739
3497
768
1342
613
3401
3942
1203
3574
45
649
3362
2431
177
2416
609
3125
541
1677
3975
3422
2057
3296
2886
1575
2562
2829
3227
1437
4031
2955
3344
1022
112
3709
63
200
3104
648
2392
2795
3240
3109
276
2709
2494
443
2254
2949
1928
3481
208
987
1664
303
1532
2606
1818
975
660
828
1779
1464
1084
2125
2013
2583
2361
1204
1057
3103
2198
3829
3689
2372
1587
3023
963
2293
2641
3120
3733
1696
1901
2950
2642
1989
1258
3460
473
1654
1833
979
3818
2044
2616
3685
207
793
3327
2559
1086
3289
1726
3712
3272
3442
92
2517
938
1025
1941
2766
574
3055
2553
1075
2830
308
966
2859
79
3566
3343
1308
2400
1968
163
1669
3616
2503
3681
3398
2232
2876
2784
4093
2487
2569
3618
3718
3185
1399
2408
2867
2552
3168
2007
2686
2436
3480
314
3278
3277
3937
3739
1476
1864
2482
1693
3754
2907
880
2135
515
3743
3141
2835
1003
2231
2105
1070
3407
2897
373
2262
1745
326
3236
3247
824
1750
3694
4080
2890
3909
2217
723
934
56
1937
3124
1129
1613
3011
1951
2493
691
775
3838
2900
2154
3847
2532
27
3788
2546
1497
820
3801
1760
2299
4075
1221
3349
711
332
379
3024
1940
1024
1278
3947
3102
2146
901
1088
3234
1845
3048
632
637
3257
3146
240
2115
2820
3658
2992
2599
1431
3199
3241
4068
1149
95
438
2079
61
3388
864
3059
3437
2879
1965
1629
3340
194
2873
2023
3941
788
1689
2368
2112
3084
1312
2296
1315
1165
4029
709
2359
3881
597
2531
2191
510
3648
4023
3756
2351
3164
3338
1632
402
2542
2817
3531
978
1098
3478
370
2211
1747
2272
1285
1126
3003
553
1021
2066
2246
1473
2810
2101
4035
1678
2168
2743
1582
493
2037
1066
38
1616
3195
423
1846
3650
1771
2100
1469
301
2963
3000
2425
1502
294
1954
3849
2064
3356
3908
2182
2059
1991
2195
3594
909
800
2635
2475
4008
3992
2787
1947
3133
3457
673
2423
3482
3570
115
671
2593
2856
1419
3123
255
11
1514
1280
3512
3173
2564
104
1390
3136
713
2666
845
3267
2654
2109
2962
2183
618
490
3156
1938
3615
1839
2999
1446
132
2660
3638
2060
2034
2765
3334
2929
1503
1325
3536
3385
2342
3972
3703
2851
1201
1609
512
331
1224
2118
2147
1783
32
972
2957
2924
3720
374
3763
1033
3232
3634
2468
3757
500
2005
1670
445
3772
3654
3601
2111
591
2976
658
2598
2427
693
2759
994
492
3510
942
2424
1474
3511
2131
803
2043
126
3037
945
2534
1755
1193
3253
1189
4022
537
2339
3302
1186
2294
0
2074
959
533
2003
838
348
1435
1103
2742
1955
3895
955
3544
2789
894
878
1590
3815
710
4004
1622
2430
1799
1010
567
1056
1543
829
3882
475
3862
1287
518
2700
1239
960
1931
2791
3631
1273
2026
3081
2971
2218
145
299
39
3304
3395
3464
1314
2205
3360
1281
1192
2576
579
1505
657
2850
2931
535
1512
209
3642
1720
1317
751
2617
3887
1769
2261
2506
2636
2764
656
2110
2215
3012
1327
1065
3197
3311
337
2442
1335
3155
561
801
3924
3365
2159
2298
89
2679
3001
668
2165
2401
4003
985
2239
3498
1919
1240
1303
1102
3396
2575
2719
1865
2265
1627
2620
1668
2083
355
1498
2948
2522
2062
841
2302
2138
2245
4012
2180
3179
3977
2527
3819
1081
2179
764
1359
1574
2609
2332
528
3778
678
886
1728
1517
3275
311
3039
2379
1027
3223
1299
2604
2735
2922
90
3172
2854
2896
744
3021
2979
790
448
2753
3518
2253
416
3905
1353
192
2596
2203
1725
3793
1063
2411
1097
1448
3285
2276
2352
1449
3479
3759
342
1890
3637
3981
2627
3142
2102
2051
3294
732
1880
1465
153
2721
3035
568
479
2678
3288
2838
2463
2872
3825
1847
3250
2539
1011
1682
2572
1659
2973
504
2476
1345
3080
1218
1130
3143
403
2777
2089
1122
3740
3764
1988
341
3202
708
1346
455
3714
1472
1952
1521
1566
1730
1244
846
2740
686
969
1068
2702
3295
2537
2683
2901
413
62
3784
2752
2496
2399
822
1776
1109
1349
2295
1685
3319
3029
961
1029
1313
3005
4084
2388
2744
3307
3962
652
3579
948
2477
1793
1731
1564
3644
3917
866
147
929
3690
2227
1196
1645
1425
354
2799
3192
2181
2415
4071
3321
369
2014
742
2377
274
3130
542
387
227
1145
2881
2050
1370
663
2652
3659
677
1267
1857
2435
758
58
521
244
3112
171
3474
1471
3606
1060
3550
243
1220
2625
1658
1144
754
1510
1953
2072
2449
3695
2395
2874
345
1429
3964
1808
1785
1330
4024
854
446
2549
1247
2557
3967
3062
2151
1751
3834
977
457
4094
3094
367
2812
1912
3019
3274
3444
1784
626
1810
3161
3719
765
3916
3367
2969
80
3075
2139
2338
17
3134
109
3933
3082
1361
2144
1006
2833
1246
201
1461
2387
2016
4002
1008
643
474
494
2555
3617
3529
2848
3603
1621
1254
3466
889
581
519
2688
1873
3186
3781
3621
2465
2647
264
2313
238
852
2213
2898
1318
2698
1872
1468
3973
2152
3047
2667
1883
1216
572
3026
3085
307
3242
595
3106
1432
1971
2974
1774
3525
3752
71
1915
2815
1929
635
794
946
3599
3623
2373
83
3516
1739
2137
2536
1894
3611
3107
431
3577
1017
3043
417
3209
2291
1480
3287
3921
3073
222
3523
2199
2056
2025
1853
1180
4038
3807
1507
2921
3633
2432
2406
3446
2880
2942
3132
617
2776
2715
3533
840
592
2124
1684
2991
4
1551
287
1832
421
1568
2080
1052
1209
2045
1788
1293
2481
2840
3691
3673
164
2348
1817
1112
605
2911
2626
1077
982
4070
501
497
3322
3920
3569
3249
3455
3716
3978
2811
3099
2953
3140
2249
2226
1838
700
2075
3470
2484
1716
903
761
827
812
1214
2543
3520
1753
334
3347
3415
1642
1495
2819
1439
1705
144
1887
51
1536
3025
2314
3901
2498
1646
2190
1698
1795
3850
3213
2883
2241
1329
580
2696
2578
1402
3806
131
3
1142
2277
3537
3154
2319
3771
2919
1
2585
2967
1930
25
1455
1486
123
1187
2796
2656
3548
1625
3375
3108
2176
1211
3373
125
3170
1924
2030
3502
419
2336
6
3704
1274
321
108
3769
2888
2860
1597
1985
350
476
386
2548
1748
1826
2382
146
2006
2669
2710
3605
2803
665
730
636
3668
1552
681
102
2470
1549
2658
3696
1634
2286
2904
315
2356
1734
2341
2010
2157
2380
2747
3741
212
719
1559
4027
1270
2892
2158
2762
268
2858
1393
1640
1271
1970
129
1995
3731
2756
3698
539
2561
3045
4066
3625
3538
3138
1080
67
590
1229
2303
3614
3554
735
3957
1681
1545
3647
1242
3884
3892
2323
1039
971
1740
1266
1048
3699
2775
1013
2055
1200
2739
3949
3831
3856
1610
3664
4065
1525
3646
412
3486
2804
254
2417
1388
509
3316
3180
3823
694
2513
3540
720
3101
524
1199
1488
1253
1899
2081
726
1376
1849
3301
1219
3943
2511
1217
3936
1649
667
856
1746
1772
3061
3160
4082
2248
1373
232
3013
2347
1256
3339
1158
1905
589
2980
3662
704
198
3955
1174
2065
483
2870
1518
3813
3477
3670
1868
3266
1026
1671
3492
1058
3503
522
2
1195
388
4041
1489
77
2594
1630
3162
3883
2288
2244
1173
3628
1150
3243
3792
2674
3783
2831
2547
2491
3378
2865
1992
1191
1572
1363
1113
3434
1095
2662
148
1902
2718
3687
2619
763
2675
1333
2107
814
2067
563
439
2512
2643
855
1596
3189
141
1251
3382
2270
214
2965
466
2918
2785
1933
395
1101
3337
1956
3526
3323
2344
3810
1787
1859
3484
3946
249
261
1932
1907
3660
1420
3580
478
988
3805
1365
73
55
231
3600
3231
3996
1316
622
3966
2936
2378
471
1889
2554
2943
1588
529
1384
575
3258
219
2970
915
1680
3244
1662
534
3911
362
3190
3521
3315
273
2418
3418
3555
2009
1383
2041
718
3576
117
2166
344
1595
2193
1741
1100
3007
2404
3030
3276
3217
3802
2078
3018
2570
3264
957
2389
3627
2824
1562
2161
1757
1336
3363
1352
3233
750
488
3824
3552
1147
3144
3151
2994
2913
3999
562
3821
2717
10
1538
703
2297
1870
2846
257
237
3335
1856
834
699
2958
3710
2035
2216
1443
3208
902
1673
776
407
728
1822
1819
20
2461
398
290
3300
2586
1882
1190
1277
3226
2097
2632
2331
2906
3684
3560
3812
3131
954
3927
3958
1041
114
807
530
394
1178
1395
2141
914
729
47
1993
140
1263
1499
1732
3006
113
3760
1206
3984
1492
1441
3129
1896
2960
3286
695
970
293
2434
2663
2687
2772
118
3968
924
3191
1343
4034
1548
1618
3956
37
1007
87
3389
1482
1667
1867
2343
1181
3002
3500
676
569
320
3452
1300
3390
1909
2556
1133
3420
1599
465
2212
2624
3188
3604
1958
152
1641
2001
329
1733
335
3890
286
203
3465
2229
3886
1078
3391
3553
2012
358
1996
292
3370
2459
3096
1428
3402
1230
1348
116
3351
956
2923
1523
734
2255
593
2939
1111
2504
2383
1417
503
3582
88
4051
2720
2533
1966
3429
850
506
3828
863
650
898
2316
3858
2349
346
3700
2318
4095
1179
1406
2877
2367
847
3042
162
4059
1675
3051
3463
1232
3331
1960
1034
2592
189
3495
2610
381
952
2287
3443
2346
2646
3149
3626
799
3777
2447
3750
606
2160
338
1711
3165
3083
460
1415
1298
1824
1727
463
1777
1528
1782
905
2823
4064
583
4076
391
1674
1279
688
3314
769
1601
3326
3135
4009
3894
3573
1171
724
958
470
2648
3559
284
1537
1414
2230
2908
2713
3224
1467
3780
3725
3932
235
3669
1249
2959
3991
1351
680
1358
1950
3826
202
3791
1866
1963
2905
3504
265
1876
435
3680
1382
968
3851
336
3798
3031
1434
2394
3330
2972
3889
430
122
2489
577
851
1403
786
3635
1188
2525
1715
347
836
3934
3467
3341
3445
325
2836
976
3728
2398
1743
3610
282
2206
2402
4028
1763
3171
3430
1069
795
2526
759
2094
2038
715
1633
1481
1304
3939
3065
143
29
3046
19
2551
252
1547
3282
2252
932
2521
1385
15
2689
2068
2457
215
1555
3557
849
160
1611
484
1789
3998
839
1603
2530
1372
408
1262
2040
2701
778
1059
420
1296
228
2096
1082
3727
2842
2629
3459
195
2429
2729
1091
615
2130
4014
1585
3697
582
2268
639
1591
1710
2691
2885
707
1194
821
4074
3086
1531
2899
748
3238
1275
882
3873
3507
2271
2201
3214
41
1650
339
2706
81
3366
1261
1019
193
2847
3111
3441
1283
1378
3353
1982
2754
1288
1583
34
947
2961
1792
2794
525
3639
2340
1389
224
3187
1038
3220
2912
1999
1269
3399
401
3153
305
3811
462
4091
404
1000
1886
3543
3535
753
2263
3028
3546
121
1841
3203
4045
2301
477
1310
1184
1153
2577
2731
808
1161
2283
1009
330
1764
75
2033
2508
3785
3724
2279
361
3766
1454
964
2414
3853
3711
3844
2473
3254
1347
436
2741
3386
2223
3063
1423
165
3052
1773
1501
1433
26
3034
1430
1490
2868
16
2540
2145
3558
449
651
1615
4055
434
3655
3090
608
867
3744
899
1567
540
1397
2300
3196
2524
2099
1994
4048
779
1592
1272
1381
124
3263
3686
1340
279
3868
2645
2163
2150
3095
1309
784
2750
2237
4039
3524
2664
773
1895
513
256
2501
576
3198
3722
3587
2391
2251
1170
4050
507
275
1533
925
3622
2852
1182
702
1557
1061
666
3581
3539
1749
383
2745
1871
2200
2940
1939
2571
1400
2128
973
3878
1961
1794
2196
1002
2927
2172
2697
3489
3410
527
3423
179
2149
2260
1368
1375
3706
2716
3915
1651
1949
1422
2580
2558
1413
2345
2990
4006
3306
1923
2928
4092
3298
188
1816
2505
755
2655
2020
1520
2915
557
3256
1207
428
3176
986
565
2778
3436
3329
2308
1445
3965
1721
1637
1427
1825
3575
3795
469
874
1573
743
941
1850
2333
873
2048
1556
2608
1291
3392
2156
2273
2692
3077
817
2309
1163
1550
2410
161
1421
1542
2326
3944
3969
103
3556
1137
3252
2862
3324
2485
1908
2437
3222
811
1579
2634
659
2280
2982
23
120
351
415
3952
559
3221
3462
1504
2544
890
396
2818
3842
1790
3796
3485
1447
1758
2705
2440
1652
1175
1357
1164
3692
1910
3469
1172
3983
4087
440
1208
277
962
84
1139
133
3904
3530
1540
610
3127
22
229
3118
2519
1079
1974
2357
3308
3412
2677
247
1016
70
3636
2140
1815
297
461
1742
1031
459
3976
498
2968
1638
3352
722
3070
3468
3159
2507
1608
1508
2763
2802
2726
2607
481
3036
3483
3148
302
3951
1117
1185
3959
885
442
3499
685
250
2760
2587
96
869
806
366
2307
432
1619
906
1167
3414
3578
566
997
556
433
3050
1169
352
1047
1115
357
3770
1570
1712
3925
2733
2560
3893
3425
1040
251
1969
1775
1132
2069
2088
2567
2469
2914
3471
2474
1644
1394
427
4077
3930
495
757
642
992
3265
2825
1331
3561
2693
2032
365
447
239
1821
4043
456
450
2995
930
452
3371
859
1581
3010
2657
1828
2827
3182
585
933
2613
3565
1539
3880
1990
4058
1814
670
1827
2800
3369
65
2497
1661
2615
2805
3790
2649
2500
1665
3509
1477
1493
1159
1344
2711
2019
1371
1942
2233
2315
2579
1766
2381
1405
3855
4053
3032
3098
3985
1231
2518
2988
368
1626
1973
2638
2397
5
3809
2116
3541
2422
3877
1154
843
805
908
4011
3354
1237
1228
2234
48
2891
895
496
3584
904
1699
3702
3879
3380
3015
53
1484
1453
2808
990
2584
2875
2250
377
2966
2993
1589
2426
458
2861
520
2451
3216
1322
965
364
508
697
2390
1202
1736
3368
879
3150
552
1913
1213
4030
3346
3268
418
3218
2441
2490
217
3433
813
2407
2008
1519
210
3974
1324
3229
1074
2997
1289
1131
1860
877
3115
1407
1223
2724
1820
3281
3979
1135
2902
3867
1946
1786
3888
3137
176
875
3269
999
2758
3872
400
684
3273
3820
2289
1452
607
1719
2108
389
1369
295
1398
2781
1409
3432
3245
2510
3960
936
1355
1055
1226
2844
2926
1577
1044
3067
797
157
259
3726
97
390
546
3336
2644
3597
18
3997
2194
1718
1541
2153
991
993
1729
3632
3409
2073
101
3377
1140
4017
78
149
1128
3995
1704
2774
1762
935
3864
792
2659
128
2563
3588
3549
197
893
1831
107
3424
2084
3439
3765
2699
1614
2420
3384
94
4018
3866
3009
285
1580
738
1321
1765
1914
3333
2952
3848
1695
3775
3419
2455
204
3097
564
3053
1844
547
3945
3592
110
1829
3935
2934
1823
2278
2930
1470
777
1606
2665
1090
3898
3723
701
3069
1529
560
1576
3309
1648
93
1569
3787
918
1506
3863
3822
3940
2916
3501
2376
4046
3093
3804
3875
1302
1222
35
1920
2480
2104
981
1703
1975
787
3906
3152
1925
2087
1754
1243
499
429
881
180
2889
3735
266
3773
3589
3547
2682
1252
1356
13
1563
3183
3551
1805
4081
3355
2954
2622
789
3292
646
2375
3476
620
3721
662
86
3746
1328
1118
2618
1085
2749
2304
2077
1121
1806
409
2290
3105
312
3737
3899
2538
554
717
2247
983
1146
2977
1561
2574
3914
2187
2306
1943
1012
1546
1491
3833
1535
1926
100
1602
740
1234
1120
3830
2884
2444
4073
3116
3350
3519
2708
1350
119
3869
3800
2185
2071
1001
689
1617
1143
4069
2393
1624
3246
359
2987
4019
1440
888
3230
2466
3174
2516
931
2614
2651
159
1802
1911
2529
3748
2734
623
1326
3963
482
2495
1691
1424
2661
3016
1584
278
2483
2828
570
1778
2164
2240
587
328
614
2839
397
3919
2509
220
2947
511
2358
3496
371
2704
725
1292
2122
186
3755
647
603
696
1020
1241
291
184
1607
3532
24
3426
7
2712
756
1922
3270
2581
3494
1426
151
21
1934
3527
913
629
1898
3629
3961
1767
426
3145
1341
3235
234
130
1255
3299
3297
3753
2403
2243
2535
1900
1980
3517
3416
1238
943
3643
1948
1030
746
1305
573
653
2623
3440
2178
472
3453
2857
3493
1301
907
1320
206
1096
1798
3057
1297
406
2565
3608
30
871
1483
3931
2986
444
185
2210
170
3318
1035
3990
3701
1600
4079
631
2366
1391
2845
183
2433
399
3845
3774
2792
1804
1401
1362
3387
3602
199
2155
1396
3310
939
1404
3225
1687
1015
526
1918
3393
1877
356
1861
3167
380
2768
3563
2281
1036
1863
46
661
3865
1666
1692
641
135
3585
1276
3121
523
2937
3211
340
917
464
1935
2076
3885
2015
2063
2603
2895
1738
2209
2285
2566
2938
1522
3058
2448
4086
3451
2951
59
2673
1023
3751
3506
4054
2004
2175
633
4044
1005
3707
2882
392
1694
3313
375
2826
1295
1367
736
2028
2611
1885
3163
830
2471
2801
3779
425
2515
2120
897
791
2042
2695
616
1387
1702
1735
1571
3827
3732
3953
2887
3717
835
638
3656
4049
798
3117
2129
2761
2133
876
4090
3630
3598
3088
714
3857
1945
984
3508
3542
3431
1983
2370
2363
1233
8
2167
1460
760
2258
1663
543
2849
1014
2162
3406
816
3742
1714
2945
3345
31
502
1578
818
3986
3971
1259
2989
2998
2855
910
182
2235
2384
3394
2703
1354
3896
1339
2257
304
2369
363
3593
737
2685
3417
3064
230
3379
174
3271
1657
1524
2275
3228
66
411
922
1284
298
4078
211
766
3817
242
1979
2311
4060
3649
601
1124
1197
612
2169
989
127
3897
1290
774
1835
3411
1151
441
1967
424
9
4085
2727
196
2725
1553
860
4088
2816
1655
4021
3359
376
1462
2121
1594
2832
872
3068
385
3789
1959
3619
453
1683
2746
1210
1636
3688
2085
1106
1076
2364
951
3980
1107
3591
1004
1212
1110
809
57
4047
2864
1679
1264
2136
1809
3438
3640
349
3568
3876
861
2788
858
310
1723
333
36
2225
2591
770
2222
3177
3730
1050
2640
2267
3902
3215
3128
4026
752
3212
3157
2590
3678
716
3260
2843
3022
3926
3049
1412
1157
3158
1628
3674
2142
3803
172
4037
3014
2256
2631
3184
3522
372
3667
1360
3661
2354
3624
2148
1697
2086
1494
2694
2834
2114
2757
82
628
3729
3364
3472
2061
2769
223
3291
2523
3948
3204
826
1851
3206
50
3348
1411
3738
467
2782
2453
1127
3776
3515
3079
1701
1811
1215
3675
3490
393
3672
283
1690
600
248
2798
3583
2730
2327
2681
169
3491
3859
3745
712
2337
1116
1051
2771
3113
1334
883
3562
2329
2371
2690
3201
3652
2000
3736
2091
3092
1166
12
3852
318
1475
645
3421
1410
1225
2779
3004
1987
940
2360
1527
3126
727
2053
1800
974
3938
1319
762
2374
1456
3066
2653
1904
3404
3303
1478
1526
3239
1062
136
654
3871
2499
1386
3400
3715
269
1554
690
2310
2520
226
2770
705
630
679
1416
2633
1981
60
1957
1286
343
106
1560
2932
2909
747
4067
4036
3325
1177
2944
