1289
2085
3261
2182
3250
4089
2248
2306
661
3249
3741
62
383
1569
2115
3548
3047
2386
3643
2567
99
1889
2455
2127
2193
777
986
1422
750
3717
2277
4072
1096
1178
2078
3141
1095
3592
766
1033
3668
3747
3039
952
3151
2609
451
2942
1598
2345
2537
177
3025
3737
2226
2624
3897
745
413
3368
3163
555
3118
2418
2176
2520
410
3828
159
1460
1690
2099
1539
3671
2313
3746
453
1774
896
1318
1359
3995
657
3171
3226
2764
2166
1952
2782
2326
2088
3231
3885
3756
424
2647
1601
2576
1194
1309
598
2558
1987
837
2057
2422
2162
3137
2419
863
1553
925
2837
3004
3241
567
824
377
1006
2653
735
2909
2725
192
2402
3843
3185
624
3884
3954
3960
4042
2238
908
2896
260
359
2671
337
1723
3153
3015
2048
1973
3219
1626
2033
3418
1404
1785
1453
1754
714
3838
1591
110
3645
3116
1810
2806
1423
21
2543
2027
2267
2981
2635
844
2090
3256
889
106
2727
874
1734
1066
608
3868
731
288
3996
2103
1001
249
3267
2539
3517
3403
1119
2138
3757
737
1257
2925
3508
2081
2938
1641
2564
3462
2613
3619
3695
481
2632
475
182
442
1316
1283
915
3837
3716
55
780
3506
1820
2993
124
2302
279
3174
234
1395
1273
141
3956
315
155
3453
931
286
1538
1699
12
3520
3488
2716
4039
3459
2300
1250
2004
256
1320
2329
1134
3017
2142
1713
2845
1922
1959
2307
1825
500
1851
2068
1639
2999
1902
3075
1405
1314
2700
533
4007
1822
1647
884
2772
330
2791
1013
3930
2775
2003
331
3199
4087
4002
4012
807
1672
471
3934
3494
253
3079
3400
2969
3021
2986
1880
2597
3065
267
3773
441
2262
3938
335
1515
2280
752
1506
2814
3258
2529
244
363
2154
176
1944
899
3285
3402
2292
2616
3268
3531
281
3432
1622
3636
2194
2541
3914
3440
3362
3011
1834
2098
794
1767
2590
3998
581
390
3474
2711
2488
3295
3725
1255
3161
1085
917
3243
1165
1847
1094
2101
1295
2680
939
2835
3775
3522
821
2254
162
1243
1546
3070
1440
2483
116
1879
1781
409
264
3495
1485
312
3722
3840
150
3887
113
3227
1508
1124
2208
3635
2424
902
1636
94
1899
2565
149
3345
967
1401
3102
1383
3128
2976
2852
3555
2067
588
2018
3023
250
2769
1056
1681
1130
1933
145
3657
1483
2063
3789
1486
1382
3641
3084
3662
2550
3539
1189
168
485
2269
2155
3528
3993
1706
3847
765
272
2790
2278
1471
3586
3683
1985
1698
1268
2235
1121
1576
666
4050
455
3449
1908
3988
797
3376
2599
2904
1905
614
1051
2512
2665
3880
1953
1868
3560
3962
2749
836
2285
1838
273
379
2762
3420
3648
779
773
50
3572
1005
3684
1478
3609
1415
1984
1198
443
1303
135
3274
1347
2560
3739
3435
3033
2133
548
1743
1339
650
1648
1660
3633
487
3943
2118
4080
2578
1726
938
1009
1489
1292
1563
1416
2697
911
1333
2568
3028
2332
2586
883
858
5
3720
3216
3276
2346
1131
3883
1021
2428
1566
1516
2124
3377
319
635
848
1127
2656
3614
2464
2489
1561
127
88
3221
2417
3152
1517
1845
3733
1662
2651
1888
2170
3423
2030
393
2793
3780
3628
544
872
3604
3705
3040
2617
3182
169
1380
1821
3556
2396
15
505
3629
1962
1740
2207
1683
2691
980
1863
767
3431
59
2786
2391
1556
3148
703
2600
1461
2247
2069
11
3208
188
771
586
4034
1300
3752
1666
1707
3318
998
2449
2184
2066
263
3860
278
668
19
2985
2325
165
2270
833
270
4011
1975
1447
2349
3713
1203
839
910
2914
1437
1020
1904
1919
3982
3472
514
3970
3678
4095
1745
659
1617
2257
553
2945
3391
3029
3901
1709
2875
1103
365
2451
3805
2619
4015
1454
2144
1106
2454
119
2061
782
1297
2718
2389
2135
2848
1140
4019
3217
1060
2657
1954
1505
3332
2481
2414
956
375
1043
2815
3271
2368
3465
1177
729
3765
789
1147
3100
2265
706
3264
3298
4040
2392
2907
3307
511
2788
732
3280
2429
1627
2425
2902
1241
4091
215
941
2924
1900
775
1520
2812
2116
2695
3183
3928
1093
736
1217
1970
2546
4049
2494
684
143
3858
444
2951
3009
2294
2823
2694
96
3191
2044
2878
1431
2831
1732
643
3283
1473
2393
1110
294
3527
1073
3923
3809
320
2528
1721
1468
2172
3946
43
1053
1259
1551
1449
2641
2298
2689
1215
1343
1004
3877
1766
415
1260
1472
790
882
2833
3557
2058
1277
1519
3143
1549
1180
1052
2760
1105
2147
2031
2002
1886
1861
813
3926
147
1012
420
3610
637
1407
1778
3215
2654
346
2239
1031
2771
1345
2975
893
3457
871
744
929
3822
432
830
117
1992
3800
1803
2686
2587
2870
3340
2733
470
1024
1041
2649
725
3543
1575
734
649
507
1338
2084
1029
226
3798
3455
3119
1040
2846
3615
1972
374
1358
597
1971
809
2525
710
1625
4055
1807
2268
658
3969
1463
972
2894
2542
1270
2860
3139
2375
406
194
540
2857
2773
1063
3059
1212
2282
1154
479
1176
1554
3950
3269
796
3504
3060
2936
2228
1650
1618
2106
3270
3910
1610
364
1859
2150
1741
448
1082
1375
1341
1269
3005
126
1823
3050
3816
3945
468
3099
2873
3006
2168
3162
881
435
3114
3764
3777
4037
2198
1964
133
3751
81
1719
4018
235
2674
1798
3997
1651
1027
2551
1111
2672
2432
3692
494
768
1573
3550
3054
519
3223
2288
3699
476
2516
4064
1328
1323
2450
2378
4023
509
2209
3482
1956
1510
2113
1896
2863
518
2642
3181
753
3936
2538
3925
2803
2918
3727
1752
625
1179
3126
458
3012
983
1945
2620
868
550
2838
749
3076
3326
3542
3594
2952
562
4057
3233
1037
2476
157
575
405
2179
763
2842
1360
2581
2245
2948
161
1199
3977
591
3625
2348
1590
2847
2933
3602
433
3812
1116
1481
163
2353
3193
7
2137
1948
4083
2887
1784
2610
3749
2283
3375
3196
4062
2380
3500
529
3083
3933
209
98
4053
3730
1284
674
91
3831
1410
2173
1282
2077
1990
1819
2905
4001
2504
2460
853
4094
2276
4063
2584
3632
3333
0
2344
1978
3848
2100
1
1482
1479
965
3510
2328
3660
3484
2132
2117
54
1304
4043
4085
2540
1633
2029
1451
3300
3168
1459
1669
559
1642
1763
2121
3035
3043
2605
680
3429
696
213
1287
3422
3140
1547
3496
2508
629
238
2165
2273
2752
3972
1092
2740
2994
1890
1135
3186
1330
3048
3071
3350
2075
80
1813
1077
252
3293
856
513
1873
880
1256
1733
1399
1307
3367
2932
1943
2785
3603
1137
3767
1894
3323
1425
2363
1725
3691
2022
1925
2485
2766
721
3844
3406
2595
1208
1602
847
2430
210
1010
3599
596
3793
2219
2497
2467
1885
1038
2134
3361
3898
1169
2354
3180
1159
4000
3411
1835
838
1187
2735
2206
2770
1381
517
3771
3832
137
2202
3260
953
3533
2293
3553
2768
3366
1679
1749
2092
3351
423
1293
3381
1664
261
1564
1968
1017
3206
1246
1986
3795
3502
1118
301
2629
526
948
2095
2921
686
840
1596
2547
2726
466
1793
1195
3547
4016
2708
3534
2552
960
1523
3672
3714
1408
2047
381
384
3706
3242
3001
3675
2549
3922
1332
2676
810
1522
3842
3808
3480
92
3101
2957
3865
1226
951
3277
2163
2160
3661
542
822
538
307
3873
3248
3582
2109
3655
22
1252
2139
2082
1161
3464
3089
1438
2906
1108
2755
2937
2753
975
1979
1614
3211
2828
2515
1757
2014
1747
1206
1541
1363
2461
1298
3932
3953
2495
57
1204
72
4005
1735
1712
34
2705
184
2192
792
2073
232
1872
2959
333
51
1209
3743
1773
2490
3245
421
3443
217
2614
3552
1186
2221
1676
35
1139
1491
551
2110
2572
1604
1417
2882
1355
2404
112
3166
3613
2337
3014
2321
654
2055
2289
845
615
898
1450
520
2016
2808
2592
919
4068
1702
3165
2236
1630
3803
3774
1507
411
3158
3577
2312
1996
1883
3469
206
3266
2832
3342
49
1484
2356
1514
633
1494
2487
1079
2988
2131
949
2861
1370
4036
3686
506
3913
1424
1145
3505
27
1942
1640
2463
2839
867
3627
2898
818
445
298
2189
3561
2071
599
3563
2045
3709
3489
129
1852
1911
1156
903
3013
636
392
3374
2682
3031
1444
1700
2178
1148
3356
1008
3475
688
2729
2421
926
2548
1907
32
3942
3073
309
389
3711
816
2387
1804
3912
2486
1434
3218
1797
2972
1570
543
3979
3670
877
2886
3371
557
1218
1325
151
2579
1398
3442
2778
42
2849
2891
422
2781
3392
2939
3646
1869
968
3312
1061
211
2167
2317
2720
806
3595
3719
3053
2804
901
1613
2751
1168
2468
1488
3399
1352
3384
480
3833
3222
1387
90
2120
992
2187
755
3530
118
3673
89
3948
1931
2696
1521
1644
2545
3034
1220
546
2125
2431
875
3263
1932
3024
329
1768
399
472
3674
3365
2661
2958
1737
3841
955
855
3770
2917
2237
69
2615
1181
1080
3093
258
1574
3964
873
2314
1654
647
284
3825
4022
2141
825
3444
935
3585
2730
1476
2040
2305
2203
2157
3407
3940
3973
3486
582
306
3477
84
107
1411
1958
2177
2954
3395
685
2361
3957
3424
1695
2714
2201
3026
1223
4067
1579
616
3092
811
450
216
1946
1715
3815
3927
3072
1867
673
1337
1122
3990
843
738
969
1278
3098
183
1262
2333
1379
2593
3821
4079
1354
1477
474
887
3354
3968
1372
4093
793
205
328
606
2603
1264
1701
667
1496
2536
1829
2947
715
3044
1499
2462
2286
2376
3179
3785
2602
170
2327
1068
1019
913
221
3225
2868
3142
3240
716
340
1776
1843
3941
3049
834
2457
2841
2338
601
2043
2199
3955
1588
2829
130
4069
740
3086
2532
2703
2272
3601
2634
1866
1279
977
469
1385
2258
1967
634
971
900
132
103
3042
2830
1442
419
104
3253
1528
1225
1616
358
3352
1663
3108
2923
189
1390
3336
3373
2596
2241
200
438
1532
3421
3851
1530
208
3608
1649
2388
2308
229
776
723
1844
191
2961
2448
3201
3358
4008
3493
3976
289
224
717
2807
3491
153
3308
2253
2005
2381
1628
1016
651
245
3177
1568
2881
3320
2746
1665
3329
531
3999
3639
1860
33
1645
3523
2864
1276
3796
1112
2479
3903
1376
67
3698
2765
1799
2320
2774
2554
2984
2021
322
1042
2526
2570
3192
3958
197
2083
2416
3419
17
3331
397
2493
1058
3197
1090
3439
1777
3061
3122
3173
3836
321
3390
338
1015
64
3359
1249
1384
751
1480
146
1132
3904
1369
1419
2743
788
870
3654
3369
3275
3596
105
2810
2869
1635
3766
2218
1882
644
3846
2809
3398
3919
2442
2926
2006
3096
607
3870
2544
2413
2397
285
2557
1921
123
2776
1366
3051
760
3986
719
2854
265
2122
3456
78
1578
2403
3404
237
1800
2017
3306
2230
1927
1115
1930
1688
1138
3235
605
3944
316
199
1136
1237
708
2724
3244
2111
2780
3091
3558
2086
3068
2533
3856
2119
3088
1059
1301
2706
1216
3262
979
784
16
1331
3301
1141
14
655
678
930
600
2811
4092
3839
484
994
682
985
2395
3184
642
2433
2171
2185
1697
465
2517
1183
2899
1146
892
2271
1290
1884
70
757
4090
1652
2249
3538
545
3364
826
1817
774
37
3438
395
574
498
3861
1775
449
781
554
2076
1744
2264
1571
1600
1503
61
3587
2471
683
240
3284
3611
1950
1779
2732
3532
3451
2663
24
2754
831
2130
921
4003
2441
254
1432
676
1173
612
2667
1288
1849
2366
291
492
2204
3210
186
2805
9
803
510
3849
2128
1336
989
3642
1420
3202
894
1500
1791
1788
3379
3090
990
166
2962
3428
1312
1746
2244
3905
1003
136
769
3574
2190
3272
2577
138
2783
3081
2510
1403
3886
3130
1120
426
3437
167
1023
1518
4082
1714
585
38
3507
2019
1772
3503
2246
1567
3509
243
3339
2960
1511
3908
3721
73
669
2876
3819
1770
996
2681
620
783
3125
427
1540
1219
1055
2260
1253
3095
3618
2505
2352
3875
3113
3220
440
434
2323
1923
1064
461
675
1294
122
3121
2779
3316
984
3018
2322
388
541
3827
2223
954
1937
2036
2982
2892
1235
922
2940
2800
1155
2140
2372
4070
4044
2390
904
2883
1107
4078
1242
3063
3187
1123
854
1742
670
3146
1498
2159
920
2295
3794
341
2224
3871
2309
86
1191
2513
2042
2728
2383
2200
2855
2745
3036
457
277
2175
1559
1722
3892
747
2963
2439
1072
1874
2739
3966
3135
508
1185
709
3115
2639
2750
561
573
2915
1611
1045
1497
580
3669
4061
2758
2087
1674
2105
372
993
3105
79
3576
3237
1597
521
3194
3169
3659
1172
1114
1915
308
2757
3463
2213
2903
196
2688
3823
2518
3037
1557
3297
3131
801
741
3317
2559
3537
2784
3127
3324
3744
52
3712
849
727
3022
2046
1794
934
692
1565
3470
3566
923
496
121
1981
879
1099
829
3590
572
2738
4086
2922
958
2311
1667
2342
332
1548
497
4045
3607
728
3106
3485
3788
812
2971
3471
886
2920
3753
4048
178
1795
3066
2459
3386
1091
2721
459
3784
355
1801
3605
3154
2482
1705
1577
1998
2983
3133
3279
2355
3763
2888
3412
1350
2953
2608
1346
1285
1014
283
1143
2339
528
71
3512
2502
212
962
180
1965
3144
2384
2379
3961
2458
3372
3888
1858
2618
1039
3254
2843
1850
1427
966
454
142
1163
3535
791
2900
995
2145
428
2930
3265
530
3281
3545
571
2496
1353
2405
2598
436
3579
1550
1811
1018
269
2987
3064
3915
2438
1643
2491
3292
2625
2161
2240
1117
2507
418
943
293
2216
3637
1994
3304
437
1966
2631
3853
2827
743
2000
3583
2767
3736
488
3383
464
2799
1388
2212
1750
798
160
218
463
1467
1898
2469
1842
3347
3665
3112
1961
909
3772
2966
190
2259
1877
2205
83
1035
1812
1876
1228
2678
1129
2801
2146
4073
77
1102
1426
3732
1109
1201
2503
2737
3782
3155
313
3715
486
2659
2341
311
246
3190
1244
1365
378
3388
2607
3881
2604
638
536
2911
1075
1313
3175
2498
1689
1657
4058
1474
1502
772
1254
2621
3571
2980
3682
3652
3759
63
4065
30
1608
1469
3541
631
1974
26
1848
2797
3829
3731
2858
819
1475
2499
1272
3524
2010
4074
2362
1583
2997
1853
970
3230
4026
656
3473
271
1692
2330
2091
1939
2492
2453
679
3483
3965
156
1210
3389
1711
3634
693
1703
3046
3002
1949
2256
641
1862
3971
3755
353
114
233
2989
351
1409
460
2347
3758
4047
2231
2606
2050
1266
139
228
3989
2039
2183
493
2638
3052
3929
3501
1441
2717
1389
3074
2816
3205
3676
3302
1374
2623
302
862
1632
3062
3247
3859
2956
1782
304
2447
1806
501
299
2968
2901
2255
3363
3598
3985
76
3415
1166
3236
3917
2521
259
2701
1162
1982
3003
75
748
2820
3448
2819
3252
1929
3726
1786
2636
2580
515
391
222
3899
1837
3893
3826
1104
800
1832
3360
1504
3232
3551
3150
3178
1680
2660
2535
1769
3357
808
431
2143
403
1412
3511
3738
3724
639
456
1364
3176
108
564
4028
3460
2367
632
762
1716
1368
3564
3779
916
1914
3622
3067
3612
4076
645
3454
2594
742
860
3239
1470
68
385
2437
2007
1951
3544
2279
3078
3647
3349
1828
3136
577
102
3353
1815
604
2670
1653
1271
584
2998
1584
1673
3468
3087
1319
2652
3651
2622
3338
1988
53
3370
4025
832
1824
1070
3167
857
3212
2851
3723
4013
29
1765
1901
3852
786
726
2445
2916
2573
2977
2895
937
2859
2834
640
835
3123
4046
1582
2679
20
3681
552
402
841
3129
1751
516
1501
371
805
1509
2211
2912
325
3514
1928
1435
1397
2996
1857
3697
386
2070
3787
1531
609
646
1655
2910
2992
1586
3019
1071
2281
1963
131
2164
1878
947
1727
2473
1231
1047
2371
1661
1098
876
1394
1011
2296
3824
2514
2023
3568
3224
1758
3760
400
2274
2359
4014
690
1464
2310
3000
3229
3768
1941
1436
1030
1759
3077
4071
2650
2225
1466
4051
4056
2041
1603
2908
619
623
2034
368
2611
1167
134
4020
1926
3621
1050
652
1619
39
2062
3104
3313
1796
2893
2822
959
1761
556
2710
1535
2357
1612
1957
262
3257
3393
814
2571
2702
1512
1748
1805
3109
489
3778
467
2866
2151
13
1391
2813
3299
2683
2112
41
2094
3802
3305
3874
761
317
2056
2943
2669
4059
2763
905
1329
3963
2723
2715
1704
2523
2840
3981
1351
3983
1802
354
1026
3748
3600
2440
3519
345
2136
152
759
3213
2009
2742
2824
3467
1543
535
2890
4035
1349
2436
2929
1529
1524
2089
2511
1637
1792
1158
549
1234
592
2588
2506
2291
3164
1960
439
3536
2153
3952
2025
2934
1924
2301
3516
1909
1229
3876
4041
2096
4017
3020
2452
1196
2233
3497
1955
3007
823
1830
1356
713
2181
1624
3335
595
1916
1891
242
1069
617
2443
1818
2591
1685
339
1308
3806
1393
3862
2412
701
1251
452
2129
1827
3010
28
961
1456
1724
1084
1864
2794
1036
3314
2574
2655
4075
3685
1081
4033
2054
2589
3498
1321
3513
3807
2214
3987
2575
1833
1696
323
1762
4088
2028
3734
570
2324
1980
579
3664
3992
2712
2484
3575
2877
850
1261
3546
120
3818
3916
3866
1621
6
2941
3045
1430
1609
1729
2501
697
172
3869
1207
4030
4021
1324
3195
558
3325
1708
2919
3409
3707
2152
1790
1402
1317
2351
3394
2370
175
366
2566
4
3426
3103
618
583
1789
2675
1753
2964
2853
3937
2434
1671
1771
1534
689
3008
565
1995
2761
1670
1193
3918
2563
396
589
3526
3994
1144
2519
851
1048
897
1809
2299
3656
3255
3745
203
23
2385
3159
3623
1668
2477
3529
3521
928
2275
895
174
4077
2470
764
1686
982
2407
1348
662
1607
3189
2197
1865
1028
3434
827
1728
3624
3436
2024
2880
3666
991
2928
128
18
974
282
3309
1592
140
2889
2011
2522
1032
2377
2408
2423
842
2032
2979
3791
3735
3900
613
2872
566
3693
1067
3327
1291
770
292
1544
906
303
2107
2644
499
1175
1340
1367
275
326
1783
2195
1920
1912
739
1841
3172
109
1357
214
2719
3688
1730
2465
3170
2210
1378
2897
1493
2406
2261
1188
1083
1280
1462
1977
2427
1248
2158
287
4054
2263
866
2474
1969
1044
185
560
2991
1836
3417
2704
2569
3811
2935
3978
3134
2065
2879
1855
2303
602
1917
3290
3396
2475
85
2191
2080
3427
483
2290
44
3056
1448
2707
590
695
2008
852
3750
3303
1527
3397
1224
730
3570
3644
677
3947
3959
1133
2995
2612
490
3203
1687
3251
2038
3638
1074
2530
357
3132
999
181
2817
3581
1731
4066
417
373
2645
1197
1947
2630
1677
525
3476
295
4052
1400
407
940
3667
1542
932
2350
1222
3653
2736
1691
2104
981
3430
3939
223
3525
1396
2097
1000
704
387
1870
334
3120
4032
2052
1275
414
1267
2051
3492
1854
1025
1076
3058
1433
3515
3761
2658
93
362
2064
3387
1310
3991
1170
3334
2304
3974
3425
3902
2398
2856
40
3911
3487
2369
148
380
3414
663
2684
3341
97
1421
296
1361
702
1371
3278
2053
1814
1213
2336
3156
724
3343
3617
3797
1190
356
2646
401
503
3951
2673
610
202
2108
4029
3894
45
1386
3385
946
1334
3380
3038
1552
2232
2640
4024
2867
2648
4027
1675
587
2944
976
504
627
3124
1160
997
3790
2251
3781
2693
2821
204
2343
1717
1192
268
2534
158
3984
3478
2319
1286
1840
3906
3967
2227
2627
527
2802
756
1605
3854
3813
1445
3616
1682
2978
3980
2180
1739
361
2365
1087
3188
2583
1656
2722
1875
65
3687
491
733
3924
2220
394
1258
1202
1831
3328
1151
2399
2012
1897
3580
2836
1326
3499
3322
8
936
3111
2093
828
3708
1887
3689
3650
1125
74
343
820
815
2865
241
3701
297
3030
46
47
2628
3872
3921
58
1997
2777
2553
344
3452
3878
2967
864
711
1545
622
2562
3355
1936
1594
3310
1373
3640
3710
3606
1392
890
987
3835
2927
2123
2585
787
885
3204
367
1593
3814
495
1247
2744
1465
36
198
1007
154
1022
2169
2049
3481
1344
404
1149
3588
945
1560
1089
336
3562
2059
416
2360
2374
2862
324
3677
125
3082
101
247
3895
1152
3863
3080
300
3718
973
1555
891
398
547
746
3949
1182
1536
1002
754
3597
236
4004
3117
3740
193
2215
1305
473
2747
1755
3
933
1718
3935
369
2250
2074
2527
100
3490
1086
1211
687
3273
1918
2229
231
2798
360
2946
2561
2531
4010
227
1659
171
964
3801
3069
3896
3408
310
3016
3401
1315
1062
342
1993
350
2637
1455
660
3337
3198
978
3680
3879
4038
2787
2699
3631
248
3540
3804
1184
274
944
3094
10
817
3057
2426
2931
446
305
2037
758
3282
1274
3620
3149
1893
1910
1693
2692
1265
653
4060
1377
534
2196
2633
523
2756
1678
2156
2266
447
2844
48
115
2242
429
3097
2524
1322
1629
2748
1113
1599
2234
2466
1983
327
173
1240
257
859
1526
705
3346
2666
3447
2287
802
2444
611
664
1236
4006
2335
2126
1306
2662
3565
942
1738
276
2677
1764
3593
2626
376
568
1150
3754
2340
1615
1513
3696
532
2401
2884
3160
861
1989
785
2818
2079
2685
869
3810
2318
2741
2601
1780
804
2955
1142
512
3214
3975
1034
2664
3591
1694
2480
778
1429
3776
164
1233
3518
502
1808
1487
2759
3589
1606
2411
918
1903
2950
1846
2364
1221
3446
2687
2149
1631
408
2709
318
66
1452
1418
2316
3864
1263
2796
314
1057
3378
1756
846
3679
3286
4009
2420
2015
2315
2970
2913
1164
1200
2555
3729
3834
3138
3700
671
4084
3288
3855
2217
220
230
2148
1065
603
3649
2
3559
195
1490
60
1787
2252
1710
1646
2020
187
1049
2243
482
3783
3032
3259
290
2456
3882
1839
3413
3567
382
1581
2358
1638
2789
694
569
3209
2334
1856
3931
1871
425
1736
2500
957
1327
1492
865
3410
963
3291
1054
537
2297
3157
2026
3907
1446
628
219
950
681
1525
56
3107
1457
2825
349
1595
576
3294
255
2102
1495
3330
2409
799
539
3289
698
3315
1227
2373
1634
1157
3786
3769
1299
1126
699
621
4081
914
578
3702
87
593
3889
1311
1439
3658
718
1580
722
3817
924
2382
1826
3845
1976
2035
2668
3762
2731
2582
3027
1906
2114
626
3626
3287
478
225
3344
3382
2410
3549
1720
2060
700
1537
2478
1934
3663
3228
2871
2990
1296
144
1238
3246
3207
1428
795
207
1816
3742
251
1406
3450
3458
3578
907
2792
3920
3433
1046
1414
3867
4031
280
2331
3085
2446
2415
3820
888
2974
3694
2174
3792
1458
3147
720
1991
1620
594
370
3441
522
3145
266
648
3891
1999
3321
348
3584
707
201
1153
477
1097
1342
1174
2734
3573
1101
1684
1443
3728
2556
2850
179
2188
2186
1281
878
712
2001
1230
3830
672
2698
2435
2965
1589
1245
2222
3110
3479
2874
988
1232
462
3238
2795
3405
691
1562
95
1935
3909
524
3461
1128
3890
31
352
3311
1658
2885
3799
3055
3234
1938
1572
1171
1892
239
412
3630
1585
3200
1881
1100
3690
563
430
1239
3319
2826
1088
2013
1413
111
2643
1587
1895
1533
3703
3466
2472
3569
1760
1913
3296
25
2949
3554
1078
1205
1362
1214
912
2284
2400
3857
1335
2713
2690
665
927
630
2394
1623
3348
3041
1558
3850
1940
3445
347
2973
1302
82
3416
2509
3704
2072
