878
2932
2914
3383
447
2181
1731
1863
3689
4050
72
3748
138
2947
1680
589
131
4093
2034
967
2615
185
1479
4072
1985
2112
437
862
682
3132
1231
2568
294
2272
3743
3263
3322
1505
2051
2284
705
2824
229
431
2195
1856
974
3338
1638
767
2365
2447
3205
602
222
2948
2047
1525
1812
1792
2993
514
3955
3562
3873
1424
2588
2157
3819
111
1696
3333
3764
3962
39
4001
547
3424
2074
421
611
3700
1551
818
1463
168
894
1974
3968
73
1415
2694
83
3947
3705
1313
62
1151
2393
419
2603
1135
2058
928
1673
1560
1420
1850
1452
1296
84
2524
1498
1599
4061
2449
1049
3853
882
1853
1023
994
1629
1530
2470
962
1757
1791
1366
2337
1585
2968
159
3028
2980
3426
136
2600
3904
3294
333
917
0
2816
2649
1549
2395
1858
2591
3664
2913
2700
1000
3940
328
2301
2092
1093
357
3163
3555
3384
50
3469
213
2028
113
3675
3446
1140
4044
1455
16
245
795
2101
1905
2378
3871
2463
2325
1154
3665
1854
511
2438
1288
1448
3614
4
3270
2018
1160
747
34
202
1724
3548
567
2926
1252
3328
1878
3441
2881
1057
3370
2889
2158
440
2532
484
1630
1824
2076
1209
2462
1331
3222
2263
726
3698
1945
1163
1771
2333
3236
2725
2928
756
2829
3505
3345
3250
4056
738
553
2399
268
200
3834
1360
151
3656
1565
325
4013
3267
2540
883
694
1770
449
573
4006
1705
1614
938
2285
957
1701
3139
3388
3835
2129
3539
541
31
238
3351
842
2566
1338
3020
205
3674
1843
3295
2775
3638
2077
2057
1944
1401
2585
850
1748
3907
167
972
1642
2099
4012
1848
3846
3669
1938
189
3154
2985
3826
2106
622
395
3212
3083
3223
1943
1387
3574
2293
1687
2162
2884
725
2759
1091
78
3981
1956
4035
214
998
2953
3288
4034
1556
434
1507
3554
3650
545
887
697
3912
4059
4007
1519
342
2877
1266
3662
3842
1980
1102
2097
1986
2633
3138
448
4049
537
14
723
1081
508
1212
1663
2924
1108
3682
1789
3089
2811
1494
1123
2038
1544
2927
1920
1766
1239
753
685
223
3899
266
1896
3354
2488
3833
1933
2795
605
1283
2632
2033
1339
2111
1182
1721
3684
1747
364
2139
3172
3449
1450
3460
2910
959
2584
308
1698
755
3945
3765
1078
997
855
123
1358
1037
1294
3235
3389
1454
2125
2197
3366
3610
2821
3928
3932
3233
2361
2037
1486
3950
1110
1539
291
2003
1271
2156
2387
3435
2241
1130
3729
2946
3098
414
3011
149
2287
3261
708
3169
2943
3015
2067
3504
1749
3730
992
3688
1350
2589
3003
2475
1803
1847
4010
1835
1200
1229
3543
669
2108
1919
799
2648
775
3442
3287
2268
2865
3157
170
2116
3713
3360
3728
926
2825
1394
1874
2801
678
3373
2131
1670
3608
46
2645
274
281
2227
190
2403
2800
3076
2797
544
702
540
393
847
1632
3306
26
3158
1044
3357
2655
1880
28
1442
3463
966
732
3861
2267
635
2582
1129
2965
1605
438
2124
127
3685
3964
1094
1404
3186
1107
2292
2428
895
1616
1258
2416
3423
2995
3068
1045
3522
1611
399
3397
585
2534
749
2828
1115
722
2659
653
709
3822
2098
2586
1631
1191
1523
169
1196
1473
1428
1279
3892
3655
3194
2897
2163
1772
575
292
2454
3860
777
1994
4004
2040
977
3380
3517
1782
29
3067
2876
100
761
1935
2812
730
1851
2704
2569
1150
3090
384
1132
956
1699
2814
3891
1538
3170
3433
3988
2311
2598
2326
2086
154
3226
3581
3786
787
2222
3096
1939
1304
674
3566
3209
1779
2818
4082
2923
3279
183
2949
963
1790
945
3309
1056
3230
143
152
2522
1042
2146
1009
1893
1156
3327
2072
986
3841
2274
345
1381
2493
1518
3692
677
2765
707
4065
2277
1849
1323
1925
2631
717
1797
3323
1139
468
4003
2388
3092
13
2452
1099
4051
1512
2920
2126
2581
3228
1714
3782
3278
4087
1356
142
3305
3100
3193
675
532
1961
2535
3844
2382
3308
2692
95
1384
951
3379
226
4014
3551
2282
128
517
3690
3149
2758
224
296
1236
3894
2518
4068
3598
3923
2183
3952
2713
1225
2178
990
217
4032
2621
1652
3531
820
626
3129
2340
773
1086
3660
2963
2593
3560
1836
2597
913
1625
331
2252
1522
188
3969
382
1482
1061
3552
207
65
3744
472
1216
2406
1012
1311
3088
859
1967
3766
133
522
2410
2850
2541
1683
3372
3051
1429
340
2520
390
3909
2009
718
2176
1569
1157
866
684
1618
3881
3810
1396
3805
337
2710
3601
996
1637
1535
3882
3720
643
2892
1926
710
1013
3362
3499
2199
3464
579
198
591
2609
1720
193
120
2938
1765
3661
3643
2523
4042
3331
2753
480
1172
2212
1242
3735
1872
1287
2143
1314
3635
2969
2
3838
350
4005
1238
3796
3919
746
1828
1369
3855
1752
548
3341
2911
4079
1014
3021
3133
2776
3394
98
988
1697
2791
2864
3523
2477
2279
2193
3422
2345
316
1376
1857
2539
1409
2310
2389
1778
1597
354
1260
2749
999
3493
4027
577
1016
1152
925
1169
763
1477
276
1264
3791
204
3745
2752
2334
2994
481
3335
1650
3939
3514
871
840
3777
2682
3024
580
1470
2214
2740
3391
1613
2303
2167
1281
853
3738
2123
1124
3740
721
237
77
3035
1784
2137
3814
2537
2820
1754
927
1586
3113
2843
3060
2329
2730
3599
3529
1552
2906
2446
2806
3053
2085
3925
366
1619
3245
235
1054
2792
870
3208
3425
114
2735
415
3719
2266
2431
3520
428
444
797
3649
1820
504
2796
659
3512
3412
3483
2299
2844
1550
87
92
1517
2172
8
2592
2967
1860
901
132
4066
2151
2079
1441
1708
3093
3721
2427
1814
1036
3619
3927
3377
1891
2152
4064
2024
3565
2505
2288
160
2605
2155
2856
2298
3678
1183
1210
2468
3344
1335
2853
2265
527
529
1751
3605
181
1421
1823
2834
3824
987
858
3123
1031
3105
1001
3439
1968
356
3239
1243
1218
3232
1703
3268
1355
3696
867
1162
3673
3888
1206
161
2683
1290
2663
1983
2401
348
2142
3781
609
1161
439
2147
282
157
2979
1445
1742
1728
3363
360
3356
2502
1653
3603
3808
521
1726
539
2492
2036
910
3153
2021
1651
2579
2289
3008
3078
3297
2458
1542
937
403
2899
4083
2637
1805
2216
3812
520
980
2498
868
476
233
1825
3859
3097
461
666
1899
2786
1643
2676
2324
3019
1623
599
1257
833
1324
737
2841
3712
492
2681
2418
1453
2011
1806
834
1495
1877
2371
1881
1475
2453
2972
2833
888
261
1447
2716
321
2903
929
1274
408
768
776
2733
2846
3616
3043
4084
1567
4091
2206
147
3292
1941
1399
3686
2826
1686
3189
2596
187
464
1815
442
849
824
2729
3255
3215
2348
922
2562
1764
1211
1917
1276
1411
1645
3241
1308
74
1319
1190
2331
1003
4071
1147
3839
2706
1408
1882
3466
203
3985
1443
1244
1776
3131
2973
2990
3143
2852
1034
3300
287
1362
206
1657
3256
2707
90
1344
1235
736
2320
2078
2951
456
1694
3759
427
592
2031
947
3378
1743
2745
603
2184
1040
251
42
3145
3970
771
2751
3061
330
562
3986
241
2608
425
1018
657
3091
4024
2558
1322
630
1472
2553
2122
186
2887
1520
286
117
889
2854
3663
374
2657
3498
1682
2714
3271
2164
2619
3304
3171
941
1654
1732
1371
1298
3623
3506
1862
3484
3754
2989
1626
1349
2175
1529
2667
1963
739
3210
4038
75
1889
1798
3537
1385
1067
1785
671
2580
2666
3059
2113
1923
1364
2204
2504
3007
483
1577
2455
2276
1887
1888
3578
2244
280
1400
649
2874
4039
2734
420
338
3571
3369
3055
171
2703
2723
692
1291
3165
507
1996
1901
3319
4037
3863
230
2863
893
1661
3631
260
2260
2709
1753
2701
1572
2170
731
2778
2787
2376
368
3801
646
1340
2459
3989
3009
1750
1137
1220
3025
528
2469
2793
148
1138
2571
289
215
38
2671
1562
1633
3646
566
1259
1336
1842
3652
1744
2644
1478
2708
3828
1481
1363
3731
376
620
3120
1004
3365
2385
2186
1982
1202
45
2294
1201
3201
1058
2567
1819
2173
1802
1377
270
2480
1852
3559
3916
3569
2711
805
1978
3803
3029
3146
418
329
3385
968
2466
1861
1032
305
728
1501
3977
769
587
1921
1055
1474
1527
302
1648
3387
607
375
2803
1051
3642
107
3190
513
1971
172
2032
816
1357
543
140
1024
2309
2359
3991
51
1913
43
1423
828
1457
32
2082
2531
2971
1712
1704
1159
1410
3465
1301
2760
3697
2831
1402
2100
454
3002
441
2354
1434
907
973
493
625
3998
3275
63
3747
3000
1005
1253
3607
519
2629
1624
3929
3141
958
759
2712
2594
2422
1908
1590
2117
3229
641
2159
1587
307
3830
1017
3706
3911
3914
915
3451
2783
2368
96
1228
3299
3057
3393
703
1859
3510
1303
2747
1617
1149
220
265
2239
1768
733
1027
2495
3918
1991
1918
1153
1758
3195
936
713
2430
1315
3030
3332
1796
346
1405
667
790
2405
1496
2878
786
2937
2762
254
201
2757
3587
3602
3811
2641
2103
1676
1930
578
3500
1970
1962
3993
1922
3886
2613
344
810
503
1620
2802
3392
178
358
3644
4045
1639
3502
3064
355
2931
2686
1548
1449
145
1321
3237
2313
3903
1532
2556
1609
4088
2837
311
1660
661
3200
970
3634
740
2572
2071
515
44
1574
3330
392
964
3976
4055
1603
1064
1717
542
4048
3004
1480
2120
2095
2356
2807
3033
1437
2223
253
2417
934
3671
1413
275
2042
1227
1334
341
3192
407
3547
752
510
3273
2616
3224
299
2601
2845
1912
3971
443
2964
2039
3609
1904
3166
1465
3075
1491
1545
137
389
318
2008
3850
3592
1112
1326
1170
2145
3301
2392
2456
3242
613
1937
1175
2618
2986
565
192
939
4081
3272
1622
369
2868
2639
1635
3936
2627
811
1116
3538
2998
2168
1412
1583
1969
863
2308
3042
1576
2955
2696
831
2202
2768
3303
1374
1380
1855
2390
236
436
1306
76
1816
1898
402
196
2349
720
655
509
3486
3476
212
2414
1675
2374
79
729
3159
2813
2001
199
3114
1433
1536
2999
68
3110
2959
3615
3829
2925
1119
351
1693
1284
1592
3723
1467
2230
3948
41
2347
3353
3778
363
794
1186
3095
2370
743
1488
1573
953
1165
2578
2096
2879
58
597
869
2894
809
1664
1168
2917
1493
673
400
2521
572
1483
4026
1973
2555
3935
2869
3374
1508
2027
1104
554
1811
3285
2229
2997
1952
3109
825
1914
243
864
1073
1430
2063
2674
332
531
2970
488
690
486
2891
1700
1691
1345
1690
2270
914
2201
3238
650
295
177
846
109
1181
2295
2084
2196
1249
2529
52
784
3386
2748
2205
885
3521
3056
3683
627
2915
3526
2934
3594
3409
1353
2130
978
3178
3381
2068
3528
2690
2890
255
3175
4047
523
327
4086
2983
3942
162
2043
1777
1098
2840
2652
706
397
3026
2790
263
1164
1818
1425
647
2805
3575
248
247
2848
1008
3727
1458
670
3452
2372
3878
803
807
2642
2070
1524
1293
2612
48
2719
1389
1763
1418
2154
538
1127
2221
2177
3041
3851
1741
2583
37
3900
163
1960
1965
3265
3286
451
3887
2352
1393
3750
1407
3580
3016
3102
3519
2191
1386
3240
4000
3150
3001
3755
3954
2322
1070
3694
3806
2651
2839
2249
748
3488
496
359
2344
324
1444
2379
2064
101
3276
1502
4058
3410
1955
301
3177
273
3530
3771
257
322
2474
4041
2746
3898
3604
3101
1113
1584
4062
3704
817
1318
2339
1964
2377
3880
2857
4060
1807
225
2961
2809
993
1588
1038
3119
1184
1071
1237
150
1302
3937
352
208
3724
606
3557
3856
1867
3173
3318
821
1041
303
1300
3813
3324
3074
2653
2114
1822
3789
3185
734
995
2536
1203
3420
2607
2991
2228
3376
536
3427
469
180
3315
691
3231
1761
2573
512
1359
2259
975
1105
2643
336
1547
1841
3414
3491
1403
1608
785
608
4090
2330
2451
2590
30
1581
391
861
2496
1451
191
1669
2148
343
3597
2739
4089
2508
2908
1278
1540
1354
1295
2922
2678
3924
3561
1602
3593
792
1817
3069
2898
3622
908
2426
3794
3550
475
1487
1267
4019
3818
3501
2939
3084
3630
378
3428
3047
115
4078
7
446
1533
3532
1774
3220
3776
2110
1909
3181
3944
1966
1223
1900
1179
2317
3591
3868
1928
634
676
3965
2636
2136
1468
2617
2461
3585
1746
3558
1719
2327
1659
1942
2935
779
3568
347
1068
2396
2635
1219
401
3135
1063
1332
1936
881
2073
3588
3203
119
2996
4046
2782
2798
2141
2904
1883
1513
2007
2273
1600
1426
3453
3485
1553
1594
2005
228
3958
3249
122
2190
4030
1906
2107
1489
1706
2160
2484
1046
1006
3264
765
258
1456
3127
244
2727
3984
19
3628
1144
3625
134
3703
1194
2545
2030
1217
2213
112
1595
1188
166
1388
3792
4040
595
3254
719
800
1390
2443
2771
1485
2921
3793
2563
2246
3472
264
3247
3269
179
3699
2987
3395
2217
1029
832
1305
3162
631
1762
1987
3906
624
3497
1280
315
1864
1351
2883
3225
1043
2669
323
4075
3337
4092
3018
1438
18
47
3128
55
1416
3052
234
899
3840
2665
2772
2547
4073
1662
2732
1285
2091
2855
1121
549
3155
2489
1462
3077
3312
1931
24
106
760
1134
923
1247
2218
4011
569
232
3112
3858
1250
370
2684
701
3763
819
1118
2053
687
2066
1432
614
3780
2341
1949
1924
2115
2360
3978
216
3770
3515
2144
2409
380
1833
3211
1946
2697
2476
1246
3281
3573
1142
3390
1879
2423
3941
2045
3329
3901
1289
3672
240
1422
2577
3399
2992
466
3445
3584
3815
4070
827
2380
3779
2060
583
1503
1466
3570
2225
1916
2044
1347
317
2664
1039
1780
411
2794
2988
1610
744
1171
3994
1866
1047
2121
2180
3546
3481
125
2398
2411
1101
3533
1143
1406
3654
727
658
1208
1677
1713
3039
660
2471
3081
2575
3653
423
3677
3257
3118
3933
3121
1582
256
1579
2507
1265
2952
2035
1668
1640
2269
108
2481
246
2570
2397
1176
290
2660
656
3474
949
802
1084
1892
3302
2510
1729
4018
1395
1080
412
1440
1826
3790
259
3732
2487
1580
516
3617
3980
3714
6
2691
2102
1830
2900
498
3807
1028
3085
1256
2429
306
4020
3151
601
2770
3503
1391
2551
3012
3022
3197
3473
1534
2482
1845
116
1786
3182
36
1695
3579
1197
3647
854
2954
1907
3183
912
2000
3772
3837
2052
3809
1166
458
2424
1558
3459
2731
1333
457
1840
1195
22
3188
284
272
877
1875
1352
3348
2494
3701
102
467
2002
1781
3902
2200
1734
2090
3872
525
3137
1117
3117
2960
1868
2546
1504
2237
197
3742
59
3063
3774
3419
1929
2025
1793
1902
2373
683
1373
640
715
3071
2019
3992
704
2895
780
4094
812
3104
3816
3246
942
2720
3751
4025
2849
2435
2161
2766
1125
2785
288
796
741
3717
3606
2656
88
1988
791
571
3361
559
465
349
2182
2501
1330
3244
2444
3421
1844
2859
1141
2029
2978
2375
2291
1198
598
2799
604
712
2780
822
410
1568
3046
1074
533
560
1554
3418
3044
2351
2623
3877
1976
250
3283
1097
546
3836
946
2870
2242
2741
2297
594
1066
3179
2240
175
97
1787
944
3913
3350
3695
1372
3756
2088
632
2278
2006
3680
1593
1282
3691
1735
976
1092
2236
3996
930
965
1711
2369
3963
1555
278
3633
3896
2150
1606
1621
766
3757
57
2081
3214
2210
3280
1897
67
2364
3870
2255
890
1566
2133
2882
4069
2956
1541
1490
570
3541
3596
1111
969
379
2187
2661
2722
2918
474
2208
2860
462
361
1783
373
2810
3922
2055
2866
3509
3583
2316
1510
2238
40
1672
1692
955
2685
1685
1221
3199
91
2754
144
1193
3959
3219
3140
56
2574
2650
1262
2211
3411
4036
1788
2705
584
3099
2407
1837
173
782
2207
1414
2861
1088
2478
3352
1570
139
991
2408
798
93
1537
3711
3495
4031
3086
1684
518
1808
900
3741
3667
1839
2247
227
618
3787
3979
1464
3289
3080
3613
2087
2491
3443
1658
586
2248
2358
386
3879
3645
3313
2189
1204
3450
1829
1059
1604
1725
2916
2640
3883
2647
844
524
3972
2306
2357
3768
3144
27
3658
81
2257
455
2014
2509
884
130
99
3218
1310
1984
3375
3437
1890
413
2271
642
617
165
3471
195
2670
1767
353
2604
3544
293
1226
830
826
3438
3511
1272
491
2283
2561
2383
1646
1838
3707
1275
430
662
3722
2984
886
2981
3895
3930
699
304
435
249
1240
696
334
158
3014
2467
82
3413
2321
1199
3820
1578
654
135
3752
3612
3207
1959
1077
806
1915
277
1688
3832
551
60
3316
1804
129
2171
2015
1665
3961
902
3010
94
3321
1598
3072
1950
146
2542
3291
3943
3161
1641
1286
3032
2905
563
848
319
3715
2343
3545
4067
558
652
3542
1596
367
3736
1383
381
568
497
612
3343
3849
648
2885
4022
5
2912
3311
1343
3296
3398
2413
2194
1681
1346
314
1528
326
2328
1497
2174
2050
689
3213
3869
2286
3038
1263
3482
3448
813
2737
3243
2851
3134
2957
2215
897
501
754
2835
2402
2789
982
1213
2346
3266
1957
557
2192
4085
1207
3336
2140
3045
2314
1103
582
3627
1795
3785
1775
2104
3122
1337
2235
2982
3487
3103
3967
377
2391
2048
3987
2128
9
3797
2433
2817
383
3252
3430
1951
2907
3334
1459
1120
1050
778
758
1995
3167
184
1740
615
3847
3975
1773
3632
1155
1254
2118
2440
3668
2134
880
896
283
1794
2929
979
1365
1312
406
2628
3107
1718
2432
218
3624
1827
3784
3115
2209
1999
892
3048
1090
2871
2902
470
2119
931
686
1309
3475
3274
3058
2699
2538
3284
3733
487
663
2815
3845
2153
1607
2262
1307
3709
3990
2499
429
1427
2250
2056
2767
2662
1025
2743
3037
3349
2149
3368
1601
4002
2862
1723
3049
3013
3196
3340
918
2127
989
2738
1019
499
3567
271
2075
1869
298
3679
971
1002
2296
1079
3788
3973
3148
35
2611
2873
843
388
53
1065
1484
1990
664
3204
1021
3549
3406
1020
405
841
2457
10
3260
2755
633
4021
1136
581
489
860
1886
757
921
3216
2842
3293
639
1419
267
2233
1810
2415
1378
2486
2544
490
4063
3749
3251
309
1245
1531
4057
2203
2065
2808
3997
948
1649
3934
3553
2010
2977
387
1800
3478
600
1241
2750
3094
793
1739
1185
398
313
2888
1873
2673
1469
2448
2479
772
460
2599
1809
3454
2533
1710
2893
1977
85
3775
1348
745
417
3347
954
21
3862
1511
3355
3693
2528
1361
3130
3800
3951
1082
3865
1417
3079
2355
3417
1671
4052
3221
851
2059
2362
2630
3702
3358
3455
3070
904
1233
2576
2525
2231
2942
735
1992
2896
426
1564
714
788
1327
155
3974
1647
502
1927
1261
3152
2412
1516
3620
23
3783
1756
3325
3447
1561
2335
1030
1865
2962
3142
3540
3160
3326
3995
2626
2595
2185
210
2624
3444
2557
3884
2658
477
2083
3108
2400
3527
984
2872
2779
3621
3320
1292
2226
432
2975
3831
1981
911
1205
1953
4028
3317
2880
2761
865
2312
1947
3191
4008
141
2012
876
3760
3657
3180
3666
2764
1615
4054
3111
2232
2512
2950
3147
3670
1015
2742
1846
164
3586
2819
2724
3639
1589
1832
3857
3494
552
17
1083
2022
124
3590
3310
1709
1095
1145
3116
2016
3492
1317
1277
2093
2132
2672
339
2169
4053
471
952
1075
3651
3176
2251
3957
1
69
1591
3198
2254
3461
1146
3852
3889
2425
103
1707
459
2256
1234
774
693
3753
20
105
1666
4043
838
1106
494
1760
1460
4076
1954
2514
3708
1060
2680
2404
919
3396
875
3864
121
3960
3126
3168
3564
1342
463
3823
2350
672
2135
3949
3576
3676
2516
1799
2363
2654
2830
1563
2784
2530
3458
857
2527
2353
3259
3124
2715
174
2511
3827
623
804
3641
556
3931
1911
700
2020
3434
4080
2944
2832
3648
2046
2220
2089
1392
2668
3773
1476
1759
1674
590
3282
2434
49
3572
3874
1821
3431
3535
1876
478
505
1431
629
839
1910
3595
3087
396
70
3767
1521
1998
1158
2302
3082
1022
801
2094
2646
3848
2966
3339
54
3429
2941
636
433
3710
1122
394
906
2679
1575
445
1702
3908
2342
576
2105
1368
3716
1634
574
3999
1885
535
2264
1011
2726
1727
3496
3371
372
1612
3432
3382
1270
33
4033
66
1269
1769
3746
3184
3629
3681
2304
2836
2319
3659
530
3920
593
2419
644
711
2736
3582
2069
770
3202
837
1180
2693
2549
874
3518
219
285
3346
12
3525
3253
118
1367
1509
2675
335
3468
2620
4095
2234
2945
3408
2901
3
1716
3897
1076
3416
3890
873
3802
920
1813
3739
2062
4015
3248
698
3415
1903
2483
985
231
2875
2773
2500
935
651
2026
716
2610
909
3405
2781
815
3234
2224
3817
1174
2445
1133
3480
3457
2769
1571
3036
1100
2847
1379
2258
1655
1167
1178
3640
2677
2450
2526
1715
829
1975
2503
182
1128
2930
3342
3915
814
3854
2976
2253
2336
3821
2384
1755
3926
808
1126
61
950
695
2513
621
2517
2827
2261
534
3956
3825
2634
362
3034
2718
1834
3875
3953
1370
2606
239
3187
3400
665
1299
3905
1514
588
1131
1048
852
1069
3479
1248
2023
1341
3982
4023
3066
3726
2485
2506
2367
680
2179
3734
2166
2421
1644
2548
2756
2439
424
1187
2622
3436
1087
1062
1214
3217
3106
898
3946
221
1255
783
3164
1678
2420
3489
2381
2777
1997
3866
1526
1375
4009
4074
1192
1492
371
2245
1546
905
1328
320
3516
242
3534
781
385
2552
1499
845
269
2490
71
3364
3843
1500
3876
2559
2940
479
856
3798
3227
15
1010
3050
3403
2688
2386
1557
628
2974
3507
943
409
903
3262
764
194
2054
4077
1870
2602
1325
2744
3136
823
89
679
1979
3054
2290
2017
1506
891
2198
1736
1189
1543
2721
1559
80
1471
3917
2472
104
638
3983
836
153
1026
3758
110
1316
2109
1730
2275
3761
645
1722
2823
1148
3156
2243
1738
1733
2441
404
1667
1801
422
452
1251
3885
3359
2080
960
3031
1114
3462
450
681
1297
3467
3174
1656
2013
1224
1436
3490
596
156
3513
526
2933
2300
961
688
1222
3762
25
3017
4016
1329
3404
279
1435
2625
1033
3611
2958
750
2219
2165
4029
416
555
3290
610
789
2315
3065
668
2366
2687
3277
3298
3600
3040
835
933
1232
3006
2332
2519
2188
3938
2919
1268
64
2774
2638
2698
3589
2515
1993
762
2464
2565
2049
2822
297
86
2550
3524
1072
1940
1096
2138
2763
495
2702
3027
940
262
983
2554
1215
3407
500
3737
2004
1737
2886
1461
2728
1895
2307
1320
564
916
3626
126
365
1679
1382
2936
1035
932
742
1446
637
2804
872
3456
1515
1052
473
1230
1948
3910
3005
1871
482
2564
2323
312
3401
3307
2543
1397
3636
300
453
485
2281
2338
2436
2465
1177
1628
3508
2061
3795
1173
3921
3799
209
3893
1934
1884
3725
3867
1831
1958
2838
2305
4017
3258
1972
310
2460
1636
2473
3314
724
1745
3402
1109
3618
879
1398
1273
2858
3536
1089
3367
2717
2280
981
2689
2788
3804
3470
3637
561
3125
1053
3556
3966
924
3577
2394
3062
2318
2437
2614
3563
506
619
3073
3687
1894
3769
3023
2442
2695
3440
3718
211
2560
2867
1627
550
3477
2497
252
11
176
1085
2041
751
2909
1007
1932
3206
2587
1989
616
1439
1689
