3311
2593
894
1826
4029
1115
2156
2109
2079
2612
224
3596
2952
445
2234
1514
1313
2723
1700
428
379
2273
1254
1999
3539
1053
1666
875
3532
3933
2401
2564
393
2030
2394
3134
1186
3414
3272
1856
3978
2917
3534
413
1205
3148
849
926
375
539
963
2242
623
1818
2206
3096
2545
3851
3998
3967
3104
788
2578
3013
1993
133
3110
2514
2733
1797
3688
76
3154
784
3241
3136
4094
3747
231
235
2975
1445
3718
1330
1196
2429
584
3516
1925
2222
4031
1212
660
2020
44
1556
1070
2506
1910
2314
3392
1689
3258
1108
1168
3610
2154
4072
1043
996
2755
1605
2902
2208
2588
3737
1287
2604
1892
1245
1853
446
577
3194
2192
3421
466
2767
3689
3906
2266
2226
1629
708
995
2916
2354
2694
1793
3085
944
3668
514
1812
990
153
4042
2051
3515
1979
29
1763
2478
761
276
3601
1047
869
3067
906
2141
2710
540
3514
735
3871
2440
778
841
2941
2375
3456
59
2675
320
2021
1113
3949
628
2628
2561
2455
1346
436
1633
2624
1037
74
2218
2090
1579
1690
511
1880
3445
1665
1783
3708
3945
40
1561
33
3840
3503
1021
1822
4021
1543
3320
509
2338
2995
2965
2485
105
2839
3268
2574
1785
738
102
3918
332
955
2815
658
494
3855
4050
3765
2431
3985
2013
1743
1515
3090
3003
3818
662
1460
3205
1499
3721
2012
880
2876
65
3015
2857
3477
3356
146
1397
2991
2070
3723
41
1054
3848
1121
2771
932
1414
2779
739
167
918
2170
2201
71
2199
1497
419
2124
2868
3559
2889
3651
3498
2736
2639
384
2277
2054
743
2189
210
2863
876
4035
252
3659
3209
2044
258
1776
997
2653
208
1694
3587
130
2766
2259
3177
1008
1323
3850
1588
80
2299
3946
3831
1873
2923
2067
667
1790
1952
3533
3914
2861
3618
3835
779
1709
4
3163
1236
3794
1518
1890
1169
2662
1839
1830
2910
3965
1435
2617
790
1069
3783
3996
2769
2062
2469
526
1419
3200
1511
3124
1550
1225
2251
1331
2190
4004
2125
3549
1265
1737
3353
2994
2657
3291
3856
3259
1503
2408
3261
1314
3463
2634
566
2567
2821
1341
3118
1075
2763
3703
2573
1166
1844
3423
370
3411
665
1963
4064
1182
578
1846
3898
3095
2734
718
2701
4052
151
1112
1915
2028
510
2988
3986
2295
3605
4026
817
2515
909
751
3523
3315
3545
1153
1283
1411
1542
4037
2645
682
1219
2807
2503
3697
1110
3374
3817
1272
1986
3501
2915
3890
3704
1850
3319
158
3484
2397
1861
1178
3470
469
1494
3145
3881
1740
2866
4054
2001
1516
1429
920
2482
3674
34
2083
2685
2335
465
1239
1496
3562
587
3808
2081
2927
1249
884
3431
1727
101
3413
3711
1428
1468
2073
3199
297
1271
3887
3121
226
2520
164
1657
1882
1919
2274
380
42
3060
2428
1380
3035
2400
2424
740
4007
2727
2565
390
1847
3479
1854
822
1451
911
2064
2658
2786
2936
936
1706
3787
2158
531
3676
3798
3598
1034
144
2743
1161
1913
3785
851
953
3089
569
2585
827
2468
1714
3381
1725
1961
2036
3891
1202
213
2150
3237
2191
3310
1163
3376
2601
149
700
2703
73
451
1246
3494
1752
2702
3973
3008
1777
1433
279
1188
3195
1931
2188
262
3950
2009
2631
3464
1573
666
2396
3408
839
324
3749
1312
3756
3707
3546
3343
842
1001
162
1798
3451
241
3098
205
1572
632
116
2371
484
2670
3206
2971
256
1981
2806
698
2479
108
1836
688
2421
1011
3487
1628
2605
2629
967
2209
1894
169
3754
3166
3656
387
629
1647
1000
1864
1532
1851
1803
4069
1997
1658
1758
3242
121
3191
1066
1431
2129
2783
877
3239
3583
3793
1598
2557
1723
417
2651
2905
289
3318
4086
2531
2253
75
896
3070
2534
3417
959
125
4057
3555
3143
943
4085
3702
3699
3434
1477
921
1027
1255
3232
3441
1816
3647
3695
3253
705
2223
463
1653
3369
1055
209
2951
3452
2446
1353
3508
4030
2294
1823
1383
1449
77
3624
4025
3554
3761
3078
2025
336
2092
2321
2924
1470
2288
2513
2395
3278
2303
3336
848
62
3229
1809
899
1401
2714
3416
2599
1841
315
2202
416
2445
891
2850
1656
239
604
634
306
754
3790
1968
1154
3525
2410
270
782
1412
1800
3073
2843
3567
2860
2899
792
2075
1438
2106
2437
3874
2872
1051
1392
215
3786
3773
1327
3335
2812
2926
3660
2006
2803
2493
2894
3947
3730
4045
3382
2024
1903
124
1796
3527
1223
2940
1819
3462
353
1795
2465
1487
3509
454
1693
1101
3976
163
862
856
1805
3925
198
1610
558
3264
1966
3558
3422
3226
1825
1443
3623
1140
1504
2764
640
3247
361
3156
1253
601
182
3
2207
3460
2532
2383
1463
383
1134
3167
3807
3203
1335
1739
3913
1367
2103
246
3922
3836
2461
1659
4043
2402
3866
3500
1553
2527
1068
244
2781
3982
1987
2310
2621
939
1426
2459
2490
2346
3362
1370
1772
1802
1940
2709
2827
2139
3603
1524
3823
1430
2355
3934
2877
2794
3270
1705
427
1371
2452
450
1364
970
3342
713
111
1642
1250
281
1967
978
3966
2572
898
2399
460
2893
2882
940
1023
976
2750
3797
2302
3682
993
1990
1127
543
1290
1065
1049
3529
1884
2700
679
3212
3617
625
473
592
321
2891
2729
1259
1102
3415
942
2212
3250
3135
1672
1603
2878
181
1386
1228
1282
1687
249
2029
93
61
1695
1692
4015
1974
1157
2320
447
618
3402
2221
3733
3665
1607
4013
2194
3655
3640
2787
1064
2810
3912
744
2636
890
4065
750
1455
1779
143
638
3351
3586
2238
2822
3055
758
783
2317
3696
524
1165
3228
179
278
1143
45
3142
1902
2542
1439
255
2128
1748
2356
1998
313
1501
1923
3254
3398
2339
3731
2726
2649
1601
3796
1769
1509
2151
677
2045
2879
307
294
3663
1520
938
557
3069
671
2993
3014
3815
3378
3269
3847
1886
2373
2105
2618
1877
15
2632
1045
1324
330
4008
3197
3780
1623
826
3119
1007
3133
475
3418
2003
1606
3771
2693
2880
832
1238
230
3766
1881
589
2912
2610
2996
3424
1502
3490
930
649
1302
3994
1292
3481
46
1713
2684
123
2566
3396
2293
2026
2215
1173
507
560
3717
1356
38
2484
485
1156
323
771
2785
1158
3886
2824
3547
3251
3455
1017
2563
556
643
3399
388
3903
2378
47
2620
1635
1285
3410
1297
3556
1962
267
804
1446
1527
2388
945
1570
1
1900
701
791
3337
3472
422
3513
1885
3810
2535
3465
2406
720
1801
2096
2809
3826
247
3453
4010
238
1669
2948
1505
1944
3185
3262
3339
1604
1921
3616
3387
1217
2101
2842
2692
4068
1824
79
1129
1831
2538
1179
2010
3420
496
3217
3748
2721
3256
437
1098
3218
1093
3894
3736
3683
3931
2925
26
2587
3075
3244
3333
402
1467
983
2851
1661
1645
2181
3551
1640
3638
1576
2147
1964
2297
3528
1193
1712
1734
2453
3193
400
1319
2884
1396
3483
1566
1155
1770
2146
2337
2661
4082
319
3600
140
922
737
1448
2023
2496
3280
2340
1122
1766
3634
3345
2870
3022
3182
547
3895
2742
3630
1384
847
561
1757
1937
3650
2501
2773
1773
1525
2667
1978
733
2153
2738
1277
821
607
3597
3588
1625
3686
1906
3504
2220
1840
1080
277
3627
2142
206
4046
3047
2448
2046
2296
293
3632
1423
1454
770
3905
1991
681
3030
2983
1365
1309
2614
3956
530
641
1569
2392
2761
225
344
613
651
2483
3784
2166
2254
337
1891
309
960
1235
3302
2504
3243
1133
1932
1183
2953
4078
762
520
373
3960
2933
3877
1092
2426
844
1984
3293
1941
1724
2328
650
1174
4017
850
647
2838
3426
1617
527
2509
2816
1627
3542
3128
2622
1985
3252
2663
3447
1044
3290
23
1077
1702
341
1358
2178
2798
3541
648
797
489
3213
1464
407
3364
3795
120
3139
1557
727
3168
3910
2456
397
2494
1230
1980
159
3829
2747
723
3557
404
1685
1390
3056
3995
2333
600
488
1187
2873
1420
285
68
2669
686
594
1529
2906
2744
1114
3901
3146
1200
2730
3680
1063
1258
3928
3304
78
773
2489
1587
2801
1939
3778
1768
3869
3485
2853
3057
3932
3305
929
1050
1076
683
3352
1644
1014
2405
3474
2279
3127
1476
4023
3219
1852
2596
299
357
1866
3231
2688
652
2280
612
1872
1307
620
908
1301
3936
1172
1917
1381
3346
2984
2164
3480
1726
1829
3097
1406
1767
2881
3373
2854
3923
3594
2523
4018
1095
3595
5
2541
2078
1667
2718
2015
1192
3391
3049
1052
1425
1410
2327
118
3701
2691
2852
1372
2825
2725
3246
690
3579
3380
3114
3739
2560
4034
498
98
2315
90
1394
2594
3365
1036
2919
3970
3758
3573
374
1189
365
3312
3020
3536
1893
1086
1376
2260
2364
3181
2095
4009
2233
2019
1584
3367
1479
3499
2699
1759
2958
3150
178
1976
3061
3506
410
3909
3138
2519
2038
3034
2037
2556
707
1554
2524
3611
284
1746
2950
548
358
2219
1264
2741
3861
3059
815
500
3265
1389
4074
580
2265
114
3363
3084
753
28
217
2247
3625
765
117
2144
3849
1084
1190
1899
1583
971
1541
886
37
66
499
1369
228
1181
714
603
3615
706
1074
3107
3803
2068
2041
2284
2
2269
1838
1912
760
1862
339
3448
360
2264
3951
3009
2796
1806
378
138
523
3263
3395
1622
1229
2775
3720
550
459
1510
961
4049
2271
1399
183
1848
302
2342
1571
3948
3390
695
1720
305
3752
3694
2033
3271
2217
3384
405
2497
3105
2084
2052
3774
3443
1756
2216
820
3344
31
1738
1176
3115
3620
3007
1827
1209
2976
160
2907
2521
3235
476
263
2739
3298
1475
257
3172
222
0
275
950
2099
1263
1750
2464
1317
1042
2236
2795
81
3074
1421
2308
1707
742
1273
1026
2435
1590
1207
2304
2546
438
3397
2281
2748
544
1710
502
2061
3478
1087
1059
801
430
3016
2869
3791
1946
3677
1191
3679
3283
2108
1377
3827
4071
2467
266
3207
3230
2706
1538
4095
94
2592
501
3580
798
60
1551
3568
1345
2540
795
4079
1630
1927
3838
2772
1878
3316
861
3043
3132
3051
131
2682
2847
1762
424
1969
1267
3388
3368
3162
2871
4055
329
1325
3805
609
2595
334
931
2711
1646
3299
1679
3370
1185
745
2789
1950
2511
2138
1167
2911
2776
2376
1089
1708
3240
3535
3751
2258
2407
2491
1015
1597
1405
443
952
825
1632
1242
3017
1422
687
627
1333
4044
3675
3001
70
2698
2326
1296
335
3888
3772
157
3196
3518
868
1322
3184
434
245
318
2559
717
2793
2516
2143
636
2840
1788
812
2119
3112
2225
1674
1711
290
4066
2463
1959
440
3768
229
4090
1911
872
2914
1975
1210
1548
2539
1447
1780
3631
958
1147
1555
2935
2505
3183
3153
3684
2602
3313
2759
3585
726
67
2059
2964
834
1019
3760
2480
615
711
1141
1534
1956
1403
610
2668
4083
2972
3645
269
189
3123
2357
2163
3341
132
2969
2275
1581
2211
1078
3277
1286
72
2313
3706
1342
1029
2586
2365
3187
3646
1641
3151
845
3175
702
559
1958
2198
3321
2828
1334
3350
3466
583
2528
2830
2719
317
2823
3040
2717
808
2175
2261
2808
3301
1012
1675
1535
4032
1517
1677
3608
3161
177
49
3893
2291
3169
956
3548
389
1544
3712
919
2900
439
974
3005
1375
1930
3102
1719
2537
350
2000
934
2047
670
2597
2432
602
115
385
1234
3990
2774
2656
2609
2626
1621
1696
4022
2903
656
946
1146
3032
2659
3713
462
902
570
2576
3584
3385
2608
3824
1953
368
505
386
3799
769
4092
785
4012
631
2035
7
2289
3678
1151
1232
3685
3667
190
3087
4051
1835
3719
4062
1363
1138
2856
1436
1339
1602
3273
1280
1450
3564
2149
1799
1832
1094
858
661
2627
2797
1935
3865
951
1081
1379
85
471
2369
2316
3889
2768
25
2875
3111
4088
3530
1736
1589
2590
2833
2633
2901
3285
3569
3297
1442
3777
2735
992
363
2630
145
853
3614
3738
2800
3852
3216
1145
1982
202
947
452
3942
1842
1461
3077
1875
1558
27
596
2705
3276
347
2937
3282
2487
3113
860
283
4070
2728
2722
1060
1528
4081
4056
954
1413
3482
4040
1456
478
810
2255
3349
525
2350
895
483
2986
1634
3937
1781
3876
3575
2117
3952
1765
3092
3296
2205
2981
1261
1973
529
204
917
907
326
3383
2762
593
2094
2168
1920
2283
1761
3129
492
1683
2256
1989
1315
3837
193
2374
2319
692
1774
3709
1248
3927
2362
2647
3083
1636
2749
3619
1338
614
1031
1306
1649
88
2818
2831
192
3489
3844
1888
2666
3324
3279
2570
2724
24
426
3495
2973
1352
1091
1813
2137
3779
1970
910
91
1928
1088
2344
3404
1741
1269
3690
54
3329
3322
2543
3010
1807
3041
82
2420
736
2347
1857
888
2282
1971
1789
2553
250
3178
1729
3366
1784
4006
1351
3571
831
1811
1227
675
2093
823
3939
457
3126
3082
2848
980
4084
552
2784
2454
273
3732
455
3473
3788
3984
2966
112
3941
2591
3179
571
3770
2780
3929
1149
1530
474
2381
3653
1213
857
1791
1804
2330
3492
2802
573
2298
3602
901
1441
203
1680
3159
1268
1391
161
1586
837
2409
2389
1519
286
1211
923
2826
2239
2782
642
3033
3606
2262
1357
517
3323
3622
2544
1458
1868
969
3944
1531
1131
1260
941
148
2678
637
2411
3727
1865
913
972
3048
873
3868
2978
1521
3875
2186
835
533
3873
2307
3068
1898
3872
32
2558
3550
1631
2967
780
3086
1639
12
1033
2197
1488
2366
3044
3639
3027
3188
1270
1731
2898
2550
1073
646
854
3750
3742
173
2740
142
4024
2007
503
1560
2422
905
2998
3357
376
3260
3496
1132
606
1299
2498
2623
874
316
1492
1879
2637
2697
2232
611
1612
35
303
1120
591
1815
1563
759
3002
3493
882
2210
296
2336
3969
2176
1347
879
2227
1972
3726
1350
236
2387
3459
4058
977
1107
3377
1615
4087
449
2598
3338
2707
2606
185
1159
2751
19
2377
2116
989
3160
3577
1130
2644
964
1664
109
2466
2427
518
2367
1493
1843
3050
3991
2708
3267
3943
3648
442
1908
915
1123
1539
52
1929
2600
3728
1194
3834
565
308
3574
351
2897
1786
3972
551
2267
2462
490
3740
3488
312
3039
2257
2603
537
1522
3662
2990
2817
3883
843
398
395
3953
1922
3000
418
1747
840
3722
3505
408
2562
2859
893
3286
218
719
2895
2040
3469
1778
1013
1936
57
1251
2642
2930
1684
1118
1760
3963
3993
3405
3358
991
2014
3845
699
1787
3635
1005
3863
1671
2434
3372
2353
2089
973
2753
1817
1614
816
1592
1105
2148
1366
562
3158
999
2619
633
207
3819
1668
3673
18
2034
1904
99
3202
2433
1849
472
664
2615
2904
988
3450
811
2665
1326
805
3036
2114
366
1417
3854
264
3813
2849
1039
1599
3782
3581
1344
2920
100
2457
168
2370
2982
477
2270
1308
1495
1828
1116
3234
2885
3157
2974
2892
864
3106
1025
86
3899
1651
2292
709
2130
3692
2547
914
274
515
1170
748
69
1983
3980
3407
2450
1201
998
807
3458
1041
48
2495
170
3461
2244
1144
3921
152
2865
663
3857
2492
3809
1294
3958
3644
2477
3287
984
55
196
672
2985
912
2909
2230
3091
2819
2140
2813
1343
3882
1526
3800
1859
1745
128
2390
2415
1749
1090
3825
3860
58
3916
3822
3590
2398
597
1293
2989
2867
763
50
1348
453
3141
2058
4036
776
3430
3935
871
3820
1654
3042
2704
2921
3024
2754
3292
576
429
20
813
2430
2646
1096
3763
1408
579
2419
1507
200
2890
2790
1562
1512
1109
1860
1030
1103
1071
2213
2358
1124
2135
794
2442
3444
1136
3833
1150
1578
1513
1152
549
1046
2334
2360
2980
2955
3769
1079
2695
1321
1638
1310
2845
1536
3724
110
2237
314
3080
513
2507
585
866
3926
425
3164
2309
2471
301
166
1252
1600
3326
1490
2947
4093
803
768
1934
2032
3641
338
3257
878
155
63
2942
495
254
3725
377
2436
3919
2016
1918
2235
3103
3334
3180
1491
1564
1393
6
1697
3961
1002
248
2187
1214
2118
4038
1721
2115
3379
819
4061
3859
519
1808
1024
2331
3117
3753
1742
1624
1385
212
1416
838
2956
673
3192
3924
2379
216
1199
2112
3917
1020
3155
372
2177
624
2944
2361
2285
2145
2474
3989
3649
2042
3300
1996
3729
342
554
522
467
1867
3330
1926
885
3332
30
1655
2934
362
2050
435
1203
2481
3801
3340
3968
897
3814
1965
1593
1395
2085
2569
2625
1537
327
793
3317
282
2792
3988
3902
892
272
2167
2687
3306
2841
36
3433
107
3502
4080
1221
1753
3288
2423
2844
3025
3593
2571
1361
3896
2173
2805
2526
1938
755
1220
4003
824
588
3437
84
1359
147
1197
3507
2887
43
747
87
1275
4060
3526
2368
288
2470
2107
3038
1596
2674
617
211
3637
1591
1305
1459
696
1616
1035
3281
89
2172
1947
1083
331
586
470
2425
1620
2055
1834
1437
3957
3011
2583
3149
2066
3669
927
4001
3062
725
924
2968
3454
1099
171
846
3429
3101
829
2943
925
431
3394
2799
3830
127
2195
2673
1717
1874
669
2385
3705
3698
411
3428
590
2110
3997
3531
2957
3654
1018
2076
3190
3439
3432
3964
134
3486
3204
3563
3065
555
715
2443
1040
1444
392
3561
1482
1474
3225
4005
635
1126
889
2716
444
2444
3442
1328
4077
291
3672
3211
9
3522
2413
186
382
2414
1552
3517
904
574
3403
2814
2664
2811
3497
1498
1452
3652
2654
1142
3066
219
1951
1858
2613
1594
479
268
949
2224
2393
260
1575
92
1300
833
809
3173
201
1398
2655
3843
51
3572
2123
1949
3064
1863
2263
3764
3821
1247
304
3099
1933
1486
3974
1004
3491
352
3147
3186
2196
1845
421
3427
1764
830
3734
2325
3560
749
3591
757
2641
2113
3975
2121
2836
2732
730
1735
497
3792
2518
3347
1453
775
1751
172
2551
3130
3565
39
1948
1180
1619
741
232
2756
2323
3992
3576
2648
1237
2380
3131
504
2204
3072
2306
2548
3446
1111
3607
3198
1876
2053
2525
722
184
712
3053
3609
2086
2391
1215
1471
3954
1916
3435
2438
3661
3457
1222
693
3789
2131
3979
2858
2203
3592
433
333
1311
777
401
1652
1889
3361
2928
887
3201
756
2715
349
903
2946
2451
630
3962
3642
2069
2804
4091
1545
1837
2862
2846
2508
4041
2731
724
1274
1374
3870
676
129
1595
2834
1582
3046
655
3079
1117
2791
3307
987
1901
2345
3879
461
4076
2931
348
1032
1905
2835
139
2159
2074
3841
2530
1291
2126
1897
3274
2418
3759
3171
187
2765
3018
2169
1794
1755
3021
2945
4073
2300
1009
2874
2241
3938
787
2088
432
1682
1546
354
1175
1481
4053
2301
2582
3671
2929
3058
2475
1427
3449
2171
1016
3371
3907
2412
3687
13
3088
2246
1820
2760
2922
1061
3775
126
3471
1106
2575
137
3063
3524
2913
1523
194
1643
233
685
1703
2008
3004
703
1626
4020
2162
2987
3853
3266
975
1278
3612
605
2157
928
3249
728
176
2417
619
3864
2200
3714
287
343
2549
2080
538
3544
3386
3438
1382
948
3552
1266
1349
2737
704
521
3806
4011
3303
122
406
3215
697
3900
1662
2272
1058
3999
1733
1056
3538
1119
491
3743
3744
3475
1732
97
1472
2152
4014
2231
3309
2472
1821
2341
3511
1360
863
1284
3578
3045
2568
2962
2416
1404
8
1883
512
1139
1336
1699
412
3812
1722
568
3681
214
165
2778
2249
414
1648
2959
2349
855
2837
1162
2552
3746
1409
836
64
1432
2690
1434
1611
1678
1320
2268
814
3643
3176
17
1137
1148
789
195
3832
968
3691
3245
3037
3657
3510
364
2180
3664
674
644
3348
1354
3122
1244
3846
2458
1506
4047
3440
2136
2229
4039
2577
1340
292
766
1618
394
3220
1243
119
1316
883
3100
1224
96
881
486
265
3393
1424
541
310
3666
2460
4028
1942
2486
508
3436
1814
2098
136
280
2359
174
3629
622
3521
1469
1718
654
1006
1226
900
1484
3570
2581
3839
3626
2060
56
3054
103
994
11
1660
1240
1909
3987
21
3858
3553
1204
1465
3897
141
3325
3210
2676
2278
1540
2683
1276
3026
986
3227
1195
3710
237
4033
3354
346
2745
3308
2002
1462
3409
1869
1670
859
403
2348
2502
2160
3125
1407
3512
3781
3076
1500
2065
979
2938
3633
2999
4048
1466
1580
1549
3628
2403
729
415
1388
2077
532
2287
2522
2329
2997
356
493
3238
678
2286
2441
1547
2322
1855
3400
355
1698
535
2640
371
985
1072
1489
567
937
3152
2318
104
3904
3174
328
2960
175
3355
1415
253
2788
1896
2027
180
2111
818
2384
1782
1483
448
1062
746
2165
1206
2250
802
1945
2939
598
1608
1028
4063
409
2686
721
188
828
1184
3412
420
3109
311
1171
261
645
1810
3582
259
1125
1887
322
2185
1003
2082
3137
1208
2179
3566
3716
3520
1082
3314
653
2777
1754
381
616
3208
2276
2977
2992
516
2063
2679
2770
3071
1577
4002
1960
3389
1241
1038
1262
300
3221
242
545
2512
359
2043
572
1400
3401
2696
1613
156
2097
1318
2752
1100
982
1728
1914
608
2184
546
2248
3360
2963
1715
800
659
3540
2228
456
1337
199
1418
774
2005
3658
1288
1871
2473
3223
2607
3757
621
3693
3222
482
732
391
1686
2100
3971
2832
2961
2510
396
150
2689
1355
1440
3295
2404
2855
2363
3165
2245
2087
234
2554
3920
534
106
2072
2616
325
3108
1480
1295
2533
1216
3762
480
2386
3636
957
3776
3715
3081
2382
3911
528
2324
197
1218
2660
595
220
2671
3955
691
1533
599
2536
295
3255
2091
1289
1688
2680
2122
3233
1650
399
2312
2449
799
1954
694
3120
734
1010
2133
3604
2954
2650
2132
1943
2757
3019
1478
3467
1704
767
2214
2918
83
870
4089
2127
16
2031
1567
464
3767
2343
1387
2193
2713
3884
3842
468
1957
3224
369
1995
240
2104
581
3031
1744
1574
3328
10
3811
3915
2183
2439
135
4019
865
3804
3816
1681
3735
423
1508
1128
867
3745
2018
1609
3327
3144
340
53
1457
564
2120
3359
2252
2908
2970
2039
2949
4067
2004
4059
1198
716
3214
14
3519
2579
1792
1716
2011
1585
2864
668
4075
1402
481
3094
1485
4027
441
3589
3116
1568
1329
3885
3023
2720
3755
852
680
2174
2290
1994
1303
2820
1164
1085
95
1977
3406
3983
3670
3828
2580
367
1663
191
3189
1833
3375
1559
1691
3543
3959
22
3248
2240
3029
2712
3892
1775
2017
2758
2529
1378
3331
2672
657
2056
772
1022
506
1256
2057
536
1097
1104
3170
4000
2499
2500
2071
2746
2155
271
1298
935
3289
684
3284
3981
3052
1988
1637
639
3867
1362
689
1231
1233
223
1701
2681
626
575
2351
2182
2643
1135
966
2932
1730
2049
1992
3140
1565
962
243
3802
3028
3862
2888
3275
1257
345
2161
1057
1279
487
2517
458
2883
2311
3940
2638
1368
3093
2134
2102
3613
227
2589
1955
1281
3012
752
2886
3977
3236
3476
1676
3294
3006
221
3700
2896
1895
764
3468
113
2677
796
1473
1924
2332
154
542
251
1771
2584
3599
3425
710
553
786
1673
1177
563
2447
1870
2372
2488
3741
3908
916
781
2611
3621
582
1907
806
981
2555
2979
1067
1048
1160
1332
965
2022
3537
3880
298
2352
933
1304
731
2305
1373
2829
4016
2243
3878
2635
2476
3419
3930
2652
2048
