1633
592
2135
2586
3990
214
617
363
669
1899
3058
4070
326
3326
2441
2611
175
3685
3914
1126
252
2474
2042
3400
2066
2783
2192
2686
1691
2370
3568
3583
2490
2136
2617
3744
702
3682
235
3125
64
2263
3243
1914
2650
285
46
1834
2134
2165
1892
3728
1712
2919
3083
2945
3686
3790
49
3960
814
2200
2260
553
4033
3962
1457
985
3441
3361
3874
3227
283
3530
2233
1518
150
2681
1533
2622
57
2355
121
868
3438
1437
9
559
1510
3737
1664
1794
3825
3419
3711
600
2450
3391
3396
1210
3496
3475
1688
264
2325
3684
1589
2824
3676
3501
2984
3514
621
443
2765
3352
128
3240
2903
3839
3691
2063
1447
368
1443
3816
2404
2806
1084
2909
2694
1275
3474
3012
1750
1366
876
987
2937
437
3533
1666
3111
1921
463
1624
1032
489
248
2248
926
3296
3690
2049
3132
3772
1640
22
3847
3276
1964
1180
756
521
2989
2732
832
1719
3899
3958
3363
3659
821
33
137
7
1600
1389
351
3926
481
698
1609
2598
3345
1430
1655
3521
1279
2425
2544
3282
1852
1681
3883
1494
1698
1028
1588
514
1030
3424
3117
1783
3585
3336
1700
746
3601
3024
3787
1751
3714
3994
1222
3382
2331
2975
1997
1195
2547
1503
3193
794
1565
3320
3093
1456
1646
581
407
807
3680
1010
1476
1295
2261
2432
610
2582
45
3534
1965
2590
884
2760
3729
2708
882
2019
4071
3566
3693
556
124
2997
741
3956
3589
696
3851
2789
2245
859
2295
2357
2939
2829
1872
416
1348
2841
3665
305
1463
371
3271
3104
249
1046
3190
3752
1184
1167
853
4017
133
778
2515
2801
1177
2453
523
2046
3641
58
1226
3360
3169
3576
1321
3553
1623
3455
3417
541
1002
3915
992
3053
3021
1671
432
3630
2435
2910
2123
618
450
3065
3017
3479
3342
1194
2531
1540
1717
302
3836
3334
1488
3580
2182
2428
694
1015
662
2891
3116
1506
1563
3807
3069
4
2624
2505
551
684
173
3221
3245
2893
2443
685
818
857
3164
287
1694
701
388
1462
3771
3688
3886
62
347
1621
881
3439
3358
3405
2196
2439
835
3565
4094
1650
3564
2642
838
2983
207
1431
3823
2545
311
1384
1690
3547
2836
2288
1659
1075
486
3940
2663
118
869
2116
2964
2777
997
2326
3806
3151
1105
2061
1539
423
2015
1704
2602
2685
4072
755
3214
3316
3563
2519
3261
661
1790
715
3613
2283
224
67
1553
927
2815
1386
3570
3225
310
564
333
3784
3167
1516
3681
2454
2736
2087
743
2481
3602
2038
469
2612
2496
1482
846
1890
3578
667
3506
3675
2658
2132
1746
1213
3372
699
712
4012
1413
767
2058
1201
563
1833
867
91
2810
1407
1286
908
1033
3233
945
1602
4013
4016
1056
3123
2568
2145
2414
3896
3408
447
3889
3715
2138
170
1952
1066
1138
1867
1134
2342
2864
3626
3486
1423
3388
2048
1764
3133
2003
3826
3490
3736
2599
2475
14
2379
2553
3259
4003
1567
3969
565
964
1121
353
2391
800
1487
1740
3324
3186
2313
3869
3830
2279
2149
1848
2328
627
1387
176
148
2747
2711
2684
2924
3110
1789
3428
3647
430
2102
2833
2753
2022
1753
3018
1035
2565
1091
2495
1139
36
3774
1090
1288
3208
2327
2100
2695
1204
435
3308
2847
831
2166
2575
3278
220
883
3652
2092
1059
1007
3951
2875
2955
2959
747
41
1577
2126
2112
936
3998
2647
2848
3279
2255
848
1211
3373
3076
1721
727
2125
813
993
1169
2431
2755
2803
3427
2222
1131
1509
303
2827
4078
1554
1825
1629
3022
2180
3508
1572
2012
3300
3323
230
731
1785
3273
3824
3903
120
4057
1191
2241
3084
3952
1592
3209
2840
3203
1511
2164
3505
3480
1351
436
2000
2979
1761
2334
3458
1809
524
228
231
2665
1938
3819
1957
2687
970
1804
1912
286
968
904
387
3446
3488
605
1094
530
3340
3331
3393
85
1520
1832
369
271
3669
2093
990
1654
1024
858
722
2603
2834
192
166
4074
1465
711
979
1083
1971
2992
547
2866
1085
978
3532
1401
3189
403
2107
896
2308
4088
2947
2770
373
284
3349
3359
3887
1763
1882
497
2552
3590
2511
4052
2491
2371
3003
1491
1607
2352
3004
473
3867
1536
151
1349
3253
3134
343
2925
43
769
2670
1017
3175
1891
3700
2230
2084
2948
1838
1866
1571
4001
2242
2161
3325
3919
1862
1438
1342
2265
2726
919
1532
2858
1537
1930
902
3593
2274
2613
2926
2321
3304
642
3394
1060
2769
759
1118
1685
2534
234
2892
2516
3301
3724
3422
3185
2870
2053
946
2183
3953
1328
3370
2641
3434
1555
2077
1238
3814
493
3121
2921
971
3168
720
641
2627
2768
3930
2143
3229
1269
3623
2457
3314
1820
1088
3507
2374
323
789
1513
2530
2129
2798
892
952
3710
1248
246
1999
316
1203
1224
241
4066
3642
2774
1251
2062
1070
25
963
3401
2467
1639
63
3850
3793
3184
620
2677
2731
3173
1360
2987
1906
2904
1495
65
95
1557
1324
1599
280
906
2609
2805
3878
958
3620
3809
3577
2514
2076
707
1229
3224
1806
134
1311
2796
1307
2217
194
2075
2808
3984
783
787
3499
1985
3246
2729
116
1373
3938
2219
105
3267
3539
1874
2159
306
811
3162
2224
1762
2672
3611
3853
3991
360
879
2991
2637
2709
2885
3050
332
3140
1775
2645
1925
1748
2792
3526
3148
2720
688
3928
3402
753
98
1637
10
20
3213
2285
2059
2993
1165
1507
2973
3727
3842
691
359
3318
2080
2290
1125
2236
2104
714
3968
2853
2096
239
318
1110
3397
34
3884
3689
3868
2557
2302
149
1735
3660
187
178
1246
3230
1367
1332
1116
668
3130
969
2518
522
526
217
317
3113
117
1205
3147
3697
1153
2727
1771
2188
3120
3858
768
2648
3030
2884
1164
3389
2539
1512
844
823
1440
1844
2688
3157
1309
3579
262
2523
1162
1978
1613
428
917
1903
2584
2252
215
157
2794
3090
1720
799
580
674
1188
1983
923
757
1253
161
505
2608
260
716
1453
3717
1271
1517
3559
1498
1406
2878
3265
3094
2147
1737
1786
2977
4048
1302
3567
2013
634
2392
3047
3205
625
1133
729
2679
15
3639
647
1504
397
1756
2004
3619
3610
777
874
159
1168
3625
1651
3060
372
1893
92
587
415
1585
2776
50
2235
888
2928
2589
3165
2148
1303
2588
3087
1276
1628
3467
2346
629
2198
434
957
275
401
1574
54
1843
2243
4050
1415
294
856
3256
512
3232
772
358
291
2620
2146
3241
2954
2996
1209
2982
2162
2482
1975
790
1087
2706
3783
4004
375
331
1941
2563
1679
1663
3504
504
3477
864
1179
3379
1898
2654
2842
3141
3460
805
4053
3817
2344
2578
1560
4040
718
2509
267
17
3950
2748
3694
1489
182
2868
491
709
1538
5
3387
281
2944
269
1325
939
871
1579
3038
1329
959
962
4011
865
2303
405
1006
4027
552
3897
1586
675
2449
1641
3987
2366
2095
3595
3698
3792
2436
4095
1420
1178
4068
414
1268
3332
2766
1521
1705
1239
1225
2345
3667
200
3516
2007
3648
3801
3918
830
2488
462
1174
3484
1781
3346
3166
690
2199
1120
596
3482
3849
384
1189
2559
1031
3137
1887
1467
3269
341
4032
1071
1151
3333
1474
1680
263
3222
615
568
3945
2419
901
2619
717
689
2460
1499
728
2294
3177
1940
2177
1642
169
3845
3746
1840
155
2917
877
3615
1157
2090
2462
1073
3465
2512
1074
2630
1530
1760
1837
815
2714
1942
3159
1354
1873
3933
3329
3512
2680
3131
1955
1865
1946
659
2451
706
2812
1451
2850
1050
1910
898
56
3835
681
1527
3098
2961
2562
907
3880
2284
3871
1383
2493
1829
1619
2697
2966
1796
3702
1230
1823
1263
640
2466
222
3800
400
420
671
38
3832
1744
4064
2701
1758
2211
1568
3767
2724
3495
240
3575
2935
601
461
1399
726
1528
806
100
567
2704
3591
801
1709
3268
2316
2564
1390
2707
1340
4054
1558
713
2329
955
3027
644
1828
3802
390
1656
1170
2168
2671
419
528
1797
2690
40
2938
2409
2415
2851
127
3272
2167
2525
385
1176
3309
1158
1552
956
2569
2767
2643
2633
2843
3517
3813
2412
1682
2142
506
3545
1883
4058
2549
569
2410
1464
1020
2002
1081
2204
1104
2877
467
2846
1598
633
1731
1243
2280
3663
3476
1947
245
321
3039
4067
2030
377
3242
3096
367
2208
273
2381
2060
3963
3844
1300
836
110
1001
2421
3000
129
3525
2047
3604
511
2814
2800
12
297
1278
2998
2567
2734
1285
229
3704
1819
3040
2244
3105
577
3828
335
2036
2014
1564
3848
2595
2272
1732
1004
2710
3218
2797
1135
2772
2751
2281
3529
2052
1109
604
3489
1531
3212
2764
1111
1077
1117
2533
1347
2540
3944
1917
3399
52
3908
265
1798
1411
257
1143
635
4006
947
1885
3614
4044
1780
2081
1951
3019
3909
3922
2349
1166
1365
1145
1258
1312
660
1743
1998
3091
1368
2628
2445
3409
3864
1256
451
2655
2478
424
1675
3651
1392
1738
1013
3283
1314
624
2500
680
4093
1831
1424
1372
1854
1402
2163
453
3149
1766
1522
3281
2178
663
3780
3749
1596
251
2050
4060
3418
498
3875
1900
2394
1667
2785
891
3935
441
3457
3841
279
2905
470
3006
1115
1725
3440
1061
2307
1421
1788
2775
3055
1845
2110
445
3584
3725
3026
3010
112
2220
2099
398
1409
2566
593
4028
1953
3161
2407
4035
866
916
1770
2969
995
3655
3249
1802
991
2387
4079
3364
3354
1034
2762
2368
2520
1782
3459
2631
1805
1839
1505
1625
1435
204
744
93
2640
584
3101
855
408
651
2932
3020
1576
658
980
1693
3126
704
1257
2722
292
3452
1501
537
2651
1684
2340
23
391
2356
1808
3286
3322
1318
3307
700
966
209
518
31
39
1966
3464
2873
2054
2292
2310
1755
71
982
3248
1493
887
2723
570
2378
3699
812
922
2799
1815
1708
2385
2140
2259
1067
1772
1676
3911
2625
383
3916
1575
612
3234
61
2470
1669
1141
609
349
1548
3810
1734
1341
2426
3863
851
1475
3837
223
1470
3965
817
2929
1826
413
76
1432
1089
1920
1934
1905
3327
3078
3109
1255
3821
2999
75
770
2898
954
3552
2605
79
1847
122
404
2730
457
468
3993
3144
1868
1394
315
4069
2411
2809
1970
863
2309
3818
208
3548
2741
2946
4031
1142
1267
2291
2322
3603
102
274
752
2318
3627
588
544
937
1436
4075
2108
1726
2078
1005
533
4005
2574
2773
1739
943
3750
2037
4045
2561
3163
2880
2189
1908
74
3062
3636
84
1305
607
1398
2577
3313
2902
190
1610
2422
3671
2869
2756
2277
181
1156
2468
1767
3775
3395
2940
2716
3739
723
2782
677
254
3674
3472
2209
1791
47
2508
460
3095
1019
3366
839
1615
3843
697
1317
233
3059
602
2403
2253
3856
431
3002
82
2343
444
2034
1665
3431
250
3183
953
2623
981
650
3581
3890
3211
2354
616
3469
1660
3637
2538
466
1038
1223
2656
3181
566
779
766
1718
3435
1490
4043
3129
3386
949
3001
1159
1861
163
1245
3747
1241
2636
3485
2899
3258
2956
1132
1092
3013
2089
1297
1559
1078
758
2275
218
3112
1703
1497
3158
2507
2008
4055
2494
3031
501
4041
3872
1208
1352
1027
2497
4009
1729
2402
2907
361
1578
3201
1359
3368
3632
3202
19
3873
3978
2865
692
211
3503
2953
2339
3437
3160
710
3423
135
344
1417
104
2861
3730
3036
3726
2097
842
2674
2091
808
2006
354
961
1958
1190
2377
485
399
2621
3656
4021
555
1048
2788
1618
845
781
3855
2698
4030
1714
2712
2576
1812
611
2266
2693
2359
816
3513
2446
1932
2032
2915
795
3761
2001
852
1301
1418
1733
4061
608
1416
1093
2465
1795
666
3788
2151
2121
2581
1524
3362
1859
1583
3815
3535
4000
1707
2187
2817
2341
2413
3005
4063
885
3582
3023
60
2879
168
2819
1215
3550
1459
1500
3108
1716
1774
2585
2826
1173
3743
3251
1616
1369
3380
1455
2746
1322
843
508
298
1016
2227
2070
2319
2463
2499
3791
2068
736
328
2043
2717
2115
2733
2492
860
2646
2120
4008
905
2802
2210
484
90
1414
3425
3128
3264
837
3740
2195
2912
3966
862
3310
1962
965
1137
2257
452
3758
2314
2862
2156
53
1319
2184
1936
3029
3470
454
77
3713
3445
2807
1594
2383
1945
1182
1916
2442
340
3748
126
3156
1851
4015
2888
3905
3757
3705
1950
1993
1526
3562
11
1591
2459
2580
2759
656
1713
2369
538
2661
3275
1593
1982
3888
3573
1043
1550
278
3100
3785
2649
2606
1364
1055
2251
219
3917
575
1902
2417
4042
3099
4086
2941
893
638
2348
3768
1850
2437
3291
478
1108
174
3392
4002
2957
1199
1234
3894
3924
3277
599
144
3622
1026
3959
1736
3701
3195
657
3044
2438
2380
1163
4039
1776
967
3502
3995
878
977
258
3089
1604
749
1923
3597
2185
1484
2320
141
3731
1391
3073
3451
193
613
1657
3294
595
2657
1752
339
2160
2118
2157
2821
2447
154
1252
2715
673
3142
3303
2477
3558
975
721
1334
396
2719
3961
1102
1079
2033
1097
1631
458
1098
199
18
1972
3223
2823
2416
2153
1202
2644
3519
216
897
2375
2750
29
1330
3043
479
2854
1128
379
2489
3633
4014
2240
2365
809
1315
4024
37
3371
1702
409
3081
2094
1692
2364
1855
3722
3910
2980
3145
776
2528
1160
1422
107
256
2918
164
2127
296
3350
918
2626
1444
2480
165
1405
1316
3510
1904
3491
1668
3943
1937
824
3037
3789
2154
935
1689
2591
2725
2911
1357
2057
1446
654
456
3523
4023
1197
59
1871
482
1270
3929
900
3106
1569
1183
1545
2978
156
4091
1058
3118
519
1608
933
1988
3596
1460
3798
2401
2761
2296
1724
2787
465
796
2395
3237
272
2067
2699
3854
3448
4059
3407
1265
1886
1065
557
622
536
3442
72
1508
2172
345
16
2372
1741
2634
3735
2963
734
510
1777
894
3343
548
3056
2763
3763
2778
3799
1984
3770
632
1045
560
785
1977
3139
3840
784
2471
2304
301
138
2804
3654
3949
585
290
750
3421
1546
2455
649
3756
503
1082
2170
1350
3974
2607
748
1450
2871
2150
1161
1106
2908
3536
4082
3906
1445
3239
3592
158
3481
2197
1821
3877
2889
1112
2524
3600
695
2791
3531
2551
3052
3341
421
195
2203
626
1103
3751
1990
103
83
1468
3280
4037
703
3433
594
1064
1025
2213
3328
3411
549
2604
2456
2849
1323
1448
327
631
196
545
2268
2986
2278
3398
3033
793
2311
3948
1813
3064
3436
1896
268
3794
1040
1582
1306
2367
2673
2818
1011
3384
1289
1779
1370
3900
2124
2844
3403
4049
261
2503
3356
1029
797
183
2271
197
48
3972
3444
3755
1308
3287
2461
1244
2273
1062
3644
2652
3760
2506
2206
2472
1514
1327
2744
2653
1313
113
2832
1672
2537
2934
2333
3939
3235
3852
3741
2011
3432
1799
86
3544
4092
3569
3970
1543
2031
3266
1939
2139
4062
1304
97
4025
1363
1749
3572
1913
2635
1765
3555
2088
3042
803
3649
798
3992
944
1644
3461
1433
3414
2399
3981
1426
771
1480
3471
914
389
3509
119
3759
3716
903
3236
1249
3155
738
3892
2632
3893
1469
1754
1080
1601
1051
583
88
3666
1259
2859
1870
1014
427
972
2086
948
4051
406
3829
3986
2501
880
1129
2771
1063
2920
2338
579
3925
3964
2882
1381
1556
2141
3766
2914
3617
2231
2103
1918
1047
2895
3876
3068
1880
236
1478
639
3672
2970
3999
1232
2743
2024
2556
3217
2960
500
1787
1000
3199
1242
3524
737
2779
3662
449
3219
2205
2962
2749
3973
539
3119
3107
2269
976
2745
1147
2666
32
2010
1375
1427
3016
1878
3009
2079
2476
1605
2560
1927
2225
1645
2676
3429
2082
2360
3988
1811
3447
1757
3115
1186
3070
111
42
2831
143
3942
3066
1439
2535
2069
439
1057
1240
1769
3782
4010
2780
1361
693
3769
2286
1228
1502
1801
3025
21
2186
3723
282
1818
3463
1100
3015
1973
2131
3549
2337
3319
109
3138
2933
186
203
2890
1561
1479
4020
395
1069
598
2894
320
913
3808
2601
2405
2988
28
1284
974
2546
3416
1935
1915
1140
517
475
534
683
2596
2323
357
1114
3103
765
2816
1400
3179
422
1987
3194
3695
3861
4087
3497
2191
3762
998
828
2867
515
3537
2786
1175
2250
356
1991
786
3498
1044
1683
2074
3257
3292
212
1849
2754
2207
2757
3719
2692
3923
1858
142
472
1747
1380
1877
3609
2085
106
3250
3383
2023
2111
2214
2347
417
2558
1441
3473
2689
724
3011
2193
337
3527
3270
410
3859
433
1778
820
4085
3348
1727
751
3092
1274
960
1123
3937
1784
934
3406
1192
2306
591
1294
3351
114
3712
3628
3390
2486
3344
202
764
35
1661
3934
1291
2297
393
2312
2881
1171
3574
130
1471
1587
3913
2587
4084
2593
205
3102
1018
1919
44
3661
988
3927
527
2362
3430
3074
255
1434
3450
525
4073
1337
3071
1827
3082
670
983
3635
1541
1377
3176
1853
645
1346
2464
3977
573
1515
3035
1130
822
1888
834
4007
2064
1792
188
3072
2860
2254
1687
1442
1343
253
2216
3244
2522
1095
1101
1428
3605
80
2667
374
2247
2965
3803
940
3979
3812
2793
3295
739
3629
172
2458
2573
160
1338
329
2194
2510
471
1292
276
3008
861
2825
2968
2469
2025
3097
2811
2951
459
455
3034
1634
1021
825
3206
3608
1404
3996
221
2922
3493
3302
3478
2532
3153
3187
3207
1981
2616
1529
2683
3046
295
3520
2133
3687
1525
487
1963
3738
1842
464
2610
3238
1636
1086
875
3032
2298
589
4019
2900
802
2246
2229
3776
1473
3375
989
3862
578
99
288
4029
1989
314
3378
324
3456
2923
2659
3231
3587
2174
535
125
3196
2175
1710
330
3634
513
476
2541
742
1909
3492
1008
3284
140
2473
3920
3646
2820
1299
910
643
2502
3468
189
3178
2098
3262
24
1185
2485
682
829
761
490
2300
1974
480
3692
1928
1218
2389
3708
2521
2700
3936
1388
2852
145
2130
1699
1378
1353
3624
733
1326
1254
213
1247
1207
429
3594
3180
924
2406
3063
1551
3154
745
1584
2358
1481
2572
664
3255
3882
1715
2830
774
1374
2
2232
2949
4065
1803
2072
355
101
2758
502
2660
1638
132
3170
1296
655
3197
227
2201
3515
1728
3718
1822
1119
3546
3658
1836
532
628
2017
3290
4076
3330
775
554
1076
1293
3980
3599
1408
3551
3377
4056
1711
826
2728
2376
1333
3263
4038
950
652
986
3997
3522
1206
13
319
380
3443
3866
2675
139
243
2073
3365
1345
2615
886
3638
394
3902
3745
382
496
3045
167
2444
308
1549
1653
930
2335
2813
1023
1012
3174
1976
2215
1907
2554
2350
259
932
3805
1146
3967
994
909
3347
850
1674
773
226
2713
3556
2424
2702
1807
210
1894
3985
325
70
3879
1617
1856
2429
3976
1273
636
915
780
2856
2874
378
2696
941
495
1261
1944
3285
3827
2181
336
3606
1472
3339
3773
3870
2742
2971
2117
2293
1519
951
299
3721
1875
1566
1643
2262
1181
366
1597
1895
2448
2363
2234
2967
1037
1266
3811
2330
289
3650
3404
2930
1149
1393
438
2570
1814
2106
4047
342
2664
2029
3640
131
3122
3588
2901
520
2258
2876
872
719
1620
562
152
2958
1911
392
2916
1454
540
334
1290
2669
2718
4046
1869
2739
293
1235
2041
606
488
1697
1355
2597
3454
2629
1152
3881
2839
2838
2418
2668
2536
2332
3061
2020
1492
3367
529
2972
3653
911
0
313
1477
442
1052
1072
1967
3754
242
2005
810
266
3028
3048
3616
1695
1233
1466
561
2179
238
73
574
984
3709
3200
2691
1864
1144
4022
1816
920
2863
3254
365
2886
571
3831
1009
1193
411
2384
3041
2400
760
3822
3561
89
648
1614
1889
115
3857
96
1214
754
840
912
1612
1922
1356
1452
678
346
2051
3172
3449
2913
3833
1320
3152
2529
2638
735
2373
2427
2990
665
3598
492
1924
3075
1154
3618
3912
3415
2594
1382
3054
1310
78
509
2639
1039
2202
1980
1824
2703
3483
1155
928
841
854
2420
3192
2045
3554
3188
499
3014
1994
619
672
2784
1200
94
3560
3487
2950
2105
2855
1403
1419
2433
2122
123
3720
1730
3453
889
1677
725
849
2872
3804
185
2555
1150
3051
1954
1396
2857
792
1486
3311
3931
198
2040
1979
418
2239
3742
3385
1335
925
2487
2301
68
348
3136
762
3975
2289
1622
350
686
833
1956
2270
1968
2517
1630
1272
3376
1449
3182
1535
3733
1884
2237
2513
2361
1054
3703
1425
1606
1
2614
1124
2028
1379
2835
3369
4080
1220
2398
1068
2845
3696
1262
1959
3210
1901
543
2795
3932
2119
2218
1649
3135
3797
2662
1881
1022
1534
2035
895
3215
2504
247
277
1376
3543
550
2837
3657
1282
2190
1768
3143
3732
3289
1281
1496
2317
477
1041
2571
4026
446
1371
30
1107
1603
3706
705
3077
2527
3957
1231
1876
1344
4036
3007
1221
3982
2336
1800
1996
2044
1280
2738
2952
740
2026
1632
3146
3664
3907
3983
136
2883
1458
3777
2721
2386
1336
2543
1595
2382
2071
3260
3678
1003
1412
931
3305
2397
270
576
1759
162
225
2735
2682
3204
4077
2943
3796
1969
304
2931
603
1187
1277
1542
3312
1053
1929
3374
3171
2018
3288
440
322
3216
1841
180
586
3955
1122
2942
1099
2016
153
8
3612
819
2267
2009
782
3191
1835
1198
1237
1696
425
2548
3673
2083
3683
412
1647
2981
3528
3297
2315
3462
3571
890
2897
2101
2152
1250
2351
1949
3252
597
1216
804
1395
2282
2113
3226
3786
386
1331
2430
3317
2906
2592
2452
3946
3086
2408
2299
2021
3865
1933
3765
3921
3668
899
146
3734
2440
1745
929
3860
2223
3631
996
179
1931
2287
307
108
483
2542
3820
3895
1830
942
3057
3557
1227
2226
590
2128
1793
352
3621
2781
531
2434
3795
3198
3247
3677
1148
3954
3511
3891
69
1701
3679
1722
2393
3500
1943
973
1986
1627
1113
2228
4081
3335
1846
1264
3080
614
516
2176
1662
2790
4034
1461
2936
2390
3085
3846
2479
3753
687
1562
1385
3904
1172
3353
3898
2423
873
2056
2740
309
1287
3540
3989
3338
2526
2114
1096
3494
66
191
201
999
2396
3413
3971
1485
206
381
2249
1626
1879
2276
1860
653
2498
507
1581
1658
1196
637
55
1686
232
1897
2483
448
2896
582
2927
2828
3381
1339
3518
3127
6
1992
51
3298
2039
2822
2618
3778
402
3420
1648
2264
1706
3643
2027
312
3834
2752
1810
1590
1219
921
3357
847
1049
2256
1652
26
1298
1544
2579
1260
3220
1611
2169
27
494
2976
1283
370
2484
870
87
1926
1580
3124
3542
3410
3645
3293
1817
3228
3355
4090
3466
2353
542
426
1635
1547
2887
1573
546
4083
3586
2155
1236
1036
3764
1742
171
1857
177
3049
1773
791
732
2144
2055
3299
3337
3274
3321
1212
3114
147
827
623
362
1961
364
1042
572
2065
1570
1127
676
1995
1483
3067
3941
474
4018
3088
3779
2994
376
1523
3150
244
2388
1410
1670
2583
3885
730
2550
2324
3079
237
1429
2305
3412
3426
2212
2974
300
1863
3947
1948
2678
3541
1673
2600
2705
1136
1397
788
646
2995
2221
2238
184
4089
81
1358
3781
3306
3538
2173
1678
558
1723
1362
938
2737
2109
2137
679
763
1217
338
3901
3838
2171
3707
3607
3670
708
3
630
2158
3315
2985
1960
