1334
2657
1459
3774
481
1961
1570
863
1799
1541
2689
2756
172
734
712
3617
2313
587
1138
2613
4015
3062
2651
464
416
374
2237
1950
2835
845
3191
3358
1882
1590
3703
2229
2699
660
1473
2511
1177
2766
2695
3391
1763
457
440
1579
2202
311
1136
2734
641
1911
824
3629
3769
3944
1989
2751
3352
3824
226
2457
3544
1840
3565
3780
2477
838
4089
3084
1411
2903
2879
999
2305
2759
3553
3605
1281
1512
2704
1631
2291
329
215
577
80
2074
160
1999
2555
2491
3614
527
4032
600
2735
357
3399
3001
3627
3563
1670
353
1658
3212
2935
1990
3039
2209
1854
946
1448
3315
296
2134
2747
2026
2034
2571
552
1917
1238
2267
3133
3350
1183
3958
1967
620
2351
521
3895
4094
3128
3961
988
479
44
1826
1487
2859
2348
880
2979
891
626
2565
6
3531
2844
1647
2676
3438
2223
2179
4064
435
1039
2543
16
4051
78
2534
1092
4073
1079
2245
2381
3466
1436
3588
3880
1638
1489
3940
2593
1340
1164
2374
2752
817
3510
1016
3166
3754
1572
2486
5
2670
1327
3969
1986
208
1400
1645
1662
1656
787
1916
773
3034
1955
2508
3075
2499
2035
1419
87
3795
3180
515
45
431
903
2923
3003
3366
1215
1106
3381
262
500
2340
3290
3370
1556
943
1282
328
1773
3994
1328
2971
1259
3291
1775
1743
1595
2989
2947
1416
2811
459
3280
1607
212
1397
491
3011
3386
1346
2867
2998
3856
623
3619
855
649
169
2673
406
73
696
3813
1968
2779
4044
944
3975
3948
3153
8
1992
3277
1308
794
1155
2840
2726
3425
219
1510
651
1988
3807
1335
3869
1476
3851
1301
1666
3163
1784
1199
2701
2666
2397
1925
3572
2510
2940
2044
3299
249
644
3715
1175
234
1241
2002
915
1648
3949
2386
1918
413
986
2317
1676
1636
2732
3607
2592
3823
2051
782
1490
3571
1589
4017
860
3131
4076
963
1285
3891
3723
2775
3437
1877
2806
3587
681
1385
3742
458
739
878
4034
4054
351
3915
3650
3436
3378
3071
3328
3402
3568
3113
3876
3785
2745
2866
1494
1504
268
3054
1953
316
453
1783
804
2375
184
176
2280
834
1257
4060
1972
2760
3194
1461
3524
2130
3103
18
1800
451
2019
4069
3208
1694
1332
3309
3383
2812
2064
46
1562
3014
3551
2352
1188
3266
2429
2700
306
24
415
3554
2140
283
512
131
1693
2649
1341
2425
1186
3865
3924
1922
57
3412
1166
1543
3332
4012
76
3418
973
1788
4078
945
1060
443
3497
1294
815
3106
3493
1798
1023
37
1071
3559
1845
601
533
1012
2942
3564
3601
2343
3555
2203
1709
1091
2660
3888
2342
2672
3072
4003
3558
4061
1111
2137
3905
2524
1830
2312
3649
3023
3400
1149
3661
91
97
3811
2814
124
3258
209
1530
3089
628
3020
3392
1054
286
3779
244
1410
498
2868
2984
3952
3771
1741
1740
3069
3928
575
655
1119
669
1401
3947
3546
1954
679
3174
1993
3621
3706
3232
1685
3310
2762
1433
3312
2047
998
2231
978
1702
4091
1360
3483
2635
725
2228
3521
2271
1003
1787
1516
750
4018
2396
1408
1141
3491
3833
2254
276
2586
1260
303
1470
41
3045
383
536
1104
2468
1468
3245
2273
2379
849
3140
1764
3577
233
417
3495
3832
2128
2509
2121
3881
2563
1947
3758
1707
967
1730
3989
1228
2641
1213
2066
3321
2743
2831
908
2552
2480
1614
2275
1311
569
3347
432
1134
3286
1921
1712
4053
2102
862
1711
2855
2193
2358
2295
2976
697
3592
216
2736
3248
1901
2544
3935
1615
1371
3207
3444
412
442
2090
335
492
3403
1000
1963
3702
608
1247
1430
705
867
2939
1277
593
1715
2527
3467
3231
99
1842
666
2582
334
3657
2282
2525
643
844
3841
1203
599
1734
3875
3261
3285
1455
148
2892
187
1863
3
2177
3996
81
2605
2674
1621
522
4080
1518
4011
190
894
2953
3916
1664
135
627
837
2285
2839
1674
2794
3829
840
2226
1876
2988
1065
1650
4059
3700
3585
59
156
1368
3181
32
1987
2776
317
3367
2402
3393
1496
2677
3622
214
715
3962
603
1359
3917
3150
2174
2681
1857
537
2957
3152
2303
1602
1547
2476
1671
3748
2644
1382
1675
1254
2896
1008
2016
883
3260
1500
4084
110
1618
2569
2664
2787
1351
3992
2685
3137
3109
1765
3129
3480
1025
1101
1732
2089
2427
2886
3244
2011
40
2367
3317
2365
2890
2739
2929
875
3470
2638
504
861
893
2654
792
3804
1586
1053
1044
1076
716
3066
3561
656
1190
1218
2441
1535
852
2897
462
38
3464
1523
2621
3165
1369
2598
3871
2018
653
1451
1131
144
3839
1226
1851
446
121
3065
1519
2421
2714
3951
1126
242
3625
2249
1096
2768
968
3698
3025
2353
1809
3067
788
2950
2553
3684
3282
2894
975
2301
2710
1415
916
1088
1015
4037
2434
171
3462
188
3837
1931
1744
2003
3234
3172
3408
554
3267
2906
387
1938
2874
2884
1043
358
795
3218
2417
2211
2515
531
2872
424
654
3733
269
1372
1347
747
3843
941
381
3228
2653
949
497
3818
2731
2502
2166
3484
3196
3203
579
932
3541
1533
2387
3354
670
803
3772
3304
1563
966
3933
876
1865
2118
2679
2908
4070
2887
918
1690
2696
4042
1484
1823
267
341
613
2294
1392
2639
178
3458
2262
206
1560
114
1333
74
363
145
3719
2297
2399
2360
1847
972
1454
1949
1913
3415
818
2750
3440
1006
786
2585
1962
2195
2081
1056
3652
2446
84
1575
3295
2755
1687
2083
2406
3013
297
2428
2321
1206
3284
526
1567
2471
2616
3953
461
3533
3708
2985
1318
378
3830
1827
2834
2154
1838
3674
2823
4057
544
511
2368
2692
2625
1782
775
1320
3322
1343
2467
2334
246
3183
2366
2915
3348
1557
395
3142
904
164
1399
665
2808
3777
3487
3635
2120
3583
4086
2858
784
1292
1185
354
2077
2257
2665
337
3615
1210
4062
2617
3644
3362
1450
1790
3672
2822
1033
2626
1864
3000
3307
3574
1848
182
2145
2466
1129
2420
1005
3336
2017
582
676
3443
1665
23
310
1792
738
2091
1272
952
2103
982
300
1797
2518
2013
3566
948
3623
2749
3219
3411
1699
1474
2234
1442
541
2205
175
550
377
2880
3330
517
1549
3481
2602
4023
1628
3729
441
198
3805
2418
2882
4004
2069
1482
3842
1137
3822
380
1252
1449
3154
1208
3008
2078
429
2875
555
1924
3686
2350
256
2338
370
2693
3372
2655
280
1769
493
717
3239
1117
1423
2105
2767
414
1580
151
15
1198
2278
1289
1873
2435
161
1440
2928
2594
598
419
3663
942
760
25
1683
1019
519
3739
757
362
3855
2473
2869
347
3430
814
1872
1539
2758
376
1816
1414
2986
1235
518
2907
3709
392
682
2900
871
1668
2658
1225
1460
2472
3685
590
4000
2222
938
2164
340
2378
2780
3274
221
2138
2479
3545
811
1229
282
3628
3485
847
981
1663
2682
1114
762
495
3460
2100
2266
929
2627
1365
3666
1191
1957
846
2663
235
165
1801
611
3190
4020
1603
3333
1719
3816
829
3597
1424
1613
3053
401
1879
778
394
2777
3345
3936
3405
1140
1974
1261
592
2675
3478
2335
1808
281
2460
2252
3676
1013
1202
325
889
1051
1233
2437
1706
1885
183
254
1606
1667
1502
2403
2373
3965
1031
1009
1011
701
3120
2283
284
4049
3042
3536
2841
1483
964
185
2876
1062
1610
2413
397
3319
4010
4077
2496
1785
3211
2176
737
3029
692
3147
634
468
2618
3457
3878
192
2277
3389
1245
2116
238
1904
2924
2763
3817
765
886
252
2572
2006
2221
2009
3966
1757
13
3498
72
433
2494
956
1296
2781
979
3764
2698
439
3586
1485
3861
1817
2073
2314
3570
2170
3514
30
690
2741
2172
1230
1344
3957
1521
1984
850
683
1055
2243
2010
438
4092
2969
2847
1738
2817
3439
2165
3889
1611
3268
2478
2038
1243
3407
1352
2453
181
2861
3981
17
872
672
3177
1220
2722
3262
266
1756
3939
1370
580
2037
1942
218
1329
2482
2049
35
2433
2927
2849
2932
3055
125
936
1822
925
375
1559
39
3904
1722
525
1017
1196
1735
4087
2246
104
264
2127
53
1268
3725
399
365
1939
196
3633
3714
2683
4
1004
668
1147
744
3240
1319
2972
318
2833
3776
3867
3186
1402
4025
3035
2284
723
3923
3490
3357
388
3722
2208
3028
3507
3646
2415
2912
3523
332
3241
807
2993
143
1932
222
1682
1914
567
14
21
1189
3107
2813
3256
1642
3198
3216
1985
43
371
3903
372
2730
835
1386
255
1273
112
3532
1082
2584
69
821
3283
524
926
2276
1040
403
810
3092
3683
2936
2956
2040
2240
2497
1758
887
422
3050
629
127
2504
741
1148
3960
2323
115
3560
2889
3543
927
1322
1736
1355
1746
4074
1193
2217
1158
2318
3252
360
902
3710
1418
12
3161
3429
3573
2856
2485
2080
1212
3874
576
831
217
694
3078
1069
3471
3753
3426
1373
793
418
905
1806
2447
3899
2122
1350
586
635
920
3918
648
349
1084
1200
302
2075
3135
1170
2489
1552
1899
2786
1097
3794
2094
1593
3850
343
3638
4045
2506
3018
1464
1982
1596
2727
842
836
3316
3655
3884
562
3002
3368
538
3287
2917
4019
2774
173
3768
47
772
3902
3946
664
2113
2389
3773
119
2691
1085
2033
783
1362
263
1396
1236
1195
4027
3456
3892
2769
933
2392
1309
232
3595
122
1703
3610
605
698
3387
801
1256
396
1859
3118
327
61
1776
2919
970
2761
3781
1391
3296
3200
4013
3301
2043
402
2481
2634
2744
3504
3121
243
3249
291
841
4068
348
2475
833
364
2622
1407
2419
2395
447
523
3189
1457
3318
2444
1221
3213
2363
3695
2220
2132
1810
864
3356
3681
3525
220
3522
1561
2799
3275
1499
229
1480
1495
3382
2458
3289
4085
2719
120
3692
3697
4033
1378
3735
566
3061
1742
1716
2189
1184
1050
2788
1018
2261
1777
2796
2320
2567
1244
2470
3513
914
2581
3603
3302
2706
2445
3031
2263
3870
685
594
2885
308
36
265
83
2729
3798
299
2186
1943
3122
1630
614
2404
285
330
1710
3809
3550
3201
389
3363
1063
466
428
2545
3342
1269
3227
4006
1383
1617
1919
729
385
471
955
3346
2439
3423
3613
1477
763
2380
4021
3306
3324
3082
56
345
2686
4065
923
2021
3263
2647
2870
2943
1029
1239
2604
609
559
2498
917
1966
2247
1283
1846
2133
2771
2345
1632
3653
1680
2505
618
1214
1002
3642
877
3139
1643
3557
3058
113
2539
1550
3323
1774
1937
3970
2930
1404
1307
1304
1463
3977
449
3090
1439
2964
2652
953
488
1211
2962
79
2918
407
4072
3950
2522
2832
3188
3096
984
2455
2099
637
2931
3501
1270
2765
1695
2230
996
3006
2293
1977
2680
869
980
4016
2519
3908
2895
4001
1821
2448
3144
2281
3171
133
3580
2000
213
3576
746
3019
3434
2159
1725
630
2640
1979
1045
3921
539
1507
2809
3945
3281
2963
3740
2225
1413
1279
3517
1491
985
2442
2566
3716
3178
3111
450
3388
820
3690
749
730
2401
3906
1599
258
3051
4046
2944
602
3689
2583
992
995
1514
2057
1143
667
1366
636
3687
3115
3422
3596
1178
1761
1696
2255
2163
551
1007
1829
2465
136
3765
1234
1035
1749
3056
250
1945
3123
1271
3060
3602
2014
2423
1431
421
1633
3609
3355
543
1836
3759
3750
799
1174
3024
54
1515
3250
1890
1253
3720
2424
2124
473
1818
1207
1105
3441
2718
545
2053
1920
2409
3796
3043
3095
937
3963
3222
2590
2901
1659
604
2422
251
901
1585
1324
1558
1708
4075
1337
1219
3298
3341
157
3647
1132
2253
4066
2191
1958
896
3520
3017
2854
2842
3630
1142
1300
3519
3594
3659
197
240
1441
2656
619
1843
3907
1115
1837
3335
2659
1569
3482
1128
2256
1975
271
2888
2119
1815
3007
1751
624
98
3494
3529
1194
1248
1475
1287
3751
2235
800
2702
2970
3451
4035
2015
1151
1356
85
2821
2589
768
1070
1883
2642
70
1752
3094
3276
2309
260
2688
3515
2717
3473
2517
11
702
3712
1991
2304
3575
336
3665
1305
3548
3395
2438
2922
3360
895
3365
3401
2182
3756
3578
2977
3472
1036
3853
159
3982
1544
1438
1747
2
1908
331
1600
3452
2410
3838
3176
3990
3253
3247
3349
1509
3788
3068
899
2715
3582
3999
3243
390
673
2920
2974
1548
102
1187
1321
476
1263
2495
141
3463
819
3737
2484
3724
4022
96
409
1116
1339
2372
2440
1853
1779
1047
2431
1075
3897
309
612
444
1227
2383
3900
1998
3810
755
3314
3076
2061
3967
1330
722
3325
3919
132
3012
3126
1705
3534
2469
2336
3749
1553
1384
3606
1655
2703
2916
1812
204
3825
2746
2024
1887
1892
2315
3145
3741
103
411
92
578
475
3502
3038
1802
2850
769
2029
1637
2426
3116
3093
2909
1032
3104
1472
3786
2412
7
2279
452
2184
1083
3169
2789
3744
1646
1503
1941
3506
3329
2407
1249
1246
3148
2331
1389
1167
3527
489
1452
2559
49
1098
3593
3221
1286
205
2579
3959
2837
2733
2980
1835
485
1090
2546
3127
50
4009
2547
1644
64
3136
3091
1388
659
2790
2183
2981
774
2359
791
3059
751
1862
1421
3847
1684
391
3338
202
2199
1612
2983
2332
3828
2574
680
1978
1125
3339
556
505
2156
2949
2244
1832
2178
2097
2322
3155
1713
1447
572
2824
2169
3421
3579
853
1058
2023
1456
3679
1951
3195
2151
3937
822
1926
2772
379
2851
105
3569
3179
2052
1072
642
3398
186
3102
621
3770
2669
731
116
2093
1037
1393
2815
1640
827
1160
1869
2236
3518
2661
2975
529
55
2633
2818
3108
1891
1179
983
272
3978
3173
1204
3549
710
2990
2111
1878
652
4030
856
2528
3294
3929
1546
2860
990
2570
51
3954
1095
1478
2948
695
2056
691
721
1870
1905
2591
3784
2533
361
3738
2694
2443
1952
342
706
1686
1434
675
638
1081
2039
987
203
1157
3149
1427
3326
158
4082
597
174
313
2326
542
3046
384
1026
1928
3049
888
1276
1420
2376
27
1313
2007
3912
693
3983
3157
288
2862
2218
3254
1866
2764
154
2798
1714
1280
2129
2820
4036
237
2548
1130
906
719
465
1834
3885
3313
1929
1551
3537
3925
797
3887
1080
3636
848
1064
3170
3675
1395
2487
3693
1100
3064
2678
259
3233
2050
2300
646
3380
138
1156
4058
2810
1501
4063
3385
3932
2938
1146
2645
2611
3214
677
1531
1197
802
2816
3057
2541
2459
2260
3973
2287
2377
490
1517
2711
704
781
470
2436
3293
2384
2662
2520
3236
2212
3694
843
118
3344
3100
3433
724
2152
3713
3631
3721
434
3397
2107
1624
321
2430
2623
1258
3446
1641
2474
2721
1720
2778
3134
3272
2210
477
3993
1588
796
2952
584
338
3792
3371
2269
1223
3511
1973
1293
1654
366
2836
571
3699
2250
3021
3801
3922
2637
1565
1875
278
2501
1894
1
4048
3651
2881
2464
398
3808
1488
3868
1538
3041
2251
3257
1417
954
1781
1118
1481
3821
806
2531
2065
1176
1858
662
508
3047
2098
2405
2982
534
879
3913
2609
2995
293
1444
2432
1728
273
2046
3420
2554
3468
3416
2709
4040
3099
2032
1462
2937
2306
2740
633
885
2807
436
1691
368
1153
1627
3016
759
2411
1608
4081
3877
1759
1121
2965
2153
2264
3680
3834
257
686
583
248
3552
3486
1513
2200
2595
2529
892
1944
1555
3775
1152
2206
1844
3859
1527
2748
3787
2801
684
881
2288
3435
3648
3866
3453
2173
1587
1723
3364
1403
52
3390
2391
1895
1479
2564
947
2139
606
2712
207
2329
3691
1598
3086
3063
3731
3998
632
1568
2843
940
3643
2346
2087
1021
3361
1297
1669
448
3882
3237
139
2324
2725
90
520
1767
223
200
2871
140
585
2270
1576
2556
2112
2299
2646
2070
298
2232
813
2945
907
2601
557
3251
2568
1078
4055
3704
2507
1884
1326
1377
3611
3132
3600
2238
420
640
743
2292
3419
3860
1731
2996
3670
1405
1653
426
1739
1601
1868
326
1024
2224
3669
767
959
1425
1577
261
2488
2829
726
884
2416
469
1679
3678
1681
732
645
2385
1471
1771
1526
1467
1881
1113
2757
3428
224
2361
1345
1145
1094
2310
2713
1192
2797
2347
1173
382
1902
474
239
994
1948
3914
573
1445
3717
1074
709
3205
60
3927
3320
2877
496
3259
1804
1381
3406
3879
2857
530
320
3711
3005
1520
4093
3997
3736
3538
1331
776
873
3752
2072
68
3369
2770
2946
1435
1717
1217
3343
3604
1057
3215
4041
2068
19
225
3210
3598
2951
82
707
3797
2027
1805
727
2599
22
1310
563
2084
969
3085
1180
708
2082
2636
1486
3848
2233
3119
3162
3469
2573
2596
3476
275
2135
3718
1262
1896
3217
2526
1897
866
3705
3079
3793
2615
3985
3193
2190
3886
805
3146
1933
1240
1394
610
3835
1159
1748
514
3986
2773
3230
965
2095
1907
1545
3182
1497
2268
3858
1288
510
1620
2248
2463
3840
3562
897
1803
1422
3634
66
2187
3004
2004
3800
647
989
1242
2587
94
1960
2577
1255
790
3641
2708
2597
3097
3394
1793
1224
3640
930
3209
287
1264
3930
3376
3980
3488
163
1052
4052
1493
1168
2452
2150
3730
3303
1760
1819
2500
3971
3987
1772
2795
3206
4095
499
4014
1364
3926
1841
1073
3745
3968
3359
2162
3479
1718
745
1874
3849
764
2905
241
2784
3852
1171
1750
713
1232
2155
1733
3943
934
3660
703
3297
1409
3083
1910
1980
1727
570
2086
2167
3584
3489
1492
503
3608
2802
2216
1110
2185
1278
1532
1673
2028
2227
1067
3138
1508
2012
3375
4047
2036
2022
294
1566
2630
3235
3846
3645
3734
460
199
3353
1619
3500
3942
1729
2356
2805
2201
1893
1139
3288
393
3499
2648
356
290
101
339
2181
2551
2536
2848
180
2828
2994
1267
2290
1912
3036
2558
3726
2803
2557
1144
1766
1582
2724
588
367
714
3427
922
3264
3656
3664
740
2330
410
3417
277
1358
2690
3168
3022
1625
194
2716
2538
1216
3976
1299
2523
467
2302
2934
812
2144
2161
671
3893
3450
1077
3496
2830
568
2959
3616
3105
752
2783
2600
1250
3101
1661
2619
170
3791
2371
1453
3512
2213
3167
1971
236
657
3229
2728
2136
761
2483
561
1726
162
1639
1222
1375
109
3141
150
2025
2514
2967
2503
3995
1849
487
3556
3727
1265
155
3269
650
3073
1133
463
2214
2540
2148
425
1314
1597
1581
3845
2960
247
2451
3030
661
3589
3819
1182
2873
404
3409
478
29
2561
1616
1900
2720
1811
3098
3612
1107
971
2400
2991
3143
2390
130
3447
1124
100
1068
2349
1652
830
2978
3911
2576
1061
231
1046
3158
828
870
3164
699
1291
2791
67
3677
408
2737
1678
2550
3160
2041
839
1169
2852
2311
437
1701
3863
2785
0
142
189
3783
3373
912
2684
1102
1820
2110
1465
2754
625
2308
756
962
1290
279
2629
3477
3799
2370
3204
2926
2020
3474
2864
1936
1850
2060
147
2493
405
2987
3658
777
3340
2325
2512
2705
1651
1275
591
2123
1122
688
1109
1354
2532
129
1927
3898
507
2742
2109
2369
748
1860
3827
3632
126
1251
1412
3454
2274
961
2966
295
166
2792
3459
1363
95
832
2364
3278
809
3820
1657
3671
2031
1466
771
502
3117
292
3037
993
1940
3265
1349
2580
2925
513
3351
678
3707
826
3539
931
319
3279
179
3197
1237
228
3864
2357
42
4071
3270
1030
1093
3812
2316
663
3377
2171
1831
2650
480
75
3081
3492
63
2606
3508
3010
3991
2008
2671
2394
3803
483
549
123
687
733
528
1357
1867
472
3185
1536
1120
1201
1946
1888
1537
3767
89
2149
1361
2921
1342
1786
1042
1794
758
766
1099
3894
107
3766
919
4026
735
631
3763
2846
3762
301
1511
1824
1325
770
2258
1387
1956
1930
1704
2204
58
1089
2042
2863
2614
307
2899
3590
1965
1303
2194
3806
3782
506
607
1828
3156
950
1833
1087
3509
1014
3790
324
574
1697
3974
928
2067
3396
2891
2878
3077
3542
1889
2085
1660
553
1398
1295
2059
2562
560
3618
1231
1796
1323
991
3224
3757
2104
1584
2114
2753
3746
1626
3087
445
2804
427
1027
1524
3033
193
3410
1426
2146
4088
1284
1573
4090
2456
3292
2738
516
2327
2239
201
595
1976
501
48
3374
509
2575
4029
890
700
3449
1123
816
4043
2521
2865
4002
2054
616
854
1813
1525
3728
2414
3334
857
1103
1498
910
2612
1446
718
3831
742
1028
1871
1165
2610
825
858
1379
65
2516
2106
2997
1162
2535
177
1861
1923
1528
2354
230
3547
2158
3778
3225
3384
2242
1059
2063
3242
2999
1795
3673
2800
1542
1754
1406
2631
3910
3151
4024
33
3044
1981
2388
2079
1753
2542
1150
137
3379
2196
2241
253
3682
2697
960
3955
2298
2560
3934
2827
3271
1315
1317
3624
2259
1698
939
4007
1672
1522
532
3540
785
2319
548
3110
2608
1791
3857
2961
1205
2958
2603
2723
2168
3972
1312
1348
3465
1154
2125
1306
3159
3844
2108
2893
3226
304
753
2973
1437
3199
2954
3026
128
4083
720
1571
1034
3826
898
2537
4067
2853
2088
1770
1970
1554
2096
352
1852
4056
3696
227
270
1935
3192
3535
3114
2667
9
3639
3238
1959
2115
2707
315
1994
355
314
484
2490
3567
1915
2687
2914
2286
1724
3337
1367
3626
2188
596
456
3591
1135
779
1592
2005
3815
3461
2643
20
3112
2819
3305
4079
1807
617
3599
1380
547
1677
2632
1768
957
1066
3184
2911
3890
1880
3941
581
350
1302
34
3814
1540
3872
3530
1432
3747
3883
2143
2913
2198
2393
3255
3432
1022
1886
93
1353
2607
1505
1898
88
1649
3424
2062
423
3701
823
2030
3475
3956
3331
3130
1390
2207
2450
2992
2001
3308
1266
3862
86
2055
3503
3040
1839
3448
111
3074
1172
2296
2328
1814
1700
2126
1622
274
2530
2215
1048
1458
323
1049
482
1635
1609
4005
736
2838
2071
2058
211
2883
1903
3413
369
3654
1298
149
2668
455
1780
2339
2362
31
117
3220
2192
3901
3964
2398
2180
1161
4050
1041
1591
1629
1181
2624
1578
900
1428
1789
3988
1209
146
1762
289
798
1469
1038
3909
859
2175
3009
245
3080
3743
26
2333
1605
2147
3273
1020
3836
1108
1376
2408
1529
958
1689
2142
3187
921
134
305
1969
3032
3760
2578
808
3052
2265
754
1995
2045
1688
3015
2462
1127
1338
689
3979
2197
1564
2492
3896
3526
3662
1163
4031
2092
1429
191
639
494
3755
4038
1906
312
2454
3732
71
322
3088
1692
62
3984
106
2941
1634
1086
3667
2344
3761
3311
3938
558
346
2955
2355
977
1778
3620
2782
2160
1909
195
1534
153
3668
874
108
2449
400
711
1737
3300
3637
3931
3445
3873
589
3327
909
2117
2076
1983
3125
622
10
1574
167
2898
28
2620
454
3688
210
2968
2461
1506
168
3516
1010
911
486
386
3070
1997
3027
3202
1855
1316
2272
2289
1856
2101
2826
1443
344
2793
373
3528
674
997
3414
2549
2588
1964
359
2910
1274
3442
1594
333
3124
2902
2382
1825
2341
2307
3048
3920
2131
2825
1001
865
565
1374
913
2933
951
1623
4008
3505
924
4039
3175
3854
2219
1336
935
3581
868
2513
1934
882
974
2337
3789
1721
728
851
535
789
3404
3802
3223
1604
658
2845
2904
1745
3246
976
564
4028
2141
1583
2048
1755
77
1996
615
1112
546
3431
3455
2628
152
780
540
2157
430
