1936
911
807
3368
3340
3959
1548
2975
3051
2102
474
194
2660
3501
3123
3715
3603
1505
1805
3534
2793
1518
1666
2387
3451
1837
1224
1945
2510
786
3078
1461
3091
3219
3578
1070
3369
3881
1396
191
521
3252
3106
3550
1345
1977
3725
449
3097
3190
2596
1187
1888
1196
1349
3417
2687
3693
1193
3608
3220
2401
2222
3698
1768
4064
1725
3758
2656
1622
286
559
2837
941
1503
607
2076
3433
1976
3523
2172
3923
44
2302
3978
1618
821
1159
3485
2663
865
176
3876
752
3759
3300
1967
2191
1874
1902
2512
3518
792
3599
2397
610
3384
2324
2016
358
1486
3202
972
3609
380
1100
935
1464
1317
519
3120
217
2052
257
1361
942
3440
12
2074
411
3568
1512
552
2855
1961
3412
213
3434
2453
1254
165
1668
1167
1417
2039
1155
955
3043
2831
188
87
3288
1769
2431
1636
3316
724
2094
1770
1526
1519
2293
2754
2296
2556
435
693
3215
2149
3281
1271
4089
3209
705
597
973
3053
1022
2652
2708
3245
755
3517
1930
618
2735
219
698
567
3118
919
661
3852
1093
3686
482
985
1313
137
1905
1011
742
21
429
2373
244
3229
1333
3179
3149
968
3166
2232
3843
3601
2177
3709
1560
937
1988
1042
2689
1386
1887
1514
3274
695
782
3757
1373
48
1272
981
1844
3574
74
214
2958
2648
1057
3000
1894
1848
364
1329
3938
3789
212
3182
2264
2951
4056
3870
69
1191
2872
3597
1777
75
4012
3796
3150
1529
3750
1761
1858
2530
2800
3442
700
3464
1954
350
3940
1473
2721
2303
3664
2203
2678
1557
2853
1348
2447
362
3648
1841
3892
2010
3421
3924
150
1504
223
1490
1278
2107
707
263
2645
260
1285
392
2655
931
3184
1095
623
3737
3897
2358
3587
594
2966
2757
2661
842
3426
404
461
1403
877
3778
1916
4024
1996
523
2628
3519
660
3042
3553
2079
2377
2299
844
964
65
1831
3254
4085
1321
3414
2199
3801
1773
2881
3871
2273
1799
2529
3387
2544
3776
2659
2278
2204
3554
4052
2790
646
1336
2624
927
2144
3992
730
3456
470
2290
241
3155
1882
3409
516
174
3444
1556
690
4072
3124
1427
3162
1048
4054
2824
874
1783
1416
361
3751
1597
1305
776
721
3259
3402
390
1255
3973
1301
2270
2551
920
395
322
717
453
704
2834
2352
3213
1645
1210
3001
681
843
558
2450
727
2562
547
2867
147
130
132
621
1197
2925
992
1551
3812
1123
3341
1120
498
899
1909
1876
276
1405
772
3471
1564
2314
2829
13
3987
2555
2104
1643
3948
3798
527
2009
3242
3882
541
3436
2310
2007
1595
3266
1175
630
1702
1083
957
811
2171
1808
2152
3780
3842
3222
2844
3900
802
231
1030
735
3745
3810
3685
1143
1785
4058
2142
2451
1611
2807
1704
3951
4008
2041
3362
2490
548
3159
3803
423
359
713
625
3312
1314
67
78
1273
3227
1952
493
3630
2935
182
2315
991
3629
1692
4048
1587
3040
2874
2649
725
3990
2819
1575
3484
754
2486
631
3110
1877
916
3459
1414
2974
1135
3896
2604
204
1982
1274
1956
26
2500
2731
3186
2607
2220
479
1422
4014
1752
3644
1136
3016
3596
259
1501
2572
3134
2759
1360
3397
3761
804
1625
3154
2228
1240
293
275
990
3067
883
2961
645
2528
2322
1481
3287
812
1245
3377
2400
122
751
800
3564
4021
16
1436
2224
3689
504
2619
1309
3188
1097
2089
809
1741
2856
480
1676
2085
228
2034
3431
2304
2071
2069
1450
2260
3657
589
1571
1683
3652
2832
1869
912
3006
795
301
975
3972
198
1663
867
3076
1757
824
950
3825
446
2318
3394
3038
787
285
484
3400
2333
2000
1077
675
581
3567
509
2185
477
4073
801
2433
933
2263
2348
3829
3799
2781
3293
2987
651
3108
3012
2359
2438
1052
1634
1415
1390
2702
127
2592
1989
2351
2553
2934
1241
2847
553
3230
138
1787
1447
3790
2436
1723
3955
4001
3733
379
863
1691
3147
3895
2877
131
2410
2561
3877
437
2047
2262
1072
2202
3198
4016
396
810
1433
549
2443
3432
345
417
143
2928
3399
3943
2058
3306
714
1772
2741
156
2390
1219
1418
4009
3326
1708
1252
2797
1138
860
11
1153
3065
1609
3234
2750
414
2477
1919
56
2667
978
3478
2040
3794
3263
2338
3173
40
3479
3217
209
2776
1516
3037
3307
159
1764
2465
3304
2028
3358
1300
982
3313
41
363
3953
1478
785
3420
915
1374
1183
2696
2651
1775
2548
3918
2707
3022
687
2907
440
2487
580
2001
2913
1198
3075
1627
3706
501
3415
3137
2842
1592
3777
2539
3269
3041
3862
54
1696
2647
421
3393
4032
2091
1581
1489
1294
1749
3050
141
2616
3105
1310
1086
1402
2774
3514
2057
951
1624
2503
3427
1488
3775
3575
3021
2820
3617
3974
218
1259
3044
3465
881
2952
3386
2894
2967
2760
2072
2983
1246
880
2835
2580
3193
694
253
987
715
2746
1156
1413
1387
3772
500
2799
2892
3633
248
2389
3585
3885
749
1102
3373
84
3997
3228
261
422
2547
4
2532
192
743
2060
1781
734
617
1588
3986
960
2823
2675
3747
4002
4091
1071
3146
2380
2504
2713
1762
1922
8
1865
98
3845
2620
1388
2300
1726
292
614
3654
3670
1003
2357
1268
31
2129
105
3239
3111
4063
1635
2725
3985
3145
1289
1165
43
2552
3692
3836
676
936
2812
1025
1934
4017
3590
4069
2854
3273
857
1054
1563
832
2483
2629
3204
3280
3175
4092
2196
77
459
1134
872
1555
3614
3665
171
3023
3339
254
2229
252
2976
1748
1857
3926
2354
889
2036
2417
2739
216
3017
1577
1458
2597
2241
3802
271
1541
3884
2480
1580
2336
2955
4083
2646
2440
736
2590
3513
356
766
1161
1598
2895
780
490
2890
3965
522
2683
3925
1599
2448
898
403
2316
2864
1006
1664
3684
210
3032
3010
336
3382
1825
3125
3121
1904
291
3929
371
2848
3131
342
3818
243
3548
665
1133
2183
1840
99
1565
2764
3841
910
247
3100
2939
1582
2599
1311
190
4010
3586
819
1420
2156
1202
3811
866
3172
2053
1459
1346
1566
2822
551
3743
3309
1404
3620
3477
3905
546
1304
947
321
2252
668
3305
3854
372
3584
3840
180
3635
4018
340
2575
3195
4020
2743
2785
3846
963
3752
1795
750
1913
2381
3919
2200
3768
3673
2886
3672
1492
1891
3530
1444
2938
2249
1957
2583
3731
3253
1812
3821
1829
3314
1579
2435
2062
3388
3416
3625
3430
3785
2981
938
3294
564
670
22
465
1166
1971
3086
2255
3711
495
145
7
262
2640
770
4053
679
1964
601
2201
2383
3003
296
1394
3332
3083
3826
830
673
178
3024
518
1243
2943
728
387
744
3552
1533
2378
1517
2682
3932
158
2778
2630
123
2740
2729
306
1720
3579
3267
2554
2090
3907
3509
2728
81
2866
648
2722
3797
954
3046
2997
2344
3538
310
2899
998
2802
1212
3480
1558
939
330
2701
1142
2884
1782
1176
1182
3944
445
2308
235
3483
357
2965
1819
2618
1978
3913
240
2077
1031
655
1524
1596
1632
1780
3931
2882
1839
432
1601
420
2464
560
2571
1742
2878
839
575
2221
1169
2075
468
3359
2460
1758
723
2506
0
604
1813
3413
854
3795
3380
2973
97
3410
1376
320
1109
2143
2080
2421
1654
1401
1823
3787
2341
2154
2600
2698
2573
3903
2581
2578
3303
2120
2525
4035
101
635
2005
1035
307
3095
764
1358
2043
3441
979
2921
430
2114
1437
2734
347
2038
2498
1914
3677
1059
3888
662
3520
442
708
3970
375
733
10
1242
1287
1766
24
47
672
2993
2638
3945
1448
1657
3656
745
1605
2311
450
494
290
4084
3429
1603
2718
629
2723
2641
3183
3703
2873
3249
4071
3792
528
2923
1160
2267
3786
2915
831
3858
3141
2914
2924
1476
3437
1570
448
2412
1949
1249
2893
142
925
790
1600
2194
584
460
3374
3133
1763
1830
1974
3418
3278
2910
1861
2484
1821
2574
664
928
1126
1502
722
2761
2019
3385
712
2045
3176
3291
303
1953
2945
2991
1589
2605
1987
768
1454
1827
729
2594
1293
3256
3904
2340
3993
2374
2920
1426
2996
1835
329
3834
3211
3615
1908
1747
1068
876
2763
1337
817
1296
95
1302
3223
1199
1152
1019
3791
1323
2133
2395
1681
503
1452
1670
3344
2587
1629
2473
3285
298
2999
319
224
1222
1537
2449
805
3129
3583
1682
1920
2601
391
3073
1786
905
813
230
685
1188
701
3002
2434
2088
2888
2239
2174
295
639
1542
1849
1724
2654
3724
3847
2570
3956
1256
1484
2919
2588
3653
1137
36
2286
343
135
2230
1207
3283
543
1932
1154
1479
2004
3096
862
3598
2550
1847
398
3626
4051
3353
1046
855
534
383
242
2719
683
251
1740
215
268
3208
3424
3062
3170
3712
1189
1236
2927
3241
207
2136
890
3681
2006
333
3276
3807
3079
1400
2524
1343
851
3346
1578
3571
3763
3365
2148
3543
3576
1279
1801
3226
759
3317
3156
282
2291
4030
908
1111
1235
3302
2488
272
1658
2501
3356
2871
3859
1453
4067
612
1684
2150
1716
958
921
2275
3268
1130
3270
2744
3950
2560
3861
2197
1500
1122
1382
1462
1146
2086
1007
2452
1833
3636
32
1620
1931
1727
2469
738
2218
2816
2446
613
3449
201
873
1225
4036
2457
3251
3771
3248
1969
3939
1075
3447
1014
1158
944
232
1173
107
3475
892
3218
3422
3573
3461
2865
849
3236
58
3446
922
413
3705
967
2805
1511
2419
2130
2691
3781
1864
2861
341
3320
3028
2345
2918
1760
1023
3637
2709
893
2549
1298
616
1610
3838
408
1299
3221
407
774
1853
1445
1639
2724
2416
2507
1863
1790
3627
2017
3102
2863
3741
513
3148
2972
3299
2493
949
4015
1432
591
691
2742
970
2775
1968
1860
332
4043
1562
3445
550
3804
826
2860
225
2065
168
1411
1205
2968
1378
946
1147
4095
2569
467
2705
2608
1499
3632
3360
1491
196
2398
570
2244
1647
1096
337
2217
3714
818
2207
1037
2325
2271
3857
3824
530
3704
2256
1195
4049
2467
2932
3296
1673
2810
3562
1237
238
3942
3476
3345
1776
930
2787
544
2206
3018
765
1041
181
539
760
458
3157
3093
3969
1124
1547
1903
4037
1881
4006
1073
3489
2905
2301
3516
3981
3298
1203
2422
3357
2782
3080
884
3963
431
2193
129
1446
2343
806
913
3930
3835
2904
1164
208
3290
1480
3117
2585
1602
2489
557
3717
3683
711
3119
1843
932
2153
563
374
1871
2828
3347
3342
1468
1149
3216
596
3822
2110
3730
3401
220
3060
3833
3036
3063
1893
827
2634
1722
2268
3866
2653
3494
577
1714
1943
3529
462
1092
439
1646
2379
609
2319
3232
1900
2125
2762
1356
2850
3991
2636
3372
1796
2897
1103
3889
984
2093
1180
3035
2880
1677
3460
3588
4076
2445
4062
3702
3114
1653
1879
2384
1731
1291
1510
2917
1150
2818
1586
2840
3185
706
2235
3470
902
1139
1536
2418
221
3746
3680
2375
2285
2738
2898
3292
2685
2768
1669
1792
3729
2791
2615
309
2332
3788
2015
1332
2236
976
2794
496
1262
2704
3977
1546
1342
3667
740
1975
1132
3726
2411
229
1082
3113
3112
4065
3622
638
234
2259
2536
1906
2208
3497
3638
2513
1328
1641
2680
3333
70
3592
3767
136
2563
1638
3805
3668
1884
1963
2012
3645
3860
3056
3910
3806
1364
1828
3699
274
256
3674
478
3061
556
1098
2139
2783
2404
901
2063
2901
1944
1574
1475
1369
2243
3452
2779
2559
2145
3019
18
505
1449
659
1060
3546
846
2396
2406
2356
3651
983
463
1729
2749
1009
1439
1779
116
418
2885
1569
1440
716
3634
2576
3077
1260
434
2602
2670
636
2942
3697
1710
2747
1162
300
314
1868
763
588
1230
3381
3647
1648
3301
384
3510
3411
4023
1170
405
3688
2064
869
2258
4087
3153
1327
870
1985
193
891
1583
3946
2018
1013
2862
2388
3827
1958
897
3995
1365
3457
3936
148
837
389
1085
2370
2611
488
2138
2366
1344
2857
1712
2953
1015
386
297
3203
1951
3398
739
3749
1553
2282
788
561
2772
373
2118
2292
689
2538
3957
781
1754
2112
1855
2686
1550
3663
3901
4011
489
2165
3210
366
2595
3606
1223
1211
697
3181
1794
82
2213
4038
1852
370
3542
1213
2280
1053
3650
3453
536
3545
1391
125
2330
2753
2216
3600
3233
2875
3348
1431
2950
1208
1851
2444
63
2755
2491
2470
464
605
1822
1554
848
1020
3628
1091
2233
572
603
1604
1399
4061
91
835
3500
1119
3540
3243
349
3143
2376
3171
3535
2126
571
2814
3029
1751
3624
1231
1717
2105
737
1227
1878
2437
611
2769
277
2137
653
1121
834
3472
246
3687
1421
820
3607
3817
3443
2811
3721
667
1248
1005
2613
2676
4080
3710
2425
878
3423
2347
654
1631
2896
2658
592
1859
57
644
3284
2752
3511
3189
2146
3539
3996
3178
315
1737
4045
2031
3045
1216
2281
3069
1886
3559
3998
37
2492
2567
2949
1226
2364
726
3325
1297
535
2167
1655
3503
2603
2788
1081
2773
1612
1288
1265
1371
2558
796
1671
1973
999
3891
600
1218
1656
828
3707
2711
887
1872
2246
124
2276
2502
1389
2643
1743
2414
3756
1000
1690
3324
1735
2736
3487
627
3700
2963
590
1540
140
3701
2766
622
3782
1948
1995
1324
1966
1192
2022
2690
3886
885
3949
2371
3127
2365
4077
2096
1644
1523
2214
3250
1017
3490
3875
4044
2771
2329
3058
3355
986
2625
3160
2323
3435
183
1615
3679
3379
3690
481
1174
2830
1087
3526
2912
2522
4013
4047
2339
1745
2106
3735
3378
1034
3916
1322
3766
1257
1045
3695
1573
2279
3200
758
3848
836
49
1946
93
3565
1410
23
2307
808
4019
3922
1080
1028
1220
3549
956
2699
2803
2495
3890
1850
2394
1651
1623
227
1817
2124
3678
2911
1012
2192
1959
993
2838
3390
3054
270
1125
2169
1099
988
351
3192
3257
3864
1965
2986
769
3260
2225
294
2173
680
2543
1179
2944
3425
2748
2029
634
50
3142
1672
2557
3506
3130
2900
1069
4090
3831
3581
2247
3532
2518
3323
1074
3329
410
1047
1244
2579
1923
1640
2113
316
1067
579
3319
3404
1110
2627
814
3144
487
3481
2160
888
1127
2777
2334
2767
2372
1351
3057
1784
1802
1718
3851
1194
3666
2481
1228
2269
161
3555
1756
1522
2796
1435
3462
2361
1680
166
4070
1307
1284
2712
3049
3094
1398
3988
288
1807
3566
2187
2265
378
3039
2070
2732
2195
1233
1924
2737
1515
1128
419
1531
3816
3246
1466
3849
118
3295
3522
3279
3277
3968
3740
2073
1258
2988
2789
506
2929
3621
1899
2098
2027
1303
1185
2026
3087
1947
3982
1990
1292
3330
367
903
444
1429
1065
2770
2644
2870
2545
1552
3488
1267
1441
2168
2049
1820
42
2889
1661
2681
1463
3466
269
2751
2478
2253
4078
3136
1719
1353
2459
2430
3813
2727
1036
2964
335
2046
393
624
2231
959
1280
3967
3610
1960
917
354
3893
1283
2496
4003
2671
3237
3899
1395
2134
151
666
3927
134
3419
1472
3640
3753
1428
1061
3604
485
3512
2413
163
1695
155
3643
2305
4026
996
3174
3122
3915
2313
1890
1707
2937
2033
3994
965
1508
3547
3623
1105
2128
647
279
909
4007
2353
2809
1736
2821
1950
3723
179
469
2008
3784
3104
606
85
1178
3850
4031
2622
1467
103
111
2497
1269
1457
3493
1626
1334
4075
2219
1520
2815
406
3407
2546
2657
3908
1112
703
1275
1679
1867
1357
2947
3059
1730
508
1021
2386
173
3765
1614
1733
4029
674
3591
381
1277
2385
3082
88
1423
1108
3455
554
2283
3531
86
249
317
382
3815
2272
3917
4034
3389
2520
3138
2226
1607
783
59
1040
974
3492
1270
3594
3814
328
3282
3646
466
1079
3572
2693
1832
583
879
167
816
1810
2745
2845
3605
3744
2801
3439
3354
3315
2516
989
2170
511
3128
1350
1711
79
327
1697
1118
1088
2023
3764
2184
779
3748
1354
73
1465
3911
2642
1051
815
452
2479
1616
977
3971
2337
205
1217
1698
2461
2798
2159
2505
3235
3975
473
2564
352
3370
3658
3448
2508
245
2995
3935
732
2399
3616
3863
2360
139
4042
3537
4094
2534
2442
3720
1064
1058
394
829
1377
840
3322
1665
1131
1375
526
52
2099
3009
3738
3544
2994
3070
401
353
1759
1380
1938
456
162
206
3
2715
2879
2409
1539
3508
120
3676
2215
2541
287
1148
9
2633
1201
2092
1115
2519
2887
2109
719
3551
2111
100
2859
3577
2717
1970
1846
1326
2472
1997
598
3582
2463
4057
237
2957
1538
1883
1854
699
72
2306
3961
1662
2475
3611
784
1567
1549
1002
2726
847
284
2703
2198
531
929
3898
2930
1856
3773
798
1010
3541
1911
2631
822
3196
2103
3556
756
3983
491
90
308
2568
233
2668
344
2617
264
89
1928
2441
2182
773
2067
1338
658
3770
2082
1419
1318
3364
1649
2673
226
3718
1568
2284
619
1955
385
1408
15
3894
778
1434
3264
3491
1534
1008
761
34
2127
2577
1755
1845
1806
875
2970
914
2684
566
3947
1927
2833
850
1980
2309
895
2188
2415
926
3920
2135
3395
2250
331
2960
2582
1738
671
1281
110
2695
3350
771
112
3033
1424
542
2426
626
3052
2050
2584
438
2335
3593
1469
1493
3311
2119
853
576
1689
2827
1862
2210
376
1675
696
1200
1384
3536
1370
688
3337
2468
578
4079
1114
106
355
3928
2056
1935
845
1347
3071
971
3201
3719
1650
1497
409
3034
3367
757
1455
2825
195
1483
793
3014
426
3132
2162
2586
3502
1372
2836
2420
338
2535
2326
3468
30
1688
3713
3823
3595
3286
1331
2242
1339
1089
2176
68
2609
2540
620
2021
2851
2087
3261
3642
1660
2669
718
3351
2614
1266
1939
2852
3231
2959
3450
3406
3025
3085
868
3976
2223
3933
3619
402
255
3473
27
1004
2511
1001
3258
2916
3832
2428
3271
76
2526
3469
3158
189
2956
1803
1992
2902
3727
3937
1633
2205
2044
2327
2806
239
1107
3902
3328
3708
3327
1204
3310
682
60
692
2623
3072
2462
3873
492
517
2780
1032
433
2908
632
686
199
1816
3641
3066
2294
2025
1753
1998
2679
994
62
3047
608
3728
2166
3495
14
924
1621
3205
1687
637
1157
2248
3275
2533
2688
3558
2
2030
3167
540
2211
1104
1221
2350
2922
2297
2095
3165
940
324
3504
1341
1912
2954
3013
4039
2980
3048
1494
2274
1409
1407
20
966
586
1145
777
2786
3979
119
907
3569
2909
2978
2393
2251
152
1029
1495
2665
1496
515
170
475
1532
2826
1412
2591
1659
3428
2476
3872
149
1926
2178
1
3528
856
1026
1049
2716
1443
2392
1559
1910
3214
1263
2858
2593
1994
1700
2054
3438
1590
640
1584
861
1535
2621
114
1746
2962
3521
4082
1366
486
1667
2537
1308
524
1594
3909
906
1706
1250
4004
436
3396
3197
3011
1875
2181
3952
599
46
472
3363
1325
3879
1316
278
128
882
529
3338
3856
3954
2849
2131
569
2003
1335
117
2672
1379
102
200
797
1789
121
3966
3525
4050
1788
1528
3800
1056
2990
3694
313
748
1033
146
4000
3560
4093
2883
2320
1043
2610
1214
258
1527
507
4022
945
1921
1438
3177
3008
3659
3631
2405
1024
186
2140
153
454
3878
871
3191
157
2432
1613
657
2051
1076
2061
923
841
3855
211
628
1232
3164
1352
33
1774
2946
348
2714
2101
3366
762
51
1430
1576
1617
1209
3005
1295
2369
108
2720
3580
3336
109
1253
918
1392
3999
656
3015
1979
94
4055
3820
825
1190
582
443
236
1078
2565
3675
2288
3958
1765
1885
2989
3760
1276
904
1709
3194
3742
1172
886
568
2157
19
368
2527
1101
1113
3989
1809
3272
3151
2482
1442
3874
1066
3865
2408
3371
1838
2189
3779
5
2295
3671
483
2116
3984
595
1728
3474
1694
71
1918
2403
3180
1941
2612
2839
2190
2011
3206
267
2639
2471
1791
2257
2458
1734
172
1940
3980
3793
3691
1039
2097
3515
3107
3498
3140
961
2733
2984
3808
2517
1184
1261
2238
2100
1506
775
96
1993
1460
415
35
416
3561
1116
3661
2666
2209
2936
3612
1866
753
2650
3809
3383
66
1385
2321
2317
2328
17
2151
2298
397
425
962
2059
3084
2868
3734
2664
2175
2163
1055
1767
2514
3027
3004
360
318
2758
280
177
2123
3392
1359
794
4060
1715
1027
525
1168
2115
1703
3914
587
3331
427
1685
2635
1543
2626
512
3343
2632
53
1798
741
3964
3031
4046
169
1151
3613
1286
1117
1686
302
545
633
3736
2466
1929
2407
499
1397
266
641
1456
1320
1834
2164
2424
1721
1842
2048
2521
2362
3115
80
3570
1362
3533
997
562
3887
39
1545
3318
3732
1487
2234
2499
1044
1381
3375
3244
2730
1530
3828
3207
312
789
3482
3454
325
1652
61
175
602
3090
2141
1907
2694
1264
1290
1915
2455
1896
3755
3064
2454
3161
2349
1895
2531
2969
2108
532
339
1630
3240
3589
3238
4041
2992
3844
2948
3321
953
1925
3655
4066
2161
3962
2692
2368
1824
2068
2402
767
565
1140
3830
1363
1984
2158
3563
1144
1593
2179
2429
2002
1016
1090
3103
3639
2391
1018
3098
3869
3262
1608
3308
2355
3334
3376
126
3716
2662
1239
2212
346
1319
2240
2227
2509
1471
55
2697
3126
4059
538
2846
948
4028
709
2382
2700
305
2977
1282
2940
952
424
203
3960
1247
2756
2121
2979
1870
1340
1330
455
2931
823
720
3349
1701
3783
2485
642
1818
833
2710
104
1999
2843
2933
1206
2891
2237
2042
3496
1425
476
710
1050
451
3912
3507
2876
441
1732
2289
2542
2998
3055
3139
2637
1507
1477
113
2081
3361
447
2066
3883
3092
2439
3265
369
1474
1063
2903
164
1368
2037
365
323
2155
2078
2032
2784
3247
1355
1509
2982
1525
3649
2277
1084
969
2331
3505
859
3602
1901
502
3906
4025
514
1739
1986
471
678
1972
202
377
3754
2186
1693
663
1181
731
2117
1498
144
1251
1315
1312
2180
3335
1163
3722
3297
497
3486
1705
2906
1485
1793
311
283
3101
2804
197
115
28
4074
2024
412
45
3020
533
2423
1933
400
3081
304
2055
2813
2985
1744
3403
4086
2474
520
2266
3819
1750
943
3074
3007
1306
3839
3880
3089
3739
1606
1186
3224
3921
1406
3853
1234
3163
669
1826
2013
1521
1038
3867
3030
273
3199
1981
3352
1889
2132
3941
803
510
2083
1699
1171
185
250
1836
2765
3212
2566
2245
4040
1177
3557
3682
2808
3135
6
2795
1942
3408
1991
1897
2674
3463
2342
1637
791
265
684
585
2020
334
1591
281
2122
3467
995
3225
92
896
2971
4088
64
652
2817
1873
1898
2941
2427
1778
1983
1544
1094
2589
3255
3405
3168
934
2147
399
2677
573
187
457
2363
3618
3458
1470
2367
3696
2456
3187
2287
3524
537
1804
1561
3662
1619
650
3499
677
1962
980
2084
1238
133
1815
643
428
852
25
1106
1141
3116
29
2606
154
1892
3774
2869
3660
1713
702
1383
184
1062
1771
4005
2035
799
3837
3391
4068
1513
1814
1937
894
1129
1628
615
2312
299
864
2792
3152
289
3169
3289
1229
1678
1393
1642
2254
747
1917
2926
2841
3527
649
2706
1367
1451
2014
838
160
2598
1880
1800
2494
746
3088
3109
555
2346
1215
2523
83
326
388
3099
4081
593
3868
1585
38
4027
1797
1674
858
574
3934
900
222
1572
1482
4033
2515
3026
3068
3669
1811
3762
3769
2261
