1748
2713
3443
107
4041
275
555
2422
329
3120
3783
327
833
2127
822
1167
1201
1417
2274
1392
3469
2677
528
1296
3123
3406
542
3273
3332
1169
1094
2100
506
3266
2691
1789
1533
915
2860
3786
490
3532
4090
3684
1163
1524
1252
3380
302
4059
2190
3425
4000
3885
2135
3389
3367
759
3630
1418
335
351
3455
1228
3845
2166
158
1305
1686
1865
3728
1055
3393
3959
4003
725
3620
3324
3476
1353
2925
2668
2204
3990
449
680
1716
2180
3709
1224
2341
3218
120
1251
1191
2397
3999
1018
2062
202
3106
2768
2468
1450
221
4021
2924
3580
1312
3692
74
2847
2248
3041
1138
1526
1768
3653
1946
1422
2174
1785
3718
3403
2084
2340
3358
2522
2183
1701
2765
3387
4032
776
2493
1455
3166
3142
1285
285
443
392
2068
571
2688
2029
1374
2523
3925
3566
1471
3943
2060
1580
2917
1808
1616
3571
3032
3418
299
574
2362
2518
134
1805
661
330
3452
3171
3107
2815
588
848
1515
3836
2242
3972
2893
1779
2616
866
2996
3853
990
3565
1126
804
171
2301
1257
1014
2425
2930
3950
3081
2534
3760
41
287
773
2625
1075
3791
381
3623
3284
1690
3682
672
2609
4060
2970
951
3256
1601
4084
533
3289
1113
172
402
337
2435
782
400
2751
2759
3947
360
1467
3019
3357
880
2262
1181
3250
1846
3890
3589
2580
1115
72
2280
150
2266
1211
2223
3052
3767
1035
869
133
541
2728
1623
734
3459
2965
1399
655
532
2630
336
610
2953
958
3843
3184
3644
3203
1816
3844
2476
921
2661
3043
799
3920
857
2562
2417
274
4027
3599
2695
3798
3556
1945
2128
3541
2286
1265
2460
3744
2467
862
3907
551
314
3143
2725
977
597
91
2767
369
1937
640
986
801
1595
24
1703
303
2082
749
1585
2851
3347
2531
1591
1424
1756
2659
78
1070
1283
1313
2087
2000
2912
1627
2732
1724
2854
1027
1941
3545
1702
3921
427
235
2162
2017
1929
2272
604
433
3687
2445
2325
2618
268
3215
2501
2576
2072
264
2749
630
1917
3328
3697
3585
1379
1831
963
429
3410
3467
3847
1930
2387
3772
1268
3029
269
3122
2452
675
25
170
2724
3817
415
4074
2615
1074
2290
1271
3016
3251
2594
1397
842
683
1755
625
2053
2698
572
313
3938
3277
2080
2202
378
2015
2420
3672
1222
2126
3233
684
1672
1557
3568
825
3501
1792
783
3833
3176
497
3283
849
3132
3252
3315
751
3983
1788
104
2982
1711
569
1029
3837
2742
3345
2694
646
1140
460
2745
2283
1968
1491
1141
2488
1704
119
45
90
2624
2939
1400
1136
4042
649
987
192
764
1430
425
1045
3370
1922
2278
3220
745
1628
1509
1923
1782
1098
3051
3550
1446
2655
1809
1875
346
2563
2560
1380
291
4092
1575
2663
1679
102
2936
564
2975
1129
2375
92
565
523
2550
1957
845
1484
215
3101
1950
1698
3629
173
1618
1758
2041
374
3722
1134
1137
2432
1080
1159
856
2736
2291
1682
548
218
3777
3278
3658
2813
1940
3863
3792
3174
3996
2157
210
1174
1562
2612
2591
3206
2761
578
3426
2640
3127
1992
3170
2141
2042
213
2911
2747
2738
2438
2922
3138
2032
3140
1830
2323
1475
3535
2693
1469
2066
670
88
1999
2104
136
1411
1433
1667
2582
1974
1431
123
1609
2046
1063
1772
256
2436
3610
2878
2098
20
2602
37
59
1786
2025
2877
2775
878
1522
913
2334
1493
1019
270
3129
2330
3254
2960
49
2662
1675
1564
3421
837
3979
3961
954
2644
1827
3543
1003
3189
1718
2350
3624
3279
3581
3631
904
2491
3386
1901
3247
3549
2314
2733
1387
3353
3892
2030
2750
1408
637
2192
2593
1639
1796
2026
207
3801
1752
809
2859
1190
3726
3119
4073
2778
4008
2486
3306
4081
3643
3900
2198
771
3013
3335
206
2992
2492
1508
2646
3007
2257
592
1812
884
981
2622
3110
4040
853
3196
3207
227
3060
2320
249
1162
2134
3765
973
1215
3883
2831
737
4035
3681
3027
3509
911
3162
3650
128
3006
2160
1671
895
3088
1877
860
2812
3175
2633
3376
233
2243
3951
81
367
1985
877
3270
1327
2270
2227
200
3507
64
2535
3646
2748
3949
2603
2730
2641
2503
1979
3153
155
3408
1001
407
920
99
2402
2246
2685
71
487
2137
371
193
1621
2018
2376
2941
1849
828
830
3734
1434
3906
2107
2605
1607
1488
3098
1020
2331
2554
3757
1298
1036
3265
3576
933
4039
1186
613
1481
93
3755
537
3005
2147
530
226
780
2760
3818
2152
471
2852
2835
2680
3191
2952
2440
3276
1143
858
1044
3225
3820
1120
3014
3705
1367
703
2610
2546
3870
1441
361
2569
1584
1021
4038
69
1604
711
2061
568
2788
2349
3878
2856
2338
3603
2199
1513
2706
2071
1521
3461
2570
212
53
3785
2305
2035
3960
1390
2848
527
3272
70
3156
1541
909
1261
2365
1673
2914
4094
350
3012
2075
2336
3858
1213
1428
2004
2530
3108
2830
3872
1897
4047
2158
2216
863
2288
2932
718
650
1622
2986
1913
2118
2031
3340
1991
1728
3392
3083
1318
1454
784
3447
1371
1223
3642
3366
953
3242
3286
1320
3612
2480
1308
3173
545
1368
357
2855
2977
3520
2708
689
1269
797
2993
1926
3212
1189
3995
2841
2963
3799
2552
1347
908
220
1335
4067
388
3317
927
778
2959
846
1425
1629
2163
3209
2896
1477
3548
7
519
989
2786
881
1069
106
32
2919
2857
2566
4078
323
651
2393
579
4049
1111
498
1072
1492
3076
1570
3471
60
1149
1578
790
186
2113
3540
1634
3000
3015
4088
808
2658
2388
3735
1520
2473
3038
1046
3962
1216
2679
2673
310
3919
1413
1281
3588
2143
2796
2494
2258
2485
2009
463
3516
503
2966
1187
3557
368
2396
2928
2892
1142
2770
1888
2943
1231
1130
2106
1927
3310
3199
3
2926
31
2297
292
3812
3382
80
3339
2516
3154
2416
1299
3700
1511
284
3293
2313
1362
328
3503
301
890
2300
3574
3287
1202
945
723
1713
3497
1192
3136
1572
3993
3137
1692
2394
658
3730
2816
3917
3400
1712
1581
2643
516
2294
1041
2153
815
2453
563
3031
1031
2608
332
1108
2823
781
3635
1811
524
2368
1666
3308
2226
2703
141
1499
1092
2606
4062
979
3864
3721
1081
1088
197
956
3763
2586
1052
1024
2758
3210
3752
3756
2311
1556
3290
3784
1862
2861
3109
1206
3905
2588
2022
2884
363
4044
2236
3916
3087
713
1600
3457
1965
1340
3941
2696
3257
3770
2809
2328
2474
1096
1721
175
3627
1329
2044
907
2712
68
3882
1617
932
3069
3222
1719
2838
3201
482
1706
757
816
931
1911
952
112
3970
3508
2863
405
3559
1774
3998
431
2091
2384
2356
947
2665
253
261
2846
3967
1132
1256
1998
2797
2931
2832
2352
1429
2496
621
2369
1743
3042
645
139
57
2351
1904
3230
1536
3793
3105
492
3188
2853
3158
4058
2434
2377
3821
3909
137
2533
935
3939
2657
1705
2721
2929
2125
3649
1660
2048
1883
2817
2923
662
3090
1806
2626
806
3997
364
243
2709
2564
286
3513
3155
1512
2332
2873
2451
3739
2081
1953
3891
4015
3383
1612
534
2991
4069
1558
3398
386
3896
955
1348
812
520
1409
2260
404
758
1287
2515
3796
1613
2599
558
504
157
2632
3526
370
3502
1896
2318
3354
2233
1868
1378
2754
1648
1603
1736
3298
1914
916
2651
2268
1473
1543
3145
3482
1770
982
3613
2898
3659
3262
3500
362
3035
717
2253
1248
3169
3446
3499
2686
611
957
3937
674
2019
2894
1012
1989
1480
3813
3832
633
760
1882
1359
3553
2038
34
166
3316
395
3483
1844
439
1669
1148
1722
3187
1219
239
894
1328
23
27
2119
774
2411
3241
1415
729
1614
1104
246
914
2220
3192
2565
2598
900
1008
1079
2801
2907
2211
2196
1199
3866
3927
1794
1943
2627
2735
1337
3762
601
1406
144
2870
422
3472
1180
1007
1302
156
1649
925
678
2322
3825
673
3957
184
1176
2956
3854
629
1237
2363
3578
2464
1749
2918
1188
2379
3313
628
1573
3710
788
1542
3775
2647
2484
3056
3478
1887
2339
1738
3437
2361
1695
888
3362
2542
163
1147
3030
3965
3874
199
1487
561
626
3453
35
1403
1646
2136
1602
3991
3152
4076
3246
1802
1460
2357
95
800
2033
2463
1510
2430
2295
2553
475
421
1933
667
669
2406
1561
1535
677
1048
2629
3205
1373
1548
1351
2348
1693
2740
3302
2635
585
3723
639
2161
3685
3186
3422
704
3654
3319
3702
3346
3333
4025
2218
599
1253
3740
1966
2385
726
2913
1563
2191
1935
3240
1707
247
3946
2481
2961
1867
3063
1161
2067
1376
2276
1870
1797
2869
228
2905
3255
3931
4072
1321
1025
3884
3089
2714
995
2111
331
2556
1061
511
3607
3381
2843
1791
2888
1709
3064
702
2185
1414
1906
1463
3529
3415
2164
1023
1479
1829
4066
151
2105
1530
58
2065
3584
2660
3632
3061
2123
1958
1608
3619
2937
3591
3023
756
2596
305
1114
2441
3662
2014
3368
2548
1037
3111
3661
3369
1976
1242
964
3221
1125
3125
591
1823
754
3750
3887
2006
3033
3985
448
3025
2051
803
2448
3699
2683
1501
3940
187
902
1244
3351
3077
926
1316
3773
3701
1528
2413
1195
740
40
993
838
3562
2069
3634
1135
1325
1022
3975
2882
3291
1267
118
352
1889
63
3523
4034
3748
2676
2497
2172
859
1744
2083
535
1519
1205
875
2102
3742
3737
1319
3976
375
101
3771
1858
1987
4004
1895
3694
1650
671
1053
1840
3094
409
4064
3224
2957
2681
2456
2567
3640
389
3341
3808
2178
2794
2171
707
2021
891
2284
847
1220
1884
1817
3713
3465
355
2289
300
918
4054
2994
3235
3363
3787
1654
2317
543
396
3102
922
865
3829
2049
1783
1405
94
716
3954
2755
4077
354
2232
1185
2360
620
3424
3379
55
382
1780
556
1750
2505
3092
89
2459
2814
2121
2890
1518
1229
1632
2208
1301
1589
2454
1200
2293
16
3028
464
3417
2829
873
735
3778
2880
1182
2085
1852
2304
2722
792
1505
1361
397
3374
876
1451
2447
529
3441
2316
2559
948
379
1183
3095
3902
2990
1235
3731
255
1073
3895
242
406
1291
2264
3841
2881
1637
1975
617
52
1664
2613
1338
928
2108
3197
1155
3271
3301
1452
971
1420
1042
3477
3751
2197
1757
593
67
3280
4037
1730
116
2763
3816
4001
509
125
62
348
61
3484
290
1583
3840
893
2285
56
1670
2114
1322
609
2702
1720
2308
4083
1967
3234
959
1442
1764
1984
3935
3323
1203
3932
546
3913
3259
2921
727
1
1306
1196
2984
1714
1978
401
2170
3982
4023
33
380
3494
2070
3219
1307
2942
3134
3080
1659
2427
21
2502
3708
3686
3677
3445
1641
4082
3496
826
682
413
3237
2885
2193
2795
3321
196
1819
2972
124
3594
518
2371
176
3330
2465
3190
1560
2219
1498
3268
2057
2076
739
43
2538
1611
1737
3926
2003
3492
2947
1801
3894
1101
177
3439
3582
3326
3113
779
1527
359
2544
2383
1255
3564
2819
2731
39
3226
1127
3873
3893
2337
3647
162
2244
153
4091
3160
3974
2450
766
525
1828
1266
3831
97
3727
1599
3117
2027
2281
113
3432
1549
1209
1824
2636
2138
991
2824
1000
1026
899
3322
2741
3348
4036
3331
2589
694
2650
3590
126
720
257
1970
1638
2509
811
2156
1050
570
3636
205
1576
2151
410
478
690
4033
553
3989
1119
277
2669
2571
209
1876
1747
3753
3522
1310
2540
3609
517
2096
419
15
3706
3601
681
1842
3037
1610
2527
2412
1294
3390
3725
3086
510
3078
2617
208
2803
695
2144
2558
436
2122
3411
2978
2707
867
1925
730
2876
343
1678
289
1853
445
3720
2845
4030
2455
185
3449
1476
3180
3198
4028
2705
2444
657
2124
603
3047
2457
2678
3486
1246
2649
3034
2409
1769
412
3880
1259
2968
2344
19
3451
3534
2099
2600
3068
435
138
3964
1178
3597
4017
3288
708
1059
79
1729
988
82
3297
1860
2899
278
1636
1626
1002
3806
2414
728
2946
1445
1315
3385
4056
590
160
1810
3055
3211
3788
340
2005
398
3761
3973
2404
2479
819
2228
3626
345
1908
4024
3567
3456
293
2250
3139
3053
4002
2478
1344
3112
1504
3054
2561
3436
2638
494
321
4080
2782
3955
1218
1263
1952
1837
3977
686
4050
4031
1457
2319
1631
1633
2895
3481
3611
813
647
3512
969
2664
3923
2744
2315
3969
2189
2469
3011
442
3414
3674
996
3696
1683
1657
1680
495
892
1410
2389
36
1936
142
4051
1938
455
2184
324
3680
1725
1085
736
1464
2687
820
1160
3144
1461
1496
3930
1030
399
1421
320
1735
4011
248
2355
1465
540
3431
3573
372
679
2176
1068
2901
3898
1655
1233
2112
1277
1568
42
2652
51
807
1932
2489
2221
765
2645
2634
1696
477
3850
1832
198
2139
2013
1855
486
1236
2836
1118
2214
2415
2891
3570
159
2866
3236
3789
1954
3598
4018
2988
1531
1153
1004
469
855
2799
1279
2235
3263
3399
3231
3450
3096
3593
3859
1330
2429
1691
2551
1754
140
1866
3621
1355
2949
4055
1089
1841
1514
2078
2419
383
473
1210
1996
2200
2837
1144
3419
1086
2287
96
1902
1537
276
2989
3517
2769
1553
3388
536
1372
1358
1093
744
2710
265
430
391
147
722
3867
1017
1152
1517
316
3675
1822
1350
3754
2254
1047
2704
3855
1107
827
994
3309
1630
2054
1569
700
3805
1598
1382
2743
3695
577
3822
3239
87
2302
3057
3018
2592
724
319
1605
901
254
589
685
461
2541
2252
795
549
1049
3045
3295
3614
1685
387
966
1275
3945
3971
1668
3918
1990
1971
2421
584
1212
3307
710
2789
3161
3325
2366
3738
789
3622
2088
11
3871
3600
929
279
2
1274
2165
2132
2537
3860
1204
168
1880
1843
2719
2343
1921
38
3238
3663
1478
1982
573
3544
317
188
2822
154
3800
1899
2583
755
152
777
2883
1885
2762
3542
2734
1458
485
167
1790
179
2573
3518
3049
2954
447
644
1154
3181
1759
3200
4007
2256
2240
2247
1440
2443
1243
602
747
905
2120
204
2920
906
2148
3587
3618
1097
2983
612
500
1472
2791
1435
1290
2298
1687
1497
1503
2971
961
1551
29
2639
446
2207
1777
3769
750
2037
3384
1456
3338
341
1333
1915
1172
3391
3506
2482
1739
3438
2094
3264
2810
281
2934
3404
3350
2299
559
1289
3768
2056
223
879
1083
4085
1689
3405
468
2826
2045
769
1264
2358
3511
638
3228
377
1619
1381
864
1997
1123
3337
3223
1658
225
3157
1851
3397
2424
3606
3489
224
2449
1647
3577
2179
1122
1343
2439
456
738
1077
174
384
149
3135
338
1250
3528
1207
465
191
28
1798
3952
1574
2187
1106
4020
3172
835
709
1546
1284
2008
1056
1848
3803
450
3292
1102
1494
3595
426
130
2557
998
252
1771
3466
507
2504
2771
2249
1449
1547
3079
3602
843
1033
2833
1745
583
2874
3729
169
232
2555
182
1157
1177
832
30
1179
3243
1227
554
595
2807
3711
2879
1814
3258
2727
817
1416
1642
1625
3505
1038
3352
1539
2614
502
3026
978
2392
1194
793
424
1916
3551
1105
3819
2900
741
194
786
1761
1652
3515
772
2955
505
2575
2063
3604
2981
3693
522
4063
3493
244
3554
2010
2498
1198
1225
1474
423
3312
3758
3533
3440
1753
1360
2903
656
403
3899
161
3988
635
614
462
1697
2976
452
2390
2670
3641
1151
3851
1826
373
606
146
1773
976
2607
1726
3002
3150
1960
2753
999
512
2964
3782
2699
3868
2095
3673
3766
2772
1309
1158
941
3652
1951
2818
3046
2043
311
3464
122
1273
1615
2354
3560
3480
3296
2773
2052
2391
2689
659
631
687
3514
2909
2752
2897
3605
2036
3924
3676
3267
1345
3131
1146
145
1688
2431
1635
3797
283
3862
2307
3525
2275
1040
666
491
3091
2962
699
3875
3527
3065
814
3547
2980
1854
3715
897
2310
4070
2653
1775
14
2783
2131
1878
2230
3531
663
1939
1485
4006
1800
2701
2875
598
1873
1803
3281
470
1532
3104
390
3815
1389
84
4086
3093
1525
1468
2372
970
318
3050
896
3703
2177
231
3491
1959
143
3343
919
2229
2169
3269
165
1394
2203
2149
3732
108
1594
2821
22
3365
3372
13
3660
236
1483
1586
1762
692
2621
312
127
3747
4026
889
1606
3229
3524
1986
2306
325
3163
3082
3072
2101
622
3625
743
1847
1544
3679
110
917
2927
768
2590
697
616
3579
309
440
2958
294
3555
1100
3168
1286
3790
3396
353
1833
1336
2020
2401
1663
1700
2327
1011
1977
3889
2373
3928
2872
3402
2793
712
794
48
1592
273
2269
2024
4061
117
2711
1366
2519
3216
3303
1859
3177
1948
1110
3712
178
3781
643
3036
2784
514
4005
3179
719
3344
1247
4046
802
230
280
937
2579
2543
3984
1057
1795
3448
1763
2805
634
950
499
1054
3429
3075
501
1466
131
85
854
3454
3097
2146
334
701
2987
1912
1117
1173
3915
2844
2868
2886
3914
3165
3683
3934
1559
2277
586
3879
3656
2012
2418
432
2188
4075
1708
567
3460
3922
829
2858
3861
237
1727
54
3667
3616
839
1577
2529
2209
1861
2938
1221
870
2800
2437
3745
1217
648
3992
3473
691
2601
1331
3084
3245
2097
3121
1432
416
1124
2951
752
3355
1078
3010
4052
2692
526
1051
2864
2215
411
1295
1300
4045
3147
1005
2517
1419
2787
1303
1058
1723
746
3360
831
2279
1507
1565
627
3886
3865
3204
1538
3669
3067
1918
968
1239
408
823
472
2804
975
3910
3048
731
3401
1746
4079
2395
2234
3848
2442
1955
3807
1872
2973
3804
2902
1523
2499
2342
885
434
3780
3648
1230
538
1241
2255
3412
114
550
785
1993
2547
2521
3617
1116
3141
271
2089
1356
2757
3126
2129
582
1391
2403
2495
1640
2212
676
1928
438
2154
898
1944
3824
618
349
3586
2378
2168
4057
342
480
834
3062
936
2237
3428
2241
3116
3690
2267
664
2399
2811
2828
1365
1733
1495
763
775
2700
1314
1874
852
44
3519
1734
1942
1197
2400
2756
420
787
358
1717
2967
263
3912
2093
3717
3558
3195
2717
3968
3657
2028
2195
3733
1342
2364
1407
923
4014
2597
3942
1988
2969
2628
821
2510
2312
974
791
3876
3911
1280
2526
1555
1676
298
3651
3958
181
3901
2785
2718
86
3100
733
1813
100
1482
4043
910
1981
581
3378
1293
3888
308
2410
3849
2739
3009
3375
2834
195
632
1863
2398
1964
3724
1529
2050
1674
3249
624
753
3039
2839
2865
1934
1109
453
1193
2867
73
696
2213
3637
3743
1545
3305
3227
3485
3546
3420
3994
4013
3828
748
441
2055
3020
1710
9
3253
238
2374
3736
2908
4068
2345
3185
2386
26
1643
1444
3498
1924
3628
2577
1596
219
2514
1909
1064
2604
2039
3908
587
3232
3071
1272
1385
3963
2500
493
46
2776
1254
3633
1282
1015
2802
1323
1907
3314
3487
2619
4093
474
1839
2539
1393
454
3085
3194
266
1386
2092
1226
2359
3115
4
1661
1886
2321
3746
2353
1260
2181
3183
2159
1214
3741
3596
3214
3040
2532
3407
805
2720
1067
1133
619
1447
3275
3811
3458
3244
2572
3638
483
4012
706
417
3282
297
1871
2483
967
2792
3167
1436
3764
3881
1879
3488
887
2656
365
2585
868
3260
2475
414
600
1767
1401
1973
2074
2472
3987
3714
1438
3575
111
1398
3583
2040
1262
1423
1332
1370
2034
3311
1131
3668
2682
2263
1395
636
1090
3130
2513
2915
1443
2536
4087
841
2862
3202
2726
2016
2077
496
306
3852
3008
1677
3688
1653
3217
2329
189
3563
2282
544
3776
484
3716
3794
1579
3561
203
3021
1835
660
1490
1804
2167
3664
376
1139
3300
3213
1112
1534
1013
2380
1502
1383
3802
5
2974
393
1171
3823
3193
2347
444
2446
1082
2265
3294
1352
3678
241
2201
1961
2820
2999
1062
882
2487
1150
2906
1087
296
1741
3810
4095
652
1587
2155
3371
1834
1375
83
1699
3869
2428
1694
2889
2998
596
1571
608
1516
1994
3001
2224
240
217
1963
2346
0
1765
1369
3749
972
2115
3433
258
3427
3592
1426
129
2210
1258
12
3981
1815
4071
2110
2933
3639
366
3274
924
3552
1567
2047
3759
1947
479
2666
1715
653
668
560
1245
1039
1778
3475
2764
75
960
850
1845
562
962
2109
1540
3059
693
458
2574
1084
1644
1470
267
3536
2780
3538
2458
1969
1665
513
3462
1437
1787
2716
2309
641
2671
992
1334
3903
531
934
1920
2777
333
2145
1009
2001
3359
1980
1324
2790
1377
2729
798
1506
1820
2222
742
1818
190
1742
939
3336
521
3569
1234
339
705
642
1121
2007
2002
3835
810
1624
2715
1836
3164
65
1384
607
886
2584
3395
2779
2781
3468
1766
2525
164
2117
2887
4029
1354
2648
3826
1903
2808
3691
3615
1341
4022
3329
3442
3003
3933
3897
3479
2512
2620
3364
654
1919
2245
2995
2381
1032
1776
1821
98
2011
2798
1412
347
2723
10
2261
3944
3948
938
3022
943
3966
1620
1010
3182
18
1103
3834
3342
1388
2507
1890
315
2508
3986
8
3413
3024
1894
2175
3537
3208
2578
1304
326
488
836
1034
1016
965
3490
1486
2090
2690
2806
3655
824
295
3719
715
2259
2194
575
2825
576
3377
2950
216
2520
2073
1793
1900
385
2675
304
3285
1156
3066
1905
2904
211
307
214
103
732
1740
3151
3435
272
2079
2142
1784
2528
2667
2545
2910
1962
3572
344
3373
2225
1500
135
2326
2023
721
282
1931
2511
3980
3877
2405
1006
3704
1175
245
1349
1453
1128
1357
1066
2549
1554
3645
761
2935
3978
3017
1288
76
3463
2581
222
1892
1489
3318
3953
2631
2058
66
2239
980
1662
476
2296
2217
489
3423
1065
2524
3361
1095
1292
872
1857
997
3795
2271
1838
698
796
3356
762
250
2273
2140
2367
3956
3827
1164
322
132
1166
17
4048
2433
1060
1249
844
665
437
566
1402
2827
1184
2774
903
1910
3103
3118
1898
1956
2461
3430
2506
3842
1071
1043
3689
2186
1552
539
3504
3073
77
4019
547
2916
1462
4009
615
714
1995
2697
394
1645
930
180
4089
2370
3856
1550
451
2182
3148
3839
1459
2407
3510
2064
1582
1731
985
3814
1893
3838
2979
1760
688
552
580
1881
1972
234
1091
3530
883
2940
508
3936
1439
2997
3058
2568
1170
466
1983
3074
1317
1278
2462
3707
767
3178
2303
1751
3608
2086
3809
3099
3327
1404
6
1099
3665
3434
262
1891
115
2623
3670
2150
1297
201
1799
183
1807
3334
3409
3444
467
1869
557
47
1364
940
605
457
3299
3846
109
1165
2840
2766
1076
3349
2471
1856
1651
3004
251
2335
2251
3416
2382
949
2231
1590
2674
2206
1208
2850
3779
3124
3044
121
2205
1028
1597
1145
3320
2948
1949
1363
2595
1270
984
2737
2466
3521
3394
148
2611
288
3904
3470
2173
3698
1232
2238
3666
770
3474
942
983
3304
418
1276
2746
3146
944
1311
3128
851
2408
459
2871
1240
861
2684
2849
428
260
1850
2642
3671
874
356
2292
3495
1448
2116
1864
4065
4010
2324
1168
3774
515
3248
259
50
3929
3133
3539
4053
2133
4016
2333
2944
946
1427
2945
1566
840
1732
594
818
1681
3830
481
1326
2842
2490
3149
1656
3070
2654
2637
912
1593
105
2423
1346
2130
1238
3857
871
229
1339
2477
1588
1396
2672
2587
2103
3114
1684
2985
2426
623
1781
1825
3261
2059
2470
3159
