3858
258
431
2121
3089
2398
1683
3645
1535
1319
740
2815
1726
2704
1896
2162
3889
1770
1459
3365
3394
43
3327
4029
1410
3410
2947
3324
1914
2355
86
1506
1958
2434
3193
3080
3166
1257
781
1942
3934
560
3810
871
1543
2291
2389
663
1504
3192
844
2241
2204
3600
3749
1723
2407
2477
1848
1026
482
2504
4011
1351
1271
3641
2943
803
667
4080
4081
2384
1812
2215
3407
2202
3125
2221
1169
1758
222
2379
2852
1953
3925
3149
1636
285
1070
3460
2057
998
1134
2459
1297
2759
3338
3799
2469
2979
2205
1976
1585
3388
3073
3949
2053
4041
2660
2310
2382
296
1105
2448
2146
2783
3911
772
2104
1083
2267
1361
852
2391
1703
2830
38
3340
3686
1853
2530
613
101
2854
3195
2332
74
3034
1130
1226
481
3305
3147
2292
2806
283
2253
3719
2696
3526
1388
1331
244
1073
3701
3923
3401
509
517
2853
2629
3455
1044
1325
2639
1646
3454
1356
1759
695
3492
2863
2766
10
3399
4088
496
2367
3819
3158
3692
1731
2473
2897
2399
2746
1695
1308
3591
2561
1589
184
1230
1007
1034
401
2949
2026
497
3611
1074
4010
2850
490
3271
2144
140
3045
3326
739
3466
3602
1532
4073
897
859
3825
1329
2352
538
1652
3054
484
3550
2701
3328
221
4020
149
2903
3571
3974
3517
3966
3665
672
701
541
1664
842
3461
926
1654
3503
2132
6
2428
869
1426
2324
3731
793
3767
2925
2538
3226
3253
1084
1626
1689
3839
2265
2874
4056
3037
2566
2254
1468
1718
1021
1061
2374
742
1239
3779
1187
1354
2713
414
847
2552
224
716
2216
3987
2799
2749
900
110
4001
904
3144
372
2547
2337
3033
242
2276
2363
2441
2331
3751
2707
1204
980
936
2404
2576
1313
713
3412
75
3945
2330
3652
1566
627
3896
2688
1485
468
186
3403
1666
1401
2501
2745
2054
1298
2043
3663
1490
1355
2993
2189
1209
1986
698
2964
2708
868
2069
3224
982
3560
1559
1881
2357
3362
384
2762
1934
3913
2511
4077
1008
2097
3218
4005
633
2969
1088
865
1395
2158
3051
2096
2778
1752
1655
3897
990
2934
1421
229
2718
467
2741
249
2238
883
2329
3135
3197
876
1495
3726
857
3702
2226
3989
1861
13
138
3884
3856
2227
2114
3258
3077
3293
1024
682
1366
1733
976
351
3771
1747
3050
2454
954
463
2421
299
1010
227
216
1258
1275
3722
1950
2365
472
2356
2350
3244
1437
1386
1981
2570
408
785
2000
1874
1761
3552
3063
3246
634
3589
501
642
1740
3573
96
2263
1551
3294
3759
3217
2460
2675
2795
329
112
1643
1069
50
2550
1534
340
2726
3171
455
1242
3090
1705
1735
2735
281
3152
3059
1608
822
2907
1906
3397
2178
1709
1852
3508
1097
1291
641
2427
3800
2152
1497
1560
2058
3495
3513
2423
1436
3750
2003
2721
3843
3590
1500
2045
4042
3533
2694
2998
3824
2415
1336
3277
1637
2876
3238
961
1160
109
614
3748
3683
843
3267
11
1441
3353
2093
814
2677
2673
1938
2315
1452
46
591
2416
3232
1573
2788
2587
145
264
3122
2463
2627
3072
3240
638
3318
1316
2232
1656
2213
3179
2743
1727
2259
2478
3323
471
2388
3718
83
3787
2124
2782
721
705
4083
898
3703
831
592
2654
3371
3489
3384
1750
3770
3991
4055
3874
2875
3840
3567
989
1818
3049
821
2011
3502
1963
343
1273
3654
2028
1900
2909
2869
1633
1032
3336
2225
3838
1946
1389
326
2148
1447
2534
2072
402
3256
2064
3040
2619
1550
3099
3985
2002
3004
2048
1434
736
1880
4024
1472
1987
901
2611
2744
1823
796
1944
917
3159
2519
210
3247
2042
783
1836
4093
2014
1979
839
1199
1814
338
612
2916
3351
1597
1196
1368
2817
3861
3653
2536
2590
2272
2801
3405
1517
3014
2323
3047
1972
3768
2967
2426
2366
2635
3711
123
3263
2319
3078
1671
940
2376
2180
306
506
764
1977
3000
2505
3266
2437
1952
164
1785
207
1123
4045
3168
2245
1171
759
2024
530
2336
1270
1444
278
1617
1838
547
3113
2307
3225
1792
2773
3634
584
348
2653
2753
1285
1474
3182
1262
2368
3183
103
2348
3447
3311
251
657
3126
3431
3944
1465
2986
604
2297
2989
289
321
4062
3160
486
2344
703
3595
3712
182
3910
1428
3120
1031
654
1394
1647
331
958
1141
3649
2571
2731
477
1862
148
15
3409
4087
4021
1427
1503
3922
2299
2455
1511
1451
1724
3598
1581
1233
2564
3803
2032
3068
3650
21
2157
2781
1607
1921
226
2896
3057
577
3593
3746
2601
746
445
3636
2364
1051
2643
1446
2491
3392
2018
1876
2450
3976
611
2904
3375
3709
1266
2117
3883
443
3286
3273
440
3105
22
2113
108
3673
2722
267
967
3786
896
2777
600
3664
837
2401
3346
3965
1156
2624
2502
1831
3048
2540
722
1025
1519
3937
999
2526
585
2136
2988
1755
2584
2670
3741
2248
3300
1917
2899
3983
336
179
1182
1265
1955
2185
1960
1834
2309
761
622
439
3449
2991
909
988
1841
3657
2962
2872
3931
934
2529
3828
1897
994
2020
567
3424
3123
312
1047
198
3574
747
3196
2126
489
3452
3747
1341
3737
631
3061
894
2664
2775
3953
3580
2599
260
2976
2825
1926
2804
615
1568
568
2975
2243
819
3554
2349
273
386
2528
3278
1096
2710
1184
0
304
1992
56
4079
2023
87
3411
923
78
280
2184
1620
350
2275
73
1009
1968
972
1766
3039
2604
2945
2802
1058
1913
2182
2465
1121
2013
3070
522
128
2036
3851
3782
1592
3314
906
79
1268
2557
2484
1315
2984
1132
1667
2313
2031
157
4074
599
3918
3499
212
3167
2656
12
2145
2813
2103
1015
2650
183
2049
3296
1598
456
3659
2761
1466
3755
2127
535
3695
469
2086
324
824
3592
3579
2390
743
2791
385
2995
1989
81
1621
293
1786
1085
2260
2179
918
2217
165
637
2228
3572
1820
404
948
3274
3822
2752
315
3906
2856
1704
2793
2092
3056
3299
1192
1544
1399
2565
1827
2613
395
2603
941
436
818
2738
768
32
2541
150
3483
1464
61
2429
2321
3866
3990
3908
3941
134
2574
2318
3477
1071
2084
1063
2728
2444
2314
4058
152
3535
2617
679
4040
3474
1210
3194
2353
349
1556
1322
3400
1415
598
1296
1120
1425
3391
4039
1398
635
3052
1086
780
733
29
225
718
335
3417
2257
921
1293
3672
724
1610
2083
3704
1380
2990
1802
3962
1784
1408
1878
1754
313
213
952
2175
2358
3459
3190
1499
104
1416
172
601
595
2928
1771
379
1990
3504
219
2621
2956
1781
4048
2467
1198
1110
2200
874
3091
1997
2396
2133
3919
1128
1837
1457
2618
3118
3846
829
873
27
3482
3812
1432
3795
2457
1879
1810
2882
2219
753
3416
139
2938
962
1982
3005
1424
1855
369
2913
993
3678
2333
1698
2871
2583
3139
2917
2222
3361
7
500
3156
992
3542
2094
756
3202
241
981
2692
1328
2040
801
1423
3496
69
1493
2122
1943
1373
3339
2385
3832
1521
394
3189
2838
910
1094
1700
1720
1195
913
2373
2209
1685
554
668
3270
782
275
3790
2720
2458
3237
3320
3539
3163
2468
3178
3395
2839
987
1247
1442
2050
1055
2683
1909
2405
36
181
2123
750
3973
1525
1725
853
4035
2596
2371
3022
1510
957
435
2108
1716
1227
513
1712
2497
1138
429
1067
696
2302
1558
352
1479
2880
1783
250
261
1546
2641
118
524
2262
4032
237
503
2362
3485
406
2893
3104
2436
1533
153
1931
3783
3885
1701
2283
820
1349
1272
681
3243
1301
687
1267
1181
2881
2868
1635
1476
3315
3568
1605
1717
3725
3561
3756
915
4030
3157
1773
2820
302
4044
3132
1736
355
1928
1893
3255
1385
2747
1492
626
3509
2061
1098
2168
3512
3963
1057
2767
346
3280
341
2224
928
523
3203
2719
2908
3377
1145
532
3141
1205
979
3480
2755
799
817
1513
959
1949
3797
930
3380
84
2702
2970
2724
479
366
1109
2573
1115
1478
3956
1627
2739
661
1100
2088
54
1956
3881
2933
3536
2347
1600
447
690
3100
1562
1537
3295
1052
3724
4060
2005
1217
446
3684
1360
44
1409
1539
886
1327
19
543
870
1116
1790
3036
451
1774
529
3647
1065
1498
3662
3332
662
1167
2445
773
3422
3620
2419
1886
826
2514
1473
3374
2873
3888
483
1396
3304
1186
3732
1300
3988
3354
1611
536
309
166
1858
432
3710
3406
4037
546
1475
2531
3383
20
1974
2509
1236
3043
3947
3833
3933
2345
3614
2261
2443
809
3970
218
2532
2143
2585
811
1305
2823
938
185
507
2527
3467
2600
1554
2572
3429
317
3626
1817
881
2278
3805
2537
2351
2085
1231
2569
741
2138
1095
812
1609
334
2211
1274
3899
1915
3020
1538
2666
274
3317
2475
2422
1440
2867
2667
1125
851
2387
4066
3699
1253
971
464
3219
3690
217
644
2786
1778
2703
4075
2810
2190
1255
3094
1849
1757
3671
927
575
1480
4061
3658
31
34
3245
147
2288
1768
3260
991
3543
3668
2425
238
303
2691
85
1632
133
3630
3628
3940
3617
726
3521
3801
1139
1907
2270
1863
291
2776
3230
4082
2078
677
1791
2081
1660
763
1923
170
2630
2134
3131
1411
891
3808
1830
1662
3734
2546
2438
3501
3275
3680
3733
187
52
3977
1984
4000
3765
1312
3343
3348
1228
3780
3138
1076
3527
1751
3173
2803
415
1557
1684
2994
1971
3646
47
3666
777
1122
3312
3013
1377
3398
2646
838
371
2562
2161
3242
1947
2244
1777
3136
100
1645
3229
3016
1951
1973
1618
3130
2866
3011
1483
2095
3231
1734
1980
2375
542
1023
3627
1925
778
2672
776
327
1864
1042
520
960
3469
1782
3216
3625
1948
2063
1846
476
168
3001
3848
3981
3762
3689
1290
3993
3249
3222
1619
428
632
60
1673
2170
912
1653
3319
3386
3264
191
1719
1998
564
1531
1000
1429
189
1572
516
132
563
427
983
3233
4076
2723
951
2470
1151
3610
3170
1640
1882
194
1767
2939
3290
1564
2987
276
1200
3498
2535
3505
1079
1859
2240
3065
1584
676
3506
749
107
526
1482
2414
3214
2129
617
2076
1264
2729
712
3894
2034
2808
3994
254
589
706
3345
2471
3360
4084
1180
2328
2645
624
2520
2715
2007
3837
2551
17
629
364
2958
1663
867
3860
1317
2287
3053
3151
1769
1330
3079
671
2294
136
2256
684
271
2992
113
1256
581
771
409
2264
2567
2578
1075
2674
2623
70
3115
1507
1857
2340
735
3764
2581
675
3904
3815
2549
1140
2400
3738
2251
495
2312
3522
154
2047
975
3864
2905
2492
2592
574
2651
1003
1011
397
460
1702
3211
470
458
1797
3992
3921
2960
233
933
3112
2171
2709
478
3811
3108
2206
2844
3058
1924
3221
1612
418
919
3926
583
647
2120
1870
3850
63
2498
3185
3370
2410
525
4067
1965
345
3366
1246
2644
766
2589
1448
748
1569
2029
3269
2039
2609
97
3458
2765
4027
2543
2334
3393
2361
3616
528
1651
1092
2953
2187
1916
1796
1133
587
2595
2418
1644
2658
2843
3688
2914
1207
3656
1174
77
4054
377
1439
1449
1875
265
466
1393
1455
3624
3201
1939
3331
797
2944
3012
2920
1282
1887
1613
1894
3705
1937
3525
707
596
2370
3378
1692
1772
686
325
3297
3583
1675
2927
3559
2923
3518
2223
2284
3867
1445
2431
3936
3333
1211
3806
3017
1078
3769
3642
2625
1179
1080
937
1553
1549
3601
861
3548
4070
3425
1043
1744
2381
916
2377
1681
3917
3930
2101
1625
119
1403
1090
305
18
492
1889
1251
807
1152
942
1159
126
3335
3869
2062
2678
279
890
3821
2946
3784
270
3488
1884
155
2525
405
2070
3556
3213
1173
3175
1518
1018
1580
1591
2649
177
2517
3558
3009
1555
2687
323
1688
1833
365
2159
2919
2770
2008
862
90
2135
606
2439
1919
3599
879
1630
3117
1471
2269
1738
710
387
2870
399
2963
3223
3829
1668
1154
745
3234
3487
2233
167
1932
4078
1114
1369
798
2626
2832
3121
4052
1623
1081
1414
977
1912
3024
3465
3116
2676
1126
1788
3379
3729
3486
2118
3753
3067
122
3076
2545
2019
1143
1602
3892
3199
3191
3349
1527
3538
3032
2472
1940
2754
1815
3978
1
76
907
3027
727
1040
2816
3210
985
3428
2598
2539
95
1763
3685
3814
1277
935
1524
3537
3813
3074
2341
3972
131
2430
3081
2548
2303
442
3241
1872
774
62
3669
1794
3826
3584
3681
1509
1068
1996
1995
3095
3172
3107
4049
3796
1307
1488
2181
1281
3038
2065
1793
3597
1603
2826
3387
2554
1891
2751
2098
3873
3364
173
2106
3951
3880
3155
2479
646
2369
33
2671
1994
1066
3613
39
2513
866
37
2342
24
390
2397
1056
55
1289
3827
3557
2273
1059
2805
1106
1508
2102
1657
2771
2668
421
1310
1334
943
3041
382
3576
3359
786
2186
2888
171
1854
1856
1295
3555
3875
454
3895
1234
3235
3619
1048
480
2697
2996
40
1263
1866
514
2785
2712
885
640
908
2055
4034
3967
2582
35
4013
4046
3420
1715
1364
59
2794
3984
1899
2091
3553
2848
607
3497
597
424
1966
860
1807
2107
2015
485
3142
2131
1945
3594
1775
3515
1241
1523
4028
893
417
2099
3878
731
1978
1288
2476
1144
114
3585
944
3968
1222
316
3609
802
3596
2580
1062
1748
2768
374
88
1391
3635
3446
3119
3730
67
3632
1162
1552
2684
1287
2638
3528
974
2109
2296
858
176
3124
2383
1324
2631
2461
2027
2633
945
1842
1765
2167
2663
3766
1753
2558
2732
1985
791
2279
1868
2378
2730
1072
888
2681
2409
2912
850
2246
3473
1756
1743
2831
383
511
3464
1903
2809
700
1728
2862
2980
2500
744
1587
3871
2915
2140
3845
3670
243
3069
42
3093
356
4059
2386
2855
3775
3510
3667
3549
3445
2894
2690
2965
1929
1571
955
508
141
1821
2612
540
1574
3739
3008
2191
711
192
1254
792
3086
1232
3110
1135
1223
3187
1419
3265
1957
767
2714
2442
1175
645
1694
2921
1801
51
2787
4
2266
4004
709
449
1845
4090
848
1638
1259
1680
1964
3740
146
1594
412
2594
2716
1927
2218
1670
452
295
3582
208
1489
1420
1418
3831
1721
2433
1502
656
2695
2637
1904
1540
2004
2239
3605
548
1901
28
720
3096
2605
1839
2616
4038
9
3876
754
3330
1001
263
2128
3898
3519
3382
3272
1344
2900
2936
205
266
2640
3283
1714
3608
2971
175
1374
3137
602
2141
1283
765
3432
3228
544
2496
311
2394
1362
3563
1970
925
1582
3794
1433
1219
2822
3062
3651
2700
3804
1911
45
396
2067
2480
3631
3164
202
1382
3776
849
1918
2553
2006
3188
448
1460
693
2737
3481
556
3325
2632
4050
2615
1033
3044
2115
2236
2160
3456
3716
1332
571
2071
3541
593
3350
715
1314
3031
1020
2305
1238
3355
1691
1462
3562
301
2308
534
2234
557
2760
1164
512
91
363
2289
510
3872
1458
1363
333
2812
3728
2080
2841
2074
2859
2910
805
3342
2346
3660
3612
2950
3757
1835
2929
1302
4051
1064
3778
1634
561
2906
358
1622
262
193
3133
1528
995
1745
3357
4015
3289
751
3257
3471
2483
2563
518
1323
1672
1150
757
2699
3661
256
1053
3035
1261
1467
2865
2544
2271
2359
2659
1016
411
3697
2137
1166
124
1294
2727
2614
144
3986
1606
3587
381
3215
199
3006
203
922
257
3306
102
3281
3847
3924
2493
3443
3204
1764
1229
1575
1892
3545
1463
2192
3727
474
1193
2326
2742
2918
3570
3491
2951
4019
996
760
135
1276
2948
1203
2298
2642
4012
1338
2503
3414
929
487
298
643
1019
4036
973
1352
1438
407
3367
337
3773
1570
308
310
1260
2779
2068
559
2679
491
129
2575
2725
1496
3820
3206
3679
2456
1624
4023
3029
1905
2661
2769
1494
292
2017
2440
200
823
1648
3798
4065
1780
1676
3622
3935
3720
3434
2172
1808
3254
3903
268
3463
2736
2740
594
2403
2481
4069
552
3028
2044
1829
2030
2610
2231
1514
3905
717
719
3177
2892
2628
3441
1358
1742
1677
1806
2955
1576
1639
1102
2763
769
950
1005
3802
290
3184
1669
3761
1487
2957
3276
66
3852
330
1826
1237
3606
1920
878
353
2818
1093
2338
2758
2902
1224
282
1002
1176
3046
2125
4007
410
2711
2750
4064
1250
2466
2056
2821
882
232
1561
840
3763
3621
3886
565
1789
3042
230
1335
2173
1642
3209
3575
704
620
691
2733
2301
3402
625
1869
3419
2304
115
4008
1722
3520
794
1311
732
2652
603
2194
875
2622
3569
2320
1045
3023
3025
41
125
2846
3887
1309
3707
3285
2974
3615
2150
68
3084
277
730
1629
116
2835
699
3723
2151
430
2462
1039
2335
1412
770
493
259
2490
2606
2811
30
2814
2153
3752
1578
65
3633
392
2177
3002
2797
787
2012
3964
3368
2966
1641
527
1706
3433
3807
2317
3101
49
252
1381
968
3938
1278
2300
2025
659
1542
855
1586
3857
3893
1993
1649
605
725
3841
519
1142
2772
2833
2424
762
2930
2100
2898
2954
2046
3975
3430
1347
204
3721
1372
4085
1383
3369
2235
841
3421
2556
1935
3085
3745
1590
465
214
3186
1541
947
3676
196
3618
2931
939
3450
4006
2250
833
253
3154
3551
2290
4071
239
2608
3714
1877
1148
357
2586
1190
2435
2082
678
1077
2959
1147
864
2142
537
14
360
549
2174
1697
373
3835
3066
1153
689
1038
1046
1400
3791
4094
1803
1279
3472
2268
314
1370
2087
1343
970
2842
3809
287
846
3098
1189
2516
71
2035
2982
2796
1529
3227
3
3373
3793
1512
1682
2935
475
3200
1687
1240
2689
4002
1711
964
3316
2009
1252
1407
53
3927
82
836
3457
297
80
1936
1318
3313
2188
3109
1422
504
3106
3308
2149
3143
1776
738
178
3996
505
2784
2591
1111
2155
729
1350
3540
1456
3103
3423
3415
1708
444
1119
2077
494
3018
3087
169
790
3302
1244
151
3842
2380
623
2978
3479
1017
4031
3912
3544
1746
1678
1431
3021
319
2499
3148
2372
856
3834
788
737
2255
3954
3140
697
1579
3577
236
3817
25
3438
1117
284
2293
3082
1548
3493
2542
573
3708
156
294
755
648
4009
2166
779
3470
1304
608
3774
3836
3088
2757
3071
2717
636
825
3781
775
1030
3180
1367
1749
64
2555
815
1225
3322
2075
2981
423
3995
2901
2193
2845
3288
462
3329
1155
653
1577
2089
4016
4086
2066
2857
3823
1779
3268
433
1214
2037
1588
708
342
978
572
1787
3026
441
3291
2220
1049
558
3792
3490
3511
1799
3816
551
3389
588
4092
2452
3309
1650
4057
1280
2597
3111
2879
3484
188
808
2169
2508
1930
3165
1402
2983
4014
3462
2286
2411
1320
240
159
1491
1631
1707
1378
93
3413
2968
1850
4026
2685
473
2406
1346
3890
650
1832
2343
1816
1991
3282
1729
438
2560
884
1359
234
3507
2607
105
2789
235
2764
3979
2207
419
3437
3677
2887
2952
2395
375
361
1696
2176
2895
16
3675
3909
2682
889
2021
3347
2360
1604
2937
545
99
694
2282
832
2041
1520
562
1522
2201
1158
1890
1962
2883
2449
834
339
1028
3064
3900
2774
3436
2942
272
2507
1060
248
2559
461
2420
2748
911
835
2693
1146
3623
956
3075
1212
2819
3442
2579
1188
2911
2655
1659
3863
2533
1484
2090
1741
3877
578
209
2453
3862
1269
288
3870
3758
1450
247
1215
628
1185
3882
3744
609
579
1873
3015
533
845
3097
2417
322
2886
3261
2464
3176
3381
1197
1337
3891
3604
1104
2258
658
2518
2408
2662
949
269
2972
2474
2593
2523
1165
515
649
806
1922
630
3865
370
1430
1988
1216
569
1054
2828
914
1022
344
2392
1461
3514
57
1661
953
1221
197
2494
3736
3396
2165
459
3694
3145
2183
1813
2199
3999
2878
3946
2669
1713
3529
1730
2705
434
1218
1954
94
1103
590
2010
2116
2274
246
655
1163
26
2858
1353
3948
420
863
1536
2488
1131
3648
2512
3777
2495
2522
8
2196
674
3451
3532
800
3982
3440
3929
3643
1800
553
1306
3092
827
3114
2588
48
828
2851
1690
2230
1933
3939
1658
220
137
1847
1959
2665
130
286
2447
1443
1501
966
3742
3453
2647
997
752
892
521
932
1036
2999
2203
367
1599
1615
2837
307
180
4047
2280
963
4053
2861
403
3696
1505
106
1737
3408
2327
398
1082
1819
3523
1481
3287
231
3390
3530
2210
3693
895
905
2506
3494
1345
1515
2620
1348
2432
1303
3435
877
362
3439
498
413
1371
2038
3262
2073
499
576
2961
1665
1375
582
2756
2249
1883
931
2940
1417
1091
2798
3468
3385
2325
1454
3321
2926
2393
830
1563
158
3942
1867
1404
610
3640
3174
2139
670
2105
5
3162
1202
1384
2997
854
2156
880
215
3950
3310
3928
161
1245
3475
924
3307
1220
92
388
1941
121
1851
174
2891
3426
1027
3476
660
502
3743
702
3337
1357
2164
1710
1191
245
665
899
2402
3134
1975
2847
3534
2657
1798
3478
4033
1206
1178
2198
1340
3914
1470
965
2924
1477
1824
2706
2277
3565
3292
4025
3959
3586
111
1397
2922
621
1127
1865
2154
120
1739
3127
223
664
3212
3901
1284
3952
3524
3404
2285
163
127
3997
3259
347
3607
300
1292
2482
1908
1339
3637
2577
1762
3546
3578
1902
2306
3902
2973
1249
3427
2524
3698
3146
3418
1014
2884
986
3859
422
1825
1732
616
1124
2680
4091
683
3198
1170
3547
3629
1969
685
1843
425
1406
3531
332
4022
4095
2451
555
1037
3682
368
2780
969
1453
3715
1405
359
2489
784
2790
2252
1235
1435
2836
1208
3239
1547
3849
2521
4018
1035
1822
3284
2197
813
3760
1674
2487
4068
1157
1805
1596
1583
652
3248
201
195
23
437
416
1177
2281
1201
920
2515
2119
1910
3706
872
734
2413
117
255
1099
1087
89
2648
3818
3060
680
3957
3150
2860
618
400
1299
2985
1413
1614
2734
3208
2110
1050
3998
3083
1213
3971
2510
714
2033
688
2568
1390
1967
457
3251
1595
1693
2634
3916
211
2602
2829
376
1828
903
758
190
3007
1486
2977
2060
566
1840
2840
1118
3500
666
3717
3169
810
1161
2485
1101
2834
3102
378
3564
3250
3960
3566
1860
639
3961
3655
2322
3713
2864
3030
3920
2229
1811
1387
328
1545
2339
1469
4089
426
3830
1392
3980
728
3344
1129
2849
3003
3932
2412
3969
1898
3788
3161
1376
984
1326
1844
804
3055
2800
2208
1616
1029
2111
4063
1321
2195
1526
3236
3691
3358
2824
2147
2242
2212
2295
3789
3356
586
2636
723
3638
1342
143
816
3844
2877
1809
98
1006
3868
1194
1004
1760
1888
3588
3301
3129
2885
887
1248
1699
3687
2792
1895
2889
1183
162
318
2890
1601
1983
1012
3958
2698
3915
3754
142
1013
2686
450
72
1804
3700
3785
2446
1871
1565
1168
3279
2354
1089
1885
228
3352
3334
2827
580
619
3854
1137
531
2079
3855
2237
2247
391
3303
2311
1593
1999
2
1628
354
2112
651
2941
4017
3943
1149
2932
3907
206
160
3153
946
4003
2059
1795
1108
1379
488
3376
1136
570
3444
2214
3363
2163
2016
3516
3448
3603
2316
3644
1172
789
1333
320
1961
2052
3581
3853
3372
550
3220
539
902
3674
3181
58
1567
4043
2807
3205
1243
380
1041
3879
673
2001
1107
1365
453
795
669
1679
2022
1516
3019
393
389
3207
2486
2051
3252
3639
3298
4072
2130
3955
3341
692
1686
3735
1112
3128
1286
3772
1530
3010
1113
