1651
1448
1226
1970
798
1853
246
2679
3656
1851
3896
2936
1941
3431
1550
175
767
2030
3853
3919
500
2653
3427
3142
3193
1101
647
781
3831
3155
2842
492
3778
1828
2998
3839
3610
577
3665
1507
1001
2203
1456
21
158
3894
1398
3072
4030
3909
487
3306
1889
1056
881
257
510
2776
1002
3452
3875
3506
488
1032
1352
2059
2357
2779
580
1007
908
3247
3863
3119
236
1894
995
1227
490
752
159
1418
2380
907
3593
3029
1771
2202
3497
2671
658
632
993
3729
2994
3842
1813
3987
2286
3359
35
1882
2845
1945
285
886
2282
3684
1606
554
1214
2839
2064
2429
2147
747
1098
135
252
97
2700
1799
3798
1501
1301
2832
2050
90
303
937
1031
4054
3064
3279
254
722
1988
1219
3644
1893
1589
3125
1569
3981
2402
2738
1728
1698
3917
4077
782
219
1253
1489
2331
2891
446
1481
697
3556
3184
3051
1297
2428
2396
1414
2500
223
2295
1638
1224
1699
3320
3308
2418
2267
1269
4056
2787
688
3364
1996
2065
3035
690
1822
2591
3634
2573
3398
228
1966
3243
3372
1876
1717
1823
1090
2837
302
3275
23
456
3530
3387
1982
3977
280
1240
248
1005
1520
2246
3826
2322
57
3467
960
970
45
3462
1954
3439
3471
1010
859
3211
2506
2393
2695
3552
1078
3859
239
2646
1192
1288
930
522
851
3378
653
1685
2018
3980
1563
1755
1545
1824
3186
3920
2775
3579
3013
2526
869
2708
3458
180
110
1819
3800
4084
60
3768
3066
3680
2731
3484
556
3311
696
332
3083
4036
3672
1861
2410
2642
2791
176
1321
2857
2269
2221
3093
3468
402
1620
2124
1473
1419
3557
3169
2022
2978
3460
2017
3487
1553
2489
1091
598
1043
956
2724
1244
1075
2606
3503
3845
1392
2777
768
1544
28
26
3737
3520
962
1466
2667
1807
4007
3390
3440
2260
3595
3900
2988
1263
3884
2651
1327
2517
1477
2471
2159
1829
2556
3160
3976
1230
1845
3222
2853
3540
207
1700
2271
2021
3799
2881
2597
547
2111
4048
468
624
958
2821
171
1770
1528
1064
1666
266
976
1337
46
1037
2584
1377
1694
516
2146
2232
1511
3563
2888
1491
3606
2293
542
1029
1347
3229
1537
2383
3337
1931
1339
1228
3759
2848
2173
2026
2003
616
1216
2771
2951
3620
1766
3615
588
365
1531
2425
1533
2010
1561
1423
1767
941
985
3262
2082
508
2897
2587
1185
2770
3491
3730
2455
2420
1793
1369
998
2415
214
2683
294
314
1171
841
1146
2120
3069
1246
478
533
331
3022
3170
1494
1635
377
1276
3217
3832
609
1124
3216
1914
675
780
1115
1880
3745
3994
1095
662
3586
1591
2855
549
3027
1816
2756
2902
3581
2437
3771
491
2254
3605
1213
494
3199
713
342
2903
94
3456
153
443
3448
3551
1616
2714
2963
2458
1874
139
1218
2729
3673
587
1311
1145
3493
495
1302
972
829
1292
1465
991
3922
2464
4092
2835
3542
827
2613
821
806
659
3094
30
20
336
3248
172
1897
1220
1421
2980
3063
3956
3100
832
1750
2991
3098
756
693
3930
338
1026
209
2167
1379
694
4072
3964
3912
665
3371
868
1957
815
2685
2091
2622
2949
3005
1565
3521
2310
2514
201
3709
3137
1948
3231
448
3979
3695
2590
1646
109
3854
3873
1798
897
150
1143
3683
3767
4075
3773
3874
3897
771
678
1182
2207
3326
1197
3291
1363
3616
4069
1578
1987
2118
840
3735
1519
1476
1460
1499
3631
380
3719
1281
1070
2144
3352
2666
1951
1108
3401
2009
1374
2527
3797
2421
791
801
3775
136
1658
3415
3399
1140
192
225
2090
1607
1249
876
3450
2677
961
2999
3904
2508
2972
529
2843
2813
1585
1522
451
3790
1432
1004
1603
2796
300
2803
1334
633
2225
3812
2119
2598
473
2241
3205
3928
3356
2539
3190
503
323
2805
861
2801
485
190
282
1839
3689
927
284
3065
732
1758
775
3315
2533
3475
2528
2822
3983
2179
3404
3927
1
3333
2840
3658
982
3455
2628
2494
2928
183
2519
2262
1888
1633
570
435
1525
2594
648
2854
3932
2665
129
3376
3652
40
1081
3257
4043
4021
1644
2644
3543
1455
3630
2462
85
1104
2870
2165
1648
2861
1183
2476
3369
875
1844
1932
3240
919
1597
504
2390
1127
2694
2226
2353
2601
3105
3536
2250
2123
3755
148
3269
2586
3406
330
2828
1437
3057
1989
1594
1360
2453
2663
3263
857
2986
3899
3361
573
1406
1598
1904
856
2139
3126
2574
2969
3109
746
1582
2272
784
2786
3600
3848
1322
1662
1628
1142
3814
3903
2486
3828
988
313
1900
337
1344
3998
2230
2083
319
2809
1832
3204
3473
1179
156
1892
3470
480
103
290
3679
929
1099
3785
656
621
2163
764
1033
555
1359
2191
3111
1412
1505
425
1884
1720
2117
3148
1690
1981
1376
2162
3717
2906
268
825
434
1189
2054
2919
602
127
4005
3003
1769
497
2160
3628
3424
3386
3669
2374
3982
2327
3643
1974
3504
1999
1980
1177
1625
217
2077
3825
3149
3412
901
1849
2097
2614
3806
195
920
1118
2512
3283
3647
251
3681
3772
1541
100
3642
779
2116
2602
1866
3933
572
1935
1052
1908
4015
24
2959
1361
3284
2938
3801
2228
619
846
3901
1933
2079
2057
3509
509
2233
2259
2441
1674
3436
419
2058
2326
1800
3033
475
154
32
3382
3849
2719
3479
2884
559
3145
1238
716
1549
3711
1117
1548
793
990
1842
1697
1410
3079
1909
849
1471
279
3130
2084
2376
571
3135
3050
3206
3192
2073
3425
241
1686
3393
189
1047
401
521
2739
3925
2834
4091
615
701
1653
4040
1208
1012
3694
650
811
3713
3746
3442
797
3118
3124
3297
1599
728
528
776
635
4089
2985
72
3346
1188
3548
2952
3621
2089
709
1405
838
226
1147
39
105
2627
1663
436
631
1716
3685
381
3203
1596
3202
2979
2641
4063
3877
3671
3674
3154
2697
163
1877
133
3181
1074
1442
3164
1869
1788
1994
128
1072
2846
3335
112
1785
1919
292
2879
1250
3221
2121
1400
3385
2482
2682
3127
1611
3370
2403
2439
586
256
928
1526
1868
1267
3180
1604
316
1159
34
942
3208
437
2070
527
3554
1187
3858
3881
3527
75
595
3619
3052
814
1443
218
2413
113
3762
2617
3721
2288
2132
2
3301
733
364
1241
1667
2062
3687
4000
2102
1155
3913
459
940
78
2166
3358
3451
951
808
2253
3611
1163
3860
3784
2361
2696
2907
1574
1390
3865
575
205
1661
2864
1641
2450
3935
2931
329
740
816
1669
238
1222
934
3411
730
1395
169
333
3583
221
2206
2069
4082
2760
263
2829
1632
3012
2948
1036
1779
878
2115
2757
1971
2243
2216
1114
1380
3266
2256
1053
3761
1149
194
3281
1231
2559
2229
3321
2182
2456
3810
3316
589
2249
1326
2100
1236
2732
3588
2291
277
3437
3318
3270
538
2612
724
432
3195
1972
2892
3289
2171
3660
2636
1309
1710
1940
819
384
3638
3189
1063
2799
2825
2382
2475
1316
1022
2034
1581
76
2625
4001
1243
3959
374
2605
1848
264
2319
2215
3096
2414
4083
2925
1201
370
344
3921
513
440
2977
395
1570
2438
2308
212
3535
3060
340
810
25
1960
2335
2909
884
3705
1129
1389
1482
3158
2446
1993
2496
1242
3488
1167
1514
3055
2911
3026
2811
2060
1314
669
1051
1355
1573
2204
4002
1551
1018
2008
839
623
1502
3350
1759
1515
2329
1144
1840
955
891
2299
614
948
984
2734
3599
3821
2827
1435
2571
1621
1713
1516
677
276
1672
2460
356
904
2151
3632
1156
2285
590
3780
2155
1715
3076
3465
2481
3174
2178
720
1833
3585
866
2657
2970
3851
2190
562
3307
2755
1871
450
828
996
637
1796
2896
1910
3290
2324
1605
3498
2185
2920
3622
2516
4074
1330
2466
674
3803
3400
320
3302
3156
79
1035
2240
2478
3021
3310
3969
3751
2473
2961
2968
605
983
3187
2552
1202
1518
2384
916
777
4044
1668
2210
3787
3032
2608
3104
1786
2096
3152
321
921
430
3113
3835
116
375
564
2693
3342
3480
3041
84
2347
3175
1112
1323
3944
581
2161
43
1027
394
1538
1517
1024
1404
3365
1373
2674
3651
2336
3882
1370
2830
2686
981
686
1557
1803
37
544
3258
3528
3028
3834
561
789
2582
369
3789
2592
1707
2950
1539
3
3512
3931
2465
3447
2448
2394
1860
2080
1509
2012
1057
2752
2196
2399
4086
560
152
1887
3132
2401
1959
557
4046
1248
3733
3545
65
786
460
1479
2443
1503
291
2138
261
99
92
137
809
2629
3675
3682
1133
1282
3241
1467
2142
253
445
912
1028
328
74
157
3954
3101
3915
2523
2947
3544
1552
3720
1318
1265
2148
3224
1203
3246
1030
541
2170
51
1587
2349
2932
3020
3090
949
2631
2042
1781
3566
933
1349
3945
312
2051
518
2370
3441
3625
1922
4014
3974
1495
2790
3349
2168
1847
1266
3383
469
2276
3449
915
1659
2702
2236
620
386
2664
124
3237
1342
1695
2914
2867
3613
4065
765
3565
702
2712
1687
3809
98
1287
88
2208
1792
617
1083
4068
3840
3623
1257
2633
2433
2957
3502
2964
3461
2585
3637
855
823
3640
3403
222
2650
1830
947
2792
56
3876
2113
3766
3285
511
918
2222
2502
453
1990
1827
4045
2328
138
2535
1530
3569
925
1936
1305
3196
359
2154
2510
2127
625
2247
1907
71
1430
3298
3878
3331
232
2193
992
2408
994
89
543
3038
1454
1157
2747
3397
680
126
3696
2342
3618
1350
807
3546
1424
3864
835
1991
3704
415
1953
3997
1749
3218
3829
892
2313
6
2635
1608
2488
351
3993
2283
2181
420
2087
578
197
3936
3354
3752
433
2733
2984
2312
1449
3786
2351
1304
3753
1271
1365
1463
3568
1286
2164
2893
186
3777
2543
1843
3043
2581
672
2807
2011
1020
3296
3649
1173
691
2860
3943
2355
3273
3379
773
2280
2406
64
3018
3233
3179
1055
3693
3049
699
3011
3539
3223
968
2388
3957
1396
3985
3416
1132
2487
2956
2604
3056
4079
438
2156
757
3895
2634
1864
3249
610
3676
3295
4009
2126
3819
800
326
70
3408
1630
1952
4071
3728
3940
743
843
1857
2130
2046
822
550
2309
2637
1385
376
119
2239
3067
3774
2131
2325
4067
2662
3238
980
3907
382
2049
3185
3580
3265
206
3522
3168
101
681
889
2480
4042
748
3690
341
761
2518
2129
3754
111
215
1425
3309
2192
969
3590
2048
2681
1619
1225
1447
794
1560
3650
3918
3727
1965
1956
3560
1805
3734
3435
3024
1543
245
44
3499
597
29
1457
769
2234
3044
191
3706
479
3910
2640
117
526
3466
3743
812
3872
1812
1742
1291
3700
2306
938
1086
3961
388
986
668
2066
3905
2532
2975
3445
1614
155
3577
3015
804
431
2563
1416
3345
759
1732
2041
2348
3519
2340
890
216
1647
2735
304
3636
2405
618
3995
3278
3469
611
1488
4076
505
2339
2727
1417
952
613
7
2294
2660
489
3163
1085
1806
412
579
714
4011
1726
3159
1329
3541
427
474
87
3351
847
2910
3808
3823
1354
2440
1444
2343
2330
335
830
3422
1794
410
1193
2967
1986
4049
3668
2740
439
2836
3963
1254
1050
15
2841
2200
1562
404
1765
2371
539
953
2976
2515
3739
3014
1718
774
3702
2270
4018
3143
1450
1069
2918
3861
1748
1622
865
229
1756
3934
3413
1331
2416
1588
3010
2638
2472
954
1836
2710
1859
408
2588
4008
1235
224
3813
42
3191
3914
298
3888
2916
1092
2797
2570
3210
1899
1461
1895
2759
498
3663
3549
1130
1015
1366
2314
1210
1752
1815
2676
936
3459
343
2511
2557
3517
2037
4050
1675
3417
3453
1462
1873
1747
3970
1089
3692
1783
1298
2773
2654
3986
2217
3082
585
3317
2205
457
2366
1062
2027
2459
2885
2172
2227
1315
3952
325
3428
1493
3375
3782
1741
1946
461
1835
1850
3207
651
1586
3990
3136
2484
1076
1967
3965
836
532
2688
3214
1166
1136
3122
926
1154
3898
3691
360
1510
2705
2580
2862
4031
4003
1673
230
2769
3893
2035
2782
3292
2868
1097
2750
1722
660
2522
1468
1797
3892
3220
1077
1135
1386
3906
1566
1150
3114
187
2109
1665
2983
299
4047
1763
1984
1367
1319
2741
121
2913
397
2245
582
870
820
2153
162
352
350
318
1637
3975
525
679
2274
1233
1631
9
1983
2435
59
149
1199
3017
3171
2110
3562
3432
12
2483
844
1540
3476
2785
1911
295
744
1584
1898
2419
1137
3341
641
2485
2595
966
2745
2467
3511
1332
1872
134
2497
896
922
2359
3097
854
2297
2449
1278
1014
2040
2781
281
2942
3095
2751
545
476
1624
3115
4019
1776
1194
2898
3313
3627
1738
2363
4038
3209
2197
2730
3161
531
594
1094
2687
2279
151
2850
2251
638
211
711
4088
3250
2882
2305
3938
3594
3384
4022
3856
3514
3744
2826
2610
3958
308
2562
1564
2296
3818
429
1148
104
1804
2317
1431
3770
1169
3572
1627
3081
2479
1294
2137
1134
1555
2092
3173
1905
1123
787
80
1071
1731
210
3862
1721
3099
2504
1558
3006
2434
2052
4095
91
2800
718
182
1299
899
721
3666
1955
1575
1655
1073
1879
3140
3019
3457
1066
3228
1209
1176
3071
548
1446
2365
2277
1841
3989
3844
593
3312
2871
1915
265
1523
1328
3555
1009
3128
1660
3395
3319
1258
1336
717
1976
1652
2263
1719
114
322
2997
3838
502
3062
0
227
551
2946
1802
1927
2929
2939
3626
862
3617
4023
3686
1403
33
2212
512
2715
1654
2290
2851
3750
455
3788
3836
3822
1120
2114
818
2014
2930
2877
47
2133
2101
1119
706
1958
1151
383
592
68
654
3714
3601
3489
1650
18
1106
1547
3534
3654
3688
2377
2004
3304
1283
879
3589
2935
2387
727
2639
2323
3756
3267
2261
2607
2615
5
396
3950
758
3796
655
3374
2904
1938
1317
2716
235
3366
2375
3407
2252
2649
1451
3837
734
1626
2763
1978
102
3330
3710
2819
1312
3327
630
1645
1838
3817
1527
3939
2436
2019
3088
2990
3538
1324
2908
2943
3274
3868
1274
242
2186
2538
3288
3414
924
661
2071
392
1126
1929
258
1161
2971
1708
3121
1068
3525
347
1061
1852
3300
2379
1534
3793
3635
785
2655
275
10
36
2761
1186
1878
2268
296
1025
1576
2555
2525
2774
2302
3433
737
1856
3608
3481
1013
2713
3492
652
2806
1364
3570
327
3253
1205
2789
2334
1642
853
2074
2648
979
4032
3758
1207
1977
1399
2237
2583
2474
2962
3264
1113
1362
1524
405
3277
2905
3988
3477
3526
1434
1855
2524
1088
1486
3748
826
3177
3699
2924
1886
283
1152
174
499
1402
1918
1093
2669
1610
73
817
240
1817
22
2013
3147
507
3329
2081
4073
3723
2989
4041
3991
967
2921
2536
1701
1111
3724
1308
2720
4094
289
1122
2596
2194
4053
1681
1439
3697
486
704
2765
567
763
3846
515
418
750
3054
667
407
1255
1341
1609
2668
1943
753
3916
1247
447
3239
3794
2575
3042
4080
167
250
3575
2036
1358
3547
2722
2725
58
2281
1459
2157
2603
3948
3162
1195
2878
2135
179
305
3252
3902
1825
2140
3268
3215
3707
1912
481
735
3344
2386
1937
1778
1223
3080
2780
2424
3887
1964
3396
1178
107
2501
1408
1058
973
3670
1751
858
2145
3338
2793
1676
2198
414
3146
2219
1011
1464
3984
4004
850
719
867
1375
1368
3973
1221
2183
2128
2389
2721
1865
3508
115
3747
2661
3116
2810
234
2621
2372
882
2043
67
965
3323
640
700
3726
1640
2726
2632
2513
3582
2912
1303
1612
3166
63
2015
493
2056
2564
3131
3558
141
38
3573
1677
465
2753
301
1441
1688
1458
441
3850
3598
4059
900
1643
3587
2618
2863
2611
4090
1413
3966
2958
2577
1714
3084
1492
2937
2257
213
1680
2220
2068
612
552
1045
1021
1968
796
2568
3234
3256
1343
3129
2298
1295
1969
2461
3815
3008
2002
3048
2095
371
2704
3340
1116
4024
3597
353
1427
2620
2795
3112
4
3276
2690
685
3655
2368
2865
2531
1733
2887
3074
3294
3561
1346
1234
3040
96
1924
2926
2876
1834
2818
4027
1917
1934
3363
762
1942
1262
1513
1353
2265
725
2385
1762
536
2029
1790
3816
2529
2922
1629
48
1670
1453
1961
260
645
1260
3629
2039
2346
3949
2823
3783
3123
3343
1407
3678
3890
569
2772
3855
2616
1261
1992
1729
2136
1846
584
2689
3389
50
177
3025
31
914
1401
82
2499
2001
2169
3857
1682
3464
2824
2411
1270
2088
902
3807
243
2033
1508
883
2619
2223
2067
357
1484
3443
4052
3946
935
2706
1944
3760
363
2431
3870
1048
802
1190
1711
2341
2579
3802
634
3494
3474
3736
2209
1583
411
14
2199
2289
636
2784
3992
2076
1128
1280
1426
2895
871
2195
2541
1590
885
1712
2749
646
122
1504
770
2078
1100
583
2125
132
4087
462
2369
1049
3031
2623
1381
3047
3235
600
2766
1760
2395
118
3106
1065
249
3334
3880
3092
3725
1204
3078
1485
2292
715
1881
3833
3183
3418
368
220
372
3212
2711
272
2492
2044
1293
62
628
3996
1735
4020
643
422
3068
2659
639
2915
1734
53
1774
1739
950
1649
3507
999
2061
2224
1470
3657
2995
147
692
391
3392
3574
626
2699
1158
293
1436
1703
3226
799
2187
2940
3150
2356
608
3722
2373
2423
406
2593
2354
2507
185
2442
603
1429
2831
3972
3355
3016
140
1006
3260
2707
233
2397
1277
449
1440
161
378
3472
3841
1913
2923
3405
3564
3523
3197
3926
464
3741
168
520
181
3141
1338
4034
1736
1325
649
1521
2122
2188
1529
1532
1691
184
1577
1723
3953
2630
2748
1356
2104
311
307
1998
306
2287
1165
1422
1180
1903
3023
664
2675
3324
208
202
2273
1930
3377
324
703
1498
1420
1040
1883
766
1478
805
705
3648
2647
2718
1016
2816
3867
974
2996
712
1775
1601
3667
2031
2444
3230
2521
2652
1542
458
530
1867
1623
1310
2548
3144
1409
3120
1433
3293
4028
683
77
1279
1554
409
2320
3151
1105
698
1985
903
315
627
1782
963
108
3000
2672
673
3518
987
2452
467
310
2886
2055
2553
2546
738
2981
3271
923
3061
2422
2445
416
3380
2352
2072
3367
1826
1737
2248
3500
3885
1556
3108
2278
3662
2945
3009
4025
2744
629
3045
1746
1445
2802
2404
3410
514
3490
895
2000
4029
1780
1174
2899
2894
3332
2316
4012
2569
1348
2872
1995
144
2992
146
1232
2367
2643
1382
2520
1044
403
1496
4017
2987
52
454
2701
726
568
2858
877
1702
3571
790
684
911
2321
339
3007
3133
1810
745
3110
2175
1854
2301
1777
466
1949
2266
400
2567
1168
2150
1200
452
3486
198
287
2086
3182
1743
3086
3576
848
390
3421
1497
534
196
3531
3712
1428
3360
106
2852
2566
130
2177
695
729
3485
1371
3731
178
708
1229
354
428
1740
1290
845
2158
3533
3513
599
413
3034
3368
2709
66
93
1939
1593
2880
193
3419
1808
3438
3516
2053
2400
2350
2833
2255
1684
3139
3871
943
3879
3495
3446
2491
3971
1273
1863
203
2134
671
3157
2143
3764
2107
1753
1636
3633
1087
1388
1080
1008
2565
4013
2025
864
3757
1656
755
2184
2381
1320
2023
971
3742
2762
3236
345
69
2966
2874
423
591
909
3030
682
3929
2960
3225
3820
4010
2890
1784
837
2468
3091
54
2534
3708
2426
484
1333
3716
2242
3251
3791
2006
2953
707
2469
2844
2901
1579
1239
3107
2804
888
3883
1761
2561
873
1789
1535
2814
2258
125
1264
731
3103
1696
2547
3454
3967
1572
188
2463
2866
346
2098
2311
1483
2551
3423
1773
3942
417
852
1963
1141
3639
1709
3434
2477
170
3328
824
2838
2692
1683
3827
1764
917
3781
2304
297
1926
742
4081
1730
1438
1821
270
964
3353
2927
1921
1196
3188
795
496
1902
1818
1890
576
1256
1678
739
1973
3501
1920
83
1107
2558
3391
3624
1285
2609
2105
1164
1679
3999
3804
2847
880
3165
358
11
3602
2430
3394
367
2005
1383
2103
2783
2554
3167
2684
3426
3286
2432
1595
442
1125
123
2152
2345
3089
1592
749
2358
2417
1272
3059
1600
2798
563
3779
166
2743
1787
3911
3718
1664
1170
989
872
1259
3792
2917
860
1387
2218
2063
2955
4055
1950
1042
1757
3402
1689
3232
2728
3213
783
2788
2112
2849
565
2201
1979
946
3070
3596
2941
803
348
3444
1217
95
3612
3280
1744
906
1345
2047
1618
4058
2503
1397
2490
389
19
3962
3242
3510
1772
1268
1480
2742
2032
2391
1038
3001
3282
1059
1896
3698
3102
13
2626
3496
55
1745
2024
1393
2560
1923
255
355
3603
362
1017
1411
2214
143
741
3960
3607
3381
710
663
834
2974
1003
3075
4006
3584
2176
3947
1947
2451
2264
2599
2180
1023
939
1862
3362
3559
1046
2540
2275
366
3866
932
1415
1121
2859
831
2344
160
4033
3659
2856
2427
2550
1916
3968
1391
61
247
2174
519
2673
4057
3219
898
2537
2808
444
2678
2235
1300
3004
1724
361
3847
2211
3889
913
3347
2318
3550
2360
398
3325
3703
483
957
1109
2470
2007
2300
1357
1184
1506
2332
607
788
3058
4061
751
3740
2794
8
689
1801
506
2545
2505
2542
2767
2576
4062
4078
931
1079
2934
204
2238
1891
472
3677
262
86
3843
874
1768
2307
3305
199
3924
1084
385
3908
399
3200
288
566
3261
81
1820
622
2698
2691
601
978
3765
3373
3077
4093
3303
259
482
1041
2498
3244
3357
2213
1837
2764
164
3869
317
471
977
1901
1814
666
2020
1546
3641
4051
2875
3524
1580
421
2454
3578
2944
1791
2398
772
426
4016
3198
2544
131
1034
3299
2028
3886
3891
3763
3482
1160
3978
2407
517
1487
959
2447
1175
1925
2965
2509
1962
1671
1452
393
1039
4039
1870
2717
2141
2736
2900
3409
3194
1602
1536
463
863
3732
3172
2600
894
3951
1245
2815
3002
3339
1215
2338
975
2075
49
2572
3646
558
3645
1795
1704
3592
1811
1512
723
887
3336
1082
1067
373
2333
3314
3153
574
2817
1096
754
3749
596
244
1206
1500
3955
2973
1615
4064
2099
237
470
1568
1275
1725
2993
1351
944
2106
2768
3037
2680
424
4037
501
4070
833
1997
2656
604
2093
3255
2337
3537
1692
379
2820
4085
1103
1139
2578
1831
173
1153
3567
606
278
3604
2549
3272
2889
2108
3532
1252
477
3138
27
524
540
523
945
2392
3420
3287
1975
1613
1019
3824
4026
3259
267
1490
3715
334
269
2457
1378
2094
1060
2495
1162
1054
2244
1639
3134
1237
200
1284
1469
2530
1211
546
3087
1335
1475
3591
273
2873
145
3085
3429
2737
1617
2412
1693
910
1306
2149
3937
1706
2189
1559
1110
3039
1191
642
2409
1567
2045
893
309
842
4035
3776
3201
3664
2754
2954
813
41
3941
676
3478
3227
2723
2658
3176
2362
3701
1474
1340
286
553
2493
657
670
1102
2869
2231
644
4060
3322
3609
3483
3046
1754
1131
1289
1727
3830
2933
231
3529
274
2038
1885
760
3053
2364
2778
165
3653
2315
3178
535
2303
3795
2284
1000
2085
3923
2812
1858
4066
387
3430
1571
3117
3245
997
17
3515
16
1705
1372
3738
1172
1181
2670
1251
3505
905
687
3254
142
2589
2703
2624
3805
3036
120
3073
3769
1472
792
271
778
1138
1307
1313
1875
3463
2378
3553
2645
1906
3614
2982
1212
1296
3388
349
2016
1394
3852
736
1657
2883
1809
3811
3661
1384
1198
2746
1928
537
3348
1634
2758
