2081
364
3602
2581
1675
2594
2187
2009
1618
2247
1204
181
2613
588
3871
1227
1648
2157
2256
2737
1155
16
554
1650
2816
2686
2215
2360
487
2489
421
1497
987
2162
2646
1820
1292
3934
1219
465
4067
3062
3490
3061
3630
4000
3186
3834
3860
1591
2950
3098
1993
304
754
1913
1841
3032
930
786
2048
2794
2541
3481
671
3815
789
1745
1657
731
1370
2386
2311
2951
1198
2404
3521
409
944
3564
429
2492
133
1090
2337
221
1635
1958
3923
3659
2442
2154
1957
1974
1666
596
706
3352
1584
435
1597
662
748
3857
2958
330
2364
1933
1502
3797
1310
1744
3422
2735
3560
562
2741
3316
2876
690
2491
1753
2322
5
396
1951
1773
3097
3719
2231
2790
1412
3359
2836
2444
2075
2863
2766
3846
2213
2759
3558
3731
1782
3261
1926
3418
1613
2484
192
2787
2731
3590
1353
879
375
3671
1538
163
3589
3716
3238
1218
2702
2043
228
3965
331
3686
2156
3632
4036
3692
2716
1281
3268
2262
2349
1588
4071
2566
3371
2448
2511
415
2018
557
3903
2526
716
4058
143
2345
43
2221
549
1038
469
2508
3123
2195
3996
4057
2820
3675
2269
2239
2172
3413
2093
3735
2335
2956
590
288
1736
258
1802
2423
1214
4061
1663
7
1567
1471
2679
328
1082
873
832
3255
3329
1587
1751
2257
350
3614
2797
2049
1633
985
3420
973
1805
2988
3425
2758
1649
2779
222
1856
3461
650
3582
3785
2281
1095
126
2192
1919
2689
4050
125
1737
920
678
1936
2745
321
3940
3378
3670
3958
550
1749
4007
2165
2108
3979
507
884
1767
1092
3435
3350
1458
1883
3964
1510
2751
1050
3038
3033
1058
1265
462
2810
2638
654
889
2302
3415
3744
1564
3676
2861
2507
540
2158
35
3269
840
3666
2073
2306
2804
2079
150
3608
88
2869
2353
2687
1928
1401
3556
926
1922
3318
2255
2503
2710
978
2140
1325
1202
2568
1997
1622
910
767
2633
609
3895
534
1900
618
2325
625
3733
3755
1349
3190
3242
3932
3699
3332
2849
3381
1819
2756
2937
3193
20
2478
2319
983
3651
665
2025
2580
2351
3162
2180
1420
2901
2867
517
1758
1879
3701
178
3607
762
1315
1074
1266
2033
2096
857
3086
3070
183
3383
3729
3858
3129
520
3296
3039
2091
637
4031
1105
1849
1394
532
3874
2743
1513
888
2773
2031
2324
3688
1791
2567
59
1180
2621
1609
3530
1682
3809
1146
1948
3337
1140
675
938
2238
242
2874
1426
2765
1844
1119
1326
3583
282
2829
3240
2130
2632
1792
4014
2785
2411
724
2575
3379
1158
1964
4035
2296
1859
1212
71
2147
2176
3937
3017
1727
1908
829
264
3494
989
823
1496
2315
672
1456
1182
1348
3621
1387
3507
2739
185
4076
2032
1087
67
1144
933
51
3218
3179
127
3264
3020
3223
2975
4082
3134
1234
3055
744
3165
1953
1150
44
3541
788
858
3159
3988
2606
2161
1638
3501
2243
880
1233
1447
1634
336
483
644
766
563
224
212
2199
2403
2064
897
354
1431
2778
2609
1489
1825
668
2057
2696
3010
3918
1769
3925
1301
1308
2414
689
3679
1730
2976
3160
94
33
1906
4080
1763
1240
255
1631
3093
3050
139
3151
3740
1576
121
1665
2001
146
2822
4063
1901
3662
1268
746
1501
2061
772
531
1176
2234
728
2670
2346
2664
674
3852
3819
1787
1515
680
3336
3626
582
1604
273
198
1250
2995
571
3395
3266
2449
3706
3781
2714
2464
324
3572
1504
3947
52
2175
1521
207
3153
2887
3578
2912
3331
1485
266
3176
2457
2870
1869
3613
2126
3510
1731
2654
215
2713
4073
921
2395
3108
3835
157
1544
3301
817
3833
3617
688
1438
3561
1049
3377
3915
2202
2643
3545
2379
3917
3224
3959
1121
741
1892
3257
2663
3099
2681
3945
837
3103
3408
955
1332
1796
2691
3787
2124
953
940
1235
1912
3018
515
319
3987
3986
1483
1874
484
1572
3928
2077
1610
1337
871
3949
1313
1752
3196
3647
3513
400
2383
1917
2207
2535
199
446
2665
73
3416
2343
2997
3640
1716
1721
3767
3747
3364
4055
3189
861
3539
2270
1599
3487
3312
2987
1100
4030
3469
1836
663
1848
990
2245
1345
4090
1433
2372
162
512
3579
2494
1384
777
1335
353
13
287
2003
3754
2629
3319
503
3526
3705
1909
3533
1054
2263
2191
1615
1285
3673
2133
1924
3982
1514
932
1645
2819
3310
996
3412
1197
2970
1809
1995
1939
476
2074
1300
2545
355
784
2894
2834
2799
1765
2053
155
2998
1781
2097
3355
3892
1535
2918
3437
2304
1367
572
1383
2317
1472
3045
2768
3887
1246
2565
1392
3554
1930
2557
1855
3727
949
3893
3053
1686
1754
4062
3936
1834
2842
3400
2103
2826
102
1421
3201
3515
3584
1568
1780
1602
1282
1991
1149
262
1052
1851
2300
1612
1680
1151
1965
2521
3152
3580
4033
1124
1316
2045
1222
454
1022
922
283
3983
818
3517
3877
715
2994
1949
761
2014
176
3169
946
2938
1410
1279
504
799
2722
1449
489
836
3282
1232
3536
3064
1571
4052
2573
1563
1662
2476
1932
3749
1487
2314
3063
113
2027
615
3
1260
3030
703
2699
241
962
2233
1793
1439
666
4040
2524
1306
1393
980
352
3299
1888
1687
3161
1373
3141
1066
235
3848
416
395
1248
320
3085
1372
3204
3049
1916
966
853
1422
3880
2845
3236
3929
1517
2029
3356
3248
3163
796
3508
2229
814
3197
2723
3021
39
455
524
2210
1156
167
3252
3175
3205
3668
2914
1526
271
1247
2598
1921
1290
3601
3457
536
3553
1258
2844
3027
3445
768
376
624
2589
2709
2562
791
131
3399
3935
2307
909
1860
3349
1875
1810
1560
3465
606
1005
1011
3912
3569
3286
2953
1885
1304
3365
1201
2235
1207
2416
89
3586
2397
1104
702
1479
286
1800
984
1375
3498
1459
3605
2330
38
3728
2294
3094
1362
3256
3431
3327
152
447
3775
647
2532
1776
3972
2331
2153
1388
3991
477
1741
1852
1989
3303
1520
2550
1051
1728
1164
2993
2254
1323
2597
1069
3410
676
2857
4060
2729
1274
2232
876
3251
3504
4032
1084
1903
2817
386
3019
329
1738
2376
3851
3610
4043
2859
1541
48
3909
685
3171
866
1414
1565
3320
3738
3025
2253
3043
2417
3470
916
3089
2131
2877
3978
3012
122
2455
566
1681
518
3646
1454
311
2649
1878
3339
2246
3684
1275
514
868
1895
693
290
2076
3715
1667
1187
1318
2490
1779
2673
3247
2248
1242
1982
2871
1853
204
1356
2244
3620
3188
1673
3042
3529
3831
2534
1166
1098
109
2177
1027
3566
3041
2661
1125
1461
3208
2282
390
2910
881
608
1710
4038
226
2431
1294
3167
1770
2117
301
842
2781
1918
1297
378
3249
2626
1739
2274
170
3338
2502
3726
2426
216
3722
1317
2677
1830
2767
2135
438
1699
3808
3635
2066
2698
1616
3864
3117
3441
3830
815
2669
3627
3180
1534
1400
362
1577
65
1377
485
3067
1055
3002
928
834
2520
2960
254
3524
2942
220
2509
2608
708
3491
2367
656
2952
1734
3899
1523
3793
1463
2548
2249
1795
538
3145
1256
901
1020
2198
277
877
444
1606
2989
422
4006
3280
653
3092
795
3802
3328
1647
2436
3283
2122
1415
2363
1632
3644
3660
3137
3656
2480
3294
993
3239
2007
2068
1790
370
1083
1206
747
1225
1643
453
3405
3634
3994
2850
658
261
1807
3853
2209
3083
3528
1113
1970
3769
1101
2726
1024
3071
2793
403
1505
3704
3697
3342
3730
3146
1424
3246
238
2827
123
374
1561
3522
3016
1812
217
2671
145
345
3354
1659
1676
925
227
3421
2584
2651
1733
2326
184
1975
300
1126
3489
3758
4037
961
2456
816
992
2964
3511
1614
3462
3950
428
3616
1695
3219
3761
2933
164
200
2760
248
3652
1342
2893
2350
1872
2796
1661
2308
3856
1914
660
1120
3128
1181
2419
643
1547
3292
9
433
2134
1379
2089
1269
2459
3302
2268
952
315
623
942
1444
3192
1636
501
4088
3997
917
491
730
4020
1127
2070
3548
3056
1365
2412
1065
651
2599
862
2659
4078
8
2752
2991
411
2873
3543
2682
3088
3974
2392
3127
2240
3855
1553
1216
151
2882
1973
3105
2105
3138
1637
1035
3926
3106
3882
2408
1080
1960
219
3576
2523
2607
2094
847
887
2992
2897
1411
2668
3423
2438
3206
612
369
3114
1617
2840
3133
1205
3591
2823
3969
3464
410
1239
723
229
442
707
2800
1194
314
63
268
575
2010
2916
75
3682
3897
3790
655
2547
1705
2062
2570
225
819
4091
1455
1799
991
742
1193
2227
2789
2471
929
508
2947
927
2013
2069
899
1943
1845
2356
3073
482
3463
358
2099
3954
1329
3411
874
4012
809
3540
3910
1896
4001
3048
1007
4085
3325
1669
2647
1755
2409
1549
1803
2095
3131
800
4024
3284
3258
1630
2493
3914
2160
1785
3725
159
1188
882
2774
3290
2614
3998
3120
3452
1929
440
3265
246
3693
1184
3191
2129
2784
3751
1482
3075
3957
1990
1778
1536
1312
599
3977
1829
2802
2446
2120
661
719
153
1529
3748
2454
2396
1590
1354
1237
2864
3147
2742
3571
3648
2549
2569
1942
471
905
3222
118
3277
790
785
3765
1542
2544
3495
1947
357
2022
3009
147
2586
2123
1071
2564
2926
3024
1972
2929
187
3209
3980
115
997
894
1548
827
240
2273
351
1620
898
2015
1102
1112
2042
451
1873
2
1061
3759
2847
552
3432
1925
3125
1816
3784
3886
401
103
3999
859
1801
174
2754
939
516
3451
4015
3335
468
3262
537
3674
3036
2146
213
2653
2113
2028
2451
1106
2141
974
1508
3638
2878
3942
3577
3955
755
2441
4026
2724
2005
3960
1826
2418
3116
2462
3101
3956
683
2179
346
1245
3685
2366
2730
530
3102
976
914
759
2525
733
2693
470
1408
3546
2979
2450
628
2618
3742
1828
2110
1267
356
388
686
1229
2190
3317
2030
1009
1988
1484
2769
78
3906
1319
347
2625
99
2628
1036
117
202
1700
1386
3065
3981
1442
2112
1060
366
924
1701
3110
58
2107
1477
1402
4048
533
539
1003
1079
1854
2657
3527
3847
1215
337
3832
2872
278
736
3807
1189
830
626
1931
3035
2990
3276
2242
1843
2182
769
2639
1062
1861
3549
172
3557
4029
2347
852
3598
1118
3104
171
3057
327
4051
2183
1956
1453
642
3689
4002
739
3663
1446
3581
61
694
1425
3878
2809
1644
1457
2746
2466
1029
3004
1858
1110
2498
2727
135
1747
194
3813
1133
3927
3771
2944
2385
398
1889
1832
1264
1428
108
970
2329
3439
3387
542
3233
3450
2485
2473
2290
979
3817
1920
3488
3741
2008
1498
687
734
2266
1010
2725
141
2930
1462
2783
144
869
2977
3173
3623
2798
3869
1664
1963
86
778
1103
1078
3559
2373
1389
18
1815
2226
907
2590
2342
3288
1651
948
760
2435
2595
2792
365
231
3478
527
1490
1996
3924
3776
253
1361
2006
3743
2923
1196
988
2517
3229
3873
1877
3330
1720
251
1018
1672
657
699
758
2475
293
870
414
1039
2574
1789
3433
3806
3419
1299
587
1503
3619
165
2321
1047
2203
3866
1940
3891
2982
3069
1209
3764
3565
325
3845
964
1623
1244
3440
525
3231
1147
3516
797
2808
2355
74
2814
3739
2674
1827
1341
1382
408
713
2623
3436
3107
1359
2978
2612
1580
1596
1954
3474
1531
1937
3340
2374
4081
2841
3520
2603
1220
3863
3177
3563
1175
2038
2495
3084
1726
3971
561
1430
1115
2662
3625
2983
3710
3235
2707
2060
1168
4044
1702
1041
1351
584
3315
1350
1804
810
2370
1004
2387
30
260
3664
2551
1711
3881
3211
2728
1689
2145
851
3374
614
975
158
1962
581
495
3068
2313
218
2214
412
3360
3788
695
1857
2085
3363
3800
1395
205
232
1363
3550
2531
2285
3595
274
1012
497
3753
3913
1944
1786
2780
3762
3314
1660
2115
257
3390
2552
4087
3313
3015
2277
3285
2469
2605
3271
3074
1757
2582
1543
3746
1519
3401
3894
272
2855
3829
895
1261
2720
931
3397
3140
3985
1339
3344
3243
1923
4095
2237
1983
3210
270
14
2902
1528
3370
2164
3417
3446
2889
826
140
2394
3059
1208
1777
91
3496
2928
607
3026
4023
3183
1582
696
1117
1761
1625
3037
2186
968
2851
1429
3212
2020
3124
2803
958
2284
3203
31
209
250
574
1437
3467
236
2332
234
3361
3392
3633
154
3698
1981
2072
3150
1014
394
3535
3713
3079
3001
1629
822
1704
1366
1088
3388
1025
1788
745
2222
3289
1328
523
1152
2925
2050
3407
3677
3182
705
2051
101
1589
2440
3824
161
2862
3772
3756
160
1053
3234
1984
1684
3382
1658
578
3427
1880
137
3700
292
2761
1530
2936
1911
2516
1131
3782
2035
87
295
908
886
2515
3287
1481
3198
3842
3226
111
206
589
3763
1467
977
1998
825
2757
2559
1186
2675
29
1033
878
3168
1107
203
659
1527
2935
3703
1403
441
1293
2293
49
473
891
838
1978
1143
2667
963
3911
1093
426
2770
2467
3696
233
3300
2261
3629
3139
682
1368
3497
424
186
1137
646
3393
541
3076
2700
1719
935
3606
2106
3008
3970
430
3905
632
2208
3885
3311
2830
2486
3434
620
1586
3118
2908
2512
856
3499
420
481
3000
3376
2169
312
1045
2104
1583
1096
1554
773
1067
3826
72
493
945
592
3904
3195
2576
1764
1170
2171
3849
3820
4013
1302
2101
2838
911
2151
780
4083
2413
2645
1343
3046
3889
2984
2118
1495
2999
2856
104
1870
634
1593
1419
2218
1288
1154
3453
55
573
2666
2258
1708
3366
636
3398
1492
2920
3967
2771
1756
2447
294
2371
2500
2971
3850
3003
3403
3803
249
957
3883
2116
334
1172
2168
195
1715
1111
3228
2740
3665
1823
1277
1679
1897
2701
1611
1774
2420
1355
2891
567
4
1640
4093
2174
1842
1134
2136
1445
1068
2685
3941
1344
2407
3095
4039
1594
2957
2460
2185
635
1566
601
860
2828
3908
2721
2522
704
3492
2067
389
3952
3475
2637
3711
3375
4009
752
1183
210
2225
1950
3281
1671
545
1522
1626
1417
3789
363
2295
529
1436
96
3872
1466
269
112
498
3372
2437
1142
3324
2080
1432
3275
306
3645
1040
3181
3691
3394
3859
3297
551
3029
1546
3044
3702
3622
3466
2542
6
3295
1968
2777
4028
2985
3023
85
2206
1863
1324
11
3966
323
402
2747
95
2697
3794
1413
2906
1837
1236
142
1500
3939
1742
2299
4027
2481
1600
3217
1683
2879
1493
316
616
3870
1886
2054
3531
3615
2886
460
478
1934
2470
3597
467
1494
2479
289
2310
1263
3348
2563
1706
1545
1598
1398
310
3766
372
1865
1404
3472
2197
2537
211
3631
2973
839
2884
2109
1592
303
3537
1905
2585
1794
302
3155
1295
605
1390
1677
1668
298
3588
1108
344
3810
3322
3119
1759
1210
3279
12
1822
2708
2852
2272
2434
2047
3946
1808
4084
717
3642
2155
2719
3309
3750
1369
2421
2291
1089
1971
1653
201
437
1347
3172
2945
3804
1904
1980
136
3551
208
1303
450
57
3655
2965
2260
2504
3347
779
1278
3144
479
3658
2786
4046
700
387
3362
1840
3604
193
1709
594
107
399
2223
2016
2501
3888
1376
3135
62
1381
1838
2932
3438
770
2940
2026
129
1693
1114
3113
2041
999
1037
1979
3573
3121
1296
3158
383
1506
3227
3778
110
982
2712
1555
2087
2439
526
2204
3080
802
2772
3005
3500
2528
2468
2393
2410
1882
2680
281
2388
2703
3353
4018
1129
3221
664
1603
3681
611
2631
2283
2848
3841
3274
2943
652
2911
3477
443
2968
2738
3308
341
2905
1141
1884
1391
3199
2775
1713
188
2338
954
2546
2554
3840
2733
1001
413
2279
849
1570
1839
2271
2610
2533
359
463
2706
1179
2776
1177
2252
1254
1192
3323
640
83
3836
2477
2604
3454
1099
3253
3963
3396
1670
1443
1627
3346
2287
239
3369
4017
2429
546
1850
3298
3683
313
2267
710
743
1284
2514
245
3843
3483
1451
2163
343
4089
4008
4025
1876
2619
701
1059
1619
3448
3484
1021
3976
2717
1748
2678
1556
1397
1551
1
627
3593
2194
3386
1076
3090
3468
3506
4053
3774
956
3040
2967
915
4079
1902
1806
3708
2966
1056
3115
3351
2251
256
296
56
2196
885
2211
1945
1085
1729
3270
1291
3518
4086
92
3170
3930
729
2748
2881
960
649
2903
1766
2173
2114
1013
4066
1550
2866
3734
543
3585
1460
177
2513
2611
1311
243
2348
2405
2824
3232
2178
2102
335
750
1160
1894
3879
1575
2883
3014
1200
2927
3709
1228
1578
1976
2718
1867
3825
2212
1385
4034
1289
381
3707
2040
912
3087
2201
749
670
1697
610
600
1509
844
3291
2560
2137
182
1478
726
1507
1423
1211
3992
764
24
3164
2744
3562
3174
3624
2640
1966
2055
1722
3200
794
2974
3799
2432
2362
4069
3367
591
3737
3293
2815
2288
64
3456
576
3216
3130
564
2127
2837
3241
244
1696
3989
134
2139
2635
2286
2341
4074
2425
598
3995
439
2858
2734
3865
1334
1336
377
2904
669
2652
1621
180
223
2556
3812
480
1173
1992
445
3343
1320
371
3975
828
3263
93
3552
1628
1824
1862
1396
3345
3100
1712
639
3786
2205
3011
3154
2536
568
2538
883
3066
339
2543
3358
1486
2690
3493
1946
803
1557
1077
230
2832
69
1002
1698
1252
3485
1064
1346
1986
2443
3414
3712
265
843
2465
1891
2058
3538
1798
1280
10
2021
3695
2011
3028
380
505
3961
2896
3720
3077
1231
2705
423
621
1642
2445
84
3142
2969
47
2510
2415
2039
3443
3007
692
3514
1833
68
513
2406
2380
2128
2100
2316
338
419
3341
1691
97
1864
2561
3157
3207
4021
555
583
1470
488
3612
1539
3194
23
1213
1075
4068
2885
3525
1811
3822
850
1512
630
3244
510
3078
667
427
1955
4075
2328
3801
1488
3052
969
4094
128
622
397
1817
3245
3373
3839
2452
340
1043
1000
725
3814
318
2184
3058
42
2676
81
1023
486
2833
1585
173
2358
677
2782
2762
2527
237
3827
1057
77
2634
2037
820
1732
3250
3916
2056
2846
382
3406
417
1574
100
3166
2275
3838
1091
2236
1191
521
2853
166
3777
1405
528
1195
3718
631
1006
1581
1026
2318
2320
1116
3096
1070
392
466
452
3796
1378
1259
3156
2596
490
407
722
1607
2361
3791
4005
1360
2352
2627
2963
317
156
3643
3455
2065
756
1153
149
863
1499
854
2941
3214
2150
3034
2924
965
2340
1136
3502
168
3990
4016
798
2474
2831
32
2111
579
3667
4054
368
3326
1887
3575
2084
3081
2922
373
4047
3082
50
1171
3570
138
4065
3783
2220
179
981
3486
1167
1073
1072
1178
737
2036
2280
1552
718
721
2895
3587
2088
2487
1694
418
2909
3047
3862
2907
404
846
2019
787
2553
892
1406
4092
3459
308
1161
2946
2694
4045
496
2900
105
3574
3384
3054
1322
307
1890
1688
3867
597
0
2591
2593
2539
106
848
2132
263
2292
90
2297
4004
679
2303
2959
548
1999
1048
116
2090
3213
1655
2071
472
1416
2458
459
1190
738
3544
3273
1159
3111
1959
519
2125
2401
3304
586
1226
2939
1305
1185
2805
3875
4003
3334
3745
1846
3402
833
4072
3938
3919
2499
1357
1157
66
913
3943
3178
720
509
835
1814
2083
2377
1927
936
3973
986
1735
2704
3690
2602
2899
1123
2497
297
2430
3736
3547
2981
569
3902
2890
2365
3389
3951
2152
1987
774
1818
1723
2309
4041
3471
2143
285
1941
3202
1559
2843
1835
21
2813
3752
1652
3600
1533
2980
1046
2644
458
3876
3770
3132
3811
684
3861
475
2688
3542
3714
902
2424
1893
2624
1063
2915
2620
875
1298
1019
995
782
27
3426
3254
500
1028
2078
3962
535
2996
3519
1330
3449
3900
3650
2753
947
918
3136
1654
1465
2921
3391
1692
3259
309
2461
2142
1783
1238
1525
560
3220
1441
1910
2265
3653
821
1718
2333
2278
1537
2711
3306
3072
3609
3884
385
3920
1138
2219
2519
2339
3424
3672
3060
1270
37
3509
1595
2148
2650
1109
431
1044
384
2024
3006
2427
28
2684
1255
3599
3723
4042
361
2622
3896
2017
998
3768
556
492
2572
1399
604
864
1163
1899
1866
1821
971
2555
3534
751
3933
2955
1746
1371
267
3480
76
681
2193
1199
1935
763
807
1641
1690
4059
280
753
432
1938
855
865
197
3968
1286
1516
2821
40
2917
3447
2750
1364
3922
1717
2384
1017
1784
1646
1174
3637
2587
448
3091
2795
2092
691
904
1435
1145
284
2059
3051
2382
1287
3149
2764
813
1162
2919
1165
2658
2327
4049
46
3479
896
3260
804
951
1907
3795
2012
2505
3953
132
3184
2655
2583
3907
3779
175
1762
2082
2375
906
1283
1994
499
2259
2592
3818
196
506
1579
547
1358
457
1797
2865
1217
2023
3112
3721
449
3780
2323
45
2736
2138
3473
1321
3687
2200
1008
305
1434
771
732
332
2312
806
2144
464
326
1573
2636
2305
130
2801
1775
2344
3503
3823
872
2931
191
2660
1915
3931
53
3267
3639
461
544
2354
3187
919
2390
1985
2472
511
1094
3148
2381
1034
2216
2811
19
1097
3611
2715
2961
967
3333
1608
2617
2422
570
1569
2888
1480
2004
867
2825
2954
1475
617
602
1380
641
4010
2812
3567
3013
3442
169
941
765
275
3618
456
405
1203
3868
1961
3237
3482
190
2398
577
2986
4019
79
1562
1042
3944
436
1374
2835
2428
3215
1132
259
2166
1674
3603
3568
808
1223
2181
2086
322
565
4077
1221
1135
1518
3837
709
1139
1333
2230
1130
2588
1409
1474
1224
801
3476
1714
1450
349
727
3444
391
2656
972
299
1881
3429
1685
3760
3757
3278
698
1977
2672
3805
1081
348
1128
2167
1831
3678
2791
558
3654
1772
1468
80
4022
34
3636
595
1243
1086
3984
2949
2540
2359
1967
1740
2518
3225
1309
1448
580
2159
2189
3357
613
714
2948
3844
2496
2506
3821
1452
903
3828
3948
934
379
367
2615
2755
805
3460
3109
3792
1601
3428
148
3732
1540
1122
3185
2972
1871
812
124
2806
1418
923
522
502
4056
1605
2616
4070
2399
1750
2034
2641
1624
831
2044
3898
3717
406
1016
279
342
3022
553
1707
841
82
1952
2063
3404
291
333
2648
2119
3555
15
1253
585
3724
3368
2913
36
3890
2642
757
1725
2898
2402
1473
1271
2389
2695
900
1241
1656
4011
4064
638
276
2529
1352
1032
2962
943
3669
2483
41
2854
3854
2807
1476
1511
1813
1331
54
2098
3430
2683
2558
1847
22
2601
3385
603
711
60
1524
2763
2818
712
1898
845
2121
247
25
2860
1440
2578
776
1262
2289
2224
3409
775
2391
2571
559
697
673
3661
2692
1969
2839
1307
360
1532
1340
3628
1771
959
2875
2046
2368
252
781
3680
474
2630
2250
633
1030
3126
1314
1148
3773
3230
1407
2600
189
3694
2880
2149
2488
2369
2241
2732
3532
3122
2577
890
937
1272
3596
1491
2463
70
3592
735
3816
26
2530
893
3505
1639
425
1257
619
994
824
950
2749
2298
2170
2276
2217
1251
1427
593
1230
629
114
3143
2378
2228
2482
1273
3307
3458
1327
2453
3305
2188
1249
1464
648
793
2934
811
214
2301
2788
494
3031
2357
434
1743
120
2579
1678
645
1276
1868
98
2433
1015
1724
3901
2400
783
3594
1469
1169
17
1768
3512
2000
792
3380
3641
3798
3657
2892
393
1031
3523
119
2336
3272
1703
3921
2052
2334
2002
3649
740
1760
1338
2264
3993
3321
1558
2868
