2269
311
996
1076
2019
3160
3800
3475
3650
761
464
1602
43
1241
1376
1773
3209
949
2918
258
3217
4001
3864
3168
2251
2678
2782
1281
2123
2018
577
2035
2563
3507
1460
3813
1098
1784
792
1902
3461
2371
383
2137
3631
3231
2348
2058
2503
440
376
1512
3944
3106
1319
3292
4072
2245
1526
922
2960
945
785
1548
2077
589
3862
3386
3637
3745
3907
270
3363
1819
1970
3562
2586
119
2343
3557
1984
3913
1892
3903
1448
1839
1327
3404
1036
1802
2549
771
4094
4075
3428
1877
253
3154
2447
1309
629
3859
2385
1256
250
156
1627
3549
1735
3426
2097
1937
752
1713
1637
899
1360
3948
2209
3999
164
1772
669
2522
4002
1080
1373
267
2112
1034
456
4027
864
53
636
2264
2013
3021
3405
2604
614
3348
3850
2990
814
2331
1969
2799
3371
2263
1577
529
89
1978
2233
2413
1166
3998
3755
3750
2439
3350
408
504
1254
2865
493
3651
39
2822
1659
1941
1176
412
1821
2481
3355
141
1935
2556
2010
3959
363
326
3377
176
3458
1776
2324
368
3860
4088
2326
2818
540
1924
1687
1849
3896
2363
2970
632
308
1779
382
2753
1443
2198
1115
705
2083
147
12
3043
1236
2989
3351
98
3940
1090
1160
700
3554
2592
2741
2042
917
803
3040
220
2337
728
3097
1502
1947
2457
719
1989
2667
3799
3575
3323
4031
1507
2879
2149
2237
3904
10
1473
1570
3777
1681
1619
3181
1600
2504
733
1020
3325
3498
2555
3783
3866
3242
3942
2311
3183
3640
2550
3802
2204
1480
2897
1471
4038
3119
1931
725
1805
532
1280
519
487
533
1006
713
1611
3432
2308
3342
2094
2703
1246
144
3744
2475
1400
1791
2963
2090
489
1367
3985
4007
1219
1585
3159
1766
3727
4022
3069
2161
2466
3825
3743
3150
2393
871
1127
2762
2285
1276
3391
1957
1783
3155
754
2647
3768
1040
2220
3179
3321
929
3294
192
2776
2891
95
298
2856
1808
2727
1302
2525
3173
3565
3422
664
3223
960
2463
304
174
3844
2708
3411
2222
563
3238
14
3627
593
3503
2342
863
1676
2933
2759
378
2946
367
2872
1291
2027
3930
2517
1242
1375
2956
2270
245
566
2984
4051
522
2904
132
2070
3094
2948
3531
2314
543
319
3029
1477
3701
645
400
1462
1717
260
2553
506
288
1891
1919
1625
4058
2849
427
1352
3344
925
3417
2395
828
1194
2954
3969
2297
3093
1649
1541
498
76
1603
1001
2632
3030
1960
1143
2102
2489
1195
2739
1288
3059
1220
1323
205
1430
2672
2751
2767
2527
1181
3064
2065
2653
2259
575
1592
3771
4062
332
1708
544
765
37
2819
553
1402
2505
602
3486
17
3741
2193
2887
3983
2199
2924
2669
3705
2432
411
314
2926
554
1816
1618
1904
1505
2173
989
467
4010
48
2255
1736
2750
1833
2842
2846
206
1297
613
1695
1364
3248
1487
1844
3536
1245
1341
385
3846
2354
1723
2614
254
3820
723
2076
214
2338
3027
2278
3746
1153
3073
4041
1591
2194
3156
611
1768
893
2223
3056
2917
103
36
1691
680
143
391
2878
660
3084
1680
2900
2000
3530
4050
2975
2490
936
2507
1282
1922
2347
857
2583
667
1620
2039
2292
261
768
3715
1903
3439
1298
3865
592
2939
3200
3926
3496
2228
674
3449
2998
2785
3535
997
3311
1189
547
3467
1068
851
3358
584
2871
1416
3299
2745
3202
2565
1331
2485
2429
2180
443
2659
2356
162
1838
1863
222
181
1324
3222
3259
66
1985
1692
3647
603
2422
2499
287
429
3172
3017
677
1355
2833
3526
558
809
3595
853
2685
71
3922
1664
2353
3302
1864
3886
2611
2837
1186
3712
2934
3668
2340
179
1765
846
2568
3280
2051
379
3780
3267
820
1301
2901
2622
2538
1576
2174
2974
295
3374
617
175
1258
3897
3658
2783
3517
920
3636
2328
1149
2571
3869
163
1202
1272
3105
854
3058
616
3626
3788
3316
2492
3005
3732
271
3674
3723
3901
1718
3055
321
2791
1660
312
2624
282
2478
3492
1951
3764
673
2648
898
1333
906
63
781
2345
1453
2480
460
2007
2415
2859
3867
3353
3026
2964
3975
3018
990
2408
657
292
3545
1704
3884
2983
423
3149
418
2265
735
1253
2731
3221
3935
1716
1171
3481
3811
2814
3652
873
1142
1002
596
1372
2716
1999
1657
991
1651
1033
3435
1840
2147
3518
1672
3891
1124
3081
59
2117
689
3219
2254
3273
984
3423
226
38
1228
2609
1300
149
841
3573
4000
2615
1365
24
30
3019
2417
739
2903
1569
1265
2282
1070
1250
3699
3409
796
2252
634
2952
976
3472
665
1043
952
1829
257
2749
3495
3996
3978
2004
1503
1237
1386
1856
1869
3308
823
111
1079
1566
3877
1747
2300
2096
2435
3932
1295
1798
3345
1085
2452
2399
1534
3480
3753
3062
1818
2722
266
1584
289
1796
3169
2633
1214
2545
135
3482
1212
2567
1064
1150
1595
2982
2205
623
1972
372
3993
3834
3812
749
2066
628
3747
916
58
1560
3145
1273
763
2243
42
1857
3648
2142
1946
3473
2911
1418
139
25
3819
912
1326
2036
2288
2349
2201
884
3772
1761
2151
2164
2839
3310
3413
3364
3406
1113
125
3271
2940
1073
1939
2509
3646
3225
2405
2084
3132
3380
1639
32
146
64
1675
2383
2886
2867
341
3693
1451
1388
209
33
931
1305
4091
106
3381
2973
2601
1144
2287
4013
3984
2823
3523
3840
1851
74
3808
65
3334
1332
1350
3767
165
3880
1403
2802
1390
422
2221
2944
2537
1348
3689
3068
2758
2663
1261
3297
801
879
836
1022
187
2980
4081
549
1383
96
265
3066
2028
2305
2101
1868
2623
2645
1504
490
2906
1299
1780
688
1102
538
2099
2613
3696
1114
1697
3991
2598
21
3291
3139
557
682
1643
3429
3320
770
4024
3047
3128
1738
2807
3963
1525
3560
2298
939
4043
870
2152
107
756
77
1482
2899
4080
2569
909
918
2774
1615
3748
2172
3129
3471
2630
4045
2841
704
2015
3591
2320
4095
237
2543
2456
3109
2656
3925
3611
1742
1866
1271
1956
1852
2510
1571
4049
1011
327
1278
2274
2032
1980
50
659
2438
1135
1459
1912
2580
3398
1621
2145
1809
2496
1879
2402
2693
2913
2427
3539
1496
2662
2582
3102
1063
300
3166
1110
2710
721
4026
1741
29
2848
2272
2212
2063
1377
3577
3690
1642
1756
3735
583
1024
1414
585
2643
4021
2531
1039
3713
173
1991
3324
1894
3008
531
3251
619
1013
2459
1988
3815
4057
3695
1018
2426
470
3063
483
3226
46
3220
2661
3187
1732
2256
1148
2514
1478
3147
3116
2134
2640
101
1089
1059
2654
1832
3879
2596
1315
1550
2170
776
3663
3787
2765
3447
3110
3773
1535
515
2057
3415
1287
3025
1843
2634
1739
1836
1188
2588
2462
203
2532
2827
1811
1252
2951
962
3603
3314
1494
350
3490
3346
1081
1841
3687
838
866
808
539
479
3454
1421
2423
3720
3148
643
1530
626
2146
842
1092
166
3706
2764
1175
3883
3167
129
240
140
1095
4019
1225
878
1521
480
1316
2733
1030
1470
1311
3445
457
919
3020
2202
1440
2025
2055
2224
1775
2979
2370
3918
2838
1909
2844
2649
3992
2352
3111
2389
678
2034
1037
3641
3550
3298
3431
2171
3941
3493
2404
339
806
2138
3307
642
3246
817
305
3987
47
180
3479
2190
1284
130
1598
2511
881
3046
2840
2530
3370
2546
475
1733
1830
2275
622
3818
3232
3414
3684
3331
3915
4044
2696
2453
2471
2516
3099
3258
3505
3910
3037
1915
3272
3576
3213
1025
615
1910
766
414
2915
3522
2116
1313
4018
1099
1119
2717
3751
2373
3135
3296
2777
473
1340
737
1088
1948
1563
1729
2121
1499
1337
3678
2766
2257
1307
1715
3989
1479
3343
492
3956
3077
1206
322
1608
1632
2045
3950
3361
2682
2059
425
3424
2366
4033
2627
3393
93
3087
1949
2376
374
3367
1310
3125
430
3528
358
3453
2133
2986
3601
1565
3835
259
886
867
517
3044
1667
401
1520
1432
232
508
2109
3979
1860
3127
668
3174
2330
2250
1582
1513
2792
1800
2464
1803
821
3158
807
1216
228
2006
1103
3894
3491
2603
2937
2442
230
2778
4089
2760
212
2868
3633
755
3566
2709
72
1561
992
2071
2738
1139
1435
1384
348
406
2443
3034
3538
2736
3928
3315
432
2668
286
3014
3781
525
1976
3460
1967
1533
1610
2339
1382
1859
1145
3931
3249
459
1445
633
3140
482
124
545
2052
3201
3436
3620
3499
746
2552
1155
2713
4035
377
3906
3004
2828
1725
2852
3464
150
49
1578
1413
983
833
3857
338
3104
34
2482
874
1624
555
3974
748
2616
1221
2772
2679
4070
914
1484
3686
1457
3951
1670
1500
1239
112
3438
4054
2966
845
3301
3433
1554
815
1631
2487
1424
624
2111
637
20
1982
1546
3980
122
1785
2022
3599
3250
927
1131
469
3966
2236
3797
4011
675
1599
2687
2793
2664
957
747
3263
1885
1540
2048
711
1456
2122
1995
3194
1663
2031
1820
924
1065
3205
1351
3143
2947
296
272
2628
2945
2803
3681
2103
236
491
3387
1125
1497
3403
3241
2003
85
1164
1346
1928
1231
2008
2234
3379
1876
1623
865
3893
894
3275
486
1990
1185
3175
3500
3990
1303
882
1029
3057
2178
974
243
3548
2239
1934
238
1235
2862
2540
1790
3164
2053
2333
1867
1755
967
3255
1380
2105
3396
695
3329
2795
3196
2114
2692
1616
993
740
495
501
2418
2075
915
551
1329
3095
1545
3988
1304
3240
3580
3300
1128
2558
2995
3976
1107
471
2757
2817
2242
3682
597
1464
834
3347
3186
2098
301
3511
1082
3654
1249
420
2054
2388
2115
3266
697
2187
4086
2981
4023
3912
3628
1197
1193
3494
2972
463
1958
902
2890
1154
1023
1038
3265
1240
1234
1078
1668
641
1391
986
3270
3537
2219
4076
3726
2789
235
3372
586
2883
219
94
3803
2726
3806
1084
4015
3165
1997
1709
3359
19
1294
2479
2307
890
2467
3211
2508
2652
3582
676
357
2788
824
3389
1983
2294
3770
1374
2572
3574
2403
1467
1108
2916
509
3443
8
55
2673
3304
720
2082
3274
1008
158
2581
1665
2796
2629
3233
3451
3466
2225
2396
1932
2595
3001
826
2781
3872
2130
1312
320
15
1690
2775
3571
2873
1782
535
1609
2189
1335
3402
1217
1151
54
594
2041
2618
3509
2387
161
861
328
3587
2309
2977
154
2923
3965
3075
3911
3035
1865
743
3868
2064
1198
1686
562
3629
3206
3740
523
1045
1410
2249
694
3804
3072
2929
201
3293
3349
2889
189
18
2409
1925
598
2449
1396
1243
2218
810
3567
4042
1442
2810
444
1399
2756
1854
1406
2606
1412
3362
421
844
1321
61
3425
2381
4055
536
4040
3024
2608
2271
1204
847
3938
981
2310
1104
2375
3000
3863
485
3807
3281
3961
1259
2698
568
413
1898
3801
1543
478
1398
2854
787
2920
60
3714
2153
1918
2486
1041
90
2316
3680
726
3312
2893
2578
655
1120
2315
3871
1317
462
2617
2877
2232
2812
2825
68
2498
3455
609
1466
1711
3085
2813
1179
4030
2500
2078
196
75
2214
184
647
2080
3602
2129
3790
2967
1529
2195
2621
2312
52
969
3754
2502
3009
2928
2128
3002
2062
2996
155
3204
26
1730
1612
2073
1354
1648
1044
1731
1638
1187
2299
3939
3171
1401
213
3287
1067
3031
1223
3827
716
921
958
793
1572
2110
3916
757
2141
1905
2515
1439
313
1977
4047
293
3757
868
1353
2177
2610
394
4032
1896
816
2012
3805
3892
1000
1900
1519
670
2763
3079
407
1226
760
2564
987
1517
1871
1998
3198
4046
4039
892
2213
3597
1880
2535
2821
2734
3816
1325
3239
335
2704
1694
3742
3622
3162
1072
956
2958
2740
1587
2074
1601
2957
3662
1066
3779
263
1751
2469
246
3340
1929
2277
1721
1111
2319
4009
276
3407
745
1165
2262
2293
3905
1209
116
671
461
1564
1722
505
943
3054
3341
1123
3178
3661
3279
364
1455
1238
2002
3722
1492
729
2755
1019
2424
310
3092
306
4084
4067
774
202
672
2905
442
2866
2635
1955
1754
3442
905
1850
567
2087
758
2365
303
3114
1806
102
1362
403
2047
2091
375
1404
2808
3427
466
3839
1630
347
2688
3688
113
2697
1622
560
3946
2914
2805
3365
1359
2491
2950
1914
454
2829
4003
797
550
1845
1750
608
110
1897
2985
2095
198
3920
431
2961
574
804
256
604
895
605
2706
1491
860
2965
4014
100
2574
3397
3070
197
2488
2448
1463
1831
1693
123
2700
859
2067
345
3113
92
3841
1634
1266
3006
520
3882
1257
3853
1728
3269
727
708
3285
1183
2261
3964
2322
2302
2460
1647
104
2079
1170
1539
2163
1215
1192
465
3697
3373
3588
3782
683
371
1458
302
41
1427
1436
2368
1814
818
822
3
4056
2797
923
4012
1334
2068
1130
856
2089
3778
3604
2919
1628
1652
1050
3253
225
1825
3033
576
1789
2800
1532
1954
1501
2108
3924
1481
2155
4074
1493
3335
825
3586
780
1961
131
827
1508
468
653
4008
590
2815
2561
128
3230
2658
4069
389
2855
964
1233
1890
2876
3228
837
3887
3694
2301
3388
1363
3581
1320
835
1486
2978
4020
269
4083
1227
4087
966
2968
798
1524
3618
3852
985
731
2056
685
2518
3224
2602
1758
3317
2421
2367
3514
710
1635
699
476
2690
3450
2816
1593
361
1058
2526
333
2092
1118
2869
3728
3614
2605
445
3108
62
152
352
1837
2554
1573
439
1452
2132
3260
3679
3724
3520
2020
3644
3082
224
1930
1719
2551
3833
4065
1174
546
2166
3212
2351
1347
3247
1698
3848
1596
3765
1878
1801
1875
2735
1913
3608
1138
404
3446
3555
3278
687
3264
1264
1162
3934
343
399
1962
40
2892
2165
995
3151
2584
1483
349
1916
136
1899
3376
955
373
2730
3236
2043
1306
346
2798
1645
3607
2207
1438
2253
307
717
1669
1678
1129
3136
3700
777
1646
3540
1662
1720
1132
1938
2860
3468
1
83
138
542
1853
2560
1727
2912
1269
3854
2585
3131
2806
3612
3243
1275
1207
3061
1268
691
3013
167
3793
3795
388
1182
1397
191
1046
2541
2747
750
3667
2001
639
1654
2280
3855
2644
2619
1514
2069
1449
526
1813
3775
3489
2434
2336
2411
4006
3552
1247
3502
356
1336
137
1855
3558
2420
778
1986
937
1426
1936
3606
963
120
448
2104
1889
280
1379
2436
3091
3902
1726
384
1190
2185
45
3336
1015
1926
1763
500
1613
3660
2168
1846
3126
2150
3630
188
3632
883
3933
3962
3497
3738
630
3038
3245
3849
2909
2875
2670
2484
3519
2884
2575
2521
1062
3227
2573
217
2323
855
1196
185
2303
3885
2898
1510
1737
1411
572
3730
1489
1094
3023
81
2894
474
783
2126
1848
4
559
3955
2742
3261
1671
3295
3624
2773
3130
3870
241
3947
3625
1420
3352
190
2440
3578
707
3994
168
3400
2162
3692
121
2857
3716
3100
1942
1549
829
571
3544
901
3766
3338
3656
99
732
724
1005
2955
1797
888
393
2476
2419
537
1993
2210
3083
1653
944
2748
3390
1244
565
3007
2284
1706
3559
3337
2391
950
3792
753
3032
1656
3015
2864
2445
1724
438
1944
646
3319
718
2244
2895
2216
3584
1650
1017
3256
1028
2227
3141
3152
2196
3193
2258
13
819
210
1026
1472
2638
3208
2861
2850
2273
3378
2386
999
3542
1485
3845
3039
3120
3736
1004
690
696
252
904
1248
2009
1674
3553
1537
3909
3830
3623
2534
839
472
1055
869
1407
2847
4092
2357
3669
1121
3383
2962
1191
1770
2908
799
2313
3215
862
953
1097
216
2289
954
3195
2030
1203
0
1683
1556
2061
105
1685
441
1126
3074
3410
2922
656
318
512
3858
1369
1586
2953
503
1778
159
336
658
712
1552
3579
3817
3339
3564
2208
3583
2666
1661
2577
3704
1476
3289
153
1804
1714
2544
3927
3729
2675
3774
872
840
1345
3596
2156
1971
193
1349
4052
3420
2702
2044
1054
1356
497
3756
1035
3718
323
2519
4028
946
928
2770
2181
1834
2594
1707
1161
1152
3638
1199
848
3508
935
830
3758
1263
2494
392
3698
3192
1682
3418
3290
1640
23
1901
2329
1173
2211
620
1224
496
1799
2949
1441
1699
1169
979
2033
1230
773
1201
3090
3512
2720
409
1091
3707
231
2787
800
1450
3123
3982
1296
3089
3643
2566
644
2523
3118
27
648
570
1177
2085
1293
366
2711
698
744
3703
2834
3395
73
3485
2428
3525
2358
1597
2119
1506
786
56
278
582
186
1689
3702
248
2744
1862
2060
354
1580
1544
2642
3590
2144
3146
1267
4034
1318
2455
2182
1787
638
3617
978
2361
2248
2359
703
1589
2674
2636
3262
1010
3107
1290
588
1211
1752
3619
2497
587
3888
4061
87
1308
3101
3762
679
779
3207
1490
2729
1394
788
1907
2118
2451
1604
3137
3960
2997
2589
2390
2888
2378
494
1049
1032
1527
2820
1769
2472
1590
3585
410
2495
3309
3050
1446
1101
3065
2113
330
3639
1987
2159
3973
3876
1289
649
114
968
2863
3076
3527
2836
2335
2235
2465
1344
973
2183
2290
831
1133
3305
578
907
887
606
3785
940
1393
3161
1516
2444
3252
1872
3954
2754
2023
3229
1771
274
437
812
2959
2597
3049
3157
3737
662
661
2100
3760
2473
2296
398
3823
2880
2
1509
84
3791
4063
3570
115
2191
1370
516
315
3967
2131
3456
2932
1963
262
1950
1141
541
145
1743
2306
1792
1136
2547
3096
450
2529
3385
249
1109
4004
3036
2086
211
2127
3288
3463
290
3416
2936
1748
1158
2625
2718
1156
2186
528
510
1842
1286
3470
2040
1847
1710
1447
2701
3832
2665
428
172
832
564
1815
534
1003
1100
2005
2483
1979
3284
3277
1701
2093
3357
722
1454
3060
426
3011
1795
3441
329
599
3134
1753
2017
4053
1702
1873
1633
69
1422
3462
2215
3676
2874
843
2374
3997
2650
1511
334
3943
1528
3734
44
1342
2513
2831
1746
3670
3856
1807
3326
2397
3042
157
1774
959
1361
897
654
1425
1498
1184
1547
2430
3733
1781
2014
2425
3399
1213
3981
1574
3210
3923
3028
852
2695
2406
2050
1882
277
2176
3513
2993
273
1542
2562
2752
2830
1357
1385
2858
3392
1322
850
3318
2590
3776
4060
2461
264
3457
2136
3534
126
813
1047
3430
3605
1688
1048
1172
2158
3191
3784
2528
1959
2721
2719
2379
3936
2157
1757
488
57
1007
741
3659
2651
2169
1328
3763
1283
2037
3197
715
70
2712
3842
2809
446
802
3673
453
2885
3188
1444
3487
3354
118
858
2317
948
2746
1405
2655
1952
208
4073
268
561
3725
2576
2230
2882
199
2935
3561
1614
573
2295
706
2771
1996
2520
2346
759
784
344
4059
2304
764
2458
1777
22
908
2600
3551
521
2240
1077
82
1861
2247
3616
942
3968
971
1965
3067
2896
337
11
1423
3671
961
3484
1205
3199
2139
1330
455
2786
1968
2501
3283
2407
666
449
3717
2106
2768
1740
1760
127
134
4037
251
2454
1917
2676
2714
1060
3664
1641
1465
390
3995
380
1677
499
988
1858
1973
200
1933
3521
1568
2206
1180
3958
3547
3613
1163
1096
2631
2512
3328
3822
3163
885
2160
3657
109
1387
1981
618
3510
3533
701
3122
417
2229
2268
148
3052
1908
552
317
2016
1636
2283
1495
340
1617
1106
3218
353
4077
1940
3952
3685
3515
1392
1588
2226
900
435
3919
2943
3010
2341
1810
3759
663
3875
3719
518
3836
1056
434
255
1409
4017
1793
2318
3303
933
1705
3546
1469
1147
681
2450
28
1475
297
2843
2231
1626
3917
1764
4082
3369
2468
1515
4090
3769
3921
1061
4066
1014
2587
913
2607
3408
183
2400
595
2175
877
1828
2941
3826
3286
903
3184
3440
2026
1218
2931
2362
1666
3177
1786
3203
3543
2046
1461
3824
3731
396
3476
514
2570
1893
3881
2197
1168
3112
3088
3237
294
1992
3452
3080
3809
1016
3908
3478
1870
1531
2715
2506
4079
3234
1945
1906
3945
2671
2188
3847
2266
1146
2291
3103
3322
1583
1468
934
3929
2620
2851
650
1279
556
1069
3254
2705
3375
2334
78
1167
195
2732
2835
1270
3710
3488
1292
2780
1884
324
2470
2433
2021
1057
3878
1021
3711
1433
3516
1434
1134
3569
2811
3313
151
3541
79
360
772
1734
795
3789
1966
631
1644
2832
1794
2124
2801
194
640
3474
3873
1822
2992
2364
3752
3610
1606
3914
2927
3469
3360
397
3953
3843
142
3356
1395
4036
3048
1277
941
108
2804
2591
1086
1087
3615
424
31
3655
965
2382
2579
242
1523
591
2599
1389
3677
2360
2646
1222
2344
1366
4029
734
3459
1923
97
1823
1943
223
3970
2398
3078
244
2737
436
3003
980
1071
433
67
2612
3861
3949
234
3448
1415
2761
3645
1051
2217
2493
3851
4025
3749
2969
2971
3837
1817
511
477
3216
182
2686
3568
3189
3683
794
1314
2925
2548
3675
386
3401
3394
3821
3649
2910
1696
1083
3282
3016
1826
2029
911
2321
5
369
3053
3330
612
1953
2238
1200
896
1429
3412
2125
359
2431
693
2410
35
762
2626
3142
2267
2416
1655
3244
1886
405
4085
3556
1975
3170
3182
2536
1052
767
2380
3214
402
2355
2107
381
524
2120
2350
218
299
790
2167
3437
291
2930
3115
3327
3419
3477
2260
1428
998
395
458
3333
1888
2870
3306
451
714
652
2845
3796
1178
2369
1112
610
2414
1812
283
3144
3504
2921
2276
3332
178
3506
2401
2639
3594
2743
419
3708
600
932
601
2524
3382
651
635
1927
1700
625
2542
1921
1117
742
1745
1911
1358
2011
3665
1559
621
2559
4048
1140
580
3444
527
4071
2999
2988
3434
484
355
215
1555
415
1553
1210
3185
3899
281
3524
972
805
3828
3153
3890
849
775
2794
2200
1417
811
3593
1488
1208
1762
284
2533
2325
891
4068
1594
1567
204
2072
3829
3190
3368
1551
2660
2694
1122
1575
3761
1767
1419
2038
3798
1994
1229
2987
751
2683
3121
3051
227
2412
3180
1835
3786
692
325
7
1557
229
3098
910
975
876
1075
2154
3957
3977
3889
1074
2881
3138
2725
247
1042
1031
221
3529
1522
769
3592
2699
3709
2779
2657
2637
791
2991
3086
1431
1827
875
2942
2446
926
1824
2539
3421
2853
4064
947
2681
2392
2677
2394
2437
2327
3898
51
1605
351
3532
2728
4005
207
3589
930
4016
736
3672
1093
2203
982
2641
387
1260
2140
548
2824
1027
160
2179
1338
3634
1262
2281
938
2938
951
730
1974
2279
3814
1558
2680
1658
1009
1159
1538
686
177
3810
91
2148
782
3176
3022
3071
2994
1581
3874
4078
133
738
1881
3041
977
3986
1116
365
1157
1378
331
1673
2049
2441
2081
452
1759
1562
1518
370
3691
2332
1712
3972
416
3971
279
1874
2286
507
1744
2769
3642
3268
88
2377
2907
1679
9
1920
316
2976
3653
627
3739
1251
2826
3635
481
789
3045
3838
579
3366
3563
1137
2024
3600
2593
684
1343
171
362
1255
3465
2902
2474
117
3900
3572
80
2557
342
2724
1105
1371
3794
1437
1579
1788
2143
1053
1536
2135
1339
2184
285
970
3257
2241
3012
3235
447
2691
3721
16
702
2384
3384
607
2689
1274
170
3501
502
1474
86
2723
3133
3483
3598
2246
1703
1368
1887
1408
6
2784
1749
2192
1285
1895
530
3937
709
2477
3621
513
3124
1607
169
994
2790
2707
239
581
3276
3117
1381
2372
3666
3895
3609
1012
3831
1629
889
880
1232
4093
1964
2684
1883
2088
1684
233
275
569
309
