128
1489
1405
3456
1014
3171
1493
3649
2421
2861
1441
1512
2442
250
3137
2943
73
3441
784
626
2598
1430
1343
2201
2980
2390
3751
2619
3371
1978
1114
1024
303
2464
178
2330
2074
339
277
1045
292
1808
935
1027
2325
2323
1626
3328
4082
2833
2355
1925
2556
3717
1387
1287
1197
2660
3367
669
1581
2165
1751
2865
46
4042
2765
3308
2893
910
200
3506
1213
3675
1938
2565
2222
3408
4095
3894
3792
2388
3749
3061
4028
2438
2308
1895
919
2645
1492
1266
3584
1001
327
4029
2898
3879
1047
734
1409
1564
3615
2949
1176
508
1192
392
819
4052
136
3156
1247
2255
2584
3796
3055
3027
2808
1201
1501
551
1063
595
2646
305
2659
432
269
1790
2275
3324
55
1145
309
2763
3532
4033
694
955
3229
549
1979
2788
2883
4032
4056
61
3266
2297
3212
3169
3812
3852
885
245
1365
366
2825
3376
2826
738
1036
1464
3275
2653
2641
2816
204
2685
994
2657
2944
749
2218
920
3192
3274
1244
2219
599
1927
1151
2926
737
334
3980
1728
3085
569
1528
307
3217
2956
2316
428
2730
982
3979
2142
2955
718
1630
3904
2773
2740
1639
3861
1003
1826
2000
1191
3349
791
2292
3007
3548
43
2212
542
1996
808
1415
821
3898
923
997
594
3882
3760
1645
3887
1127
3586
3226
1143
1243
2471
479
915
2427
2079
1595
3093
609
412
1735
1989
2299
2575
3270
3416
3667
1596
3664
736
2342
2695
447
3099
1600
978
2034
674
1291
1594
116
3233
892
618
1362
3590
914
2772
437
2551
3889
69
3057
776
1354
2417
3969
3930
744
2801
172
748
1208
539
15
3366
1125
3824
3542
3214
108
3555
59
2071
1695
3051
1093
2041
3964
672
3178
3397
2338
360
3922
1924
927
3401
1684
2243
2599
656
1928
544
868
2961
3498
3037
1092
385
1189
3206
2324
1902
2881
2681
3987
1588
3442
2870
1470
681
324
747
3700
1322
1814
3471
3402
1010
2132
135
3373
1743
2972
3559
2053
3842
2710
272
1000
2974
263
2310
1132
2835
2709
3967
1538
2784
1636
1305
1794
2250
3010
839
2215
1831
98
2236
1349
2823
2888
197
4075
3230
3523
729
3063
686
1549
873
664
1053
2131
3955
1495
3819
3881
940
3249
3502
2753
547
1691
3437
1043
1181
2192
149
2478
3054
3334
237
3617
300
1272
2196
2609
550
1186
1282
255
874
3224
2560
1558
1817
2383
1009
1653
1962
1298
1399
76
2720
2036
3149
2112
2378
1085
1352
3958
2283
2351
4049
3665
3345
793
2447
3241
3554
2395
3045
2247
1640
3300
572
1816
3961
3444
2920
1209
3462
336
3738
894
3198
3959
2824
2341
1353
3851
768
1360
3196
803
2055
347
2448
452
2249
1946
2752
4067
3891
2555
937
1240
2885
2869
1777
1877
983
616
2608
684
1521
2704
3880
1734
2133
2280
2537
584
2771
2224
3906
1041
78
3403
2783
2376
3680
3860
701
2506
1778
891
3423
1842
3358
2666
2625
1687
896
3074
150
1285
462
1539
1082
3466
3182
2404
2105
1074
2717
2878
512
640
2085
3435
1920
4041
2837
1744
4014
2058
3552
2877
1508
1565
2559
1804
1458
785
1205
1574
597
2528
2023
2674
3469
216
2588
3170
2738
789
50
443
1451
3946
2780
879
3486
1765
2854
1983
1668
3317
3415
546
925
393
1162
3701
2389
575
1033
3702
29
2336
3433
2231
2726
2948
284
1846
3252
208
2481
1878
1494
291
4027
3998
1061
3172
696
1738
1199
3279
1755
555
1967
302
2384
964
2451
713
3976
1619
1431
4031
3666
1129
3950
2032
818
1474
3662
526
2578
3492
2495
2261
236
442
3411
350
3727
2081
3561
2636
2706
2887
2015
1281
3975
2742
534
2321
2925
1710
2922
3340
707
2705
2302
3853
3143
999
3776
3815
3443
2630
2535
740
1748
1739
2566
3868
96
1233
2364
3981
421
3072
3731
31
3827
3488
1882
837
2622
3242
3924
3572
1420
2094
881
1700
3753
518
745
1230
207
2443
3082
2416
3476
2991
2124
1837
2380
3406
3327
1059
855
1522
2564
1825
1289
2102
3164
1610
3322
1863
1641
2882
829
3933
3277
191
1822
2253
3482
917
1762
330
3159
1940
769
3825
3925
433
2347
2371
1665
565
3631
1631
3661
102
1509
2548
2579
1172
3817
240
3706
1720
3187
3341
9
2638
1562
2879
2475
1120
2014
3083
241
83
410
1881
600
427
2087
2909
2832
2357
3200
844
530
2455
3740
338
1781
974
826
329
2444
202
2635
1263
1656
3398
7
3263
1537
3765
212
3543
1005
483
3446
2766
3591
2918
966
971
2567
3207
1799
1634
3382
727
1452
2453
714
2648
3973
939
754
2872
1589
3779
3060
2543
23
75
1696
1652
1180
3162
2333
1660
2843
1317
3916
3830
3942
230
2281
3125
2327
990
3496
2097
2221
1011
2572
3331
2500
153
2080
2960
932
2678
82
1941
3516
2410
2661
770
2125
4051
2665
904
1084
3750
41
948
3613
3089
2963
2745
1356
3588
3306
680
3909
352
1481
1602
2115
5
2440
3077
3068
2126
30
3325
4050
2973
1791
3260
3563
2227
3301
2757
3015
157
2817
1780
2167
4086
1644
2945
2288
374
1675
3866
560
351
2736
2043
1087
1163
842
938
1361
2403
1883
3148
256
2838
2811
3743
905
1818
3721
3100
2143
2639
0
2136
243
3538
2463
562
1616
2306
805
3319
4018
2119
312
4074
529
3431
3499
1617
782
711
846
3921
3480
1713
1834
1674
3360
671
596
2860
1845
2062
403
2030
348
930
3048
1147
2098
2541
1327
1355
521
2890
728
3384
1544
3205
125
1577
1985
2091
3784
2474
1182
3299
1135
3468
3835
2051
301
94
3006
1618
3141
1725
3960
2912
3451
1915
3520
2840
1531
1391
112
3504
2328
3524
2675
3928
1296
159
1016
1554
3167
3704
3467
145
2270
820
180
1397
945
1969
209
2277
861
1932
1627
1416
3627
262
2679
799
2658
2901
688
2430
294
4034
992
1394
3839
3237
3560
1052
1889
2114
2526
732
1583
2873
444
2337
583
1973
663
3228
2697
326
2314
1118
1727
54
897
2891
2256
921
2093
1633
2137
969
353
156
801
537
1667
182
3611
2871
500
1542
1906
2155
1860
2344
1650
2767
37
3550
1359
3067
986
3033
2907
1972
1884
1547
3210
2663
3990
1025
2061
2446
2947
3014
1944
2029
1023
2436
205
1773
337
453
712
3363
1088
2533
3297
3929
2158
3380
2654
3086
630
1764
2941
3267
2244
1290
2581
4064
1341
877
1534
220
752
3023
1624
2553
251
668
2072
949
3562
445
1140
454
14
3660
124
3571
2208
142
1913
3011
1075
973
3393
1064
1265
162
2269
3884
621
25
3534
1083
1936
363
2724
1688
2232
1732
3798
2374
3361
1308
1654
589
2903
3684
190
845
3539
963
1449
2923
3620
449
1366
3780
2691
2230
3336
225
2304
1139
795
328
830
2216
3473
2457
1326
3658
2435
2163
1070
615
3032
3399
1450
2290
2263
343
3508
2183
1490
3208
3783
1663
2006
3177
2176
3150
3843
1229
1314
1381
2728
851
1690
1270
1177
906
3553
203
3107
524
3954
1102
3474
485
2070
1022
426
4030
3630
177
1178
3977
60
2895
484
4079
1568
3984
3995
1651
3907
3326
4001
3278
613
840
3503
2172
2260
3917
3320
2214
3643
3923
3814
57
340
880
2031
1676
3787
1148
591
20
1329
1931
598
3791
2799
253
3268
1977
1408
1731
109
311
1194
2680
1511
2929
4084
899
3650
2033
1076
2627
1187
2600
1214
2483
81
4093
1164
2241
1971
489
632
463
3608
3491
1421
11
2415
2979
3519
2905
472
1252
3116
582
285
981
3323
1158
2562
1536
3511
1440
455
2069
3240
1853
1947
1227
922
2078
2643
3587
2358
1788
2547
2407
1716
168
3419
223
3678
4023
1988
883
105
224
1385
3850
3847
1952
3965
1250
1730
1344
332
3775
3039
2101
3186
3953
3848
886
2933
215
2487
325
176
1137
1697
797
1637
1031
1210
1604
2962
3725
1119
3679
3920
2651
1768
3794
2739
1253
2486
402
488
757
796
863
1488
3359
980
2075
647
106
1485
2764
661
1372
3583
1540
1945
2583
440
2852
1434
264
1389
2113
3346
2538
91
1722
3628
1364
2146
3541
68
1435
4053
3484
3694
1661
716
3235
1473
2554
362
365
3636
1718
3053
2369
3120
1196
1598
1749
370
3184
1844
3581
2670
942
786
19
3194
1218
467
810
1701
3914
1371
344
1872
2561
35
3728
580
381
3296
3974
1113
221
553
391
1861
1297
2997
1437
848
3041
2546
1835
1081
319
3038
487
2264
3722
1048
3755
2976
576
3049
523
1330
1517
1104
1264
3497
723
764
2016
1923
2615
676
1968
934
2749
3255
244
356
4044
2741
3719
376
2689
3290
1277
2568
1328
2549
1960
3723
231
2621
1957
1929
2424
902
1154
3892
2844
3993
3599
3604
888
1195
767
1284
1069
1130
2408
687
1390
266
956
869
2399
865
3996
3475
1813
538
1974
3395
2702
665
3598
3674
1442
3430
3992
3215
1363
1331
1795
2570
1484
3645
812
3078
1212
4063
2594
3567
133
3579
2677
972
559
2234
557
2700
271
2931
1903
2701
1313
111
219
413
2708
3500
771
1448
3289
1910
650
1632
3004
2352
1380
1004
2422
2198
1993
1106
4038
654
3313
1998
3999
2279
155
2018
417
3845
2892
2544
3354
2334
3713
3028
2539
535
1995
2193
2320
2493
911
1166
3659
2129
554
2130
822
1183
953
913
3021
1550
3377
3111
1347
21
167
4011
1820
1770
4003
746
398
1655
1280
322
39
49
1719
3087
1055
3211
388
314
1671
2296
2377
2715
2363
1723
276
1935
3963
1249
1785
2185
1519
780
2379
3785
289
1593
2927
1612
2734
2312
1811
4019
2150
3
706
1471
1704
3854
2693
2634
2611
3671
2024
36
384
2508
831
3685
4061
3246
2494
1273
1107
1954
2009
3582
1763
3013
606
3952
3522
2977
908
1643
1999
1357
887
3737
2884
3103
1060
907
2174
1221
1573
629
1559
1117
131
2138
809
3551
464
2703
834
2491
870
1388
293
367
3333
3220
4094
3344
702
1896
304
6
3935
72
2326
2587
1806
2284
3447
1754
3232
3458
2179
2781
2915
1124
798
3292
4062
4020
3734
3899
3800
592
228
3412
2794
750
689
2830
2233
3191
474
3347
3151
1242
3046
3413
2375
2191
2969
1556
3927
1679
3388
611
3383
2225
1498
3356
2282
3938
3710
721
3795
3529
451
3663
2195
104
657
3647
3742
3888
2686
570
320
741
849
1608
2458
2900
1890
1348
2735
1188
450
283
40
3479
3271
652
1157
3841
3782
1068
3166
2386
1454
2606
649
93
1382
1868
3646
765
3034
3715
3865
1407
3357
2777
2602
503
2262
3079
1586
1468
115
943
2897
2687
2519
2668
2984
2082
3580
1569
2672
1462
3457
400
3986
1295
2591
3639
2950
3726
3273
3736
3337
1706
516
3945
2496
3718
3265
2603
2067
2908
3635
579
1629
404
1916
2485
1833
763
1737
1867
2604
3139
1582
1702
3024
1336
636
3754
313
1496
1621
1099
3902
682
3459
1338
4080
659
1580
3756
3510
1620
2981
952
1254
2684
3332
2866
3893
1478
573
2301
2769
872
3287
3806
2365
357
3801
1303
1648
3283
2573
1062
1551
169
631
3190
186
965
2839
1220
3913
3117
759
119
2047
364
2271
2038
3378
2789
3386
3699
3019
3616
471
2531
436
1897
1165
297
1809
1917
2318
3855
4071
1557
2711
3394
4089
2160
916
1315
3450
720
3059
985
3711
2223
2350
2990
254
625
1174
3362
864
1677
1377
1457
1463
3790
3735
3895
2052
3601
2229
3381
3668
2210
2411
3786
424
2995
2059
1369
2921
3872
1439
722
2068
1432
1406
3489
331
189
3368
1840
1306
1879
1921
623
1445
1278
1507
1203
345
3175
1335
1669
1279
2499
206
3490
2514
2169
3243
2626
3937
1038
3420
3026
3158
3640
777
3309
3568
2906
2953
1518
2045
246
3741
3339
2904
1050
333
3001
1002
3281
2798
3256
2800
2405
3681
637
222
1433
147
3576
1090
3624
2842
282
832
2063
368
22
2353
407
3828
3513
3759
481
2532
2419
1830
2298
1622
3140
612
3165
1309
1711
1712
1237
1584
1824
1428
1271
662
85
4012
836
1091
2733
3002
605
1342
218
2510
1724
3330
497
1141
1922
3204
3291
2309
2523
858
2027
2699
1856
1555
531
1073
1951
2089
3547
3530
743
1937
2238
3428
47
2148
2359
494
1546
414
2853
510
420
2012
90
3744
3781
3816
1572
3521
566
3536
653
3720
1057
183
2536
238
114
1015
89
2331
4087
693
2295
2729
1097
1017
645
2582
1997
1491
2251
655
3364
2011
950
3537
160
2855
2965
3573
3305
1260
3507
2147
3808
975
959
2035
2517
3254
2601
2770
3102
3687
2501
568
3173
627
1854
2170
2482
3773
2161
751
308
2758
695
2845
1167
912
1726
1815
1964
3424
3391
1037
1219
3886
704
288
790
3494
3105
3369
267
947
2785
1215
3008
4048
1241
933
2939
87
2612
3121
3389
1905
2856
281
499
2497
3566
2586
2714
1054
1465
2540
2460
239
486
3404
675
3778
708
2868
814
2978
3805
2756
2152
587
2886
2106
3422
3209
192
498
1747
1153
273
3031
739
369
1963
3250
2836
515
1819
838
3418
2426
2928
74
1429
2859
318
299
2366
438
2003
2796
2332
2723
3288
3134
2151
2265
533
2414
2613
794
3108
3878
824
3804
3310
2459
1849
3128
1683
1981
2454
3803
976
3098
2479
2190
1476
2400
4013
2792
2381
951
667
3390
3549
4047
2919
1875
1251
2940
1698
3818
1216
4081
506
70
1479
3481
1523
1611
3766
758
1234
2173
103
95
3477
2317
3076
1721
107
540
425
941
988
2614
3410
52
3730
1056
2503
2827
1138
2760
2020
2996
1601
1268
683
3058
3733
2207
1427
1745
335
1028
2786
1771
552
92
1115
1410
3304
593
1933
2875
2574
2617
1150
2100
1324
1228
900
1246
3612
2311
1225
3043
788
1942
3768
760
3003
816
1753
4008
502
514
1567
1625
2439
1812
3890
3238
3126
3670
641
1294
1959
1870
726
3314
3374
882
3931
3372
3114
4091
3716
2305
3245
3478
1961
1459
1838
3095
699
792
3525
71
3983
2755
2589
2109
2712
132
4016
3155
1109
564
3050
4069
3883
3145
1750
234
1943
3763
2413
3811
3025
275
194
2050
2159
3202
2007
3251
1606
2285
2999
2787
2156
495
1775
3625
2412
3592
3831
3216
126
3748
660
415
1673
993
3321
1839
3672
2707
1049
563
2104
3655
268
3257
306
806
909
2644
607
724
3577
1592
2520
4058
1914
3351
2647
100
1986
1810
1871
762
617
924
151
161
2004
3286
3691
1232
958
536
2942
2060
3910
2002
3837
619
2518
1340
1235
2633
2862
1286
1058
3225
235
1333
643
1179
1300
430
2934
1615
213
3355
1552
2913
513
1020
3915
3589
2445
703
585
3692
2577
3797
3656
692
1467
3066
248
3596
1662
2402
2315
1276
3113
18
673
3654
967
3867
1475
349
2257
787
3400
1525
4085
3594
1605
987
2293
122
210
4002
1623
2116
1040
511
3080
571
3365
1096
382
3653
1480
3676
1850
24
1855
181
211
3352
1483
1847
2189
3642
3833
3698
968
3870
459
774
3343
2822
171
280
2516
2278
1876
3147
101
1590
226
2834
898
175
129
4046
3110
4054
1155
378
1520
2521
117
4036
1160
195
3097
3697
1658
164
2472
1019
3218
807
1514
852
3465
3280
48
2776
10
2368
1793
411
2360
2957
3501
1926
3651
1776
1758
3259
853
2335
1782
2488
32
2235
989
1198
642
2013
4039
875
79
2274
1907
1802
1261
1190
3088
2135
3911
140
65
2986
928
2186
1171
779
3440
1156
1693
1006
2743
3298
1953
3941
567
1597
3248
2696
121
4068
2524
3135
2527
2874
1715
1438
3575
854
804
3971
2542
545
2597
1383
1436
2462
1857
118
3448
3739
1934
3809
3514
813
2966
2197
1046
2484
1851
229
4055
2690
3302
1757
148
633
2180
3146
2954
1714
3648
3777
1742
1403
1368
884
3533
1843
1370
3988
3695
2731
3144
1447
3163
4040
1899
697
3294
2465
3044
2178
2300
2649
2721
1832
3535
478
3239
2382
678
843
1709
1222
2182
1603
1386
775
2228
3832
1217
3972
2797
3189
1955
1122
419
1504
2017
783
2964
715
1042
496
2056
2406
3470
2624
833
4026
3509
1894
2392
1982
1591
1836
1258
2968
446
4088
1072
2841
416
3396
2498
2814
1422
1417
4066
3799
1013
247
979
1398
3124
2650
1994
2139
401
435
3885
1204
2607
2008
4025
3414
3970
163
1469
3517
3905
2631
2671
1419
2530
543
2361
1984
2596
3605
815
1373
2623
3183
733
1443
859
3213
372
127
3752
2096
3445
3118
3823
2345
491
3856
2716
2850
1609
3877
3896
1393
1320
2356
3707
4065
1866
3978
2259
227
2258
1965
1146
185
1299
2667
3064
3826
3258
4059
399
719
3062
3600
847
2401
380
1098
2040
3005
3518
457
519
522
3807
34
2248
2504
2673
4006
1376
2322
3157
2676
1185
3417
2529
2727
2349
434
635
3029
3932
265
1689
2175
1950
2477
2849
2656
3991
1307
3709
556
80
2108
2932
2802
1692
2220
2441
3623
862
3875
3994
2732
3903
2804
3138
890
1685
395
1664
1375
386
1786
4035
3603
2737
841
1699
3152
2391
1121
781
800
2512
13
1126
772
1089
2367
1292
3802
1823
249
1169
666
242
4045
2057
2490
1789
1740
1805
3483
3429
3269
28
2319
2831
1852
1274
1392
4005
878
1532
926
3453
1752
2971
460
3096
3436
3531
2437
290
1829
3040
2791
2754
2118
42
1530
2988
1351
1152
3764
3862
867
1970
1035
2466
1267
1966
3307
1231
2077
602
1223
588
461
475
63
2480
465
3951
1987
158
3122
2662
3857
3540
3463
1423
3793
4043
1134
3042
960
3829
2810
4004
1516
1455
3047
3836
2083
3285
1908
1012
2557
1548
3295
3939
1642
3512
317
2946
389
2911
3936
1862
469
3626
355
2140
946
3180
4078
755
3606
3918
1796
2144
1576
2005
1657
1900
2409
1904
1949
3746
1159
1032
3673
2467
823
2469
3858
1424
2065
2889
1649
1535
296
2120
1095
1245
3876
2339
2026
2123
2698
2397
3234
1044
3179
3919
1396
3947
2245
3109
1086
2420
3609
1918
2370
1659
2340
3405
1571
2975
3221
2149
2628
2761
2590
825
2066
1426
1142
2744
3153
2194
3197
2522
3101
1901
3757
3168
2642
173
130
710
1761
3869
1760
315
2725
3686
4000
3142
1976
3769
2917
1486
507
1499
3264
448
1103
1858
3392
4070
517
2935
860
2122
1524
2652
3821
700
2513
3690
3944
3622
3926
2759
3989
1502
473
756
3968
1563
2134
2876
3231
1599
3329
1262
2775
614
2815
3127
2088
187
371
3618
394
578
2803
3342
2423
685
3350
3090
1144
252
4076
12
1283
827
628
2637
1939
1319
1708
2456
1444
3247
1848
2171
137
2434
201
3385
97
1869
1888
1207
3244
1175
634
1412
1733
2252
1948
2655
439
342
1541
717
876
1133
1170
528
509
2162
2970
2967
3934
996
493
1783
1821
2431
3732
3223
1503
1255
321
2576
2145
3282
1707
113
2616
1787
1414
1482
2492
3564
1202
558
1526
1736
2046
1774
604
166
3556
2044
3585
2154
2605
2141
1561
1067
466
2774
1200
2958
2511
2449
2199
3454
1678
995
936
3464
1801
3065
409
3901
2669
3335
3000
2779
856
2343
278
1880
3595
1402
492
2428
1168
3012
1021
3227
850
4015
2846
1404
141
1136
2593
1756
3106
2795
2095
2127
3130
677
3633
3677
134
1051
3203
406
2307
3219
1703
1487
4022
418
1400
1797
2393
3689
3318
2664
1108
53
2682
2111
1236
1079
3272
1766
2867
2818
918
258
2242
261
1803
270
2037
2620
1311
3688
2629
954
1395
3788
3181
3176
731
1101
2048
51
3558
2722
2289
2385
705
286
3052
2452
4057
2450
1379
1893
3874
1827
3129
1123
1587
3056
3634
1628
574
2202
1078
67
2813
1607
742
4073
2748
2683
193
620
3311
3527
3472
2168
3789
1527
1304
3641
1958
3758
730
3871
2807
1026
323
3940
458
2762
929
2064
3712
3652
1080
2552
2632
2790
170
154
1513
778
1446
1094
1759
2894
2489
1378
2595
2820
931
3115
2276
3528
2188
1323
2157
3493
2021
3557
2829
387
2896
3578
3621
2001
2899
3683
2433
3174
4060
2505
1686
2
3948
88
184
3370
3897
3193
3997
753
1238
644
3669
1800
3873
1892
152
610
3434
3353
66
3849
2028
2751
2880
1638
2750
2121
2473
1318
397
3810
3912
1828
802
188
725
1337
3020
1411
2206
2117
2515
1460
2348
1131
709
123
2177
3629
3316
4077
316
2563
3610
3838
3081
1302
944
3222
2164
3017
1515
1873
86
504
2092
1672
1560
4037
482
1030
279
1681
2103
3284
624
1413
977
3822
2254
44
3094
2303
2983
608
3846
1293
2209
1891
527
2181
1128
375
1578
3018
3201
3834
2992
3253
2987
408
3644
476
2294
1453
1316
3813
3073
310
1807
2019
1510
2507
1
3409
828
2998
3119
2396
4021
1077
2203
1184
1784
456
1007
2273
379
4083
2099
2107
139
1614
1646
3426
4092
3387
3132
2086
2286
3379
691
3427
2910
1071
390
1497
3745
1206
373
3071
2166
1301
3546
3714
1682
1248
2394
3864
2187
1859
2205
3747
2985
2952
2863
3966
3772
2571
110
2418
1570
3985
1529
346
298
2857
601
1149
3112
144
1990
3438
1418
1456
45
1741
2509
3261
429
2848
3724
1275
3569
817
525
3161
3962
1325
3276
1992
1345
2916
866
2692
1425
658
3449
3439
1613
2694
3545
3407
1161
3770
3597
1226
1332
2688
2812
1269
358
3844
477
1885
1211
1585
2851
3614
3154
3570
2213
1310
1029
2022
84
761
1312
520
58
196
1374
3195
3009
1694
1111
3908
3693
120
2982
501
480
1792
1680
622
3761
4009
541
2858
2470
3035
1666
1259
3160
639
2580
2054
577
3133
1500
2432
3771
99
3485
1798
2550
3421
2476
2768
2240
431
1477
3030
670
3348
1579
2329
893
2461
468
3092
341
1506
1930
3460
3762
2266
3452
2084
561
1874
962
3262
4072
698
232
2429
648
1887
198
4024
1334
1769
857
2073
2847
1767
2805
1039
1367
2153
138
3303
1112
2782
1065
1321
2936
2864
651
2226
2354
2110
4090
3425
2719
1256
1505
441
2793
2387
422
2372
2425
2989
3338
991
2049
3091
2184
2930
3022
2806
1116
27
2610
1886
2924
1018
3505
895
3075
2239
165
3069
3188
1066
1224
3703
1350
2994
361
1919
2914
3461
2747
2128
2291
16
3199
26
3682
3036
2025
3312
1575
3495
2204
3602
3432
3526
590
3607
179
354
2373
1911
984
217
2039
4
490
1472
62
2821
690
1543
3619
260
3943
3708
2076
2268
3638
199
470
3487
2718
548
3565
2525
1466
174
901
3863
2569
3236
1545
1358
3123
2902
3840
146
2346
2362
38
2272
3957
1956
2287
1346
2200
1034
638
998
1909
2819
3293
1100
383
2090
3956
3136
961
2502
3016
505
2545
1533
1779
2042
8
2713
2828
1401
1980
1898
889
835
3070
3185
2237
3131
3696
3515
581
1105
811
3774
2313
2217
1110
1553
1912
3859
735
2534
3315
679
2468
957
2937
1865
259
2993
3632
2640
396
214
64
77
257
2809
423
1975
1647
1384
2618
359
1729
766
3767
2959
3593
1008
1566
295
1257
3982
405
3705
2558
1339
1239
2585
3900
3544
1173
2010
2246
1991
871
1717
3637
4010
1864
970
646
143
3455
3084
3104
1193
2267
287
903
33
17
603
4007
3729
3949
2398
1670
3657
1461
532
56
3820
2746
233
2778
773
1635
377
1288
1746
2951
3375
274
2592
4017
3574
2211
1841
1772
1705
586
2938
