2261
2006
4011
2179
500
3615
645
3119
2364
3940
245
971
360
2793
2665
726
818
2267
2407
3487
2692
1863
3739
3277
152
2771
1551
81
2306
3674
2605
2528
1642
383
1359
3504
2222
1729
350
3011
835
234
2582
2470
2690
3714
2956
2334
378
2393
96
1348
3582
1700
762
273
3711
1989
2899
3128
1713
1308
3693
1712
3467
3435
1054
3699
2268
105
3177
2791
3986
1092
1336
2153
2828
3284
1563
3887
3705
3756
2271
27
176
1983
2609
2967
3005
2676
3065
3192
1727
1154
1778
1272
866
636
3862
2641
2340
2113
3118
3378
343
1511
2088
69
2558
3049
2642
3153
1116
2835
2671
1369
2444
1946
2689
2630
2790
612
1295
2772
2767
2079
3278
143
93
2555
2395
3384
1943
294
4029
3478
3081
3296
5
3239
2938
2229
2392
791
2501
2410
1105
2733
2421
388
2693
2764
194
1980
3903
1486
2762
2613
3998
3262
2474
2402
2514
3704
331
1456
1080
3358
153
1911
925
3614
3689
3148
781
113
1880
2091
2566
2627
1332
91
3079
3256
2071
3454
2173
3918
2336
772
553
690
2127
2146
415
1629
1417
3455
114
1444
2278
2954
1607
600
1284
2732
3540
801
3267
3013
1399
3819
1435
2752
384
583
3843
1242
511
773
789
799
1134
2452
3631
3660
3117
2374
2314
3234
1123
1779
3854
1324
942
3942
2585
1913
1601
2526
1986
1780
1091
3897
1588
449
3219
2376
1757
2047
1902
684
3970
2698
2355
3920
890
2126
2505
1740
469
2948
2869
3008
1316
1912
2960
3092
3898
3569
2903
779
1214
2128
2744
3746
723
3666
2647
2643
580
3122
1313
127
552
1572
1192
3609
1974
261
596
3305
1770
2830
206
2775
2129
1698
2456
1426
1165
3667
1167
2182
1219
798
1849
3352
2516
1613
3312
138
1245
2245
1625
4046
1383
1942
3258
3374
1965
959
3634
3730
2774
3909
2416
2307
2521
1070
727
2324
3543
2853
2664
4055
2729
3873
3888
60
3916
1181
1396
1751
2203
522
902
1273
2829
766
2335
2443
3694
1063
1829
3085
3616
628
899
375
289
2123
3799
1945
2779
1169
2618
2940
826
2504
3444
1555
3330
2252
3972
3100
2747
3567
178
2944
2955
1759
2060
1854
901
62
829
1246
2302
3675
3244
1515
768
187
3882
1421
3645
244
2556
3361
450
2590
980
1985
3658
1164
3472
2418
697
47
1523
936
2532
3997
3522
834
3941
921
800
3773
997
1346
1957
1228
1543
2502
2878
3659
1956
3205
249
312
177
327
3326
2039
670
3351
3088
3456
1522
1185
3547
102
805
2928
1137
2921
3116
3842
3701
1101
1733
3093
2674
715
1576
7
626
2292
653
3535
1292
2398
1549
1919
3156
3885
423
2155
3310
3506
1341
355
3800
268
3665
2483
1731
3447
3526
2660
1639
1297
1202
2024
1787
1517
1597
1201
3671
162
2553
2005
3392
1440
1835
1789
1414
471
1959
2031
231
3368
2313
328
3281
750
2751
2130
3087
679
3639
1599
3490
939
701
4072
3022
1536
353
642
3113
2548
595
2202
3306
2902
3403
78
307
4026
780
3066
2686
2385
1682
1614
3499
1447
1461
3521
4074
1792
1828
2718
3805
3836
4062
461
1547
1206
1281
1042
1520
3578
3696
1082
2926
311
2351
2458
497
3329
2999
4094
1190
1104
2965
1790
1765
1439
982
3132
2716
1279
891
1498
2649
2403
2800
2201
733
1870
2916
1046
3553
3570
219
3463
1837
3956
631
317
3074
2654
1803
555
2256
2657
3299
1055
703
2845
3332
3124
714
1312
221
2277
2803
490
3637
2574
3207
237
926
2905
3398
1057
774
3045
1862
3054
3036
3188
625
790
2322
2713
1320
3359
2441
3818
953
2986
111
3630
1847
2423
426
2745
2311
3681
864
3529
2923
3741
1584
568
4003
648
283
1283
3957
2524
3245
989
3410
1168
2257
73
912
966
1334
2135
3900
1003
3003
1301
1224
1136
1810
894
614
3377
3726
1131
3155
665
1940
3193
3349
3343
3500
56
951
1963
3980
3297
1873
3784
513
2004
1319
3863
2974
1808
63
996
368
413
2373
3987
3391
3170
2972
1819
3517
3912
1238
1817
1405
3366
3102
2370
361
4081
1387
1690
2083
2491
1500
635
1998
1170
2384
3236
3663
534
467
2922
3396
3220
3154
9
1113
487
2897
1207
2825
4073
705
181
778
395
897
2817
2197
2254
2652
92
2461
3222
840
2422
881
620
3668
2781
3298
3227
305
3792
905
2009
3911
2811
2138
2680
2226
37
2731
3641
1241
2594
1883
1907
420
1822
3724
2648
2724
315
1735
3098
1051
1939
1687
222
1189
3340
2215
3673
321
2264
186
1117
591
2598
3479
3214
1823
3405
2477
3007
359
2932
1125
2442
1743
585
3661
2701
3838
2987
505
1632
2663
738
1701
337
3530
3167
1160
584
2856
306
577
3086
3288
3163
775
2040
3057
1469
326
3091
2231
3269
230
2785
2468
1485
409
2066
3652
1450
1811
1258
3691
2617
362
1590
3075
1992
3218
2134
454
3469
2426
4071
2318
1184
3275
1141
1188
2220
3982
1418
1370
673
819
1436
1250
2023
2012
2860
4066
2616
3907
4057
135
1232
1621
2496
3816
2250
2593
3302
15
1752
2573
752
1229
844
3962
269
1596
892
208
696
2565
592
122
1630
226
3191
1564
1395
3961
2975
1732
1262
3579
2189
121
2043
985
938
4059
3953
2438
1739
2431
2439
23
884
1720
3270
3134
19
516
732
3016
451
961
428
4036
3876
4082
3211
3859
786
3973
29
385
973
61
2740
2969
4007
795
2162
3248
2792
2708
2970
308
106
941
3468
296
1155
624
2284
3833
593
1302
325
722
1127
2026
1391
1462
52
2369
1275
4013
2681
1869
3060
808
4020
2282
3497
792
1434
433
3930
1799
3747
1442
904
2148
3617
2068
2824
1579
491
1492
4051
2919
3493
3937
3605
2494
2037
3524
2124
2780
3393
2707
1603
3406
1030
1674
1112
2507
3484
3108
1282
2406
3328
569
1660
1394
2259
1676
1186
1106
521
3914
1014
439
2844
2479
2387
3436
1451
734
3241
2589
2581
2499
3974
1697
950
1922
100
2721
154
2380
543
1891
1769
3477
2941
3449
3034
4
1499
3099
227
2577
1636
2143
507
83
2200
1559
1936
99
2604
1567
1577
2212
2332
2942
271
3282
3052
1903
2050
1089
3301
607
1681
4025
486
575
2728
2265
1209
3545
104
4044
803
480
1670
1004
638
1403
366
983
646
1881
2411
2934
2766
3357
391
1412
1126
2109
770
241
2156
2704
2805
1561
110
1764
1079
2797
97
876
1303
1034
2976
1102
2058
48
3751
1480
2447
1521
1110
3503
2305
2653
889
1841
863
3891
639
3783
1231
459
1066
2688
721
2703
4061
578
3265
59
813
619
3180
3679
1097
699
1669
1085
3651
810
1646
190
166
330
1255
2668
687
3776
616
207
3430
250
3077
2777
2309
354
456
3035
2086
347
3786
2537
3874
2186
3184
35
2522
3581
1721
998
3183
3825
1793
520
3072
3123
2433
2170
3708
2737
2992
571
3001
313
855
3820
2832
277
2137
2624
2315
2021
399
2484
3199
258
2638
393
1355
1966
2449
3984
4075
1866
2073
3700
3143
2542
652
387
2650
720
3213
2118
3959
2823
923
4092
3996
1072
3815
4080
2321
3212
3481
3226
2515
324
2333
1351
3988
2352
2356
2695
846
1476
2339
2906
597
1124
2635
36
2160
1481
1651
77
3414
1432
1357
1656
2788
944
1315
232
3235
668
686
932
2486
382
2234
2977
1592
1951
3745
2149
3186
2937
1366
2122
604
2378
3947
843
1173
3536
1685
965
3687
2487
1393
11
3491
3314
3562
2883
1534
502
1119
1084
947
503
2317
1036
2294
2984
2042
264
332
2453
658
2562
1375
1857
3583
2697
1653
3094
3886
3721
2308
1009
1892
2448
1226
3798
2575
1029
1813
3618
1645
2150
21
2881
2606
3642
4043
1679
84
4028
1203
3110
3404
1452
3253
151
3837
2623
745
2415
1455
3707
1049
582
3841
622
3316
1108
987
1788
3516
344
955
1824
3015
1114
3195
2877
2583
1325
316
3042
608
2312
4006
3758
2712
1410
145
2927
1059
3409
499
3795
3459
3528
917
3078
1267
1035
1098
3865
2218
266
170
3626
4056
3190
66
763
542
2216
2572
1565
640
1017
3425
1994
833
2826
492
2310
1024
1446
3565
3315
573
809
1330
688
634
215
1921
3084
2796
1318
3341
3348
1151
3268
3557
3026
2180
3466
1772
3813
482
2399
76
192
159
3152
183
1736
3796
2132
2576
3894
1477
1796
3733
3749
919
3335
1833
2035
18
1573
243
2288
2753
2354
1484
1896
3399
3684
3806
2936
3945
131
1544
3109
1806
224
995
3373
796
874
2120
2862
1661
3884
1374
2756
3585
3794
3208
1043
2738
3653
2190
3599
3460
421
1937
1174
1915
3560
1205
3031
4031
3913
4090
1407
1935
2670
2166
1472
2554
908
3400
40
2434
260
2557
967
3633
1784
2739
2500
3580
2550
2959
1311
3206
3114
1640
3204
1762
2636
2300
3789
2699
46
167
3905
2248
3757
1990
2359
3541
345
4023
3061
1689
1430
2678
150
1620
1194
1842
3682
427
916
2
1437
3196
615
462
3161
2633
3407
2472
3790
2849
2644
883
3171
2412
3672
3018
3286
1285
1709
1560
2455
1694
24
1376
2341
3419
452
1696
2405
746
75
1254
2563
2270
3381
3492
1360
2273
2168
4032
678
2838
991
2518
2809
3401
3010
512
205
3044
1605
606
2115
2964
2276
2915
873
3415
1802
3976
509
4085
3727
51
1767
2377
3231
2432
2196
33
3252
1691
1662
2436
4024
1634
1728
3952
3999
1377
556
849
1665
3550
2383
3112
2490
112
526
2608
2569
2457
2285
1960
2480
209
2509
1199
2260
1129
201
1251
3623
1654
2262
1146
2808
2210
1343
1157
3416
1888
759
1294
3832
2677
3608
3934
2786
856
2142
109
1149
3993
1562
1934
1040
1175
2950
2894
2971
2053
3622
1834
3198
1816
125
220
2062
535
3173
1299
3612
2603
3307
1821
1454
165
1052
676
2157
1183
1786
1002
3201
1197
2291
1615
2275
2269
2873
3556
1340
2165
915
1566
1339
3917
3948
2057
3383
1093
472
1252
422
30
1287
2319
1525
2408
2161
2209
2511
1744
1672
338
601
661
1065
531
3318
3750
3027
3969
1978
255
3871
3587
848
1627
1825
3534
2957
740
2362
1507
3644
390
3129
3915
651
334
2144
377
2602
309
2000
1871
401
1594
1777
4037
3785
1763
896
2145
1177
1925
374
729
3507
2525
1178
256
416
2506
3710
3963
885
1022
3595
197
972
859
2227
736
528
2342
141
3860
929
4040
1878
3443
2208
2016
3355
1706
3452
2597
2836
163
1400
124
3647
510
1502
2776
2348
2151
767
551
1465
1548
2019
3901
852
2679
1354
1850
1926
3904
2301
2715
336
2651
1766
3250
1987
3187
1111
1606
1906
1931
1938
1554
3703
788
1954
3012
3019
123
3389
1429
405
2181
441
403
236
477
666
1467
2549
3432
365
45
1470
2614
784
2414
2893
2343
2760
2848
2798
2720
1331
3712
3881
771
2371
372
3345
281
828
2074
367
352
544
1039
817
976
3551
2981
279
235
1425
2868
2859
3308
394
2958
2325
3893
558
3470
3849
1139
2082
1448
4070
2467
1118
1958
3831
1148
3939
2865
3387
1298
2552
698
239
2188
2087
3638
3385
523
3046
2366
2140
3438
488
3676
4030
204
660
2027
2655
2519
1264
3476
1917
1618
3448
1078
878
1683
719
692
3104
2530
3844
2857
713
2914
2632
1667
203
3353
1570
2233
1638
3852
1458
470
845
782
3590
993
3136
3106
1306
2420
1005
3531
3728
2081
887
1861
2368
609
2435
2520
3289
2469
1372
335
3576
611
1076
842
1678
322
1025
1001
1785
3130
598
2551
718
1997
293
832
342
3142
2770
906
3965
3440
1380
72
1274
2488
1263
1191
2401
2274
95
2909
946
2634
3445
3968
627
1877
566
1013
3752
1008
1647
3462
2330
3812
3564
3743
3811
3807
1686
1062
3563
3899
2813
1100
1848
3992
2198
2962
2907
319
3923
3428
3264
3946
3964
3584
3928
3748
562
1490
1804
3465
1538
3821
1075
3125
2607
370
3131
2258
581
2748
2323
1233
2492
300
709
3709
741
1593
419
3251
134
3450
57
1140
4008
1424
2206
3688
3482
302
1754
137
1750
2539
914
1864
1143
532
1347
3274
3473
3620
3851
1045
466
3706
1671
3058
586
3603
1381
2328
4009
1988
990
164
2929
1628
1581
20
2968
3834
3032
3272
424
2807
3073
1524
1529
446
831
3369
3422
3723
2381
1962
3732
3981
707
1019
3347
4001
3717
654
3764
3294
1846
1546
1401
1288
2725
495
3892
861
2013
2806
3702
3090
3246
3179
1010
956
2121
3593
2495
1081
3737
1305
2717
1976
508
3511
1748
2238
211
4049
858
2076
280
2103
1000
240
1537
3331
4019
3857
340
1933
233
4088
199
1310
3561
1556
31
2437
1608
4077
3408
1897
886
821
893
1800
830
2345
2757
1851
3548
3519
3936
3549
1371
3925
2656
1950
4022
2765
1941
530
3230
2682
862
3995
2056
2349
248
3537
2749
3224
3657
2895
1882
115
2011
2296
198
3197
2085
1852
570
712
3643
3828
2154
1210
3829
2508
3254
13
3221
3
3323
4083
1280
1664
1278
3559
252
3120
2052
785
3290
2096
2061
659
3111
1901
4053
434
474
1574
2279
1916
2991
2247
44
2953
3538
485
2783
2667
371
529
3718
3344
1271
1838
815
1844
2055
1541
2344
2988
414
455
2952
952
2390
1526
761
2228
2105
3677
3474
1930
1506
3483
1973
1589
1513
2683
295
481
1379
408
704
1293
288
272
1249
2629
1323
478
806
2995
3014
1503
1509
38
397
2951
2600
547
2454
2541
2263
1717
168
1402
847
1147
3175
643
797
292
2918
1475
1423
2063
2586
1710
3850
4093
1144
2867
2931
119
794
3867
1684
1180
825
3062
918
1497
2746
1321
3210
3300
1610
2100
637
2887
541
494
3249
960
2102
2460
1466
749
1975
880
3906
3877
3138
2187
506
2696
299
3229
117
175
572
1663
3568
1182
3168
1050
2051
2417
3950
333
2920
64
297
2104
3971
1248
148
3544
3627
1644
2331
550
2935
3320
2293
2684
2685
2913
1890
2017
3216
3512
2204
3523
2949
2546
3158
3321
4012
3635
3364
765
2592
3421
2125
407
3071
1172
1920
1443
2901
1953
3038
760
2858
1338
1333
2722
2939
2996
2561
369
1734
793
1243
669
2758
2795
2224
379
2298
4041
1949
1179
2199
2891
1227
3051
3670
1999
1171
629
291
3431
1259
677
1464
2213
909
2095
514
3625
3498
922
1516
984
3293
695
184
1723
89
2092
3350
2169
2621
1088
1322
1344
1309
1431
992
680
1776
1773
2049
3944
2283
3598
1781
1504
2599
3846
1860
3640
3135
3127
1820
1714
630
442
435
644
1156
708
742
3525
3770
2872
2338
3880
2742
2536
329
3437
3365
341
3346
879
1749
1995
3209
3629
3994
2249
1459
2221
839
3719
3533
1693
253
2014
2694
3313
2560
3433
3047
2763
910
931
1737
3126
1384
2191
1539
3597
2195
1947
2993
2736
1211
4078
4004
2237
2711
4017
161
3571
430
1648
751
2990
4067
2571
318
2008
1237
3009
3554
3037
1020
1532
54
1969
978
1187
3176
1253
2097
3133
3189
2327
458
776
2114
4058
1474
2462
685
2961
3621
1328
851
3759
1622
836
3938
1843
298
2998
2854
3376
1128
1021
2022
1807
2065
1277
144
1756
3883
3683
656
546
392
2329
3774
3847
1223
3338
1730
58
218
3855
3650
3441
3572
1198
957
3453
1798
1290
814
3943
3977
3793
988
2290
1583
501
3382
3566
3596
2451
3372
2015
1831
1909
1519
90
3552
3734
1163
3979
2059
158
3619
2174
2963
2029
171
2833
1955
3725
1037
2266
515
286
3059
3768
3055
1795
1389
2595
4034
524
3317
4016
2892
2141
1761
1715
216
217
1099
3147
3319
924
2361
3203
2802
4048
103
3028
823
128
3495
3247
2020
1587
3713
276
3217
223
3024
3932
3356
537
2045
1688
3089
2033
3103
267
457
2002
1918
3418
3697
2691
373
3826
3958
2286
4038
1886
3791
1103
1416
1558
1364
2619
1489
4091
3370
2847
2046
2750
694
667
3464
80
3327
1449
1471
453
1533
1483
2111
41
2933
493
3520
3738
3030
2232
3991
2831
3754
389
2880
3172
3966
3020
3845
1668
263
1887
2882
2075
2482
2908
3600
3280
706
1964
3532
3573
1195
2866
1133
42
2272
400
758
3141
1356
3412
1068
2304
3866
2852
1300
1286
649
2778
1406
3166
2450
2837
363
3716
1818
802
3802
3097
1047
3064
1345
3949
3165
3990
238
1814
1641
1061
310
3989
17
757
2755
975
16
2842
1924
3048
3096
2611
2846
754
3610
1591
2879
716
538
1970
1240
3830
3632
1742
174
1087
1741
2994
1011
554
2900
900
3921
1753
1571
3951
2388
4033
2982
1488
2821
3169
429
1893
2810
2175
994
1600
2946
1929
3515
1944
2400
1056
2978
3510
2326
1216
2069
323
410
1619
3686
3021
3276
147
1317
1478
807
1659
3975
4000
3000
1074
3731
3149
2299
2493
3604
2989
3505
3878
2350
3698
1967
1096
87
1984
71
2559
447
3870
2754
3814
3017
287
436
928
682
4064
2107
4095
2615
2131
3869
1722
2719
1256
3720
675
3423
1411
2030
3890
2727
1213
2217
4047
2529
711
169
1578
3801
3574
2478
935
618
3151
3983
3967
1220
1726
3765
179
2163
4084
229
867
1491
43
1438
681
4089
173
3771
475
735
1961
3146
824
2930
4039
3755
3215
877
3388
1265
3240
1150
3810
438
2116
3592
3601
3509
195
4035
3367
1884
1419
1932
1801
2028
3243
3043
3434
3429
3513
2814
3611
3322
2784
2768
743
3164
3194
2363
1540
632
2158
2003
2089
3309
3518
2669
657
3105
1604
1495
1107
3489
981
98
10
1876
850
647
3375
623
783
986
1991
3237
1905
3069
25
3480
2884
1235
14
3002
402
3744
1658
2631
4069
1335
1038
672
118
1071
304
3160
3333
3362
2018
731
1872
2912
142
1392
3137
3766
3985
212
2078
2710
191
1368
1409
2413
2662
2347
1166
4005
3817
2219
2658
3848
3762
1138
3808
2947
3457
2473
3287
869
2225
348
1041
2036
4076
2485
2885
2773
32
2230
3360
3076
376
2077
445
717
3827
533
3502
1677
411
2517
857
257
898
2840
157
188
2425
525
2430
1153
2610
398
1053
3680
1367
2675
1531
2794
3178
3266
275
1981
3646
3804
865
816
2067
3779
2904
504
3919
3144
2498
139
3927
747
1135
977
2357
2235
381
465
710
3285
2223
418
3291
1649
2346
4018
633
587
3067
3496
1487
2735
3772
769
1291
2875
1385
1247
3273
79
1027
3769
3542
1044
3872
265
2538
2303
182
3514
2193
1337
1060
613
2839
1845
412
1582
346
1109
1
2112
356
2084
841
3589
3083
1230
3695
214
94
3162
1382
540
2446
1397
2211
3539
1349
1162
259
2489
2979
1086
602
3413
3655
2465
3471
2386
1928
8
3488
1217
3803
1755
1827
748
285
246
1569
2945
2099
1586
1225
1895
1704
2251
2782
2459
737
664
1782
1635
1868
3692
3902
1361
2510
3908
417
3159
1768
559
3232
964
2850
933
2287
671
2726
1853
2759
3228
3879
2372
2064
3577
1158
2804
2353
2424
3780
3390
2787
1725
4027
4002
1095
2723
3242
2637
4042
1650
927
3822
1908
3823
2706
1815
1719
2183
1482
290
242
3041
1289
1904
2239
3501
3238
1069
1745
1542
1120
85
2358
1404
2034
1159
2177
1623
3363
2297
2687
2367
3960
2136
479
1655
3555
2316
3935
2464
2661
270
1378
3613
1611
882
34
1575
2094
2898
1900
958
811
3139
3624
1007
2503
1362
1675
3324
700
691
2896
689
146
1703
4010
1680
3761
3664
1673
870
1738
1585
3386
2628
1479
868
1453
2379
1927
1058
518
3461
254
804
2133
1496
3628
1602
3654
464
3760
68
599
2620
196
3763
1797
963
3458
2038
3033
2205
999
2709
2527
437
4068
496
140
2567
853
2876
1527
2591
2497
527
3864
1152
1637
913
4015
2700
357
3337
3304
82
2463
2799
3607
463
2106
1718
228
2409
2626
3040
2741
3742
2172
2568
1083
1708
2911
579
787
3924
2924
3606
314
2375
2255
1612
3788
3736
2207
702
1363
2119
1427
3889
3080
3101
934
2973
443
2072
3787
2578
693
1971
149
386
1624
2622
3427
2093
1508
1805
1350
2855
1388
172
2871
351
3775
3782
4086
476
4063
943
2476
274
564
2584
949
3354
1236
3063
724
3978
1885
1979
120
1193
3263
1032
3451
1783
871
2645
1832
2481
2579
1856
2874
2761
3839
2587
1747
1501
1015
755
1358
3181
3395
3636
1616
940
3777
2108
468
3223
1314
4060
3053
129
3283
2851
1176
574
3095
1386
3678
1018
2818
6
888
1707
1609
2659
126
2471
1952
1899
1244
88
969
3004
1031
3685
4052
4045
1094
1705
3926
358
1468
303
1121
2588
962
1874
549
1865
116
3778
2428
210
4014
567
1221
101
3070
683
484
3910
2863
4079
3107
2544
954
3740
3050
1505
1304
2983
2445
202
3722
483
1812
2427
1208
1699
2861
1493
2382
3182
444
2673
3397
3023
3546
3174
2925
1836
3185
2246
155
3292
185
2041
3955
1033
3954
2743
2192
1218
2816
160
662
3527
2886
3486
2176
2672
1972
2117
2888
3558
3594
1067
3371
3840
1215
339
641
1557
2612
2429
820
920
2646
2281
2147
278
3591
1771
1026
1830
854
1268
3767
2242
3145
3303
1196
1115
2440
930
2025
3753
1212
1595
3420
2812
3260
2080
2547
812
3068
764
1514
1894
1859
3868
1161
448
1413
3648
2048
3056
2185
519
2360
2253
4021
396
1329
3446
247
39
2178
460
432
3006
2596
3875
53
2194
1307
2801
4054
777
2365
1855
2890
2010
563
1408
1326
2295
2244
2822
3039
872
2864
674
3402
2475
2535
3325
663
3729
67
1122
1692
3025
1643
2159
3922
2391
2320
1948
1276
136
2580
213
539
2394
2337
3475
744
133
1552
282
1910
655
1826
557
2396
193
730
2404
3339
2110
28
2827
1460
2820
517
907
3417
2540
1132
2152
2171
1073
1028
2070
2243
560
2819
3485
1006
0
2054
1982
2139
3336
2389
1422
548
1270
1977
1898
1415
2997
2564
2601
3690
1858
2241
3442
2666
1993
3781
1420
22
1724
561
1260
1774
1365
1352
2870
1875
364
1327
1794
875
489
50
1257
3858
1530
822
1023
2625
594
725
603
3662
2841
2917
107
588
225
1012
2843
3835
3257
903
404
3824
576
1145
180
2523
945
74
937
3439
3861
3809
130
3140
2098
2007
3508
3931
1222
3853
3259
1512
1809
3115
3588
1791
565
2001
1200
425
1666
473
3649
979
2466
974
1631
251
3933
3157
1840
1889
2640
650
26
3896
1711
753
1535
1433
739
1373
3255
2545
1064
1760
4065
911
3121
756
4087
2240
3082
617
1204
1390
108
3735
1463
189
200
1234
1261
3225
1016
1269
2705
3202
2769
1968
3029
1652
2789
3797
380
3856
2910
1923
49
1494
1239
2164
1617
2280
2184
2533
545
1702
2966
12
3261
1580
1626
838
2512
2044
2985
1545
2513
621
431
3411
301
1048
2543
284
86
3342
1716
3150
2734
1342
2714
970
262
1758
1445
3426
968
827
2570
2397
605
3575
1633
2101
1996
1473
3656
1839
70
440
1428
3895
948
728
349
3380
590
2639
3379
1775
536
1296
1142
3311
2531
3602
3233
1695
2032
837
1130
1353
1077
498
1518
3271
1746
2167
2980
2943
2289
3394
132
65
1090
1510
1528
2419
1914
55
2730
3715
2090
3295
2815
3929
895
1550
3424
4050
3669
1266
1598
1441
589
1398
1657
156
320
3586
2834
1457
2214
1879
1568
1867
1553
2236
2534
610
2702
2889
860
3494
3334
406
3279
3200
