3667
673
1234
280
2143
2362
2400
3576
600
2819
53
1895
1611
1712
3879
3784
3828
672
229
3749
2655
1912
2080
1886
3457
3822
3244
2881
3433
2006
2153
552
1689
796
916
457
551
3419
3662
2296
1209
3130
831
2428
1008
3356
1488
884
2864
1715
1349
2650
3182
1133
3893
3900
2734
2979
699
2247
3073
2571
2746
1278
3599
2890
361
3502
2132
763
3613
2105
1340
3451
576
3627
897
695
3331
856
2359
3498
3255
2089
1180
2957
2652
3142
3283
2171
3579
3215
903
207
1389
72
2781
1821
3330
3631
1520
4090
973
2479
865
2556
3702
2674
400
984
1388
3292
2575
745
1752
1054
504
1364
3406
1708
1023
1451
3202
3861
3250
3926
2072
357
1981
947
2015
1571
117
2319
2164
1631
3410
3449
3535
1725
3178
889
3429
3199
3109
2177
1642
2390
2879
2391
1733
417
3544
3802
462
1277
2753
1589
2623
3459
2651
3844
2357
4086
1374
1428
4028
839
2537
3792
2789
134
2911
2191
2618
1411
3562
103
2691
2647
2455
393
3400
1496
2418
605
349
429
3046
3290
2832
3590
1356
3751
2633
1452
2133
2513
4083
1940
2790
3522
604
602
2739
1279
1069
2709
1408
944
2321
748
3967
2882
876
2586
2925
1439
2614
853
1415
1887
550
197
3304
1471
2350
3342
1413
3068
2812
908
571
3636
3960
985
3242
2245
2948
179
1457
1721
1933
4085
563
693
661
2380
3373
689
3755
2138
1643
521
2271
3847
3669
409
996
147
3381
404
3998
2766
129
3312
3231
73
3393
1065
3085
740
3144
2304
3294
4061
1301
104
2011
140
1130
810
2601
494
3595
524
127
2583
1662
1796
355
1797
3122
1155
3901
990
3079
2677
513
1513
1866
696
3865
3772
3159
1592
697
2280
2405
2504
320
2449
2906
747
3041
983
3759
905
3116
3013
3305
1108
2480
3512
3704
2443
90
3823
2521
1333
2842
68
3504
2395
3437
287
133
758
3510
2384
1120
2518
3684
3675
1587
3664
1980
3328
1175
4073
2580
1183
239
3527
2197
1696
1323
2692
3645
111
1767
3157
2403
3588
1588
1818
469
1391
1917
3687
4020
164
2500
1687
911
3027
2632
3426
1615
27
2972
3399
3174
1695
2106
2497
2744
729
491
1042
3740
1375
2478
86
3472
713
3072
143
584
2349
989
1557
3311
926
2112
2918
2118
2796
1512
242
293
2975
2454
2553
868
3214
9
264
1404
43
970
3765
3016
3903
2998
2295
4034
994
1303
3736
2190
1169
738
2533
1678
4077
160
279
1554
3071
2332
1436
2369
660
3359
3614
2617
3424
336
4037
2252
1162
2419
1612
1399
2401
2637
283
3077
3226
3438
1385
2179
3240
1575
2915
3103
1186
1499
260
2189
1671
3186
3806
2641
391
2374
2743
1544
2131
2378
2249
3871
2246
1322
3387
3405
737
1655
2993
1450
2662
3096
1370
3411
4014
1469
2452
1717
2341
2588
805
3875
1602
3301
3936
1163
2649
2217
701
1960
343
3707
3044
4036
2885
2932
1759
1242
3310
3252
1692
3612
122
1281
3035
1026
1985
1378
1445
3746
1793
3739
180
3848
4031
724
1087
1941
3797
2136
1546
2471
1952
106
1529
241
1049
894
1731
2317
1870
47
1794
3382
1720
3929
1582
3489
2630
3486
1754
1091
333
477
372
2208
3482
1425
756
922
3827
2526
2755
66
1929
3493
1267
2804
1460
2669
32
1523
255
3720
465
2121
2893
2129
3017
3251
1229
412
3114
2639
2487
1036
449
3219
2274
2300
3135
639
2421
1746
2862
3782
1613
452
1125
2434
183
2763
238
4026
528
397
1238
2955
385
2093
2104
3513
4033
703
3639
931
863
3236
3435
4055
456
2854
466
3184
3866
178
358
2887
3622
2303
1590
2969
877
637
3212
1928
2761
3329
4006
1852
3452
2135
976
1667
2354
3189
553
3813
2408
3855
3045
2010
2565
1978
1187
3083
1527
1376
3915
2324
2671
75
3685
1868
2031
3521
1121
971
1802
580
1002
1845
2777
788
1898
1846
3586
3856
3924
2503
2310
1446
1808
2767
2482
4094
2
3677
555
3895
2167
92
3672
2543
3882
1997
623
2003
2509
340
2343
2515
3172
813
1201
1609
1419
2901
579
786
3307
2407
3537
3851
3097
925
3218
2929
816
1844
1996
1018
2825
1584
2557
2222
1778
2386
3950
3734
377
2496
1487
1651
2700
999
2372
5
761
3984
3341
1880
549
89
3874
4068
1368
181
665
3665
677
3637
205
1993
2657
2289
3325
860
4016
2260
1328
2316
3388
3201
2417
2683
727
1337
1063
641
2706
222
3060
3093
3477
1799
284
915
3793
2130
1545
3015
885
1518
841
3208
2123
1433
896
826
2541
3181
352
2501
1293
3338
3620
1931
2943
2363
109
3761
1272
1352
912
628
1807
3299
2236
3849
2193
2276
1632
1822
859
3246
3416
1847
2939
2721
3543
952
3833
2088
23
448
3206
1135
496
2042
3908
2248
1066
97
1771
2536
2678
401
3369
395
1744
2524
2057
473
1950
3788
2285
1535
1566
575
2889
1848
815
1000
1192
1128
386
3886
2220
1805
2894
102
918
2207
3357
64
3610
2175
2256
4017
914
2850
2263
3526
3074
960
2228
3099
754
2068
2277
4080
1006
168
1657
3964
1674
3134
3217
2404
2527
3892
3559
154
1644
2066
498
1394
3115
1827
2018
2160
2723
2689
3742
1998
3384
625
2126
2399
3136
3970
2907
1138
2297
1015
3383
1736
4022
3721
4095
2150
1021
795
2724
3332
306
902
1431
2012
1706
3353
3858
1909
900
450
1160
3676
2599
1424
2564
4002
3260
3571
2967
1773
440
1857
2258
2675
917
1198
3358
37
1351
1361
2747
3062
2087
317
1614
3515
365
324
467
3546
3686
561
3561
775
3628
1891
1179
1803
961
1682
3224
3123
1640
2525
3228
1110
1403
2758
2786
1363
3152
972
269
3394
1414
1336
3225
1820
1969
48
4010
36
1621
946
250
3777
1881
658
478
730
1875
3558
3738
2083
1152
2120
1214
2780
313
2861
2013
2293
1538
3747
2764
781
2375
3031
2159
2783
1232
2283
1343
546
527
4045
2265
887
2178
667
2547
2566
1292
1354
3988
214
2666
3128
1968
3835
394
1508
158
1669
459
2578
282
3956
2625
1785
311
2463
289
3862
2294
360
3389
1552
3272
3641
1466
1432
2381
1865
3370
2096
2695
373
2554
3935
2336
540
2439
303
3560
2058
1329
800
3454
2648
3775
653
1308
962
425
3714
1255
1199
62
446
3481
2749
808
1851
1235
1595
663
2985
3371
1927
2241
2629
2020
1442
1472
2402
2326
832
3953
2628
862
3616
26
502
3632
2775
780
2821
599
2024
2791
267
4064
2738
1339
3555
3658
3235
529
2038
3697
1900
1478
1789
938
3132
2040
3985
618
2919
1312
2638
1444
1224
643
1597
1915
1970
1208
1405
1989
1465
3339
2924
2654
1372
2360
410
3536
1386
574
2368
2539
131
1727
3032
543
1645
2711
1668
2562
2912
3112
3059
256
2773
2051
4079
1521
1106
882
3390
3975
271
276
3913
1429
1873
1635
221
3421
1858
2914
281
1684
2235
3542
616
1309
2440
2388
1565
792
1975
2290
3776
1765
3166
2062
3133
1288
858
3916
273
4009
3143
1988
2139
424
30
3731
490
2926
2205
3480
847
1514
735
759
2729
2904
711
4070
2165
2898
3764
3054
1459
88
2653
3009
3508
2550
2774
3845
3959
1196
1711
312
1132
2397
307
2593
3019
655
3126
346
1080
2933
3516
2338
2254
646
1102
3190
201
957
323
4056
2008
536
3566
3809
4076
1698
46
612
1029
1071
1009
3572
1085
167
967
3548
1664
3210
1504
2055
537
1286
1953
1302
3781
1486
2696
4019
670
2658
1585
1097
2511
3934
3987
1732
2528
3034
1819
1945
594
2851
2457
2613
302
3741
629
2047
1976
3885
1148
2476
2732
1618
3278
1762
4042
3773
705
1729
4082
2410
382
1205
1911
1341
2025
1594
3692
3170
3651
3727
803
3151
2989
2238
2857
1926
3889
1249
1092
3609
59
3859
3448
1760
3110
2624
1723
3799
2430
2760
1842
2111
1228
3343
2818
3040
3771
1994
1239
1495
3289
517
855
4013
2740
634
2242
461
3335
3920
1568
1768
220
1075
451
3841
2828
54
1654
3843
31
50
1482
525
1677
2069
1010
1648
378
3774
1144
2608
3118
3464
820
371
1315
3923
93
2704
3811
1453
2074
776
2416
2201
173
3557
165
2448
3601
3638
694
823
1954
1930
3476
115
1107
1230
3362
3042
1862
3630
3981
215
1257
690
2736
1804
3431
3853
532
2762
3569
1454
82
503
3947
2414
734
1854
2313
1791
2835
3768
2278
861
2803
2949
2951
2745
2596
3146
234
95
1719
632
881
2605
755
3996
2481
2157
2770
986
1079
1616
3519
1093
1269
3324
619
937
3660
4089
233
2776
1817
1574
1837
3078
2595
2119
2731
2342
3139
2900
2413
3974
2352
1184
3315
3316
406
2594
1630
2582
2127
4058
2091
3321
1986
3247
910
2956
1707
3346
2389
3619
3787
3691
2209
1492
1216
2492
1626
2351
3164
1551
3131
84
3492
3663
2688
402
822
3549
2097
3854
3347
509
631
1318
389
1353
119
3470
3499
3267
2188
2444
301
2155
3568
2679
811
3397
2928
2802
717
2030
2923
923
2971
725
1131
4008
237
2707
2756
787
1490
2759
447
1017
3461
2631
2590
2065
364
3785
3257
608
1735
3995
3200
3022
3942
1781
2875
1542
1142
1332
770
3551
2788
1207
2833
1043
1260
1270
3422
2202
3573
2506
2433
1730
617
1285
2737
749
304
635
2287
1606
3507
151
2644
3483
4032
644
390
3345
979
1634
3471
789
702
720
2491
1906
1022
3948
253
3205
2216
261
3611
2685
3603
441
3333
2393
3065
4054
2019
6
4046
809
997
1083
2291
1810
351
2061
265
3757
3351
1553
398
1477
123
3709
1041
2820
2203
3770
1334
2032
3241
2424
930
148
3649
3227
1835
573
3378
135
2464
1379
15
3954
3455
3661
2124
3230
3306
1033
2168
1206
3547
913
2014
731
907
4029
510
3986
2840
3277
2425
2865
1456
1037
2532
2540
1056
2494
2140
405
2125
1934
2079
1984
2272
2315
4018
607
1556
3327
2490
2535
2046
890
315
1750
2445
1874
126
2947
522
2331
845
2544
2345
245
454
682
2910
4027
3643
949
1311
824
1401
2211
329
3656
366
236
3678
3910
1045
2682
1248
1384
750
1894
1473
3710
2930
2340
1823
2323
1923
2446
4050
3518
2962
4091
487
2488
3366
1013
1809
248
1961
2581
1348
691
150
330
1885
225
2693
2148
1480
2301
2708
848
2792
3912
3195
38
2484
1275
1901
1068
2036
656
692
2394
3695
403
1357
1256
3248
940
1991
1579
1569
2095
936
1
2963
1830
413
2717
1741
982
1859
3870
1294
3141
1949
254
113
3647
523
3239
325
3111
719
2866
2754
3780
1280
2996
2934
741
3794
1430
2151
762
2043
2510
642
1458
2114
2733
790
3716
560
3052
1222
3163
2406
3319
3991
1392
1596
2636
4023
533
2186
1320
1580
423
74
3594
592
1850
159
4074
1035
969
3194
42
1916
2627
718
1703
948
2612
328
943
2267
2983
1856
332
2183
3932
318
1289
2903
2071
3807
1628
2412
712
1829
1826
2438
1400
3271
3826
3261
296
919
732
547
2116
2838
3051
2170
1164
1757
3432
2814
3120
2152
2364
569
3838
1999
2941
2219
1497
1251
2656
1246
482
60
893
3050
2573
1624
1051
2477
3418
2701
2318
945
1004
794
77
2356
2411
934
2810
630
4066
988
1836
2714
1779
3280
1550
354
3744
3386
2640
975
942
339
3444
2687
3158
1764
420
3183
124
3320
259
479
3014
2822
1377
1502
1897
2128
1861
3517
2052
3138
3698
3618
3927
3701
3666
3846
3265
1896
1090
387
2741
2026
435
649
2988
783
2474
3745
217
196
2489
3264
1530
118
2920
1173
2163
3295
974
2837
2959
2269
3992
22
2831
2092
4060
613
3179
2009
3524
2102
3945
3222
39
120
1485
3395
342
3474
606
249
2569
288
1806
3203
1044
163
2426
1412
3196
445
1211
3140
1153
2589
3355
864
2361
1243
174
2977
1672
270
874
3094
1100
1543
3648
1215
3030
1665
4048
1883
1713
2987
3033
829
1601
3965
955
1134
1105
3842
2597
2387
185
2184
3604
3475
176
3494
3597
1558
172
2913
300
1032
591
3125
3063
1825
1743
1798
263
3004
2809
3360
3990
2250
2039
844
199
2041
1849
2086
3617
2716
1418
1541
2816
1522
621
392
2997
2902
1570
3318
3249
370
2059
166
1893
3894
212
3401
1306
3533
175
559
1250
1656
743
2286
2784
3999
144
1680
3090
3367
2899
3420
1096
2306
1813
3368
958
41
2233
433
3005
1919
2007
2896
3066
1903
3361
3119
486
2516
1402
2462
1831
78
3961
2567
2908
3469
2829
3352
4078
3659
935
480
1679
3028
798
3070
1509
1237
2514
216
1483
2198
1563
3725
1467
2860
1143
1636
1576
1410
45
3503
2611
3204
3873
3943
2927
3057
2437
782
1728
3262
1693
3441
3160
2871
1888
1607
136
3791
2872
2423
1219
950
258
652
1710
2883
2922
1921
443
2603
3969
534
2645
3952
230
3385
13
951
662
192
3938
1369
2004
562
3462
485
1832
96
1040
2486
2958
2314
709
2005
1058
1221
1786
3532
3372
2801
3593
1367
2548
1958
407
3293
3149
953
3673
3076
3820
3279
475
396
470
2305
3364
2974
1608
2572
492
49
2048
2579
2785
476
1939
1828
203
1853
1154
3192
1534
2325
2251
231
2385
3145
3633
2836
2320
3129
3101
654
2718
821
2257
3233
3804
3259
458
2873
3105
1747
138
3446
3374
1561
3897
1979
1052
3830
1650
1801
439
3038
1959
316
3456
334
1913
2033
4001
664
1491
1443
3876
0
2621
1967
1213
3930
624
1116
442
1014
933
338
627
1345
3681
567
3690
2870
224
1282
3730
1867
2473
1481
873
1816
1114
1365
2495
1525
3724
1326
3719
2619
4051
3425
2415
1739
2970
2327
1129
3708
614
2584
3269
2367
2212
481
428
2839
1562
2668
3113
460
1536
1914
1076
3291
1007
2807
426
1863
268
728
1510
1111
1298
4
227
1676
3049
2045
418
177
3795
3939
1957
4043
2846
2765
2795
1622
924
2224
4057
3635
3909
2239
3258
2261
3403
251
1158
1383
1688
85
1344
505
11
1426
3175
474
374
344
4005
804
3408
1500
920
2063
1841
1647
1263
784
1766
1335
206
773
1030
145
1918
2134
3376
671
1718
1189
348
2054
2099
1971
2867
777
3428
2868
191
1088
817
2396
2986
188
892
3334
286
2574
1935
1660
3583
2056
3018
3064
2886
3162
3629
3495
1763
3106
1877
3092
3905
3958
1034
3940
2757
2081
531
2512
3589
3642
1342
3726
3468
484
3585
1526
121
744
659
2194
3674
169
595
3564
2606
3944
2427
603
1748
3229
3779
3427
155
3285
3581
978
1202
2085
1082
2735
3621
1362
218
2616
1390
94
3534
519
3796
1151
2328
2308
3798
2021
2505
4049
921
3155
3563
69
1123
1268
3168
347
1516
1305
2538
739
3869
1231
2884
2853
2942
3167
1700
2798
707
3718
2180
2253
581
2016
638
3404
3209
3694
2834
2705
3898
2453
3978
483
1702
1501
2226
3350
3487
538
939
2456
1699
3888
2459
1548
3
1670
2545
3983
2690
3737
2591
3683
3864
2298
1484
2585
81
2355
2999
3282
493
3715
1603
1578
3688
2772
3602
200
2768
2892
1625
1776
1398
1869
2670
878
2720
1101
3840
609
3007
35
2499
3540
4039
2852
1355
2288
1946
516
633
2680
1089
2029
1146
2475
2172
2053
2432
1620
3067
3530
3075
2722
2604
1149
98
125
2156
1295
2519
2347
2797
472
2699
977
3006
3423
1095
3176
3303
2309
869
1942
3552
204
2281
1629
3852
2750
2888
3506
2064
3890
1150
246
415
3450
379
3829
1012
3728
767
2162
2748
526
2441
1517
1241
2742
367
2067
1943
1118
2905
2703
4053
3098
3805
2002
335
766
854
1908
3117
583
2978
3232
3048
1397
232
2610
2968
3877
3520
80
327
3790
666
1686
243
56
1307
2952
1103
3344
2244
3377
3696
3326
797
3266
368
3966
3024
3925
2268
3243
1461
898
2469
1266
1304
3839
3300
2694
888
3577
2094
1420
3743
3413
3615
1840
500
2147
10
1194
3256
1598
2023
1276
511
2793
1572
3626
209
3023
3284
1658
2844
2728
3165
3434
1291
1619
1057
331
2592
2371
588
3682
1905
3439
3977
2665
2146
3867
1225
1381
1833
1800
1638
849
1427
2938
105
1973
2719
3570
752
2673
686
1393
3211
3463
827
3767
610
1145
1259
305
2101
1761
455
1346
2659
1048
1240
252
2240
2429
2863
2117
2561
2348
2115
3398
2227
685
4092
3298
2442
2187
12
495
1290
1468
2237
2856
3043
886
2869
16
1749
2966
110
2710
3582
1783
1995
1533
3473
1137
1637
568
772
2458
3801
3039
1663
2827
1716
2199
130
1331
3238
3693
2292
3818
676
3706
2964
1176
4067
2259
3276
2577
1951
2995
2576
3322
3037
3173
1769
3899
2878
430
195
3596
1904
2073
3689
3479
1675
2559
1972
21
436
3354
2142
1156
3323
626
683
647
1423
3150
704
2154
530
3973
2646
597
2466
3907
3872
3722
198
3102
927
1964
3717
768
1834
381
1871
193
2210
1910
535
3270
3296
3286
1955
2643
2994
968
24
1117
2436
3313
2110
3868
2141
1109
499
2422
2891
2855
959
3273
2302
1218
669
645
3053
3008
1673
2050
71
3578
1407
508
2522
3082
3337
3623
1244
3624
3971
228
1476
688
411
1623
3484
895
1604
3490
1838
3308
2534
2103
1882
3287
793
4024
904
3831
3748
257
2507
2676
2727
2841
414
362
1001
4040
4062
272
3760
2769
2398
1494
99
715
3274
321
3525
3297
4087
3180
622
3887
2660
76
4044
2520
2570
350
3245
1839
3976
1920
1296
1438
3878
1547
2145
1704
3409
3465
1855
506
3514
4084
3957
3047
1899
736
2255
2485
3396
838
3553
369
2808
4003
3931
291
2530
2182
2600
3584
186
2965
14
2266
1775
4015
1756
3980
3837
2787
2830
1448
210
3680
1166
3443
2109
3154
266
1073
3430
1581
675
589
3010
3497
2420
2334
1722
1879
40
1864
1247
2960
760
235
3634
3644
2284
3121
2218
1185
964
3655
1758
2858
3556
1577
3091
2329
29
3640
2322
4012
3193
2090
1872
840
3026
91
722
3993
2214
1204
3127
1777
1086
2339
1059
3825
2174
2602
1599
1617
3591
836
156
2976
3598
1690
2917
2549
2409
1860
2161
3789
2223
1165
846
18
3253
3104
1498
4025
1641
2811
1902
1792
1417
3407
226
2635
3652
2940
577
1360
2779
1070
114
1112
1310
356
1966
17
3735
1350
2176
2383
932
883
431
3414
2502
1737
2262
2661
58
3955
1220
2035
2973
2848
3056
2498
63
799
2672
565
993
3732
807
1982
1751
2713
4065
1876
515
757
710
746
3539
3863
1060
2981
852
3281
2909
161
3402
4075
1591
132
3221
3816
2935
34
4072
3587
1948
3941
3933
1016
2137
2642
1409
1489
834
1515
416
194
2684
2000
3061
678
1653
3436
3108
1297
3095
1812
3850
590
2282
3220
1330
2598
1787
309
733
3917
1254
471
292
2195
3003
2697
596
3699
2344
544
1182
1990
3600
2181
3800
1573
3911
1245
247
2751
3021
4030
1549
2231
1633
2560
716
2806
2312
1321
1474
2794
1136
3762
1253
2084
1434
2392
906
1962
3415
3058
2169
620
1359
1168
3012
3124
28
2034
1965
51
2358
871
1780
2076
3808
3036
3314
4035
3391
1907
578
3670
1932
2279
101
2113
2470
1947
1977
2337
2275
3766
3447
1925
219
44
1047
285
1824
2330
1317
1265
3608
1701
833
240
3989
2702
1140
3753
2546
3712
262
1462
774
2311
275
751
1325
3836
1081
2877
1104
3723
3442
3538
1447
3668
146
3317
1661
4021
3223
2044
3752
668
1963
3523
3365
2626
2667
3156
2215
1366
501
801
3750
1094
520
3500
2936
1539
3107
1327
2264
2037
684
375
4059
4071
1788
3169
1261
2715
1705
3949
3902
1371
1115
187
1815
1124
3814
3778
954
3458
2880
2563
1470
3654
1236
3207
1814
3914
142
444
2377
870
1493
4093
2465
3963
341
2931
152
3187
137
1223
721
1479
4004
3171
2200
1507
2107
1039
295
2980
1159
1639
8
640
2382
2472
851
3733
116
1233
2944
2001
771
1782
353
3263
1031
1784
1287
1774
3147
879
1987
3783
2299
1463
1734
1586
1316
322
70
2221
1177
3505
1011
1190
1843
1195
1188
899
3529
434
1003
3919
61
1072
1181
708
359
843
2954
3565
2100
2027
2558
3288
2060
880
1724
3928
585
850
1067
3937
1358
1600
3574
2845
2450
2366
891
3088
2730
593
189
432
4041
1314
3754
2017
2144
1157
1084
1944
615
463
2895
3488
802
190
384
1019
1171
981
274
3896
4007
1226
1726
514
1099
3550
518
2555
812
157
171
380
1319
556
941
1028
4069
1020
1324
153
2273
3025
1890
991
3445
277
681
1046
1649
3646
1685
3592
3380
3606
3002
3625
2028
2813
723
2335
3671
3729
427
2817
558
3348
2098
566
1191
2108
2022
2460
422
2782
1061
2551
2158
1005
2049
2799
680
3087
2243
3810
1540
294
319
345
1755
3904
1078
1738
3188
1406
489
1172
1347
141
202
507
3198
1506
1396
162
837
1271
1440
2370
2373
3496
548
4000
1884
1742
1416
3185
488
1062
901
700
3803
3769
2937
1528
3531
468
3237
1161
299
1593
956
866
3069
3528
1422
2206
3575
1714
1170
2615
2897
408
3302
2333
1284
52
464
2874
7
965
1098
1077
128
2531
2122
3100
611
3657
1313
598
437
1141
1659
2686
2451
1193
108
1027
1055
1938
1811
4047
107
2992
2552
2990
1937
1435
3055
3946
298
2609
1178
184
1519
966
570
3580
2229
3972
2230
2483
399
2192
213
3460
1113
1627
3679
419
3234
3336
542
1053
1050
1878
1666
963
1382
835
19
3177
3081
2185
3817
3705
512
3440
1197
2752
3000
1936
1449
3921
857
2077
2232
753
2078
3881
3968
572
3511
929
3478
308
2663
992
3891
998
1024
326
1122
149
211
3153
2620
3918
2984
779
3857
3834
3982
1421
2876
1212
872
20
2149
1555
3763
2082
875
1127
1227
651
557
1740
2826
3080
726
714
1174
1681
2622
1745
25
1147
2213
2379
310
1262
3824
1652
3379
1217
3758
706
3832
3275
3922
1264
791
825
2805
3412
3979
2800
2607
3086
586
1532
1505
2493
2225
2982
1694
363
778
3997
2346
1770
1531
3821
3700
2508
1210
3363
337
1441
1524
1283
3268
3453
67
1437
1992
1795
1139
1252
3860
2771
3711
3020
1064
2991
769
3029
112
1038
2823
3375
687
1373
582
1560
1537
244
1300
2542
2353
1974
2529
1503
987
3962
223
1299
3084
3812
3819
3815
1274
2568
3491
2726
421
2307
2849
2365
1983
2447
2431
55
742
3340
1200
2173
2517
383
3191
3254
3880
3703
674
650
438
1167
170
785
1338
545
3197
1922
3545
828
1387
764
278
3137
909
1258
587
33
2075
1203
3883
806
3653
3001
3713
765
2843
4081
3011
1610
1564
3501
65
1697
4088
2778
3786
3466
1646
1464
2523
3884
2946
1126
1691
83
3554
2950
1511
79
4063
2070
698
2859
2824
2376
2234
539
57
3216
100
3392
819
2664
182
1025
3567
3417
2681
3349
657
388
1605
1790
814
297
2712
564
648
3309
928
376
1709
2270
818
1583
453
2961
636
2461
2953
4052
2196
1559
290
1119
1273
2587
1889
3541
2815
3089
4011
867
995
1892
87
3994
2468
208
679
1753
2634
1455
1924
2698
3161
2204
3605
1683
3906
1567
3650
2945
601
314
497
1395
3756
541
554
3607
139
2847
3148
842
2725
1074
2166
1956
3467
1772
3213
2435
2916
2467
830
3509
3951
4038
980
2921
1380
1475
3485
