3663
408
664
700
646
3767
1882
1419
3584
401
3444
3488
2781
2437
1966
1975
1099
1259
2360
2618
3881
1246
1434
3173
3995
63
2013
3502
3552
2545
3518
2187
588
2782
3149
913
1386
763
734
2211
440
3745
3794
3655
2033
1402
2646
3541
2908
2918
319
807
2802
1826
1840
3204
3207
3017
648
952
2708
2550
2322
1914
683
1811
1382
1799
1198
3039
2508
3198
3929
2992
2945
2249
1324
922
1630
267
3044
3973
2171
3272
813
965
2048
2514
3368
3913
3343
2696
2956
2316
1397
3837
1042
2113
2274
1000
1489
1048
313
2440
3698
3689
15
2998
54
1494
3753
2259
1322
3892
1194
2381
930
953
217
22
483
989
3783
1730
1620
1969
707
2903
347
3284
1279
562
835
2287
67
2679
1012
1257
3498
464
104
382
2772
1090
3996
1019
2784
893
284
1423
281
2509
3334
3880
1694
2810
3736
3595
2964
1173
3013
3846
3708
379
3392
2926
3596
2714
1152
3645
486
2214
327
3826
1968
3279
221
3748
324
3970
2703
1349
1947
3014
971
2271
3744
3455
2979
3515
14
1709
1927
1884
2331
397
1486
3174
1524
395
2481
2478
3628
775
789
3318
3009
1187
1240
3751
3854
3631
2277
2521
1536
3922
3532
473
1495
3426
974
760
3823
1517
3747
1917
2659
750
2100
3772
2043
2723
694
3448
2311
1956
2282
378
743
1992
2434
3084
2573
2640
3390
2863
1436
4085
1416
272
628
3417
1749
2026
1366
1580
1654
339
3908
1784
680
218
1541
3180
3157
1237
3519
3697
2621
1571
356
2148
843
1252
1659
1375
1961
1363
4033
3916
803
2028
3324
2496
1311
2534
3947
2547
1742
2391
3770
51
326
1609
3234
1466
277
514
908
4054
672
3205
424
2399
870
2466
573
729
689
1766
662
2856
1743
3634
2799
4053
320
3650
2124
1959
2921
2770
2332
3422
1820
1773
3492
431
1371
2937
1241
2849
505
861
1084
26
3610
2351
1589
2103
630
1871
2074
3978
3291
2734
2532
4066
2260
2765
3061
3950
2960
931
2599
1395
467
3103
3550
3514
3413
3145
3924
4031
574
1985
856
3184
1699
2435
2706
2500
4041
3315
883
338
3785
3505
780
3130
805
4090
2272
332
1045
1011
1306
2101
1344
723
2441
2977
2542
3774
3531
634
1841
1134
1608
777
3506
1355
3572
1955
1148
3219
1911
193
2636
3891
3749
520
216
2699
1218
1036
3070
3393
1511
2976
541
1201
3439
909
3124
2536
825
3791
2417
1250
2561
4091
1006
134
584
1415
1508
716
3031
1284
3232
2430
3872
2239
3917
1315
2006
3611
1123
4050
3380
3646
1108
2180
2031
2591
2372
158
3648
354
2593
1759
2987
3270
2645
2672
21
1044
994
3944
2766
1066
852
2250
1864
535
73
3720
3358
2419
373
3036
370
1533
1895
3486
241
766
2749
442
18
2409
1391
1410
1277
1362
1368
2864
3362
2357
2323
2428
4006
2222
2295
963
3490
2111
2081
1520
3365
802
1378
2392
256
2798
1815
1996
3452
3670
4
1350
295
1804
1593
521
2217
220
3240
937
2497
154
1428
598
1674
1814
1534
2310
1340
3778
783
2312
1685
17
2588
2305
1338
89
886
3683
1182
1020
3303
1298
3170
407
3357
2199
3093
1472
3836
2680
1894
747
3040
583
1783
3818
4052
955
1995
1418
2025
3104
3653
2557
2015
2279
2570
2502
3415
1768
2348
1816
545
2341
3100
3080
3024
973
2299
1998
3575
1470
1617
3915
3236
1925
1263
2420
2023
2515
3221
701
3695
3592
1627
2760
1435
964
2405
1651
3447
2425
3285
1097
3052
705
3127
3543
1047
2780
3889
502
1473
3342
3438
364
288
3248
1647
2480
2227
3215
3614
2142
462
2854
3445
2215
3113
303
1351
3064
392
78
4064
1126
2334
1958
2580
1632
31
3165
3555
4092
3755
3341
2386
2084
3371
1897
1328
353
2265
882
3322
3983
1997
1196
415
571
2257
1922
3605
2797
1056
3155
1431
3934
3491
2394
3912
712
784
3319
1151
885
850
2012
156
2607
2948
198
1424
3702
1095
2248
52
3967
90
2208
1231
1302
934
292
2652
248
209
2754
4069
2055
566
3501
1411
1161
1625
1364
405
3131
3167
548
297
2615
1704
3945
3212
3982
834
2465
957
3659
3386
2975
3377
1177
3969
3807
3510
269
1532
4018
3295
3537
1716
3500
3851
2016
912
726
2037
3804
2694
2983
2973
3153
4094
2189
2628
3140
153
2972
935
3308
2821
1974
3374
840
4035
4020
3244
2077
1940
3679
2424
1802
2728
2458
3158
801
83
1341
1202
967
3188
771
1086
160
1442
2539
1893
2427
393
112
688
590
2413
615
2892
3567
2758
2439
3517
2507
617
3764
3739
3401
2104
1777
4003
2141
1701
3910
3311
2929
2261
2244
4093
1005
3714
3941
1125
1889
3664
3496
2717
1539
1754
1024
2471
2194
3123
2527
3196
3119
449
3858
1792
1068
1885
1789
1706
2198
477
1983
4074
1087
3419
1106
1014
2651
3904
1977
1907
3717
2867
3874
3359
968
2520
273
441
3385
1936
3658
2070
1963
191
1356
818
534
250
2681
4088
1660
1668
1672
1530
1179
2396
981
576
2330
3239
3601
340
814
1433
391
894
2927
3301
2866
2809
245
3045
737
873
1155
2742
1769
1336
3436
3263
3468
2382
4027
2952
1333
2511
2968
1610
499
2359
2368
3936
2533
1967
2284
1507
887
3576
404
1558
4014
3616
1809
1721
761
2085
1599
3615
3294
1693
131
1913
2263
3672
2353
1091
1221
459
1744
745
1877
2996
2858
1623
890
714
3882
3597
1970
2722
1163
1873
3637
1837
2655
1293
3763
3632
228
3665
4007
244
3649
1770
4009
211
2811
3700
3709
3795
1476
2774
3873
1867
831
1825
1457
1008
1513
1229
3105
8
2732
950
848
637
1398
2106
3449
1353
1465
1760
1765
3011
649
2158
1771
2890
359
1313
475
3716
661
2317
1823
3337
2350
553
1497
1406
2376
682
3556
1565
1807
2446
1103
3923
4078
334
599
695
3703
1986
2946
1292
2578
2185
2092
1601
3669
1327
619
335
665
2209
2869
1989
786
2402
1663
3939
1420
830
189
299
1579
2982
3901
3948
3493
3819
3884
3813
1046
3379
1590
1566
3690
2988
3750
3926
2663
3997
3678
3624
3829
290
2027
3992
1905
1131
992
1057
2364
1717
769
4072
2594
59
3527
2791
3877
2088
2947
3777
2354
3728
1153
1210
2143
854
3217
1448
230
4071
145
3019
2246
2220
2172
428
2426
25
3133
2752
1377
529
2448
1130
1054
2472
3278
559
2366
693
19
1193
3657
3524
3568
3446
606
5
2848
1813
2388
3925
3349
363
2289
888
1445
2153
1404
3168
61
1176
2705
4057
123
298
1836
310
811
3246
143
229
2970
2232
1503
2136
3187
3768
4061
1607
1854
3186
577
609
1551
563
731
1074
1143
2720
620
3400
2899
2993
2060
3953
1304
3432
596
1545
1077
3721
205
896
3562
2625
406
2207
954
1924
1803
907
3366
3542
3560
37
3391
4068
567
1646
851
132
3816
568
1462
13
653
140
202
3254
1219
3049
171
1683
3928
2610
1033
2932
1009
3570
1482
3671
547
3536
2336
3163
1874
3756
3053
2093
1793
1931
500
3938
2779
3015
1122
2064
3396
2590
206
1835
2522
394
1191
2759
684
3981
1869
2678
263
2071
1658
1788
227
679
1741
287
1156
2935
650
3627
809
3805
2671
2689
2503
4055
417
1138
2423
582
2474
1714
138
3331
2182
3209
2683
892
2276
2442
536
1450
2438
1022
1578
1740
2768
1139
1918
3862
108
3833
3300
3138
3378
3089
380
593
1684
124
3216
4008
878
111
2726
3146
2595
2724
2457
2079
1129
993
3068
2247
2923
1037
2371
2395
748
2345
3006
3218
357
3389
3126
2540
1280
2631
612
1592
3538
3547
3821
1899
4010
3317
3623
2297
4046
3883
3583
2401
1990
333
2889
2378
1267
2008
1586
2433
2901
3160
3994
126
3523
1606
3897
3622
776
249
1596
949
4012
183
2445
1954
1764
939
2117
2888
3443
644
411
2176
372
3159
3801
3464
2605
285
2830
1083
2443
1217
3060
1295
3189
821
1544
2906
1891
1038
1334
1669
1296
1727
2603
2777
76
4086
3306
2560
962
608
173
1915
3441
3472
3456
2489
2233
374
3361
4048
2843
471
1389
2868
676
3363
177
3580
2581
659
1220
2684
1800
3741
539
3230
2743
2933
1181
1738
3900
4051
2840
3814
325
1680
2476
564
1207
3480
3815
3706
2238
2602
1023
1299
1522
1618
654
190
2657
2969
833
3879
2695
487
3914
1189
2090
239
1102
3719
768
219
3350
3083
3742
3273
1595
3072
1192
2574
3586
2567
3096
2099
2484
3085
66
3007
1195
1016
1270
2411
317
188
2629
2842
3477
3828
422
3608
3296
2134
2451
2841
587
3453
2729
611
1072
3382
1417
1979
1329
3302
847
1271
1505
2764
826
669
897
3079
1188
2129
772
2568
2107
1604
3998
1567
2285
2024
152
2554
291
1396
1374
468
904
2477
2487
2697
1227
2119
1556
3571
1928
1655
2944
2709
3961
3208
3909
2955
3529
11
3987
1939
3107
3224
2318
991
2815
2855
2415
2894
871
1488
3050
2510
531
2951
2034
3069
384
1414
3811
2160
2325
3633
3252
302
2844
2874
387
1483
2021
3470
3282
3875
1458
2984
1394
3602
3582
1174
3251
3865
3214
1226
1753
507
1253
725
3603
271
2365
787
3327
4036
1845
666
1670
247
4076
1162
2328
485
3512
2412
1559
3110
296
1935
1199
2670
866
1301
1860
998
2204
1052
2897
3629
3269
1170
1734
4077
1934
1852
1577
2309
3991
3857
1307
2814
1071
2118
1526
2870
4042
995
2061
3021
2078
2267
1146
3429
3577
3151
3561
1876
996
2957
1487
1581
1615
3499
1550
178
119
3047
1004
385
3424
1821
3958
3403
1537
4024
2796
3765
1688
822
2191
409
3
2846
1035
2091
3440
2463
589
165
2873
3394
270
543
681
3966
1111
1519
3431
3687
2682
226
3312
1063
3410
1644
3902
3734
3025
2537
2096
262
2727
1573
2056
20
1067
2828
625
966
1780
46
30
984
3442
674
174
3727
1291
1285
3077
3971
2911
2887
2333
41
1186
2857
413
2891
3957
3411
3134
1638
498
1965
1561
1105
2275
3466
94
1256
1337
2221
1543
3666
2307
3088
2813
40
2155
2608
739
1890
1403
713
3625
1948
3114
2410
3599
3903
765
2422
1469
3154
3864
2121
1096
1523
3054
3692
3029
4040
2051
115
839
252
2914
2210
516
2658
979
1994
796
2606
1518
1528
2252
3847
1076
2577
2183
2673
3136
785
594
93
2736
635
1484
2044
1972
403
2551
3579
3001
207
135
3574
3062
3002
1274
2178
24
3156
3988
1829
1332
176
1343
3861
1555
2095
2785
2193
720
1786
3106
2896
105
3832
96
170
877
34
2140
2795
276
3474
144
151
1866
2149
1878
2564
457
2601
977
2490
139
4025
2713
1868
3990
2290
2847
222
1758
1858
3859
437
2326
2917
2197
1245
3711
3353
696
3407
3241
3016
999
3330
1251
1901
2296
3161
136
1208
127
2358
381
1824
581
523
3495
1842
3656
2922
2268
3058
1409
3339
2505
1542
1258
3092
142
2839
1061
1856
2543
4039
167
2216
1781
798
1847
3725
2498
438
1452
3564
3798
72
1875
3220
1725
275
901
237
970
2072
711
2493
3022
1785
1585
3782
1496
377
2938
2184
853
7
2719
283
1141
1525
1093
57
727
2019
1451
869
3402
3724
645
3223
3888
469
1949
755
808
2702
3965
3526
146
2356
2157
2429
1504
3375
2999
1115
3937
1980
1467
3125
344
3784
2397
1269
1003
49
2242
414
1774
2062
2067
795
1795
764
1631
323
1574
1598
2499
1200
1183
3786
1013
85
470
1673
1212
2526
1286
865
3078
368
2635
489
550
1957
891
592
2803
3004
416
1031
2483
260
3459
130
1662
3738
3852
3593
3713
2017
3152
2751
1752
3870
898
3051
4029
2633
1427
2614
3102
874
426
1960
3478
2838
1485
2704
1696
506
412
1568
2942
1614
1790
3563
3292
2666
3621
2314
1430
2116
314
528
3247
2525
1564
752
915
3487
3860
162
3553
3250
3395
3190
828
3780
2226
1509
3063
823
2884
3192
42
3035
1649
1007
1460
346
2851
2686
2340
2654
3620
355
2744
1943
3128
3898
423
3213
1731
538
1904
1028
2835
3919
2414
2168
1751
1806
1474
3578
4067
1384
2562
673
3141
10
3546
1082
2298
2531
2146
169
3681
2132
2408
47
274
1116
3539
638
430
2693
1708
3932
1228
3206
1385
3166
3425
518
4084
509
1549
820
1671
3469
2255
2262
1379
670
2907
3907
1204
3286
2407
1132
3618
3171
1094
510
1557
616
2163
1114
663
1984
3735
1373
1912
1062
2010
3364
704
1319
2346
2001
400
3191
360
1818
1953
2971
652
1025
1896
1929
864
1686
2114
1001
2740
236
512
410
2661
2195
542
490
703
456
1639
1697
3979
2319
3894
3589
3008
1746
2212
2369
3137
3404
3005
4023
1323
196
48
2007
686
425
1120
3899
1881
1675
3376
1002
2632
3222
33
2032
3178
569
3435
2130
504
3803
2690
3565
224
2862
3511
1512
2995
3743
3028
1732
458
1603
3101
1073
1376
511
533
3789
1079
819
732
2073
420
3974
3277
2349
2620
1677
307
1262
2308
3609
3701
2546
74
1865
2712
2519
3895
2162
2997
3423
3976
2459
166
1412
3569
1314
4081
817
932
32
3548
927
2953
2660
580
466
342
3143
2548
2767
1167
976
2668
1700
3338
2616
453
1478
928
3412
3201
2916
1159
3644
3179
2895
3242
2082
2234
3722
3462
3164
3467
55
2190
3962
2667
730
3259
399
3759
2120
3332
3225
2283
1331
1109
234
2739
2990
2384
1145
2648
3810
678
3954
2963
2014
2829
1205
2355
2707
495
1124
972
1602
2677
2231
179
2150
282
2790
618
1273
258
717
1112
858
862
1626
349
1491
1232
527
2047
318
549
75
1493
322
980
3787
842
2549
3033
1527
3043
985
1294
3793
797
906
602
900
2324
1422
3876
2347
2920
3551
2049
3073
1157
113
3930
4087
837
2154
540
1553
746
3545
2685
537
2251
2833
2816
91
2865
3305
3661
2837
800
1437
3280
4083
1832
3416
3329
2406
3098
2201
4058
1575
2152
3760
2004
3949
23
742
2958
386
390
181
1316
3667
1757
3604
517
106
1883
3508
961
1855
3032
2035
494
1597
2335
306
56
2656
3535
3890
3169
718
2083
2270
3387
2576
1562
738
3000
1703
1796
2281
1043
433
1726
1724
454
3705
597
3612
1320
1058
1236
2715
2596
2905
3682
2
2473
2460
3788
2020
1381
3348
2192
1982
2584
2151
1369
3144
2241
2229
1140
3878
3769
3243
2523
3409
741
3355
4043
199
53
3522
2733
376
914
916
1360
2400
2089
3853
2771
2823
3886
958
3790
1547
371
1583
3686
2936
792
3590
1029
2292
2556
155
2467
1492
434
223
2431
1346
902
1282
2886
1326
6
715
2800
522
261
2452
3150
2967
3842
2718
2885
1481
1962
2379
375
2202
2080
163
1666
3956
2086
2642
1857
2530
493
3275
3935
2228
929
2380
2569
3202
3066
790
3840
1283
1175
946
1506
3369
4079
3534
640
1276
2639
1354
622
1171
447
362
80
2375
2245
1641
44
2637
286
1034
1622
759
3235
2665
1461
3082
779
2985
2097
2039
585
3347
3817
1933
3352
3955
2822
2075
279
1444
4037
2611
3304
3986
1698
3707
3581
1942
951
1964
3056
3617
736
2175
1281
685
2174
448
1932
92
1209
3573
1613
827
161
2264
3781
1843
2147
242
125
855
3647
3309
2819
2725
1653
3643
2240
1681
3850
3067
1026
2769
778
450
1214
4075
1128
2294
1920
4016
3677
2737
2909
2253
103
1421
942
1249
187
1572
3297
45
3293
3776
1661
2030
350
2931
64
632
2850
875
2109
600
2634
2057
3298
3264
724
3809
2337
1287
3109
2421
936
2966
1944
3010
3200
1380
774
728
1652
3373
838
1358
1357
1388
2617
1991
1015
2491
3822
182
71
3606
2928
3454
793
1243
2698
1443
101
919
3091
2836
2638
948
1888
3316
294
1650
943
561
3630
1605
3457
3465
444
3504
1745
200
246
1490
2377
1142
118
1612
1211
1779
3274
1051
749
2604
3139
1853
623
1664
238
1628
2042
1851
1690
3175
2186
3598
1456
3034
366
3905
1300
1728
2306
3420
95
3227
1441
1178
2919
3691
3635
2063
280
613
3839
3732
443
2266
2943
3588
2342
2492
1498
3626
1887
3585
990
846
3642
3182
2883
513
3896
3081
921
524
3458
639
2872
525
1951
4030
642
1288
2243
3554
3321
1538
1499
2871
496
1510
129
2237
1
2572
3723
3530
3116
1938
2824
1908
2794
3276
1244
3261
2288
309
1235
721
497
3968
1265
3999
2009
3367
2363
1722
1080
257
3980
1197
945
3704
3421
1898
2647
1261
3963
1392
311
631
2002
1665
1224
3607
2748
754
1648
3868
3730
4070
1137
2036
1184
3885
2730
3266
2320
3866
1121
1712
321
2122
3652
3516
2994
2541
1065
859
756
2393
1710
2517
3265
1479
2641
3148
3430
2449
1794
3231
107
3065
436
1930
1782
1587
2622
2203
3533
429
195
3800
1206
1150
933
1289
753
604
2762
2321
3057
926
1136
889
3699
1828
3696
2462
1516
159
2370
2374
1272
2832
1737
235
3129
3249
2773
2644
2065
3055
3256
969
3685
1383
591
1459
3075
1239
1735
603
2538
1640
1616
2138
3012
2053
3848
1993
3229
2592
1305
3473
180
1215
3434
1500
2716
3384
698
3181
197
508
1347
2344
3023
351
2011
2711
3210
2469
3675
3335
28
2879
697
3271
1135
3095
3356
1172
1308
782
1225
1879
3808
2544
3566
2224
3283
114
1069
1180
1695
102
304
501
1438
655
3399
461
60
1303
3485
1582
815
2827
1040
2059
557
1390
479
3177
3921
829
1778
398
1797
168
1850
2691
418
3097
3115
519
677
1629
1950
3718
627
2878
2213
1223
1848
2974
1453
3993
3281
2123
1637
2789
3313
578
2761
2924
3831
3381
2741
956
2293
2362
3340
2361
2950
1317
3856
2623
2005
2910
3806
3694
2164
832
1900
149
3408
68
709
1892
3835
3237
3558
3693
2494
1088
343
1808
1309
3849
1440
1339
65
2902
3360
1449
1776
1092
1018
2105
3351
1812
2930
1921
1017
1570
460
3820
1222
4080
1937
264
1552
259
2128
2961
1584
3825
345
2280
3972
647
2339
1903
2845
722
1923
4082
1064
3397
36
938
1471
369
88
1230
3003
1260
148
2881
120
1822
2235
2949
1636
641
3651
2941
2488
3233
2352
810
2486
621
626
2825
2403
2954
2738
554
702
3299
3740
3673
2338
2387
3843
762
240
781
1147
1819
488
358
465
3323
3018
1755
2757
690
1468
1863
2304
3135
4062
308
1910
4004
2812
2003
2110
1266
2555
70
3544
2981
1477
2126
1916
3797
3090
2558
3688
910
960
546
2535
315
1370
2200
3775
3557
201
601
1844
204
735
476
3203
2566
2196
484
2808
1216
2701
3245
1702
3489
3871
2269
767
3933
983
3942
3715
2501
2135
348
3041
1060
1117
2820
2747
3761
3059
706
1101
1563
2495
4089
3911
2579
3475
2468
1041
2256
389
2291
3984
3762
4017
1290
1515
2565
2137
1464
708
3640
2329
2589
3046
605
1705
2206
1772
2513
2783
3228
3503
2315
744
2650
1393
243
1454
1318
570
1365
300
383
2173
336
3712
232
184
2806
1839
2553
1645
3927
2302
997
2108
1952
3328
2181
451
911
595
3710
2436
2763
1089
1611
203
3076
2455
4000
4011
845
3176
4034
3887
614
3964
3600
555
2585
3977
2045
3481
1750
1502
2087
3484
3613
1248
3729
1560
214
301
1817
1169
1413
3042
3684
3287
2804
3587
3463
38
1569
2875
4001
1548
0
884
3483
2583
1723
3450
941
79
1643
361
1988
1624
1190
491
1055
4047
1127
2571
2755
2528
1762
867
3733
2418
1247
3288
526
3121
2447
4063
2303
3406
3844
2962
1830
2367
1475
1081
3636
1667
1861
3111
1791
1110
2900
3731
1255
1100
903
87
872
2834
164
27
1919
3737
944
3314
1642
3195
1801
658
3771
4060
1591
2613
2731
3796
3372
1838
3307
3799
3654
396
2343
427
1342
1166
1600
1149
1859
212
316
1144
265
4013
2624
3471
3086
2444
2643
1367
109
791
2327
988
1275
1805
3344
1234
3920
2225
3020
2456
3147
432
419
3766
3326
1463
3867
3906
82
1941
2390
2735
2068
3494
312
3427
4038
293
1352
1321
1010
1546
1408
2223
1027
3757
770
4019
1870
215
3383
3118
1264
116
255
3943
253
2506
1455
3267
812
1160
2398
1238
478
1687
2179
2597
1425
3594
3520
1679
857
3099
3845
575
2000
1345
1987
254
2098
1689
3258
233
1233
98
3668
2236
2915
1439
2029
388
1588
2692
1335
50
2653
1872
2898
3773
2139
3451
3354
804
402
3074
1707
2475
2991
740
29
751
3108
1775
2817
9
2609
2156
3951
1330
2986
2934
3183
1720
3193
1621
1021
58
3509
633
3030
2115
2218
2793
2512
899
3238
719
137
530
3676
3521
3834
147
3752
1713
2450
1926
1447
452
3619
3071
879
4045
3310
1711
3289
3975
1325
121
1278
1531
3559
141
610
1118
1030
1254
3754
1514
1429
3433
2516
1739
1862
2775
3758
1976
1168
2675
3117
940
2860
1104
2131
3370
492
978
1831
1834
3087
251
3779
876
3528
329
515
4015
607
987
3680
4065
1747
3959
1833
2853
692
1594
69
1050
2959
2700
3726
1634
1268
3120
2041
1767
905
2022
2776
2482
2169
643
710
3746
86
2612
12
3418
2404
1945
2479
3194
2552
2076
1973
2461
1426
2876
3540
3185
671
84
2385
1400
3437
1798
2753
3199
687
1158
2159
3428
1185
2980
824
2831
816
3946
1906
656
1407
1432
3027
1312
1719
1733
3211
330
3290
2582
4021
4002
39
2040
421
1113
624
2453
1154
472
3525
2859
3268
62
1678
2627
2721
2529
1297
3802
2787
3893
1535
2861
2018
699
1078
1401
2978
1399
924
4026
4056
3792
3197
503
986
836
773
208
328
331
2205
2188
2301
917
806
481
3172
2818
3482
3674
1098
2230
880
2912
3863
1348
572
117
2254
446
213
1999
3320
4044
4028
1372
1164
2587
1165
1946
2913
3940
2786
1657
2805
365
794
4059
43
268
1529
266
2882
3830
3869
3507
305
1692
2177
556
3414
1886
2750
2893
579
1715
2649
3226
2069
445
1880
1729
3638
2504
1810
439
2454
947
3641
4032
4022
2166
2877
1039
1787
1359
560
2278
2046
2145
3812
2219
849
1691
2801
2485
3336
150
2807
1540
2127
2050
1070
544
1849
2746
3549
2432
788
3345
1748
133
3325
551
863
1107
81
1405
3112
841
128
2965
636
231
2464
2313
920
3260
3838
1981
2756
2626
352
2586
2167
982
1682
2286
1676
1480
2674
2389
1085
3931
1909
2745
3094
660
918
2710
2669
463
757
799
558
552
2258
192
1075
1761
868
2880
3048
1619
758
1633
97
1656
2687
4095
210
3388
651
3142
1446
3460
2788
2563
844
2300
3841
3253
1059
3479
565
1846
225
3162
482
2112
923
3497
367
3639
4073
3037
122
668
1213
3333
100
1387
480
657
3827
959
2688
185
3026
2125
3513
35
1119
2676
3985
99
474
3660
3476
16
2161
2518
2524
4005
881
1242
157
2066
435
629
1635
278
3262
1501
1827
2052
194
2778
1521
2165
667
2559
1361
1576
2630
3122
2144
2038
3398
2664
77
586
3662
3960
1203
3257
3461
2273
1756
1971
1133
925
110
2598
975
337
3038
1978
2058
1718
1053
895
2662
3346
1310
1763
2940
175
860
2904
2575
186
3918
1049
2373
675
3405
1032
2094
2852
2133
3989
3952
4049
691
2792
341
3591
2102
2989
532
3855
733
3824
289
172
3255
2925
1554
1902
2470
455
2600
2170
2416
2826
2619
3132
2054
1736
2383
2939
