3444
2562
3669
2412
3231
1304
1017
3154
2741
1724
470
2787
3911
3522
2432
77
900
1971
894
1055
2455
1674
2963
1058
2239
1816
3517
4
3207
554
716
3636
2344
477
109
3873
2051
704
1568
488
2415
2614
2349
1150
3703
1643
2034
2366
2048
2816
457
3120
3663
639
2335
1177
2591
1087
3049
2463
99
2296
3185
360
3223
238
692
275
219
189
1514
3614
2338
2966
3311
2751
2903
3989
2977
3348
2153
2919
3969
2518
3578
2851
1784
865
406
2358
2575
2624
2446
1423
774
3972
4030
3246
1388
1495
3119
4002
3356
1633
2005
1924
1858
3031
3186
1702
3736
1343
940
2724
3454
910
3651
1196
2599
2300
3839
3544
2041
1503
3151
3237
604
2873
3768
2276
2727
2305
1992
1471
2589
1744
641
2670
3264
3915
2226
333
815
2680
1762
1256
2945
12
3660
3273
3105
2029
702
2810
4038
1914
517
1986
224
955
3157
3941
4037
3804
1034
86
231
4051
1621
2185
1118
1773
929
2207
2973
737
3534
3014
870
4074
3635
4011
3577
657
2563
3599
2240
1105
103
2202
2086
226
2803
2278
1823
1072
3302
2940
681
1461
2470
3188
1979
4039
1930
568
3276
2544
3061
1717
3084
3028
1396
1638
3838
1943
751
3480
3488
4083
2258
1683
3880
2560
3806
3603
799
387
1689
2765
312
1362
3190
825
3780
278
148
4088
2801
1207
610
559
2641
1770
2173
835
2245
2323
879
1470
1558
524
3009
3622
2108
3450
937
628
4014
2717
9
902
1951
2621
1288
3101
250
1964
1785
1375
826
2731
3131
3382
2204
1252
846
1394
3692
922
1685
1012
4004
2690
1111
3397
1879
3069
320
3436
998
3607
747
2881
2735
207
3731
930
616
850
3422
2896
3013
374
582
3762
2159
4027
1872
3283
1521
3959
776
2962
3313
2374
2922
2198
650
903
2447
2730
1690
3735
2360
203
3033
3413
279
3168
1590
684
3455
1875
2569
2581
611
3027
1750
836
2199
1645
84
3391
912
2256
2288
2899
3883
1300
3477
2252
1831
411
2071
1581
3003
577
1712
402
1198
3743
2835
2531
494
3766
245
2237
2280
1600
3289
1243
3879
782
3713
1635
1777
1740
1065
1061
558
2018
584
1541
458
2047
2939
634
838
171
2077
1731
1597
1115
2719
2924
795
3775
469
1634
332
476
2961
3082
3955
3783
3279
441
2533
2460
1688
3360
2410
2046
1386
3461
3961
3431
3498
855
462
603
2325
2752
1954
2590
1863
2193
2008
3652
1859
501
2263
1085
1901
1934
966
1215
3051
710
2613
1319
3623
2799
1004
2146
3479
1868
3156
1192
777
2351
1850
3143
1137
3358
1145
10
2666
3844
3226
1580
3643
1209
535
1561
2760
1395
1191
1346
1626
259
3148
91
3298
3088
1238
1799
2331
3834
2115
530
1825
928
3529
733
1110
3693
24
1589
3730
913
2574
3612
1113
2658
181
3642
2891
486
1709
3135
793
3366
3412
3335
3487
3057
3817
3513
454
1535
471
1953
1259
1282
3803
419
1467
963
647
3823
593
2206
3990
1360
1245
1146
2238
2053
3271
1849
2411
3778
3470
3374
2720
472
829
2126
2931
744
3527
1939
1818
1661
1131
3147
1771
405
3242
2580
1810
1915
3637
632
309
1418
1866
3916
265
2721
1705
1109
698
4071
3230
1292
2648
1908
1310
1420
4053
1097
2387
258
1267
3843
3582
810
1483
3495
3606
677
3617
2457
2332
2774
1033
1103
727
574
1325
956
2384
1477
3504
2974
3428
510
300
1219
3620
1774
567
2131
64
57
572
1843
571
1987
1485
4079
1331
4090
0
3424
2917
1380
1727
4007
17
1168
2214
1542
3521
2427
2585
854
2603
3826
3030
3258
2825
100
3144
3726
1723
3653
3369
50
2517
2496
1435
1935
1921
3888
31
1811
85
319
1141
1856
2365
1630
1874
2453
415
1356
2000
3249
1560
866
2480
3008
255
3586
969
3076
1608
3361
1339
840
3284
2289
540
673
1946
3410
2092
581
2937
3325
1324
2954
2492
909
3411
989
3688
126
424
1039
4073
363
2233
1970
763
426
529
3931
1345
2797
2821
3600
3525
1424
1333
1692
2015
2377
3967
410
2315
3228
2250
33
1557
3857
3794
3136
2912
185
3050
2294
2709
769
1148
2804
1912
2001
1839
379
39
3506
2340
1306
516
1439
3389
3999
3695
1870
1663
2780
3650
2270
3837
2783
1791
2926
3798
1550
365
2156
2960
3704
211
3987
1628
3483
1819
2693
3579
3392
2158
1718
45
2543
2261
1677
3260
3023
4035
2311
3894
661
2947
2659
3841
3314
2512
1185
2290
353
864
2832
3494
2566
3696
1382
3833
2716
1538
3316
1803
3788
1434
1469
2606
253
1704
2154
3292
2959
1231
2739
461
587
76
1487
3134
942
3904
2732
273
2957
2792
3759
4081
1456
1508
362
2858
1667
3408
1064
2362
125
2474
69
2357
1754
920
254
1520
3121
2982
1882
3079
1348
1778
3957
3473
3645
416
2150
3270
3485
389
1223
790
555
1880
409
2781
3205
3041
1920
3548
981
643
2602
3748
534
1358
813
1342
3538
2118
3035
1551
2994
1151
896
999
2897
2513
236
875
1804
2880
3277
1175
1289
1003
1787
377
474
18
175
923
1546
3734
2927
41
2576
1657
460
3632
888
1619
227
3322
3767
1668
1093
2547
3854
2286
2350
3683
2448
987
2630
2141
1698
2577
3363
4036
764
32
3011
615
2170
417
2043
1607
3943
129
4021
2157
857
2993
3634
2538
699
1125
1263
2872
1916
905
1631
3869
3294
1376
3947
399
576
2593
202
3891
3808
3597
3163
1800
2037
597
620
3022
274
3716
2007
2103
3452
2561
2073
1574
260
263
234
4060
1976
880
1068
1842
3866
3984
996
2549
3092
3584
2177
4050
2749
2229
2790
2557
1120
3103
3754
3523
3383
1836
1996
2507
2508
75
2267
3861
2493
729
3836
2857
2189
3288
3071
3689
1122
341
1720
1936
3352
3862
176
3034
701
1255
3988
2877
498
2487
2686
3047
54
2246
1340
3903
1972
2133
3772
3187
128
1286
3182
336
73
2122
1295
2390
2284
2372
3032
3831
2341
2808
1545
3646
495
3786
3307
2722
1462
3659
3596
3007
3568
1104
1730
2501
422
2063
3331
2295
1032
3004
121
3308
2223
1766
120
3946
2642
766
2793
2319
3213
3715
3882
1373
3418
3215
2515
711
2191
3174
556
3342
3752
2941
4026
1341
1958
3698
1506
2607
306
667
261
939
1919
3476
36
1197
3306
315
3764
675
1419
1758
2661
1716
1686
1949
2718
2578
2363
1048
3265
754
1869
3913
3900
1194
2307
2815
1846
2587
3658
2308
1107
2028
1464
388
4012
230
3362
944
818
3745
412
1403
150
1029
1809
1593
2984
4017
2771
1961
2475
3443
2291
4055
2844
487
3824
3756
316
1398
3315
3585
767
1765
2435
3235
269
3164
3433
178
4076
1923
3938
3327
1525
697
1167
2905
2190
3939
2364
2805
816
2316
3697
1024
3191
3334
3951
1950
1484
1624
1741
1205
2244
3647
3682
1808
3945
1101
2081
2685
1241
2236
2915
3421
3448
2440
2987
2339
1896
37
1272
976
1157
1183
3297
3183
3435
3918
3059
447
3247
16
3546
2620
2856
3832
2649
3266
3227
324
1554
2828
2099
2605
2936
2471
1680
3095
1582
3591
708
3895
2461
901
1067
2348
1830
2951
514
550
3830
2539
1166
2929
3979
3402
2972
297
2180
2705
1892
1371
3626
3747
3539
3475
1098
2854
1997
1885
2017
2402
1271
738
3558
2078
2969
1448
837
277
252
251
978
2746
3960
2134
3899
329
2064
1886
3564
318
3657
2955
3469
2396
780
2839
1567
1201
3876
212
3043
2788
676
2254
1502
1807
2616
1860
2322
1370
1891
1654
2653
933
1679
730
1682
343
1566
1928
822
1876
2439
2772
3740
507
3445
663
4029
1057
2174
1527
1084
235
2494
2095
4052
656
1595
1500
2911
3500
2456
1036
3923
195
2473
4047
3459
1988
6
728
1428
2650
1182
1281
1780
2266
720
899
1518
1262
2466
640
2378
1719
1094
4094
3665
3419
371
2753
771
557
2836
2754
1881
3142
2841
2818
2194
1834
1665
1455
853
257
2386
1985
475
2419
3719
2383
2497
113
3890
2205
3581
1725
1195
3996
3024
3557
537
2890
3924
2407
3000
561
3241
1174
3036
420
1005
679
3790
3204
213
2794
3020
153
1116
635
839
3078
2617
1229
2283
1779
849
3441
3571
4087
4065
3250
1575
3393
482
2124
2700
444
3907
215
1933
42
2639
3892
2125
783
696
3919
1480
3098
2330
2211
3727
3138
3416
952
206
3085
586
1585
2884
2409
2324
2438
3686
994
21
1452
3604
1214
2089
2111
1528
505
833
884
1000
1037
237
3490
2152
2404
2485
4009
4058
2209
3038
1368
3398
1357
3991
971
1539
1336
1472
3739
693
385
1308
544
3203
2699
979
1797
1944
2612
2192
1163
1193
3958
3962
1326
2317
2920
3080
2215
3678
1544
3560
1459
974
180
3303
1427
205
23
351
961
305
496
1644
3395
3859
2883
2980
3153
2673
802
3572
3318
2882
2559
311
878
1302
3481
1845
3126
575
3601
3225
1406
2847
1489
3549
437
82
3116
992
2643
3337
2343
228
3641
868
669
3323
3624
801
2586
2458
1007
2628
3158
1240
413
2394
2750
294
553
2231
4040
2195
3706
2160
1814
694
2907
183
2495
435
1905
3973
2889
4048
1377
3167
2221
660
960
2626
2169
1250
1158
1603
1739
599
1941
3467
489
3609
3784
2186
1637
3654
3535
520
921
3406
3749
2802
2483
3537
485
111
1948
3123
1577
796
3330
2342
78
2611
3290
752
1266
3981
1254
830
3514
1942
2429
533
2301
156
3091
2600
1059
1239
1620
645
781
1781
217
1379
755
2743
707
2218
1552
3728
2066
1505
380
2584
1247
431
2293
3179
3886
3086
2646
22
1436
3388
2486
428
2633
2336
3255
3440
934
3502
1498
3867
964
2464
784
1853
4044
1040
2516
883
355
687
2968
396
383
3505
958
2004
4075
3478
1700
651
186
2702
1675
293
551
2864
27
2002
1509
2416
3551
1678
874
2084
917
4015
2009
1918
2147
133
3639
4032
2472
350
188
155
298
1199
1232
2837
2401
4001
938
2996
787
3385
1334
1287
627
1612
2101
3592
2420
695
267
3304
2726
1090
607
1583
335
2220
3501
313
3936
1095
1045
2431
2117
2451
1662
1383
4041
1136
2900
792
712
3909
1801
2698
2568
2436
139
1210
1081
779
1311
354
221
3320
3224
1441
1023
2970
220
123
414
3680
703
522
890
1854
637
2167
249
4022
1460
2072
3005
2596
2985
2075
2809
1412
3351
317
1475
1265
3423
2598
1493
53
3343
3309
3089
2181
1625
3940
4054
3847
962
770
2521
2014
3432
950
1496
1658
897
484
492
2632
1203
3114
450
721
160
1026
2706
918
2695
3906
1760
2467
1248
168
2434
4013
3921
1355
3519
3576
2956
2814
3149
196
1938
2640
3512
2736
1989
1563
381
3196
112
936
1974
218
2010
339
2243
3006
483
2484
2504
3511
1957
3792
2016
823
2452
490
847
3723
284
7
3914
1216
1673
2145
2039
1867
1225
3399
1676
2622
4018
2423
2222
2281
843
1384
1135
2287
3426
290
119
141
1772
2528
3966
1056
2164
1159
3648
1671
2651
3751
4025
3508
2519
3738
2588
240
3280
2119
1652
349
2773
3127
541
1726
2397
1211
2866
1031
1251
3243
3248
2259
804
2901
34
1086
750
1898
3491
2217
1309
2663
1351
1399
1221
3390
2831
2904
97
2842
1329
1074
302
2867
2143
1962
885
2393
2082
2201
3193
3346
1366
3438
2400
1805
2107
2681
3797
565
1932
2813
2712
467
2040
26
2021
2916
1
4043
289
1277
1442
624
2986
2983
636
425
2132
14
1481
1984
3860
2692
1925
916
3012
2534
391
2906
2930
2505
881
394
2065
1043
1656
3796
285
3259
2247
3912
3375
2418
1617
1062
1743
2044
2100
851
1586
2200
972
3068
3758
2944
216
2279
2710
3169
55
2465
3018
907
98
3589
2887
3720
3709
304
79
2604
1443
138
1260
518
2162
3930
1338
1249
759
2127
1529
1307
1873
1051
1490
626
3971
2139
1517
1499
882
991
1387
1488
2282
2257
672
2668
1998
2555
2437
3106
3865
2327
1154
3638
2572
3611
347
2777
895
3493
2806
3096
65
56
2795
1330
2582
2979
3365
1066
4031
1132
326
3072
569
1257
580
3087
2104
3429
3533
2747
3559
3070
1747
2992
3655
2876
893
1335
1848
232
2758
288
1735
3516
1556
3574
1835
466
1374
281
3661
2827
2061
3447
1400
1237
1432
3953
967
3263
3799
1473
638
2770
1699
773
2042
1629
2074
3133
1742
337
1349
3066
3554
2932
3932
1788
2136
3160
1078
3543
110
2554
1994
3781
3446
1840
2579
3840
788
2056
2285
713
2556
222
2408
3598
3858
1422
3104
2232
3744
2807
3442
915
3039
3813
2060
4057
671
2314
1761
1303
1171
762
3998
200
1639
4020
1083
590
1929
3492
2098
1613
3456
1053
2297
2744
3970
2140
1572
2264
2852
93
1906
560
538
4078
1956
2155
1828
1681
2388
2678
3870
3818
2601
2091
662
3896
1445
3403
4045
3819
3471
2083
1584
3117
1280
1212
872
4092
2609
2682
3118
513
3305
1440
3341
1270
4072
1721
1294
3810
3194
2329
3927
2403
92
3109
886
137
2594
2176
1112
2120
827
3902
2967
323
1755
3217
1070
1161
280
3256
718
1144
2426
3733
2011
282
35
2545
2638
1227
3146
456
1511
2128
743
4091
364
2546
606
1222
2352
2537
1903
980
124
715
87
2573
1822
1013
3281
1832
330
1235
3717
3037
741
1598
478
2274
1274
3827
3165
2541
1999
117
89
1200
1363
4084
1258
463
798
3526
596
1069
2171
1408
2830
1524
1476
1128
2691
1907
2665
401
1833
3090
3602
1707
108
1622
892
3701
161
1611
172
1162
3782
3616
862
3211
3208
3015
2208
322
2553
3355
2273
2745
382
479
2627
1909
2500
3702
1706
2893
272
4085
2976
3593
4093
1401
2895
1913
570
848
1236
2024
3152
3262
3770
685
266
2618
3605
4006
3510
164
3324
3166
2035
442
2262
3868
644
841
2991
432
1993
2130
1947
867
2097
66
1926
2499
3202
2392
2597
2935
2113
1588
2820
421
3828
1722
3216
622
1188
327
3200
3677
3952
3048
1364
756
2697
1178
451
3122
370
1940
2843
1100
1752
2677
3175
3336
1320
1887
2271
3130
3055
2346
997
2798
1268
357
2272
1492
102
1519
990
3401
1106
2933
1871
3329
2488
3238
3125
3268
1655
3644
193
3520
2260
1381
3777
158
497
3112
3908
2321
2819
2729
2036
3851
1283
670
2367
3184
3019
1748
1978
3542
3192
2172
993
3547
3718
20
1079
1213
52
2526
3064
2714
3377
600
2892
162
3700
3189
328
2337
4049
3046
1537
3627
2328
601
1206
407
1143
547
1618
2652
1071
731
3963
1796
264
3922
74
3595
3545
3137
199
648
1138
1641
2354
2417
2755
2708
62
621
3878
772
2943
369
1020
947
3937
3982
3872
2454
1952
863
1322
4016
2216
2552
1507
1402
448
480
378
3675
101
3630
3100
2845
1080
2942
1510
2733
1054
2498
3357
3933
118
1591
3434
3328
2824
1553
3769
3214
499
464
2958
1450
986
136
1494
3910
2163
1531
876
338
2791
1038
140
1931
2052
2058
1482
1695
229
4033
194
3928
72
869
4080
3099
1794
943
3580
3278
1169
1864
3807
1888
1826
1361
376
2059
445
3094
1172
1977
286
443
299
800
2838
613
2536
1852
3897
1102
1347
1273
808
602
2469
2265
4086
321
455
3497
2478
3209
828
149
3684
995
1895
1474
2704
539
1202
2333
805
1463
3199
3864
2909
2025
3296
1011
307
521
3978
924
2869
1647
1650
4068
531
96
367
2662
1047
3141
3074
1763
2523
1421
2964
542
811
2184
361
2038
2151
1965
2636
3884
2253
2479
3816
3139
2948
2277
3212
1486
562
427
1140
2619
588
375
1301
310
1694
3042
2672
680
2833
3129
734
1291
239
3267
2855
2610
2786
5
1564
1344
1922
975
177
765
1559
2785
706
1433
3287
2414
2527
856
1878
1795
3887
1669
2013
1276
3275
3608
1549
1775
2371
3170
3509
1030
1449
25
959
3060
1596
1693
1851
192
1049
1321
4042
3875
3067
4089
2784
1010
2914
502
2385
3236
3269
2032
2405
3812
2006
1126
3750
2003
170
3760
438
1046
3073
3344
3562
3221
2355
3415
3272
2683
3378
806
1857
982
1911
44
2090
3540
169
819
2227
241
58
2822
2902
2135
2608
3725
3980
67
3373
1284
3779
1121
2062
1711
3532
646
3670
184
2106
2679
2981
1900
1632
3583
623
1547
2369
2823
1413
2850
543
2425
1821
271
3673
3656
1156
988
3995
3340
1838
1532
81
465
726
1570
2459
3155
1813
191
1318
2413
2530
633
1592
1042
1429
28
3451
1369
3575
2219
1425
2657
2379
3025
2088
345
3427
3802
3286
1354
1290
4067
906
403
2542
2361
3128
1623
2137
1293
1220
724
1684
2811
3771
1409
2998
468
3531
2027
429
1350
2045
2102
423
1745
3379
4064
2910
408
1430
3458
3553
1738
2846
3300
791
2502
1855
19
3386
3712
4019
1317
732
352
366
1392
3746
325
1666
436
1173
1405
1573
2110
2212
2570
3354
3176
3668
678
208
70
2395
386
2509
3
3793
4077
2510
2449
373
3218
4023
2168
2782
4034
3285
688
1082
1820
3992
276
3400
2687
3430
1889
3499
1096
1035
2373
1217
2306
2520
1073
13
1242
941
1569
1837
2022
3339
2886
2398
3102
2829
2660
552
2623
1454
1153
143
2087
2759
965
1847
3253
4005
3261
655
3367
1050
2511
1990
1659
1756
3587
2213
1534
957
946
48
1660
3974
2938
3319
1980
1798
2913
3741
2812
3954
1614
3052
1226
532
3462
578
1966
2862
3394
3795
1728
1253
3405
1983
2715
1218
1817
1764
852
3081
223
2441
3407
3234
1636
3353
2076
225
1001
1028
295
1737
3757
1606
3724
2878
60
3871
38
3530
845
3359
3821
3054
3621
2769
1190
1862
1734
1543
1594
473
2767
2370
1897
3198
945
2224
1204
504
3107
1513
2703
3482
3615
1075
115
4046
1899
573
1696
3685
1298
2592
2368
1025
1710
515
3515
3968
812
652
2725
1829
714
3439
3565
953
144
2406
2532
157
500
244
2067
1701
1164
1844
742
3676
2849
2187
2114
914
2734
3722
2946
1782
3370
151
2503
433
3002
4069
1697
2711
3625
3594
2188
2080
2382
159
3618
3058
104
3172
1691
1715
3528
585
2894
2908
359
3633
904
778
760
3110
246
3898
3687
3789
2299
2540
3016
3835
2713
3976
3893
3934
891
949
1414
3056
314
1426
3368
889
2069
2359
491
1447
2925
1130
1757
163
1708
683
3845
3222
3457
1615
2975
3569
2112
2242
2179
2057
2442
536
331
2764
3345
1812
2105
1315
1536
2952
3776
3075
1894
3815
908
631
214
4082
1314
725
649
525
1180
262
2740
3396
1904
4028
3846
1786
2879
2197
1548
1982
2149
2468
3338
2489
1099
3986
3956
1006
861
2326
1337
3671
481
2109
3567
629
2631
2462
1142
8
618
1646
1783
1884
2166
1815
723
2757
1927
384
2121
1703
3935
1410
2684
287
3295
3097
3489
3468
71
1133
3299
63
2742
842
1170
592
51
809
1279
2310
190
1468
589
740
858
2766
3541
3755
3449
187
1179
844
2667
3210
1604
1792
1478
1789
807
2551
2490
831
4003
3853
2776
1806
2225
2491
1359
523
3691
512
1149
612
2445
2055
2723
832
3420
3950
1234
2953
2230
984
1184
3613
356
145
4008
2356
1002
2885
2768
1316
1187
564
2183
3161
165
1089
2834
3282
2148
2334
511
1642
658
757
2826
873
2995
1533
2688
2817
985
372
3590
1305
506
392
147
3901
668
3111
3842
1530
951
1391
3699
3507
2647
1651
2085
2381
3040
722
719
674
758
3714
1751
1768
1565
598
2302
871
3232
2142
3484
3763
2376
666
877
3021
935
3001
2303
3965
3787
146
3254
1092
1021
1060
3312
709
3321
1327
173
2548
49
1576
2433
1945
1015
3044
3173
1968
2375
786
1411
686
2304
665
1230
342
664
526
1353
1616
2696
2476
114
2615
1323
2428
2450
2595
1793
296
1579
2049
1076
3573
1041
1009
247
3629
1981
2800
2312
2251
2030
268
2068
1390
2182
3124
3729
3926
340
700
1119
3925
1407
1233
3863
3708
83
2669
2990
2999
4066
2923
3993
418
398
3350
40
3711
397
3664
1063
2779
2093
549
152
2707
3180
1312
105
3667
2874
1264
3518
3944
2989
931
439
404
1605
59
2645
1627
1457
653
3566
605
689
292
4070
775
690
717
2292
2748
95
3364
1117
1022
1497
3774
4010
2347
3690
368
303
2094
1091
400
1555
1910
301
3822
1578
1736
1714
3791
2196
1275
2210
1672
1512
753
3387
1670
2123
446
2868
1385
3681
346
1732
2050
1991
2529
1008
430
2583
3619
2689
3885
527
2728
3732
131
1016
29
2129
174
1729
3785
344
2138
954
508
609
3848
68
1139
2701
1960
1372
2778
3201
3881
2934
2763
3570
3162
3765
3850
3465
1649
1955
1504
46
2444
3178
1746
1027
1365
3550
256
1963
3381
1969
2865
1883
926
3317
2965
594
3855
2664
2019
210
2637
745
3150
814
1523
927
2430
1328
3417
4095
1127
1653
3997
2012
3486
820
3145
2175
803
3524
2144
583
3132
1378
3372
2203
2241
546
2255
3425
1609
3113
2345
2320
3384
794
88
3874
1052
797
3063
1664
834
3829
548
3206
528
2635
3561
2070
3233
2971
2421
3240
2020
2738
2871
3496
2248
1526
3460
135
3404
642
1297
2023
358
1841
2775
1733
3929
1861
3555
2674
1278
43
3877
1208
1749
3177
2654
1124
2625
2535
1129
2950
291
2762
3761
1224
3610
3181
768
134
3920
898
2506
2268
3017
3721
2026
3942
1610
459
2988
11
3503
2761
2054
1176
3985
2313
739
579
2644
2481
1147
2694
2275
691
932
1753
2
3773
1824
80
1114
1501
659
1776
617
2875
452
1088
3026
2629
3463
2443
3563
911
1601
3453
2234
1228
595
2424
3301
3376
1893
3552
3293
3964
824
197
3852
3811
182
3349
3347
3414
395
3239
3252
1438
1959
3291
2789
2863
1415
968
1165
2524
3631
705
2399
761
4062
1246
1152
2477
3251
3245
1479
654
2116
204
1465
2161
1491
1446
1967
2634
1417
2031
3742
3466
2380
242
735
3674
107
1077
2564
1393
2514
2861
3062
3905
3140
1759
860
1296
2165
3949
2949
2228
3707
2928
2422
2391
3371
3065
2898
3917
1458
1444
3814
3257
1599
746
3219
2918
821
1587
919
1437
434
3849
3820
948
2318
3805
130
3472
3053
1367
2655
2859
3332
3310
817
1160
614
1352
3409
977
2079
4056
1790
608
1640
2565
789
3010
154
2676
3801
2033
127
116
2567
3825
1044
2656
3983
1397
887
3694
3171
503
1767
2888
3197
1285
3889
4024
201
2756
3437
509
453
2298
1802
233
3800
2571
1134
619
1975
1261
566
682
2737
2997
2353
3856
1466
2249
3093
983
94
243
1019
1865
3640
3029
334
1416
2096
1018
3672
1877
519
1917
1937
2870
1332
2860
3326
166
630
2848
1902
3556
122
563
2235
2269
1313
3809
30
198
2550
4059
3753
1181
1515
785
167
749
970
3195
3994
2389
3244
3649
493
1687
1269
2178
1404
209
2853
1123
15
2796
748
1244
1827
1995
973
2840
179
2921
90
736
132
1713
2978
440
1431
1648
308
106
2671
1522
3977
3679
3666
3536
270
3705
3108
390
2482
3045
4000
1453
1571
3159
449
545
3737
3220
2522
3588
2525
1014
3948
1186
1189
859
348
1890
4061
47
2558
248
3115
591
1562
1108
3662
1540
1299
1769
1602
4063
3333
1973
2675
625
3975
283
1155
925
1389
3710
3083
3077
1516
3380
3229
3274
61
393
2309
1451
142
3474
3628
3464
