567
3310
3951
2734
3014
3179
851
1816
439
645
2231
1862
969
170
2621
3848
1845
2010
2802
57
2712
3113
490
3690
2742
1998
1991
2347
3733
927
1636
1923
3662
2644
3914
539
3427
6
2889
1501
185
3982
1279
2324
1910
3523
293
3563
1976
4067
1705
3067
310
814
3613
2256
484
823
3021
3793
2276
2136
3130
3885
182
1245
1664
3080
375
1716
3233
704
1658
3530
1329
1952
3655
659
2602
1039
723
1254
3253
1817
2583
2341
178
1847
1038
1238
2578
2643
3554
1511
2043
3590
1492
3656
1734
1223
4070
1162
3409
2559
2695
47
2070
2877
1996
3372
1988
1173
1095
2769
1564
2721
644
2006
1880
2894
3462
2360
3060
2699
2084
459
3776
1031
309
3106
3009
3698
2245
3077
337
1345
878
3178
2696
3487
971
3605
3359
3559
3672
579
3641
2790
2303
1559
2863
2317
1709
1687
213
1801
1348
736
1147
3989
1449
3930
2038
1586
3709
810
2482
919
575
4020
148
1357
2237
1096
3813
901
3159
3222
1798
552
1190
432
2782
2281
1141
1960
758
1897
2048
1257
2167
1999
1085
830
4007
273
1874
22
3383
3177
3691
3386
487
2295
2730
3610
1189
3612
3597
4095
3160
2063
2652
2432
103
3724
3329
2140
3234
3943
3804
2510
3479
11
2221
1626
1330
451
3941
874
2822
2537
2932
1940
999
3621
2481
150
1476
3043
3553
1733
986
551
99
3126
2307
3511
2522
1049
2234
102
740
2610
3516
2718
292
4080
2449
3270
858
657
669
2339
931
3181
1340
2977
1016
2146
893
861
1068
236
1108
2133
2447
1135
2262
3143
693
2856
3352
3707
2182
2891
3659
1187
3726
2066
70
1561
3624
1605
948
1969
2243
2305
2866
576
2469
3609
1654
1201
3822
2171
2321
654
91
3722
158
2683
1463
14
35
114
2296
1291
2109
3065
1488
3172
2568
3035
1569
935
3969
476
3235
81
3589
2284
385
2074
2520
198
3105
211
1643
3135
1407
218
601
3324
4066
3136
2170
2452
1671
120
2582
1065
353
2890
3868
3798
1117
3994
1893
355
2258
4091
2951
2240
2096
1137
3812
1828
909
130
262
307
870
1250
3830
797
4002
3835
1634
3099
2087
3983
1615
3269
2906
833
3414
3873
1813
341
3047
2931
3660
4050
2519
1985
3896
2745
3362
2297
1815
3790
445
1142
3170
3929
707
3017
443
762
2506
1346
1706
1592
3256
162
497
2036
1753
1824
671
3980
3260
881
1393
793
3828
2314
3653
2828
594
1022
2016
1352
1599
1618
3771
3670
3030
3618
1506
125
1395
3623
2122
104
1500
989
2616
3675
3505
1211
3052
674
1148
2662
1696
1946
1154
3906
1431
238
3144
2530
2778
1445
2797
732
2238
1009
3574
2477
784
1619
519
1447
1286
1855
3910
342
3920
2707
860
3296
2431
4057
2672
1318
2279
582
766
3215
3499
131
2521
3908
795
1043
3390
2627
1685
3702
142
306
2588
3042
2334
1457
2995
2865
2113
573
2747
129
2971
3342
3257
2396
1349
2494
3394
24
1840
1080
4043
2299
3921
516
348
1802
2103
12
233
2022
1567
3201
384
717
3039
3300
3794
253
231
128
1727
1993
3148
1944
2895
4003
1810
3448
721
2791
3323
2845
3209
362
3402
1655
3015
854
3279
2499
2169
3180
3974
2450
2779
3320
900
3960
3482
2785
66
414
485
220
3645
541
1146
1859
548
2054
1231
3468
1598
1507
412
2129
2039
2009
3119
3550
1041
2403
1720
2471
3674
672
3765
1647
3050
1934
27
1981
3768
417
2744
410
933
2659
859
2222
2943
1975
1474
1331
1389
1101
3718
3393
945
1890
3539
2532
4075
2055
4041
1249
2771
1242
1701
112
2147
3475
2197
1680
2323
354
2978
589
1356
2312
1018
3469
1587
3403
3140
2579
163
3025
3251
3739
3357
4047
1596
725
3149
52
1278
1475
4074
3755
3564
1899
2273
960
3360
3634
3986
1502
1110
1205
2411
458
1192
2838
3961
1377
467
195
2954
1771
3689
389
523
3583
2399
1272
1261
1215
4023
1439
1786
3213
305
879
1673
1155
2589
1035
1735
636
1359
424
4051
4038
2208
2435
1820
710
3651
1066
3614
2051
896
652
741
1222
461
4017
256
3073
0
3858
3809
3782
4061
1837
1531
2847
216
3780
2852
197
730
199
3211
1894
2139
655
3124
756
1406
1229
1791
3408
3428
2638
754
3602
1138
97
3901
1770
913
3397
850
248
1610
1689
133
1448
1480
1408
3864
2740
3763
3363
2858
2354
261
3570
1553
1571
1967
3445
212
1094
1050
2918
2451
3867
276
1681
3247
465
1909
450
3694
1697
2560
498
3451
83
1268
2156
3120
648
2874
1686
2213
1641
595
2474
453
698
985
514
1625
558
2952
768
2217
86
177
642
1950
1831
863
2356
2808
3232
619
1529
888
3243
308
420
2921
2308
1649
2551
171
661
2935
2834
3571
2132
2047
3104
1785
3231
1881
706
4026
2892
746
2686
1964
922
2633
255
2570
2816
2950
2327
2976
74
3117
174
3532
386
653
3252
1539
2524
2194
1651
2549
1328
3682
1490
572
1856
1491
2941
246
2903
4052
121
2046
228
2619
2591
373
561
2575
249
1424
80
3079
1945
2378
2152
3875
1033
1410
3536
3315
1534
1892
1653
804
3420
3769
2888
3193
1903
2166
3057
3805
3272
3345
1048
8
2844
1961
2261
966
570
157
500
1812
3816
2367
3355
2923
705
123
2953
2206
2738
454
1566
3598
2374
2982
69
3349
1699
3881
3962
26
1317
3292
359
534
1870
2963
2181
633
2310
2539
727
2218
1787
1546
898
2770
3455
2082
3789
1675
2859
3115
3062
3713
3108
2661
578
3027
987
1373
2773
1781
1321
869
3220
1371
3361
3096
1494
1924
1024
269
29
853
1027
1300
3283
2726
2425
1251
1665
2917
1160
2561
1109
3887
4078
23
2966
1270
3606
237
1672
4064
108
2098
3549
1127
640
2869
1450
3907
2839
3326
3586
828
1235
1432
332
2286
1942
1888
3321
3074
2987
447
2622
196
30
509
1167
2766
967
1682
604
2285
2270
3203
998
3322
533
2180
2767
891
1159
4029
3163
1864
2798
1601
3457
266
3506
299
2026
3939
1930
3878
271
1776
164
1972
3419
2904
2807
3604
2920
1324
1367
2786
3472
906
1830
1481
2809
1258
409
1557
1703
3432
774
3280
1503
3638
146
3218
3945
2117
1370
2965
1987
1244
2825
2812
540
2930
1128
3490
2491
1131
3277
1593
1725
1580
2580
3740
3032
2417
817
635
2337
3786
3036
525
1800
1721
2989
3712
2694
1752
3616
1259
4076
2162
1749
3450
3620
2599
2628
3287
2034
1153
226
1717
798
254
3417
1513
1714
2666
2801
2003
302
3303
3353
4001
1973
358
3615
326
3866
2056
2259
3680
2376
1021
964
3245
726
751
1732
491
392
2265
2915
3728
686
713
1097
3430
511
3464
1487
181
1070
3145
3762
2142
528
1790
3463
799
3007
3371
849
2291
1662
3666
336
2974
1744
2692
2833
1688
1465
845
2685
499
2687
1273
2112
697
3591
1724
416
526
2668
3975
3710
479
2357
2737
2756
407
1677
2264
1092
1551
2605
2787
3531
527
287
524
1105
1508
1240
2311
1104
2957
48
3240
502
166
3678
2277
3538
3255
2406
210
2898
2495
2350
996
361
2871
1124
3176
2375
1460
2381
1863
1252
1886
691
3447
3421
87
62
2309
1702
1755
1133
2454
191
982
569
760
3388
1648
408
3626
3857
968
335
3338
2392
626
3161
153
531
221
1876
3985
2035
1484
3358
1835
840
3347
1769
2202
2830
1323
4037
1639
159
719
1695
3189
2151
1990
2250
1265
1112
2248
2553
268
1857
2752
1992
2611
2513
1627
3637
2821
2355
2394
3373
352
4084
3173
2665
3413
235
508
4028
2799
2639
1936
2263
1819
3829
1441
701
3274
2072
2946
2470
1708
2031
1428
40
2907
637
2458
613
2615
3701
3833
383
2711
3350
2280
3031
1063
425
1875
317
792
1292
1869
3608
3340
267
3759
4046
4044
339
3893
2764
1640
2938
1470
3796
1042
1971
1338
2789
2362
1633
2630
469
3336
1082
715
2004
747
152
2340
1526
3677
3029
3996
270
1938
2680
3810
3544
368
3453
2363
3846
3169
984
1028
634
3679
2204
1861
1632
3401
711
1125
646
2727
296
979
380
532
918
974
2061
2945
3644
1313
1873
2489
1386
1948
1581
2111
2029
3267
370
3174
2729
1228
1274
1421
4009
3446
3480
1823
1030
1469
1907
391
3892
4081
3648
910
2584
1090
802
1947
1644
1361
2700
1387
3856
367
1188
1333
115
3936
3890
3182
3541
2567
1134
1316
2722
2319
1792
3592
923
2134
1882
2498
834
3851
805
1485
3631
776
1670
2212
1158
2867
3528
2150
3003
3884
835
124
2972
1498
43
2761
1974
880
3902
1652
3871
1782
3799
2037
3788
563
3517
1319
1275
3056
3912
2823
2792
2332
1584
291
1438
873
820
3318
953
3533
3635
2571
2566
1306
2042
1184
1726
1611
2617
1527
3567
3431
625
1322
678
841
556
763
2723
225
1156
3084
937
3824
2909
4093
1846
1060
3952
1482
549
2377
3155
232
1062
932
2899
571
2288
263
3643
529
3311
1766
1574
1963
111
3004
2172
2183
193
2675
322
2501
587
2704
3302
3198
605
2137
3266
1087
3746
79
1269
2511
639
1616
3911
1325
2000
139
3853
1836
3684
1121
2050
200
1850
709
2437
912
456
3404
729
2434
959
344
583
143
2345
247
3725
2407
1933
2928
230
2772
1288
3412
2365
3642
767
662
2088
3395
406
2986
3859
2062
2637
2369
1926
1382
761
1277
2236
2484
85
2185
871
2507
294
363
3668
3874
209
1362
3566
2818
3380
3832
3436
1366
2942
1180
1563
3112
2759
1004
3422
1335
2563
545
3730
2159
16
1678
3493
610
921
2115
3527
1083
3331
3268
3356
2958
930
304
611
1051
1074
1140
505
2287
1738
991
1267
3949
1307
1979
1638
1390
229
2926
618
1693
3152
769
904
303
3800
1775
862
34
958
3752
2419
2131
3716
2988
2715
388
3963
3705
2033
2220
3225
357
1264
2068
1151
265
973
1994
1737
327
3100
887
2887
2421
886
837
1582
4058
360
676
3806
2409
521
3370
1196
2249
3407
936
1959
3230
3880
165
2613
679
2709
1411
934
2271
3513
2765
1166
1951
2186
2743
4079
1176
677
1589
1454
430
1342
175
492
493
3825
1295
3841
2624
151
160
3995
839
2021
905
831
3434
3369
3860
3423
980
821
3514
2947
3053
1630
343
939
2654
3781
2358
2882
1023
1669
2012
2077
1437
1107
1660
783
462
1499
2784
3732
781
4055
3313
3862
680
1765
3625
954
1794
3999
3664
180
3905
1452
665
1381
324
2645
3298
2430
2214
925
2283
1927
2386
852
2073
1843
1495
1718
1578
3086
1456
173
222
3551
2479
692
2433
759
3095
3366
3088
1005
1617
3051
1214
3008
1230
1676
2517
2820
4024
2753
3916
1314
3399
1220
3187
2260
1666
1691
3335
3389
3328
2445
1375
2199
2927
1115
396
951
1710
3976
752
264
3223
952
2138
2268
3565
593
1315
1905
2880
1294
1364
2657
3076
3492
149
1036
411
2885
3575
892
1865
2335
1877
429
3293
3854
2691
7
1895
2979
3018
2901
3540
3191
1943
3855
2656
3695
1668
2832
457
1543
885
2097
687
3826
1077
3797
2161
3556
1379
3654
3264
1891
3425
2993
2618
480
1418
2598
2229
785
2224
42
1007
538
1305
3715
1241
1409
668
1157
234
2614
3102
289
1704
201
855
1667
2757
2681
981
2069
365
1797
1900
1064
1365
2502
1118
507
643
1165
331
1913
4027
2585
2313
1743
2688
3289
825
3594
3950
884
3971
2130
819
847
2465
1966
3745
1309
3002
438
2635
3118
1783
1462
2853
3520
928
387
350
84
1521
3271
3459
3183
2025
1489
2364
2121
4056
1262
2127
2466
2896
2107
2803
2924
2538
2361
1207
1143
1878
3821
330
2590
172
1528
2266
77
3063
3164
1046
1430
186
696
3562
2533
3438
3330
1114
3416
3224
1358
2438
3378
1871
3010
2777
826
695
2981
2984
1607
1034
3365
1826
1741
1712
3593
2215
3839
550
2293
3863
2060
1887
2
3547
3972
2462
2840
1239
3836
3942
1556
3284
2397
628
1773
3190
2095
3020
590
3946
3692
28
3312
2500
3649
2835
3334
501
2384
2855
2410
1037
750
617
1575
1191
4004
3202
41
3484
1635
3731
3581
3485
4053
2044
1809
1604
2531
4045
82
1920
3915
101
1692
2720
580
1541
320
2970
1896
1006
1814
4013
3894
4088
2512
2964
259
1555
3460
3582
3761
1353
894
2646
2241
2251
282
2057
1624
2228
2242
2429
3415
3545
1958
2472
2649
1929
3685
1020
2684
2175
3596
3667
1284
1194
3688
950
518
542
1849
377
2274
1576
1354
4034
426
419
789
2581
2749
607
3628
2124
2550
3573
3297
1182
1745
1547
2623
2278
2387
522
315
1372
1921
1572
562
667
2648
1628
917
3507
1533
1778
2476
1218
2157
9
277
794
1471
63
2119
215
1200
3288
366
3757
3703
1965
568
2252
3444
2861
400
394
3058
994
1219
2949
1646
2689
1106
427
3429
3319
1150
2897
1524
3151
2456
3382
1145
787
1530
926
3658
2045
734
699
564
2922
147
1472
3840
4089
504
1588
716
347
1369
3346
1789
2724
786
381
300
3314
3899
3034
623
3681
2032
2331
2663
2758
1779
1014
1355
382
663
3000
2851
2301
2543
1509
464
818
183
2565
435
3967
2540
3904
3348
3254
1510
1885
2929
3753
2155
1560
2203
245
3041
168
1957
1414
2990
3246
3123
1175
965
2827
3194
3013
1334
3059
132
3721
3686
2884
2577
1832
3965
4011
3308
1747
25
3207
3508
20
1144
3109
1360
3103
1197
444
3993
2011
630
2912
775
2275
1868
3026
3599
298
2325
3646
515
323
4010
433
460
2102
2934
1164
3569
546
1003
1008
3216
1464
316
2774
1405
2717
1
1612
176
3500
4012
3820
3510
1412
1866
764
3990
3509
816
942
2526
3526
2629
3150
2667
2329
897
592
1659
1879
3947
3054
188
1806
773
2351
2642
3629
3276
597
2200
510
2189
743
1210
2525
3783
3617
1429
2290
281
908
1417
3375
970
2811
843
2120
2049
1805
3791
1102
943
2569
3476
2211
4033
1152
3317
1374
495
608
2508
1554
857
1311
3110
2493
3477
688
3519
1941
733
2548
1303
2746
2233
2739
708
4072
2625
1208
1707
3935
3016
2198
286
4014
3089
251
1532
3877
2135
2693
1968
475
90
2925
2690
1312
2641
2487
415
2144
3261
1751
3979
2230
1310
1793
3241
3561
3595
3579
1603
3281
1756
1247
3374
2658
1076
641
3734
38
2005
3587
2806
1538
3913
3162
2750
3568
3337
1440
3494
1343
2900
3743
4092
2191
3991
56
3068
3070
2372
2849
1518
351
3037
2179
3766
1458
227
2110
1336
2423
1739
1403
1078
135
3773
2736
1650
3006
2326
187
1086
379
1326
1451
1919
71
844
1867
1764
1872
1216
3166
2515
401
3081
714
2719
3147
2804
288
2400
2814
3278
1053
1620
3128
670
772
2936
349
975
4085
3515
815
1320
2067
2817
3919
3385
3332
1019
1723
3023
748
1227
2514
473
2408
2913
1455
3580
3192
3529
1953
3364
1982
2370
2805
2330
134
3437
1420
1130
1402
1139
2997
2141
3729
899
3418
737
2673
3244
2193
95
252
673
911
3239
3478
3238
2393
190
1111
119
2992
584
1422
2671
875
3250
67
1178
3019
1515
405
3456
2702
1517
2422
3367
1017
2735
2854
3767
446
2576
3537
702
3441
3262
3049
472
1602
4019
3632
2939
632
602
3376
2205
1916
2793
3876
2412
3011
3344
629
319
402
1922
2594
1722
118
189
3518
2831
720
2948
609
3046
3503
3699
3351
3736
2401
3619
3895
192
3978
585
2420
2298
1032
1748
2985
3673
2064
333
378
2713
603
280
1637
724
3922
3557
620
403
421
2027
2535
1784
3435
61
3622
2626
2398
105
2426
136
3727
1067
1202
4059
739
3400
638
2210
3560
2195
2483
2529
2975
1301
3898
3410
1026
2919
5
3931
3285
3214
2541
2388
3498
241
145
1906
3354
2080
1544
340
1848
1226
3229
1385
2209
155
272
478
3502
2336
1535
1807
107
3987
1548
3483
3236
684
800
329
1915
3454
3217
1351
2100
2780
3411
1283
1829
1860
903
2316
2014
250
3928
1821
2916
169
1000
3630
1573
1029
554
154
2606
3552
2556
2418
2937
486
3304
1425
1213
681
2842
757
2873
431
658
3206
3258
1061
1098
1545
2383
753
2490
976
3576
3387
1161
872
3071
3823
827
3879
3486
483
1844
1350
2380
301
3714
3850
2876
2706
718
1757
2176
745
3033
202
3316
3546
1803
1119
2160
3627
882
1954
1116
1327
390
728
217
1656
683
3676
566
803
2154
1715
690
1047
3865
2468
2574
3984
1091
544
3633
956
1774
2864
1271
3333
3817
1497
3756
397
3808
44
961
3992
1479
940
1123
972
3802
2748
2701
1011
4005
1977
2244
685
2414
3127
1435
1466
2528
1690
2496
2504
1937
3158
2910
398
2079
3588
2604
3708
3134
2318
1804
1591
3770
2225
537
1834
3973
205
3396
2201
1088
1939
3212
4030
577
4025
744
1413
3683
2634
2608
3146
2860
2552
1851
649
1525
2607
1234
2664
838
3066
1514
1768
2731
2165
2338
3097
1243
596
2600
2961
1767
49
2405
2593
1622
2126
239
68
4087
140
3585
1433
2441
3083
2620
3640
2754
2843
434
1209
1203
1935
530
2090
560
3168
3512
3495
13
2632
3221
777
1400
2872
223
1221
2710
2908
3474
1339
2428
2725
3525
3048
452
1399
731
1236
474
284
494
194
3377
2192
2040
1075
2503
2446
2402
3792
2163
418
242
1100
2473
3226
1519
791
1122
2597
1073
2091
3647
621
50
1795
2998
3852
371
2523
1984
2089
2382
2475
978
1583
3406
547
591
806
3449
1391
2944
89
3481
3200
2555
868
1597
1071
1902
866
2149
1396
423
4054
3838
3339
3249
988
2609
1056
1468
278
318
3069
963
2255
3379
1777
36
1380
2940
219
1255
1478
1084
2875
616
3693
17
883
765
3219
1788
2640
2968
660
2092
2101
141
788
1621
138
3125
1540
1129
2486
3392
374
3918
3139
3970
2841
1337
3265
2795
513
3467
631
3924
1163
3807
58
3290
21
2076
1657
2342
399
2246
1225
2955
2391
1237
2660
1711
3259
675
2439
2775
4040
404
109
955
1285
2967
3777
4048
1281
364
3933
1308
3133
2536
3964
3954
437
3295
3327
1010
3837
722
2099
588
59
137
1962
3869
3938
2349
1609
1550
4042
755
2359
3028
31
3045
1631
279
2879
356
260
1296
1579
2017
334
2983
463
1442
2118
992
2933
1416
297
555
1224
1822
258
1590
1594
3154
4032
666
2440
3603
2235
2404
3997
2768
161
3778
2322
2674
3584
2371
3294
2104
1423
749
2534
2545
2232
1917
1980
46
2343
428
167
2973
3636
2128
3131
3787
2601
117
3005
4000
1186
1614
3811
877
2883
4049
915
442
1477
100
990
78
2679
1772
3072
1642
1079
224
2762
1493
2788
3291
1904
468
184
3195
536
4062
1341
2094
3772
98
1195
3671
481
1199
3775
3439
1113
2826
1818
2444
3022
2836
1570
779
2573
3966
1523
1889
466
2459
470
73
2794
3849
2015
3891
689
812
4073
4083
3897
2463
914
1276
325
3998
2416
156
3197
312
2153
3925
2647
809
2518
2464
1838
889
1263
496
865
1811
848
2478
3687
2546
2143
924
1663
3572
1914
3196
2018
2781
1754
2190
1600
1293
3932
1126
1750
2114
2106
3883
3398
1368
4035
2216
3107
2956
1997
207
1058
2829
2059
3663
2083
1398
3696
3466
3078
2292
94
1799
1613
3843
1089
55
946
3940
1623
3461
3737
1363
782
3959
3470
2911
2612
813
2763
842
949
735
3082
1833
3937
3090
1282
624
1970
19
4086
3094
2178
32
824
60
3443
581
1486
4065
3275
1931
3210
3433
3711
2174
3535
1995
2905
1069
2815
2587
3129
1537
1376
1520
2304
3917
1170
3977
2257
2028
2669
3405
3968
1378
651
2902
1728
2453
2196
3697
2714
2078
916
283
2344
3157
2636
3521
3611
3524
110
3657
1955
3111
1585
1736
3909
1827
1260
3845
1103
39
3555
4015
2148
801
2733
1383
2846
3208
738
441
3307
15
2676
2289
1136
214
1908
3156
2001
127
929
941
3764
1169
4077
1212
1839
2023
2071
876
3815
2596
790
1825
10
65
3953
2442
895
1762
1746
208
1436
1719
2881
2878
3137
2008
3981
2145
3186
3167
1304
2272
2013
3888
1179
780
694
2187
1853
836
2595
3900
4090
2348
482
770
3926
3101
3228
3903
612
3872
1496
2991
2868
3578
1025
2075
1629
369
2093
3548
3114
3706
1928
890
3452
328
3153
313
1427
1796
2544
1057
1606
1401
1742
3834
2448
995
4022
1459
53
811
4008
3471
4068
3465
3750
1683
3720
4
832
295
1415
1565
3424
2413
4031
243
3795
1989
2019
2125
1852
3819
2436
1956
2914
1256
2969
3227
1289
1266
700
2207
3122
3774
203
4006
3199
2086
376
1542
3273
1608
2368
586
3171
3801
2592
822
4063
2819
3381
2824
600
864
856
3719
656
3601
321
3204
559
2557
2346
2328
2677
3491
3038
3847
2678
54
1978
2353
2282
2547
2813
45
647
116
1217
2586
2682
1901
977
1045
1040
2239
1759
3458
477
1392
72
2457
3803
2219
2651
3861
1012
1645
471
3717
1698
3955
3205
1347
2052
2572
93
3091
3306
314
512
2505
3723
2603
3341
1434
3700
944
3956
4082
2395
1253
2247
1729
3669
2862
3534
3744
2385
3325
846
3
2705
3661
1549
37
2653
1404
257
938
3426
1177
2893
3184
3142
2024
1684
3652
2164
106
2980
1536
2085
88
422
1740
3741
1842
1132
947
1149
395
506
1093
3175
2254
3501
3138
1185
179
2488
285
3944
3087
3185
543
2389
1120
1516
742
2306
3496
4094
3473
2366
1013
3882
3384
2267
345
2424
2002
1730
3343
3927
2041
1397
3735
778
1287
1054
2994
75
1912
771
1483
1444
1052
4039
1055
2030
3237
2959
3886
3958
2320
3558
503
3282
2960
1986
4016
3844
2315
997
1918
1299
1168
1925
1883
615
1473
1700
3785
2850
2373
3522
553
3842
3831
3116
1174
1841
2631
338
290
1206
3749
2227
1419
807
2558
3870
2415
3504
275
993
2650
240
3600
3650
3665
517
2007
3543
983
1332
2732
907
2492
557
2708
3957
448
1661
1911
2783
3542
3889
3141
1512
3121
204
1854
2886
2168
2188
3923
1504
372
2467
2728
1595
2105
3779
3748
1193
1713
1562
650
574
244
1015
664
3948
76
2108
962
2081
2554
2509
3391
64
2670
1760
3055
3286
3188
599
2857
598
867
1059
2697
1298
1884
1246
346
3075
2716
1763
488
1679
703
796
2020
2223
3988
1443
3607
1694
3742
565
3040
3934
96
1172
3497
455
3001
436
144
3301
393
2184
1081
2527
3309
274
1232
1761
3085
1808
1505
3704
2226
3299
3061
1898
2461
2173
1384
606
3489
1198
2300
4060
1248
3784
1568
113
3577
1204
1002
1181
3754
2796
808
712
449
902
3827
1758
2177
2800
2962
1233
1522
33
2455
2516
1183
1280
2755
2269
3132
1983
627
1577
2333
1171
1044
311
1932
3738
957
440
2999
4021
3760
2655
3814
2058
2562
614
3064
92
489
3488
1780
2870
2460
3758
4018
2116
3751
2698
2776
2485
2294
2564
2703
4071
622
2253
3044
1731
18
3098
1461
1099
1446
3440
2427
3747
2996
1302
2480
2379
3012
2123
1290
1001
520
3165
1453
1394
126
2741
2760
920
3818
2497
4069
3248
2443
3092
682
206
2390
2302
2751
535
1674
2065
1072
829
2053
1467
3263
2542
3368
413
1558
1858
122
1949
3442
1426
3639
2837
2848
51
1297
4036
3093
3242
3305
1552
2352
3024
1388
2158
2810
1344
