1469
120
1117
3961
2313
3411
1544
2340
2385
1167
2358
812
3388
2984
63
1400
163
2675
2179
1369
2830
779
2127
2959
4050
2296
2703
969
754
401
3520
1116
3740
981
941
3401
480
986
2021
2566
753
1096
195
1867
2922
1775
233
2839
2062
1147
308
2615
3475
2608
756
2655
2376
2061
2032
3033
2323
1503
3596
2764
1525
44
561
3083
240
1518
2578
1796
3780
3257
2904
875
3139
2541
1346
2258
920
1115
3441
2218
657
3975
1508
3249
714
2582
3311
3639
3172
697
2289
533
3503
3742
252
1281
3015
1634
3299
2671
1257
3687
1866
2790
2539
1552
3224
2738
330
1665
302
3263
441
3146
1705
3895
3986
1730
3595
1934
1766
2234
3806
2109
2730
518
3008
1122
2797
2018
3281
2362
121
2375
828
1160
2220
1501
2357
583
1311
2102
3009
2105
2882
3029
758
624
2550
1316
2264
2168
3016
751
926
1691
3783
4033
2273
3169
845
1601
2661
2849
2719
3023
1248
1810
1635
860
1537
3750
2712
989
2707
206
3509
2868
4072
2752
2153
3755
2756
1230
1708
1059
3152
2969
2063
272
3515
3233
2226
3757
3716
2054
2491
599
29
3221
498
2546
2515
3527
2768
2880
1846
3068
1586
2118
1108
734
3400
1051
3265
830
3095
3884
3607
2694
2974
3997
3363
2315
1348
796
3536
3972
2008
1087
3578
3279
1918
818
310
2135
1473
3260
3516
3090
555
3899
3167
1808
1031
3227
1372
1475
2470
2832
2241
1344
3501
3830
351
1888
1249
608
809
2132
17
3883
3132
332
1719
1027
6
994
1901
2861
3976
2787
3110
3056
448
2808
34
1962
3512
2684
2799
329
2138
1720
1749
2191
3545
352
1940
119
1750
2095
1267
1123
429
1740
740
1332
923
3386
3041
2555
723
1603
293
4003
2297
3792
3192
2015
3399
3582
3618
683
3057
586
2238
1238
2523
3664
2823
1256
2957
3316
3003
1264
823
2204
2751
265
243
1978
2613
2748
3749
1015
743
2421
1686
3651
3549
3801
1145
2635
1844
3821
3472
3303
148
1869
2564
3712
3942
1432
3658
3105
1079
757
2630
3462
1939
1393
319
1791
3137
1579
2089
2408
2318
707
1124
55
20
1068
2784
3848
2568
1882
80
3715
519
4025
2280
712
2117
995
3768
3290
1338
790
3305
1290
1638
2782
2824
934
895
1488
3949
3552
998
778
2545
1512
1232
958
1420
486
2355
1037
3180
4046
3627
3897
1089
2767
2852
3678
1229
814
1899
656
3917
3680
1842
3118
1702
2326
423
4082
2467
2724
1572
1114
2677
3842
2549
1872
2917
3058
3794
598
2617
2302
1916
4008
3810
963
639
2840
1768
399
685
296
2208
1395
3766
2269
650
3730
3129
1896
3817
2727
2196
169
16
2688
368
1602
1674
3577
1561
3203
3506
4069
3684
2085
1128
3187
13
2035
210
9
1250
2660
1913
2676
2542
1754
3280
1043
892
544
782
2384
387
1057
722
1640
1943
3
2092
2402
409
1575
1444
2188
861
18
3713
1006
3534
2561
2851
3584
370
204
2259
642
1876
1179
1038
3992
1644
3753
348
3289
3468
3831
1142
3395
1211
2863
1504
3889
73
1639
3594
1300
993
3000
3655
2084
477
4032
1391
52
695
1341
1568
1636
2489
1673
1471
1889
2536
3149
260
2343
562
1148
602
2393
2251
1345
2447
2718
932
1010
491
4089
1138
2451
3375
3342
3693
3818
2678
1129
3085
1072
4004
924
2704
2733
291
3692
972
2325
3874
2169
929
870
2640
1078
2311
3086
115
2720
2626
1073
2419
3932
3921
143
850
2207
645
3428
985
3027
1449
495
1111
1932
3200
3157
2939
3858
1563
1070
2871
4061
2535
3494
2116
1862
3345
1542
2898
1709
4045
1722
820
3666
2885
3732
3522
116
3018
1495
1983
3160
3252
3741
2758
3425
2760
874
246
1195
1778
496
954
1429
3696
2265
3748
3240
3617
1765
901
1594
3988
673
688
3989
334
3880
3142
2837
1408
3836
419
4015
4051
577
1185
3637
136
3733
3910
65
2474
15
3242
652
2717
2618
2476
2892
2749
3067
1885
2222
321
1790
1478
3902
1276
322
2416
2942
1388
19
1591
3841
1875
463
235
1442
4094
563
2906
1044
855
786
1890
1119
1840
3140
1180
2076
975
3556
2455
889
1481
1235
1277
178
3674
238
2877
2665
105
759
2039
2800
3919
1679
3198
2685
1593
1384
976
1839
2909
3760
3575
3011
1082
1505
3076
2378
1356
686
2079
1324
2136
1732
679
1762
1744
114
228
1623
2294
1252
831
174
3538
184
547
959
2446
3940
4036
1672
2291
1181
3982
2093
1558
4011
1234
1303
3987
194
1413
179
2134
1643
1523
2722
713
2776
1753
1377
197
3965
2441
1761
2122
698
2692
3808
1879
3569
1231
3069
164
3406
1137
1666
2834
3800
2554
2945
3670
1315
2923
1642
509
3407
769
1936
1609
2432
3039
1192
2695
1803
2856
1837
309
3282
2270
3336
1891
2766
2082
866
1551
3176
3574
1685
3273
212
2096
1718
4080
580
2030
2159
1693
1513
1182
2679
3119
1149
1464
171
1584
2741
476
3507
2693
1600
3134
1699
1675
2538
2223
2980
325
961
1173
2774
3890
1548
1156
2866
1403
2943
141
2962
494
3297
3585
3214
1217
2783
400
1731
3598
1801
2069
254
3662
965
1337
2352
2651
2740
684
3378
2372
1884
3188
1014
947
152
2486
1780
3107
3175
2128
2920
3091
2417
2889
91
1278
2812
1487
1626
904
2769
2152
2137
2648
1792
1683
2927
1688
715
149
3236
1218
1298
2975
2791
2083
2755
1104
1261
2146
768
2933
2716
884
3566
1908
1556
472
2509
1620
530
1357
3019
2235
3435
62
1937
1541
3641
2663
2687
1136
2528
2879
2553
1880
3646
1118
2022
1855
51
2867
4063
2129
2370
1224
1452
345
1588
1927
1723
1824
166
907
1633
95
3714
3827
3673
2583
610
2773
156
1831
2850
3212
1980
1549
811
177
3046
627
1956
3413
3454
3150
663
2746
304
956
3314
3984
2029
702
76
2742
1509
1244
880
2512
3230
355
430
1381
2587
344
459
1260
481
82
2314
2048
3436
542
4005
1583
3634
2915
2396
4021
323
129
1120
982
1174
3916
4058
415
2442
3397
2166
731
1491
2050
2342
3486
2319
1245
3396
1428
1454
386
2133
1266
1093
687
2572
1898
142
2193
3876
3063
1295
53
3939
2161
3769
3781
2414
3231
2937
2979
3002
3448
2934
3777
339
3348
3443
2333
110
2213
123
1878
581
2961
4024
905
1815
69
827
1389
631
2838
2014
3849
2308
3636
582
72
1533
3686
3788
2674
3022
894
3028
523
1075
842
1976
8
1991
840
2363
4013
3510
1292
1331
294
170
3155
558
3284
1975
181
3426
2910
1008
146
3440
2495
221
3264
22
3418
1592
3408
2986
2103
2835
499
810
2445
2485
2399
1269
3497
735
3467
3727
865
4083
3654
3834
3031
1747
3309
2632
1925
3138
2543
1380
3948
2081
259
2217
1786
3393
3616
829
2565
89
2216
3355
2345
566
1739
3570
1612
102
701
2813
2559
539
4042
2652
2303
1246
3184
3815
207
1126
1322
2149
3960
2407
3431
1637
3823
3097
2602
3451
3040
1359
2953
1175
2977
1307
772
3565
2428
3365
1881
1782
444
124
613
1986
2875
421
1314
3099
3474
1703
1524
3981
3505
2203
1247
1431
3739
3543
2846
3717
3237
3843
112
2072
3731
2581
3581
256
165
2411
2371
528
2672
3102
1841
909
1423
891
1212
2936
4031
4068
2753
2736
3013
335
21
2194
3894
3055
331
338
1
379
2462
744
1272
1405
2199
3539
2814
4087
3449
1539
4030
1628
3568
1988
1022
3944
1650
2683
2560
3973
510
1970
108
2643
223
374
2000
899
3600
3108
971
644
130
1645
28
3918
3644
1368
32
1619
100
2327
2335
3514
747
3706
1963
3614
3315
2530
935
2721
2201
2908
1822
922
3968
4065
3390
1776
514
1713
125
4056
3669
2857
1974
2398
2887
431
1660
1964
1847
327
1599
3313
1349
1859
2888
3271
269
1367
1969
2339
2052
198
3243
1019
1836
1288
1477
5
299
2108
3372
953
307
900
347
2250
2461
1582
1646
719
3845
155
3277
902
793
3359
3470
2490
2388
1412
2822
2809
921
824
1394
2533
545
4077
2080
106
1024
1655
1757
2307
1649
3699
3340
3898
2257
2845
777
2971
397
382
1268
3690
2046
97
826
2524
2450
3891
3694
3957
1664
1088
801
3793
2732
1242
3232
3078
3209
1814
3866
1036
4014
3499
2059
1430
187
2701
312
3860
172
885
1864
3131
1130
3896
1280
2430
1995
1063
3094
475
3304
2477
2336
393
2656
2266
3310
987
945
2949
1293
3999
2944
2106
3924
2458
2255
3471
1451
360
2496
3773
3537
1959
3275
3854
1028
3671
218
2475
479
1166
3711
1032
1647
154
3759
1208
75
3977
912
2614
3036
2100
3723
349
2616
1805
1216
1193
74
2254
1574
2012
760
173
3668
3062
3211
1567
1905
1131
3532
991
3250
1076
2044
2529
311
2526
3247
39
2715
621
725
4006
4009
1448
3996
3148
3825
1177
1654
488
118
104
2498
729
2497
1833
2642
3907
784
3261
126
2854
1347
3930
2182
3098
3136
167
863
2902
2073
1228
3704
1560
1860
774
2992
3844
3268
3609
919
787
2034
2435
2580
47
3495
1752
816
392
996
3251
445
3700
3127
606
1370
2805
726
4002
2518
2065
600
1334
2460
478
1690
3312
988
1392
3120
2056
952
4034
3969
3446
2243
454
2705
2369
1102
3853
595
58
3229
414
3168
1176
3905
1306
3832
1094
3059
1201
948
2638
604
807
1225
1033
2283
2456
2627
433
1021
3353
504
3082
1074
2344
3307
3128
3956
2150
2680
3839
443
3037
4076
1004
3135
3838
2181
250
2392
190
3170
3859
3349
201
1522
1973
3797
3222
2351
1154
2365
2057
1439
1097
1917
678
794
2514
1353
3381
3735
664
113
1680
4029
333
2431
1003
3751
943
3064
864
3508
1728
876
1809
806
3286
3419
3787
710
3270
1206
2115
1184
4038
2410
1016
2625
3873
1920
3962
3234
1942
2164
3073
1214
1062
1948
3154
933
3602
879
3301
2011
522
1701
1500
1987
1581
2547
3688
3752
3181
4018
2420
1854
279
1816
2356
1555
298
284
1724
4020
3319
651
3936
4012
2405
506
2820
3628
1756
955
3216
3573
1340
3007
2978
1342
692
2418
2644
3438
1863
615
781
2691
2765
529
2274
589
2801
3466
3950
3966
1887
2282
3726
3758
2198
4000
1783
2230
3572
1168
373
2406
3327
3248
3667
3481
1169
2955
1433
2227
98
821
730
1056
3683
1434
3179
147
3914
511
30
1080
33
1596
3185
1807
1058
1924
605
2598
1482
48
2184
4064
1595
3322
629
2464
3847
4027
1926
1042
3571
2759
3929
2569
428
3920
1658
2094
2457
1771
2271
2647
3115
4039
1818
980
1893
1318
2377
1912
2650
1695
799
288
3945
3385
3824
3459
1564
49
4092
3125
1621
1573
3398
1446
1993
2998
153
1204
3473
2804
3456
261
1585
681
3171
3523
390
3550
570
677
536
162
2409
1614
87
3952
2513
3053
3857
3529
3979
14
3702
2437
2033
3955
970
1390
2249
2631
3619
659
1323
1105
890
3072
711
2145
2624
3796
1046
1486
402
3746
3580
3276
3437
2285
2281
4060
2087
413
2828
135
3482
3878
1221
2147
1470
426
2037
1681
2606
2557
3049
3144
410
432
724
1236
3983
2619
1772
1858
910
628
745
1989
2368
86
733
2662
1543
3802
579
1825
3765
862
1957
186
4081
1187
420
3387
208
3364
649
1566
3893
1045
1425
493
1994
1554
1984
1904
752
2481
936
193
1005
438
3869
949
3370
225
0
1313
2735
764
2757
2686
2611
1557
2189
3934
2299
2890
2031
1189
2584
1399
1460
2190
1417
2775
966
3870
205
2439
2571
2825
93
3517
2026
2916
4066
1386
2930
635
2900
3635
2829
1164
2066
2016
908
2827
2499
4071
1843
255
3130
776
502
1798
1520
2928
1958
3498
911
3092
2290
1467
2997
1101
2506
3951
3943
2292
203
2696
3653
1906
2540
2907
3238
3174
1874
1823
844
305
3500
2893
3383
3205
3197
3728
2894
1110
680
800
1787
2728
822
3562
2770
1480
2991
546
576
2729
425
3535
2781
224
3199
326
3685
1707
88
2429
406
2423
1410
1099
1375
2228
1848
1366
1091
3772
1684
2390
1103
3649
1162
2747
3953
2346
2180
3458
3293
1670
2301
1921
3206
3100
395
2010
3153
396
1992
1492
1651
1188
2211
3183
2472
569
3295
2641
3784
3632
942
1968
1364
2162
3178
3974
3722
3710
611
2853
1692
3357
1534
3421
3697
2202
3215
1237
2896
1704
3998
1194
2300
222
1697
2088
70
1781
2780
2237
727
1892
1914
825
3771
3124
1402
3294
2599
4041
2305
938
2739
3601
3101
2224
2403
2176
2620
554
3065
3564
3603
568
849
617
3052
3433
96
3114
4084
2173
559
3302
2873
3414
2859
3776
2501
3030
1758
1333
1516
2151
1531
2588
2482
2324
2510
1911
3391
2248
1923
2874
3738
3126
4047
3368
672
183
1463
765
1233
1210
3050
3360
1309
666
2459
42
1821
1966
1401
3809
343
1946
220
2622
3721
3622
2726
1297
3798
1112
3846
1411
1945
1163
1800
1928
3379
270
857
2935
877
2113
3698
1598
1527
1455
337
292
619
888
3377
301
3588
3043
2350
2074
1661
766
4040
3652
137
2567
3272
1678
1734
795
2891
1151
2413
342
1106
2634
168
217
1990
4035
1712
515
3195
3225
2855
3047
79
3389
3020
550
1279
122
641
2438
1580
500
931
813
1737
836
2811
3993
4049
1084
3332
3886
3887
1982
3141
3024
3382
2480
750
761
1794
1456
1677
501
3608
3928
2788
361
2594
461
263
1302
2579
2505
1952
4001
3915
3778
435
1895
2206
3347
1571
2658
3875
689
2331
3450
3165
2261
3799
365
671
385
1849
3985
3903
2349
2881
2125
3675
2448
1817
1240
2761
535
903
3026
4055
188
2946
693
3926
755
2395
3484
590
2699
2771
3790
24
798
1850
1773
450
1930
2219
1960
616
3447
1461
3423
1263
3812
3147
464
572
1474
3173
2471
1143
1374
708
3351
2968
3720
231
2670
3321
3677
2347
1034
2711
2976
3599
3274
3762
3709
513
107
26
614
3626
914
437
1350
3161
282
46
1851
854
2449
328
3220
1198
1745
1273
434
655
133
1202
1029
3620
2295
1226
1157
1813
4048
2552
2144
3708
2373
2963
350
1271
780
253
277
720
1453
1941
2657
407
3576
1795
1711
226
2592
367
962
3785
1445
2013
3589
214
2262
1853
3350
1546
2713
3864
925
3367
287
2024
1476
846
573
1971
2525
3476
3681
2060
1385
3166
3991
525
3460
2006
3786
3255
2354
2131
460
412
3488
3703
436
3384
2967
2794
1832
2778
1259
2404
3782
2918
805
1694
1329
2508
690
1727
2001
1472
3207
979
3427
3278
2987
3452
185
2075
2895
3745
1030
3060
741
2600
2244
3642
364
1090
176
199
1013
1743
2256
612
797
1053
1604
791
3483
1659
3994
2708
3496
2126
2516
2921
1139
362
4052
4026
571
128
597
3958
1052
424
56
3143
2612
1241
3615
3775
3465
2591
3856
2053
3701
2710
1360
1383
3337
138
54
3909
1483
247
1519
3014
817
3354
3204
541
552
3317
2110
1716
1443
1538
1735
2843
2434
2993
3088
1622
1023
804
1190
3493
416
2816
2099
1319
3285
3442
1296
99
314
2386
182
3521
2086
2178
2157
3593
1283
1769
4022
209
94
4044
2049
1696
2723
3923
1441
2931
1977
1438
1954
3892
1951
3971
1255
2200
2452
3542
2913
1025
3774
2639
1852
1871
3718
2156
4085
1559
4079
1553
648
1779
2970
258
117
1335
749
3380
2649
2426
2433
3262
3213
3912
1061
1835
3504
1667
737
2473
1077
1811
2492
2940
3335
2947
232
3487
3093
2397
622
354
1845
353
1764
3840
1414
872
2964
3485
2236
3210
3269
242
1060
3807
4067
2246
81
3434
1092
1301
68
2960
700
3638
2603
2911
4059
682
717
1127
2750
746
1254
50
675
2463
1219
3736
1284
3306
696
275
3761
2267
1736
405
2163
3604
2897
3591
2148
2507
315
1422
2239
227
2883
3558
3112
543
2577
658
313
3546
3416
451
471
1196
2706
4062
1856
2019
507
549
1785
273
2551
3032
2807
2225
2744
3861
3871
2484
2609
2772
1656
1065
1535
2966
229
3071
2382
1012
2361
3528
2884
1903
2786
856
3531
3852
1320
3113
316
927
873
1597
2709
404
916
3123
2702
1351
1109
3559
3239
1741
557
2870
1804
1239
587
2500
3453
2380
356
3296
3318
1215
915
2848
27
1507
3403
620
3553
3779
1770
3544
189
1922
132
2901
2097
411
2818
3933
1020
999
802
4053
1569
1144
160
3490
200
3822
2287
2389
2090
3524
2192
1133
3228
2654
60
2958
3530
3116
1146
1251
3872
2112
1900
417
389
1826
881
2051
318
3868
2982
2210
699
473
3931
2938
40
1048
4023
2610
3324
1258
2994
1606
3816
859
38
653
1017
2143
940
1397
2864
1738
668
897
588
3743
408
2905
2139
2465
4091
1631
591
394
882
3586
2872
520
1517
575
215
1748
1000
286
633
295
363
375
340
237
3911
2381
71
398
3432
2205
1178
1191
1418
1497
150
2494
2698
3881
3643
3077
4017
1698
2401
1361
145
4078
2519
3908
3648
1197
1387
2071
1706
2107
2836
2245
3663
2682
1098
2763
2186
2025
1742
858
3526
2989
691
3724
1662
977
1086
1529
3429
2511
2534
84
967
2298
1812
1610
939
2668
3541
3835
1565
369
704
2502
913
852
3106
3267
3707
833
2479
1011
638
748
2104
2268
3121
1689
3477
1161
158
524
3990
383
3217
3402
567
1760
1172
1489
1426
391
216
1325
1725
213
2263
1979
289
3660
2487
1577
3001
1763
2762
78
1490
2803
512
2003
1382
1717
3415
267
560
2796
3624
3557
2177
841
2454
1877
1733
2332
4037
2795
372
3656
2734
2231
1545
3592
2558
490
531
3625
1007
2043
636
516
2306
1363
3469
1440
3325
1026
815
3182
978
4028
380
1829
1207
3089
2792
280
3770
1199
2972
2436
274
456
803
1868
3343
1054
1576
1618
1135
3223
847
906
3196
465
2483
1018
1820
3430
341
1902
1806
1327
739
517
2869
3035
3358
596
276
1317
643
538
1746
1294
1055
196
1085
2286
1915
1883
3455
3855
3266
297
2041
37
230
2983
3241
2636
1944
317
3689
2924
2453
3967
718
1069
3258
1819
2348
3519
449
551
467
2585
594
3104
1291
211
4010
1243
2
4093
3640
458
834
2124
3879
1578
41
951
1657
1286
3850
3194
593
3789
634
3070
3084
2240
2379
3283
1797
2988
4075
3081
1339
3995
3623
67
3851
887
1308
2605
2590
2575
57
3980
1997
3978
2653
1419
3253
3259
2317
83
2055
2077
792
1669
2886
278
3645
2604
3226
2422
3631
2878
676
1066
3764
92
1550
1676
2334
665
3518
2637
3478
3339
1436
2645
1587
2831
2353
3409
2517
2865
2802
2209
1253
3579
3045
574
669
654
2165
3672
2009
3424
2042
3650
632
537
3201
835
3159
785
281
1262
3075
2779
736
2007
3369
3767
1416
2666
2521
3122
3103
2067
3863
2522
2929
1321
2002
647
623
264
1407
2288
3791
2926
2548
3820
3087
946
2531
59
2183
1671
2925
2573
3288
1632
1282
3629
1183
1001
2981
2504
2623
1040
3326
23
3298
1409
4074
2017
103
2047
2919
1140
3044
2284
1629
2858
2821
1468
1521
2785
1950
2689
728
3034
2956
219
3676
2556
2544
1834
3218
3682
3959
2941
2330
1035
706
2493
1270
3811
3422
1611
2570
2950
1955
3597
2952
3938
1457
3394
1726
1625
427
2681
553
640
3439
2391
2912
893
773
2170
4070
3590
3763
1668
3941
1870
3862
1510
584
2068
2387
1485
2114
1949
1009
2197
1071
2444
1653
497
1511
2045
2185
3012
1227
3025
997
3371
376
2279
1047
1774
3392
446
3156
738
161
2328
3489
503
3361
1857
3463
1929
1435
1648
3219
709
134
917
3657
742
3610
2595
1274
290
964
1376
1220
775
3561
2562
1159
1965
1894
1200
1459
1132
1721
2593
3900
245
3374
180
1777
974
883
3946
3970
285
3177
378
357
1493
1355
3560
944
2488
131
3376
366
674
2101
607
3551
3583
853
1150
1378
3017
1450
3362
1999
2233
484
3927
2036
485
3901
2743
2367
3066
1838
2091
1615
61
2597
10
2806
1985
3867
2359
1547
788
455
3833
1067
2973
2195
2532
4073
1938
2576
721
1424
3300
1998
3151
3826
848
2020
3954
2819
2123
1326
2232
2673
2948
3338
266
2130
992
1897
3555
3829
1039
241
2466
381
2833
447
3502
532
1562
3525
1607
930
1209
1961
3612
3006
3048
453
505
1861
2443
3756
3445
2469
483
468
2253
592
1802
3163
7
2278
3202
4016
1330
1499
1589
3877
2172
2629
3256
1305
157
3344
2187
767
3747
1406
527
1100
2990
2862
175
1222
3803
3417
2400
1328
2155
2140
2596
1532
2844
534
474
3548
1570
937
808
1714
2527
556
2309
1352
457
1398
3540
1287
3963
3795
2412
388
2064
868
3186
1700
3356
637
4095
1265
300
3208
2005
526
439
1682
3695
1312
12
2777
2383
77
1793
1996
2154
973
1605
1462
11
1788
3292
2275
2277
2520
159
928
1526
670
2965
1886
2646
2793
3464
3935
3096
3813
1624
2321
2745
603
3366
2212
2111
3744
2415
3061
3705
886
1767
1458
3734
1830
1465
1530
2537
3679
732
2899
2058
630
843
3567
2078
1165
983
3352
202
3885
1972
127
1687
1616
3804
3719
3547
770
1002
1373
1285
1064
3725
1910
3906
2425
2468
462
3461
3904
3405
1358
85
789
548
2876
2697
1289
3819
3158
4043
358
3333
268
2215
2815
1759
2659
3882
3513
140
1536
1919
1494
3865
3937
2440
1630
3729
2669
1437
2714
1379
540
1186
25
346
2366
1755
2260
2478
43
950
3533
2276
1933
716
1789
869
2817
3691
1613
35
960
1828
1909
1514
403
418
1931
3613
2119
3947
2167
1710
618
3410
694
139
2589
3235
1404
151
1466
262
1784
3190
2995
851
2322
763
101
144
440
990
3828
1967
2329
1081
1223
1608
2158
1170
2503
3346
2160
3647
578
2040
871
1153
1641
2903
1365
1362
271
3004
2341
609
234
4054
832
667
661
3444
2810
2621
1171
2121
3814
2023
1113
324
626
442
3117
3412
109
492
3404
703
2628
4007
2842
2424
1751
3193
1310
3341
1050
1627
1715
3491
4086
4057
2700
3042
1141
1095
3287
1935
819
2028
1506
3925
2607
783
837
2252
662
2175
3554
1663
4019
1865
762
2667
1981
3330
1134
918
3964
422
2633
2826
2360
3246
3021
839
3005
2310
1336
3373
2312
384
257
3111
469
3079
957
1049
3291
1502
1396
1107
2242
1415
1484
3331
1205
1799
236
2914
377
2664
2999
1371
452
1617
3837
1953
3805
2229
2304
320
3913
2171
31
487
2027
2985
466
838
3621
1827
489
371
1729
3457
2070
1447
2725
2798
1203
1275
3630
3328
3254
336
3665
2174
601
3420
2316
2996
359
3329
470
565
191
2394
306
2932
3323
2038
45
2789
3611
3191
3480
867
896
90
2690
2337
1152
1496
3038
3245
3133
2338
239
3587
2320
3605
3244
303
2586
771
984
2374
2427
251
564
66
2563
2142
1083
3659
1590
3606
3661
3633
1907
625
2951
3479
3189
1125
1299
1121
283
521
1528
2601
2737
3074
2754
2098
1421
2847
2120
646
2221
3145
3492
3754
2954
1873
660
2247
192
3737
3051
1947
1155
1652
4090
4088
1354
1304
3308
1515
111
2214
3563
705
1427
4
1158
2141
3162
3334
1479
2574
482
3888
249
36
3922
2004
898
64
2841
248
3054
1213
2272
3080
3109
3164
2860
1498
2364
2731
3010
1041
3320
585
968
508
1540
2293
1343
3511
878
244
