4066
1129
320
1725
2307
3011
3515
874
2728
2841
1335
2724
2287
3231
1137
1744
1804
3599
2004
3328
2155
2130
1897
3345
2929
2196
639
2291
2980
3299
2930
383
3978
2727
1396
2459
911
627
96
746
3482
1274
2647
1864
3377
2566
2159
304
2454
2058
563
1459
881
3223
1167
561
323
3316
3757
2602
3392
25
262
555
3394
785
2838
3063
2643
816
3927
2458
2141
2012
1189
1119
3818
3734
3101
1799
1520
1563
3516
2492
3286
2605
2365
799
1450
212
2300
3348
2758
431
750
2262
296
1480
824
1242
1826
3487
1098
2887
2506
1376
3033
3204
2079
1291
2959
539
189
3723
228
150
1539
1555
3994
877
175
3576
982
2628
1136
1227
1303
494
2457
1761
2468
441
471
506
3222
174
1534
885
2703
3467
2228
3119
1132
1974
805
2035
583
2945
1063
4084
1182
1937
3247
1775
3023
530
3748
1230
3740
617
3306
1629
3451
234
1798
3555
3848
1858
3664
1891
3400
3284
837
3192
3789
1774
2080
1449
4079
1909
2764
1188
2162
2407
908
974
1835
1412
1573
1830
3554
18
3116
2972
208
161
2060
3087
3567
1739
603
2560
1257
2776
107
3469
3281
3948
2337
2951
1756
4090
3331
87
840
3712
1393
1073
984
1116
274
2006
1643
703
3679
1972
3520
466
3980
2665
609
3578
3104
3631
3318
3125
3758
3530
1941
3559
845
3663
3536
1902
289
1407
2962
2348
1203
3986
1988
2762
2360
782
468
79
476
2555
4094
815
30
1865
1131
272
708
224
1855
1046
1447
3612
3940
1490
3126
3512
4014
2351
2089
1985
4011
3801
1829
3326
634
1979
396
4059
2938
2366
1395
675
3736
3091
656
3046
738
1314
3384
211
2583
2499
3266
2683
3580
2913
149
3174
65
21
3621
2151
2854
2278
1222
1259
2368
2068
2179
532
1559
1251
1630
3344
1014
886
948
1287
2440
1118
3153
2943
3933
854
2917
3145
2580
2314
806
3031
3508
2312
1867
2720
502
727
1165
3008
3090
3083
3436
966
1076
1989
313
526
51
2413
3406
3868
2326
1164
1023
1044
814
3839
2223
3910
3053
1181
3070
3721
164
509
2003
2779
1896
2385
3865
3017
2956
2529
3648
127
4028
3644
181
3106
2534
564
3140
3185
2429
731
1160
2994
2528
1889
231
386
793
1453
811
3220
3236
3755
3443
340
987
2382
1317
3522
1769
3680
2132
523
2061
2181
747
334
103
2589
2052
3617
384
1883
3489
1301
975
870
1951
2691
2279
545
2084
2819
267
2619
1499
2086
2804
833
116
670
3243
2392
1697
2927
276
2414
2883
1226
654
2449
616
160
1750
2207
1445
3991
2729
606
1927
3894
3715
3898
3674
1601
2391
1668
499
676
3460
1028
2760
755
694
2073
1101
1147
795
858
1371
701
3215
2206
535
1770
3752
2000
1308
165
2263
1248
3200
3942
2122
2869
3700
559
980
3572
1873
3389
2256
402
94
2662
416
1696
3907
1484
959
3895
3485
2236
990
1268
958
2303
786
1233
2791
720
2342
2644
2416
3455
3410
4069
252
2250
1690
346
2982
1194
869
1513
1877
2007
838
1970
3291
3961
791
3635
325
916
2423
2154
2521
2221
2143
3229
1514
359
104
1604
3529
2568
2524
1003
3292
2696
1611
2693
2185
1880
1326
2046
2345
2034
3842
1992
2725
299
2197
279
4007
2896
2984
3052
1652
2129
772
884
13
3358
1197
1658
435
2024
1040
123
3002
3194
3698
2136
2807
1592
37
3166
3659
2613
3398
3639
1406
371
2987
3479
146
1777
1085
3972
1471
3045
690
1266
1948
3060
3919
3273
2428
124
714
2885
3784
3072
253
3279
1595
2694
942
2562
2571
967
3577
2222
2157
3362
540
3704
2411
3312
1560
592
657
1617
3064
17
977
444
1295
354
1448
2150
2371
3473
2076
529
3386
595
3610
2523
490
1727
1346
2641
209
1048
3319
1600
1090
2863
1171
3869
2803
2008
166
3950
16
1452
1828
1660
2252
3120
3944
2813
963
2496
3510
1622
298
2063
3776
2002
1973
3129
2317
1965
3786
2537
2597
1716
1932
1279
3365
875
2149
3888
919
2964
131
2022
3551
2436
363
1710
1884
1784
2199
331
936
2704
3837
3062
86
1144
2053
3158
2361
3623
3237
957
3198
903
1525
2700
1319
3282
3594
3022
3955
787
1688
1968
2125
3000
1094
1352
1857
3583
3765
3545
2241
3414
1570
1530
2329
1289
2242
2510
629
2421
1596
2590
2888
456
1812
3156
3285
2051
392
986
1914
3396
3957
290
3287
844
389
198
3167
3808
1278
3501
2940
589
2850
1018
2340
1791
1148
3935
3239
2751
3100
1153
2393
1062
3044
1594
1926
1470
3807
2661
757
2784
404
43
4018
3444
2362
2363
3681
1381
2853
4021
1097
3240
2536
2937
1170
2835
393
753
2176
2023
981
1536
2323
469
910
2687
619
2567
4088
2977
1764
1679
1493
1805
2623
1959
101
3816
914
706
258
451
3889
1833
2259
137
3824
3016
513
4086
1016
470
3404
2257
1115
3714
3507
866
3425
1953
697
1273
577
2093
2941
1590
100
3026
2123
1910
783
3342
3760
4022
1738
3958
3028
544
653
3175
249
1576
1374
1339
904
239
3906
1591
2418
800
2735
3375
3647
3703
3546
3672
1913
1572
1474
3665
193
3296
2593
498
3988
1943
613
1783
1290
2344
3823
3706
3012
3914
1542
1712
865
1187
1113
2075
1737
1333
1708
867
3728
1832
2904
2834
3636
3638
3754
1743
1831
2837
1441
2302
2462
1523
2318
477
1416
3732
1005
2884
3857
3579
1183
3662
1634
3136
2715
3005
3047
1283
879
1145
1042
1306
260
2868
3953
1340
3592
3191
219
3049
1758
2105
1983
581
1397
367
2064
2264
3825
2544
3773
2633
387
2189
2859
707
1616
684
3036
2711
2736
2826
2949
2247
338
3038
2577
4047
898
717
591
3183
2892
3915
2033
3768
586
763
1518
3817
3749
906
1325
4085
3115
999
2685
2399
1446
3794
3298
1586
2229
1215
1808
2636
3405
3584
1637
3385
36
2634
4015
848
3747
2092
3866
4041
2238
2376
1092
1487
1225
2639
3254
1388
110
445
520
2490
1687
410
3208
3150
2408
4005
902
2415
3109
3416
429
1071
1844
3844
3184
327
1649
1054
1288
947
2612
111
2630
672
2489
1605
1686
3275
3484
488
3187
3683
1984
1853
567
646
4031
823
2815
2684
1299
397
2464
2447
2923
2439
3320
1038
2659
1138
2507
3843
2785
3277
937
605
2744
3283
3433
1059
2681
3634
2039
3971
3556
2708
1304
2993
2190
2398
1323
1275
3333
1361
3238
1041
1544
1938
1522
2600
3710
4001
1199
650
915
1088
1741
3766
889
39
842
3202
2856
1703
1367
1936
876
3560
2333
2274
3750
172
1206
2405
4075
2599
31
273
4043
1369
1141
846
892
3004
3054
3147
2187
2020
1100
3314
291
2701
1971
688
1068
2650
3996
3308
831
862
2166
1821
1121
98
2433
3209
2858
1269
2750
3605
3217
1440
4035
411
2765
2282
3864
620
1033
1816
1623
3193
2280
2616
1901
3727
1462
612
2269
390
1159
1504
1255
2646
644
2730
382
2473
1552
754
3294
970
1492
1058
407
677
3059
2364
1640
1856
3085
979
1070
2266
1779
4057
2240
3367
1723
2812
1556
2281
1899
135
3544
2378
2015
3207
2897
3769
1365
1267
830
2082
180
1930
3881
2974
2074
2467
2442
24
923
1467
1503
3454
1793
2044
1810
1207
4012
2135
1245
1327
3813
1343
302
1916
3466
495
1322
1057
570
1786
3625
3132
1721
1840
3363
3692
3793
1588
3218
3745
1435
2347
1781
2171
2871
204
3830
1507
1321
2749
2622
2048
3310
2160
4051
2966
1433
144
1509
3521
2427
962
2184
3178
2103
112
4029
3547
2320
1469
3565
1294
1767
2095
1806
1547
2844
681
3179
514
293
2948
2968
1859
2386
551
2217
2547
246
3452
1052
227
2108
2933
1665
3587
446
3244
528
2403
2056
1332
689
3486
3307
1695
3216
333
1126
1237
3883
2434
176
3081
301
2799
1368
1548
3511
729
2674
531
2208
3609
715
1991
2733
1402
57
2901
365
1719
3759
2504
1733
2976
182
1704
593
1839
3071
614
183
895
2021
485
1022
3709
1886
1250
3593
2629
1423
1759
1625
2390
264
1265
1888
3589
1887
1613
775
2895
1190
2469
625
2032
832
1732
1439
3562
314
1320
2438
1566
2916
855
3246
2538
3687
2245
35
1638
641
1155
3586
1656
2293
3729
621
3999
2635
2801
54
2788
2026
2485
3401
985
1627
2774
3390
3058
748
1032
2952
1928
719
2353
546
3835
261
3263
956
1845
2077
1854
2957
3462
1214
2753
2225
2295
6
4042
3676
2354
2232
2873
2334
3280
2905
2825
2100
473
921
1515
2833
1603
2721
3311
1814
1980
2632
924
2265
1527
2561
655
1302
2327
2285
3762
3317
1163
2946
2531
1125
1366
2645
3255
278
414
218
1373
1021
3040
3453
3790
2341
3811
3561
3900
4056
3965
3537
4077
2931
242
438
2246
2828
2731
1464
4000
4009
2642
3374
1200
660
4044
2072
487
669
1568
2535
3802
1597
1964
2533
1494
1497
3941
8
1224
2545
2483
517
2104
3494
3127
894
2508
3519
2657
2330
2299
311
2255
828
3630
4060
1903
2992
1607
1050
2900
1699
1079
2214
2625
3088
216
3068
2343
3992
2847
2231
491
2912
774
2088
3719
3420
266
2754
4080
1935
3973
1420
3211
3761
3846
1345
15
3123
3603
817
99
1537
1790
3233
321
712
3118
1528
741
600
1103
3876
3571
4093
2422
2389
1216
1713
1543
1931
2603
317
733
1084
3627
2846
3774
3814
1998
1993
2906
2738
2816
2409
106
1305
3124
1099
3799
1353
3731
1975
3553
3496
3743
1128
1178
1156
356
3930
2494
1917
1307
2463
281
197
1746
2770
275
2384
3977
84
1110
2116
2205
3815
1711
1355
2778
235
3804
3322
1707
1166
1158
565
3938
2110
3922
3570
971
3077
3422
1939
2716
3439
3163
3989
3448
32
2820
3538
4
187
3463
3982
2121
2722
2740
318
1760
3288
1282
4095
2797
3361
3334
2939
3148
355
1981
802
3962
3598
461
2045
1463
3248
3643
14
3921
3620
3548
1024
398
1009
2766
2305
3491
9
68
3852
2660
3442
1089
767
3595
3402
1419
3032
692
2517
493
244
1152
1915
2356
3393
2786
184
803
638
3419
2718
2183
3201
2556
1489
1934
2192
1049
1987
3805
1724
2404
1726
3637
2047
734
3366
2128
1082
2677
1296
3228
3633
1535
3094
652
3987
70
732
66
518
2410
1882
2960
1685
4046
766
1949
1443
2742
1029
205
1236
917
2890
584
2202
2298
2877
2016
2153
2471
3321
2656
1217
512
2965
993
2346
2610
918
3315
1348
4058
3117
1238
1800
2857
1579
3737
3684
369
1976
2177
696
3629
2664
3858
23
1771
3850
1765
1401
896
698
2200
2655
3847
1797
1457
377
343
2690
170
1554
376
968
3475
3990
1722
4067
2091
2332
3066
3566
268
1229
2201
1468
2209
3653
472
1191
1150
925
579
3800
3497
900
1002
3493
1795
3007
2954
807
3821
1329
2094
2101
1672
1823
1202
50
1017
2319
3532
3122
3347
1398
1478
3657
81
2167
2267
3205
3899
2400
3964
3050
1444
1460
1218
3959
247
2998
1006
1730
10
2350
74
1390
2572
3967
3854
1714
3573
89
4050
2692
448
890
2069
2802
683
1286
1768
1834
1410
3969
1700
2148
4013
3622
3506
2874
872
1847
326
1647
3024
3655
2527
1247
622
2001
1080
1430
62
419
960
2843
1788
332
3190
573
2028
3230
2270
257
360
4003
678
1811
857
148
3483
2286
322
687
3234
3135
699
861
998
1850
1112
4034
1011
2867
1557
255
1204
3445
1967
1357
1196
2676
780
2782
11
2726
501
3181
439
3095
2173
1091
668
1075
4072
3897
882
3563
1892
152
3076
2158
3034
1517
1261
3924
1736
3724
215
2936
575
434
2031
1324
649
3160
1911
631
486
3939
1680
880
19
1683
3531
3908
2478
989
2212
2614
3585
3368
1612
341
2541
67
939
813
2037
1966
1264
232
3618
1019
2996
1549
2431
623
1072
3162
3667
673
12
2011
163
1918
4083
992
710
1415
1789
1837
3498
3668
2903
1742
61
3300
1584
2626
659
2444
4017
1754
3947
179
3787
2381
2289
245
3084
1642
2598
3646
3249
1134
2759
195
1749
560
2450
2501
2688
1860
1043
2999
2564
113
1179
3782
1193
2875
1391
2870
455
238
2588
34
1529
2822
704
1209
3616
3289
1486
851
3021
2551
853
1047
280
2126
3574
1292
1994
700
568
4054
3720
912
516
2756
705
2495
2017
463
3503
1146
108
3382
2290
2379
2712
3966
781
3092
412
1405
2932
3261
105
3920
3219
3733
2182
2911
3718
3874
418
335
2539
3324
46
3304
4061
3080
764
2253
263
3186
2078
860
2530
3268
633
1020
1512
2087
241
2810
1838
3461
3161
3628
1205
102
2714
2054
3675
2233
1818
3970
2919
1277
3182
1919
345
71
1382
378
1753
2637
1337
1945
2443
2165
2953
3841
3169
983
1107
4032
1580
1801
328
225
511
3232
812
3256
1675
2339
248
1969
421
2
2275
2654
1240
1851
1624
2251
3260
2435
159
1496
282
2827
417
2707
3434
909
374
935
3976
251
3725
3780
2682
2587
424
2851
3144
3188
2796
2509
3534
954
3974
4010
1782
351
220
1077
1785
3456
3795
2832
682
1161
3197
1875
437
585
2881
3756
548
667
1841
997
1540
339
3415
297
151
3225
2402
1999
1252
3265
1843
167
213
1010
1363
4019
3471
3293
2638
1403
2591
3640
3863
4039
978
1479
316
3945
3671
2216
1757
3421
1198
1809
2842
155
1310
2377
2745
427
1929
1813
630
1035
742
1169
1698
3075
1284
770
1751
1409
3885
1114
3778
3696
2284
370
2914
2372
3926
2452
1228
2466
3568
1885
2336
1465
3499
1561
1684
3093
2142
3893
3870
1676
3607
3165
3806
3061
1574
794
153
2137
1893
1674
1231
460
2018
2224
602
2773
685
2569
2543
3524
618
366
2322
3432
1140
505
3903
1013
3159
534
2839
1894
1621
3853
1602
130
3446
379
350
1848
3934
1567
2907
3575
3418
3912
0
120
3495
271
3134
92
364
2780
3269
422
3305
3155
1564
3213
1298
943
3984
3472
2579
2331
3437
537
1648
2081
145
2526
2014
702
3608
3014
3457
839
3673
1879
1872
2920
3103
3157
3350
519
3677
2550
3141
2794
26
1442
128
2502
236
751
2313
2193
3523
3245
1735
4045
1328
1645
1866
1792
1454
1031
2144
1354
3968
2057
27
1593
3212
1208
2127
769
285
1475
2666
2109
3840
2768
792
2548
2576
2909
873
3177
913
400
372
4062
2891
1651
2292
1747
1541
2138
2862
1330
90
2542
1045
2559
1709
368
3820
2865
2658
1477
1819
229
3590
1778
288
3424
1940
156
352
1655
2043
2781
3470
1898
1358
2709
52
118
426
1424
3206
3981
2734
3020
2479
1120
569
2374
2997
533
47
3558
2172
3936
3226
1422
3108
2695
1195
1577
2772
2311
941
1990
3089
2451
3340
330
2894
324
1956
3669
2823
2195
453
1455
2705
186
1485
2767
507
744
132
2925
1583
2680
3682
3913
329
664
1807
1869
2617
2761
752
4008
467
3902
428
292
760
724
2430
1519
3597
2357
349
310
1766
2352
3855
3383
500
571
3826
4091
2204
3168
2783
1060
907
637
1794
1293
2893
3412
2978
3128
2106
590
59
425
401
1815
1143
3875
2922
508
737
658
542
1661
1773
601
3154
464
2316
28
1378
2518
2515
1796
2437
1995
140
3019
1336
1728
1748
2800
1104
143
3069
3601
1243
1105
420
375
2552
2406
240
2866
1034
2243
337
3336
3111
2395
2947
1081
4027
2355
3262
2359
3717
2220
1311
3
1717
1533
522
440
893
1122
141
1933
1318
2921
3581
33
2500
3660
3351
77
810
743
3370
1312
1039
2059
3845
610
2067
3413
190
342
3877
1421
3009
88
901
2710
749
864
3056
1692
1173
1581
3253
3341
2649
1149
2477
1074
3189
976
953
1272
409
691
3946
3656
1550
3015
554
636
4068
3329
2134
604
202
496
221
856
303
1386
154
2115
2746
661
3954
762
1952
3001
3458
1300
938
1375
3121
2019
3582
871
41
2595
308
1734
643
3979
3539
1562
3708
3983
2604
4002
1825
85
443
3476
1610
3380
3831
2775
1671
3514
3690
2164
2596
1254
2672
4082
1863
1253
1526
3142
1177
1095
961
1575
1705
3652
3905
2831
2472
1912
3884
2013
2272
169
3803
3267
2465
3588
3065
2503
2840
3474
259
2879
114
576
1977
2027
3372
2829
3767
1172
3886
1067
2899
42
1924
4040
3829
3931
2669
1315
3525
2146
679
2652
2511
3596
1030
1127
829
3777
1108
3441
2211
834
2493
406
3925
3323
1426
1963
1241
626
3408
3995
3827
171
2066
2985
1235
2283
1923
3695
566
587
1817
2697
119
1693
2902
1174
3137
2855
2601
45
2484
82
284
594
4033
142
391
3417
2989
3611
1434
3788
3887
72
2328
3199
2030
64
3822
582
1344
3113
607
4004
191
1392
557
173
1598
994
63
863
558
2260
1960
1413
300
3048
2824
1954
1387
1731
2085
458
3055
934
1501
1399
2732
1285
497
2497
3540
2723
945
1861
138
1297
1614
1780
632
1870
1639
1270
117
2817
1384
2147
3146
3203
1356
887
3309
897
946
3352
3431
1383
3359
1802
3130
136
457
192
2258
878
3180
2818
3360
2795
1117
2670
2040
2958
2097
2769
2301
2876
3010
2474
1836
353
2880
2668
922
950
2970
2218
651
3707
686
1776
820
2995
3879
1904
3783
1051
3685
2498
1876
1111
1428
3356
1124
3892
56
2133
1239
3772
503
1558
73
2713
2131
2522
2254
1641
373
2878
115
2170
223
2971
3624
725
3564
423
552
905
254
3173
80
3388
3849
3258
2836
1184
269
44
2553
4073
2653
3042
3332
3645
2198
1027
1890
69
730
1772
3039
3110
578
1213
541
2482
388
2448
1418
2388
462
525
2481
196
852
3649
1762
433
663
645
1123
1064
2848
2161
4070
553
3691
2975
2297
736
1
134
3051
3290
574
2702
1654
995
2486
3364
849
78
1589
2889
3713
1664
3376
4089
3916
2689
1659
1201
899
3860
4071
3956
2099
3139
1271
1157
1546
3399
3526
2070
178
147
2963
3138
1008
3604
3872
674
1093
2071
1508
1511
666
168
2830
3928
3533
640
3349
1653
3041
2849
1827
991
1569
1007
2168
2898
312
804
3276
1066
3838
933
139
3997
2991
478
83
1087
1545
2237
3518
850
3862
2698
2717
515
2152
3730
1168
3923
3890
2864
2235
693
2424
454
1466
809
2124
2387
2488
3819
790
1362
2475
4037
3426
2230
1895
1427
1982
1922
2029
399
608
835
307
3600
1950
2532
3615
162
3241
2979
1432
2961
3114
1360
2118
1681
3264
2460
1849
2651
1086
3335
3693
2335
3257
1715
1619
2540
3477
1663
1878
1495
3428
1729
711
2111
825
1500
2627
955
3764
3535
1946
847
3834
3975
611
1842
177
718
598
3338
3259
3478
3102
1431
4064
2306
1720
1379
771
2969
1347
1400
1185
2038
3504
3086
3354
2752
1510
1763
1618
3949
2792
524
3355
3369
2394
2180
2163
1069
5
2417
1411
2624
2487
459
3952
1516
2373
2425
3272
3937
3619
1961
2546
2226
3689
3492
3214
2686
868
3018
1631
3371
2787
2678
2581
1096
482
3901
3346
489
3006
1551
1130
642
2618
4065
1175
3771
1691
2369
3591
3896
536
3781
403
2461
2107
3295
2050
1456
3210
2615
1133
624
1538
4049
3722
1871
1669
973
1906
3003
2747
3552
2234
788
599
3430
3791
3550
1962
932
1862
3339
1280
2025
3542
203
521
2558
2789
3027
2719
1787
1342
1587
1334
1221
2480
1472
695
91
3133
1957
1905
1620
2219
1505
3297
2268
361
2098
3073
381
4030
765
1635
3882
2455
3330
2942
1978
55
1025
3502
2375
940
3030
2790
3909
1142
4092
294
436
243
4036
3465
2296
3242
2582
3337
3082
2491
479
3614
3235
1565
996
1234
3464
588
841
3726
1944
1868
3626
2188
821
53
920
891
3423
1846
1061
1151
2928
3557
3067
2926
3856
628
3270
222
214
758
2648
801
3658
3985
2367
1436
2675
20
3880
2988
826
1389
1803
4063
2924
2679
1438
2276
2586
2574
949
3164
2737
188
735
133
3739
1521
2981
2549
1657
3832
1404
1281
2065
2755
3828
1506
233
2505
3651
1380
3960
2446
4074
944
3381
2397
926
3195
930
2227
1920
465
3859
1338
2935
822
286
3694
1451
481
75
1154
484
3427
1958
2861
2156
3480
483
952
1608
547
358
1425
3711
1644
2640
319
1942
965
2055
3449
2852
3963
447
3678
1211
121
210
549
3227
3403
1394
1258
76
3013
3391
430
194
2213
1482
2117
1053
1633
2798
3152
2915
1078
1246
1820
1677
716
48
3151
3527
265
2174
2983
3481
1351
1437
408
745
931
1370
2621
3096
2575
3411
3861
1377
3812
2608
2757
1900
230
2239
859
3797
1349
964
2967
2777
200
2516
1585
3112
3357
4081
3798
3569
2584
1359
1037
2811
4038
3702
1309
2304
58
1599
1350
796
2806
3224
3951
413
1192
3670
2412
3373
450
2310
3851
1180
1056
344
562
3697
2592
3302
827
474
4087
1408
4024
1106
3543
2513
38
1461
2886
2271
1000
2585
778
2083
1012
2631
3738
3221
1083
680
309
1615
2573
2606
3301
647
1578
3079
2763
527
4052
3172
3105
1135
3917
1628
4006
3699
2514
777
3602
158
283
3037
2401
1531
2470
2042
442
726
380
836
3792
2805
277
504
2607
1036
3779
1220
2453
1755
2396
315
2249
1745
1997
157
3313
969
4078
2743
1414
2808
2215
3716
556
3057
3440
2370
3744
305
1582
1646
722
1004
3435
2178
1364
3632
93
3074
510
3735
2667
2594
2036
1689
740
199
1244
3642
2554
306
1476
883
1650
2210
671
2349
1109
3943
3904
4023
1673
2191
109
452
1667
3025
415
2009
1276
3459
480
2809
2338
60
3513
2570
2563
3176
2041
1331
49
1001
250
3751
3993
773
2261
1947
2145
3490
761
237
1458
270
3911
2203
662
3810
1102
1921
4016
784
789
129
759
348
721
492
2139
2990
808
1694
1881
2244
432
3043
2010
2663
818
2112
385
122
988
2383
1532
207
4020
1341
256
2277
2194
2739
1385
3251
29
723
2169
1632
1908
4076
2620
3641
2420
739
2557
2186
3447
3098
2872
2706
3468
648
615
2519
3252
1417
2673
2441
3488
1502
3303
3450
3666
843
2944
3932
1429
2113
550
3541
185
1824
126
1498
3549
3505
1907
1553
3606
768
2845
1706
3500
40
713
1996
1260
357
3035
449
1662
3353
125
3171
295
1702
3149
3271
1313
1232
2294
3871
3705
2918
1065
1718
3528
3509
597
728
3078
2321
3701
1822
2973
1256
2325
2860
2426
2748
635
201
3325
3379
3250
3170
336
596
2814
538
3196
1473
3327
1874
1483
2950
1263
3107
3998
2456
3378
3274
1015
1139
4053
1219
3809
2090
2793
3741
2358
1701
1186
3278
2525
2114
1316
3785
1606
3742
3409
972
1678
2049
1670
2565
2120
2324
3387
709
3407
97
3395
22
888
3650
1925
3517
1372
2955
798
1682
1481
2273
1210
2910
95
797
287
572
3833
2771
2380
3753
665
1212
3397
405
7
1162
1491
1609
2671
3836
2934
4055
3770
2432
3613
2140
927
2741
2102
3686
3099
226
776
2062
2315
1852
1740
1176
2248
2096
3867
1223
1626
2578
3131
1488
1249
929
3775
395
3929
394
1026
1752
756
3429
3763
1055
1262
3029
1636
3796
2611
3654
206
2419
2520
2288
779
2609
1571
2699
1986
3661
2908
362
3918
2512
2445
4025
217
2882
3688
3097
347
3891
543
2308
1524
3873
928
3746
3878
951
4026
2175
2986
3343
2119
1666
3438
2476
1955
3143
2005
475
2309
4048
2821
819
580
