1309
2737
576
3291
1926
3027
3104
71
2470
1823
3147
2849
1465
2583
1439
3241
1845
1996
2083
1847
463
2351
2004
17
2827
106
2331
2567
2732
2196
1580
134
1943
3941
547
1612
2645
1466
2396
2069
2436
1837
2052
887
2646
972
1179
1266
1584
3945
987
3329
889
3035
2432
976
50
2964
974
2100
54
1769
1161
2070
2828
1686
4045
600
3528
418
2185
2433
2909
43
1359
424
192
388
1108
428
2788
3257
2010
2537
3087
417
3320
2814
1445
916
174
3971
1355
2728
479
682
1040
2087
19
3870
698
3667
2162
2886
872
2303
2029
1767
349
3235
631
100
764
1321
45
2506
7
2322
3287
734
1199
401
3263
430
1405
4037
3437
725
2181
2663
1856
3729
1432
4006
3379
3342
126
2017
1771
1442
905
3687
1335
3649
1397
1070
2486
1893
2176
2547
2948
1740
907
1515
2638
1773
1648
1931
1536
601
2416
496
2720
3882
2599
3719
1074
1145
1579
176
2896
3674
2699
1727
3067
1109
3662
870
3930
2431
3163
471
1592
4052
1086
3688
1620
1937
1800
2206
841
2854
65
3110
2315
851
3282
2274
3205
1842
62
765
3556
2519
2730
1675
2042
1731
3284
3162
3518
2264
3940
2791
2760
1441
762
2746
1104
1739
2620
181
742
723
488
3358
1247
1005
3051
510
2288
2094
153
3858
423
845
3582
3981
2543
370
632
1756
1077
669
531
1024
2656
1473
891
28
500
945
748
3710
2173
3066
908
3141
1489
1627
524
2839
1644
137
3345
2280
2795
1894
2388
3229
820
766
1664
2015
2485
3183
3989
3801
2376
1830
3000
1061
3872
2504
3347
1927
1123
1135
1662
375
2184
103
3477
3353
3415
2030
3648
896
656
3013
3545
2710
4044
305
1490
4066
2383
1065
42
1116
1496
2434
1154
2090
1855
3186
3606
3259
2471
3500
607
1301
197
1724
2484
3852
73
645
1493
3663
3256
1802
461
3824
1046
1242
2690
1225
493
1625
3766
3550
3647
673
281
2592
1294
899
420
728
978
3795
3348
1566
24
3029
2097
2399
399
3642
3043
3875
3846
3657
1239
1841
87
3418
3734
1950
2940
365
628
216
582
1803
4072
1982
774
3519
1932
266
3583
3127
3409
2242
2613
3054
1471
91
670
921
3354
1218
3351
3002
252
1886
3536
623
1228
83
402
206
2635
3605
2576
2370
3
2368
3714
2582
1670
228
1622
3742
969
2417
3511
2541
595
3820
3969
3456
391
975
2545
2292
1026
3372
3821
1390
541
958
2307
1725
2781
3948
666
1062
1328
2866
1343
2336
3547
442
523
2980
608
415
2899
861
2642
3041
2021
2831
3679
3380
3786
464
3739
1970
2846
1689
2133
3278
409
3792
1111
3835
2878
1817
3234
3448
690
649
2740
3222
3743
345
1487
2670
3587
2539
3285
133
778
84
371
1420
4026
1617
1386
155
2669
2696
3182
2032
2049
3106
2147
344
2978
2154
3546
2016
2286
2125
1672
2502
3452
834
1277
1631
1464
355
2189
2495
1608
64
677
2825
1271
850
1978
1846
2884
2970
925
3244
3490
984
1160
2400
346
3113
2626
1322
1153
529
3292
1011
3123
2079
3408
893
3653
2949
2562
3269
2676
2611
3474
888
1038
1614
3962
2369
2123
1418
2704
1244
1215
781
497
2086
1367
3126
858
404
2258
587
1591
2836
773
324
3638
3483
148
2460
3084
2679
2772
1079
1095
2305
2211
1087
3869
1009
4086
3579
1734
812
2230
3249
2549
244
3761
2271
2309
441
2535
2077
1789
572
2344
1713
364
3726
3936
2465
2515
2361
1401
3578
1413
66
1744
1921
3236
3178
1728
2492
3777
3355
2018
2333
540
403
791
3781
2855
141
4092
3797
2723
1223
1485
1516
1547
3407
4005
1594
2461
1252
1653
3412
1264
2035
3920
579
3243
3056
3741
1410
998
1543
1806
426
776
3050
357
194
2289
1962
920
3966
738
322
2438
125
2608
3037
1236
2764
2693
3217
1278
1257
2691
3877
1482
3467
805
2528
2680
3232
101
2105
4078
3042
356
2462
223
1854
3484
99
3627
1198
597
3879
3332
3682
63
2936
3530
1147
2568
1912
1809
1270
2616
1600
3083
1994
3620
3190
3150
1772
1295
1882
2163
2532
1503
2569
1674
1221
3388
1836
1462
163
2832
2217
3805
250
60
1853
46
2419
2628
2393
3695
941
3732
4084
3559
4015
2282
1016
502
407
3445
2910
3566
98
3344
2380
3832
477
377
1052
58
485
378
3093
789
4075
802
613
3809
3079
3751
395
2378
260
2639
1237
3779
4059
1000
4061
3324
809
2841
2375
4002
2678
256
3670
1414
2906
3218
1373
1428
2621
3750
1130
2959
271
1821
1486
1098
730
3845
2359
1191
2479
3704
1415
1042
1057
4035
2810
3156
16
1189
284
3868
2911
4014
3880
2270
2654
752
3624
1811
2753
1201
3307
3402
4085
2607
511
2038
1680
3074
2051
2647
2262
2625
483
1632
1209
629
1279
1867
2223
3478
1564
3756
2692
3635
86
2347
3842
3855
621
3369
2314
3658
1163
3904
1804
913
3889
492
3210
797
947
995
2395
273
1538
2780
3617
3076
2985
3246
434
2916
2068
1544
2525
1354
3555
1722
3102
3907
967
912
1729
3356
3302
692
1684
2254
1640
2141
1849
869
431
2667
23
450
1281
3517
1297
2617
1596
1049
1175
895
627
2650
2992
1105
3208
2137
288
3568
989
3878
2965
3912
3472
3564
2198
3449
3447
2779
1555
2085
2586
563
816
1599
1393
384
2534
2000
1554
1908
1850
2293
1776
1581
3416
882
1869
3656
2877
2664
3787
2472
2131
1530
675
3515
3916
3101
2324
3952
2930
1047
2546
1616
2134
3016
1165
2736
1824
3276
1844
2883
119
1880
3701
2652
877
703
3831
1477
400
367
3926
3847
3771
566
3958
1167
575
2459
1450
3308
3417
1529
1256
560
1682
3334
3468
1723
2665
2585
1607
2306
1514
339
1229
2276
3499
3501
3893
3480
1843
4040
1395
3822
722
2784
1775
3312
1362
3152
1736
3615
3088
127
2157
525
2489
617
539
1133
1738
3731
1207
2533
3707
897
1014
34
3169
1476
3398
3211
3343
2231
818
4036
2109
1037
2214
1999
3773
985
1059
1224
224
1287
1548
667
2518
3368
3399
2145
3918
546
3541
512
3894
2548
3618
3333
2099
481
3493
2241
4018
1683
1998
1610
2050
2988
1091
2048
109
38
102
2155
2073
2128
3988
2284
2799
315
2591
2275
2394
3621
2738
2334
1226
1708
1628
3819
3144
1834
3843
1522
3978
1655
1757
440
3139
549
619
1384
867
3057
3288
3853
3968
2944
1402
2566
1500
1801
2150
1746
3376
3108
3577
2904
1838
135
1977
1424
2256
2208
881
453
3513
413
3254
1852
2386
3313
1408
2194
3465
664
1339
410
1066
2047
890
3673
513
933
1987
1436
3072
1008
2770
3694
3387
2349
2210
982
2350
1208
3914
3900
1138
1678
3496
3328
1763
4082
751
1144
1990
10
3826
618
2014
556
3950
2111
3863
564
1760
3466
806
865
3818
3987
179
3340
1606
2725
824
1113
249
2104
2624
815
2812
342
3304
678
3022
15
1983
3007
715
709
392
3161
3491
3030
1231
2653
2354
4073
2796
2759
3645
1835
3021
1598
4095
1036
1146
2974
1112
827
3040
949
1704
4093
1060
844
3341
20
104
3873
1347
1650
717
1288
1444
1785
3768
3004
4067
1840
653
3922
2498
971
3592
1214
1438
2313
4024
2024
3430
1989
2323
986
295
2294
3170
862
2768
4012
3422
1532
3411
56
2135
2277
2224
2643
1862
1562
432
3998
3443
114
2266
445
2319
1868
686
644
1974
130
156
2661
1300
188
612
3891
2440
801
1022
598
191
2903
2998
3272
2677
3433
1705
857
721
3352
4028
2410
303
1920
1649
2161
1517
3754
171
2702
3061
2435
1002
2261
2894
1404
2658
316
1267
3508
264
938
647
3691
1714
435
578
3195
1833
2612
2922
843
651
3135
3716
779
3827
2529
758
88
3401
195
837
946
3281
4033
2328
3892
1518
209
2623
3142
2067
3470
1798
1663
2594
227
507
2618
3747
676
49
923
3593
478
3100
405
3758
1131
756
3808
2659
1082
3149
1174
2076
2865
3374
650
3602
2389
1504
2238
3951
2488
4019
2751
726
2700
4091
13
2774
2867
2990
1501
2552
3686
1085
1494
1914
3636
1333
113
2469
2968
868
69
1782
2219
1168
3414
3837
3122
3562
1918
451
1107
2856
2786
2428
2817
1280
421
1034
911
2798
545
3523
532
514
2942
3554
735
304
1779
1745
1344
1396
37
691
2118
3151
1952
2675
2467
3121
1925
2251
1195
1786
1084
1092
1865
2785
2209
657
584
3983
161
3125
31
1535
1213
1178
3112
1872
78
2997
3059
2530
1313
3297
291
2556
247
414
979
1637
212
140
1230
2260
3453
991
2806
2451
918
499
3330
3024
1004
3721
237
3189
2755
3174
1944
3048
207
1677
3196
1604
2956
3145
2850
3752
3718
3099
39
1864
3661
1283
2954
1338
1073
3366
2701
1484
2902
2858
170
1159
1799
258
2747
1316
3298
1499
3397
3187
438
1020
1078
833
3077
1089
2422
1140
1377
1812
1475
1673
2494
437
2776
2845
1588
2268
2600
2843
704
3543
29
2712
2358
1183
2719
873
199
1819
3321
287
2830
3464
1010
3736
1021
2834
785
737
2006
574
1222
3357
592
1963
706
3310
2312
1400
2458
2963
2044
3953
2384
2339
3637
2752
259
2311
960
2144
1385
3130
74
1307
2892
52
1488
2415
3497
1890
2012
164
3862
3939
2688
2982
1340
2571
320
3760
2655
501
3812
4027
1142
826
2320
3772
3258
473
3063
1749
3462
2385
1701
846
3487
2824
1709
952
1245
2205
1051
2500
3117
710
3678
1986
3064
2055
3431
2929
1505
3165
2468
2996
1363
1512
427
2341
3860
2932
3915
780
1667
3204
3903
136
182
267
472
308
2507
2213
2742
145
609
1810
1964
3060
1876
454
2748
3277
1205
1187
3509
1419
660
3908
2447
183
1508
3080
3176
92
2597
3435
2900
2937
3745
2081
2835
1589
1574
2837
2487
3538
1188
2221
3295
3553
1784
3692
3124
1754
1345
3301
589
2373
2660
537
3600
3928
241
210
1072
1917
3644
189
878
3681
2777
3394
2606
3213
376
3034
814
3785
2084
1697
2558
2089
2912
326
754
3383
3361
2140
3242
2279
3933
3486
3184
712
3532
3137
3911
839
2245
3680
2299
390
1936
3806
3311
2390
121
1106
118
1013
2142
1904
672
3296
2240
3540
215
3788
2947
2574
2766
1717
2553
3019
1816
221
2905
1883
668
77
3604
2234
1577
2363
2225
3116
9
4056
2703
1768
3601
2572
21
1001
3854
2527
4048
2630
2193
1031
2508
1737
3890
2648
2405
1877
3238
2531
468
3906
2536
4055
793
4057
2782
1125
459
44
1456
745
366
2792
4069
658
1957
2335
640
934
317
3964
1202
3444
4068
3696
3140
1585
1940
700
2913
569
943
2130
213
516
1619
3300
924
2191
2168
2452
558
1349
593
708
3666
3338
1211
585
4038
2729
1378
2808
3275
1857
879
2538
2160
1443
3622
2557
3461
131
1976
1524
884
412
208
583
2609
475
825
2476
4088
2427
3171
3096
981
321
3867
41
2671
2880
3463
334
3503
1068
733
55
2501
2733
2199
2056
2604
1874
2666
3451
3299
3956
3746
3944
1511
1206
917
930
1311
2075
693
2689
458
1629
1679
489
2463
2499
1793
122
3700
2352
620
2220
1382
555
53
1305
1851
2412
2853
1537
2212
1217
2182
2741
2296
3103
2981
3005
2172
4065
931
318
929
1742
996
588
2165
1421
3322
1227
3023
1712
419
2966
2870
2838
3134
3574
2423
2907
2179
603
3623
2885
956
290
1995
2071
787
1143
2526
1094
2744
436
1448
1761
1666
1141
3565
1299
636
1371
3641
72
3640
1459
1166
2426
962
3168
75
3180
3507
111
3763
3012
120
3105
4
1134
1048
1479
963
713
3092
2041
1469
1922
1169
2267
3053
3849
1032
3520
1093
625
3643
626
2969
1292
1703
3166
614
3856
1569
1282
3586
3697
3250
2513
1460
2923
149
1520
147
966
3069
3384
143
1250
1430
1750
699
1730
2564
1461
552
1352
159
2187
2429
462
1274
2595
959
2516
2229
2931
3346
2762
3082
1560
2449
1055
1240
2402
2490
3331
2901
4090
705
3488
4076
993
2285
1341
2898
4060
3026
456
2381
2820
2662
1275
1916
397
2170
2119
3044
1262
1510
803
3011
3400
2148
2175
4016
1156
1822
849
2425
1317
3018
553
1954
2325
2298
1261
838
1255
47
1234
3902
2149
1781
2159
3153
2202
3717
495
177
3228
1468
3305
1137
1054
2771
117
3984
1665
2889
2934
2037
1755
954
2074
1985
1320
1506
1909
517
3498
144
2610
449
3440
906
1204
2933
1304
3807
1185
909
2953
270
460
1624
768
3683
218
746
3274
944
1453
3032
185
2863
368
624
804
2059
3552
2057
1778
3783
3290
3975
743
1658
2977
190
3765
615
2054
3864
2005
491
836
1325
1980
3405
2330
3326
2040
1342
2714
1115
1808
40
2750
590
96
2967
1238
4079
4071
2778
3857
2446
3450
2803
1425
2218
611
112
3995
3664
3740
3814
1246
262
1291
561
1398
2387
2356
3573
2027
1381
1127
1164
519
3585
714
3614
904
1558
2036
18
1525
2697
2031
3608
3526
1929
2683
2509
1019
702
3712
3339
452
1696
2794
3327
4031
2809
4008
880
2555
2891
2657
3094
1296
4049
2862
2371
2735
1873
331
3049
301
729
807
3481
4030
1331
638
2345
2321
1930
1043
659
3392
248
894
922
1693
123
1993
3789
3954
3921
3591
854
2457
2705
2456
1597
822
2124
4000
3581
2496
1807
2769
1861
2430
1716
3813
3542
792
2257
2026
955
1935
1182
386
2961
2726
2483
3757
3576
1497
3404
1907
1551
527
2302
211
3613
562
1956
1626
2848
1315
2763
1334
3991
325
3943
3198
731
3316
2928
980
4050
565
97
2802
1881
2857
544
3549
1100
2095
3212
1273
2082
3917
953
2975
1454
538
2337
642
2424
914
3965
3265
800
1102
494
3590
3215
1422
3286
293
2550
3086
347
2602
3473
3529
2511
1875
3073
1330
3755
1848
298
1910
1324
235
3595
157
1155
3226
2247
2362
2098
3626
2190
747
3727
3459
2481
1652
3514
1314
1884
1541
3990
1276
4011
429
3708
3395
3363
2092
3260
3314
2842
3979
3128
3436
2455
2101
646
4074
3434
2283
425
1286
238
1064
1752
2503
2391
1235
2754
533
2756
2338
3780
4025
1368
314
243
2955
633
4058
3231
1758
1310
36
3693
716
2721
1391
1412
3188
476
3689
1623
2408
3432
3563
443
3980
3598
2941
1103
2491
3115
2263
681
568
2681
3840
744
236
3535
2265
1523
3706
3253
474
32
1902
2989
1611
175
4022
1586
1661
2233
2216
3646
3200
242
1117
231
26
3199
2404
1458
4046
2869
3972
2019
2629
1550
3206
755
3830
1210
341
2441
2477
2935
3937
3181
1783
1565
2136
1958
4010
2887
2088
808
3897
1687
2382
1556
1366
522
1437
3762
2999
3268
1531
1025
1003
2634
3485
3138
3133
3829
796
1243
2464
1513
689
3803
3009
3650
2991
2367
1955
2226
790
3942
3871
1374
1866
139
2570
2329
124
2871
775
1968
1376
51
2197
1984
385
2636
2573
3702
683
1939
951
1114
1521
3015
79
3859
4001
3381
1828
2829
1440
1766
3976
3525
3738
3841
1033
1969
3839
2722
1192
977
167
3460
1470
1635
4039
1122
48
1323
354
2514
1251
446
4003
294
852
1364
225
2946
333
1369
1668
2801
835
285
639
3597
184
2177
2540
3910
2761
3495
2601
372
983
469
3713
2641
1451
577
1794
2180
853
3129
1582
70
2972
1546
688
1099
1319
1411
1056
1860
2204
652
3219
150
2757
2563
1149
1805
3898
486
2588
338
701
1162
3885
3391
3267
2622
753
2120
3735
570
1027
2926
1891
1480
2749
59
30
2915
14
8
3899
1030
2475
3315
1081
1774
2409
936
1947
2317
1545
416
3318
25
1120
2614
196
4041
3929
490
559
2631
3844
3014
718
3476
1553
3017
95
1609
1669
3999
1263
2013
348
1409
3957
4051
1527
2033
1820
3850
2248
3986
3058
2269
2308
2034
919
1253
312
999
3996
3625
799
358
1357
3201
1618
6
1416
2598
2300
3046
286
3010
769
886
394
1219
2025
3575
2091
4087
3442
1590
1293
2281
1557
1190
465
1825
1360
1136
230
2987
3420
3804
154
2640
1770
665
1259
1871
3589
680
1567
3469
2521
2001
107
1832
2478
3728
1017
3901
3306
160
2169
2132
1748
3179
695
3699
3737
1129
1336
200
1203
2917
3264
3744
2127
2783
2627
172
1707
3419
2734
1787
3245
1698
307
2201
1302
2510
2222
2473
3375
1991
741
1
3913
2290
1528
1353
2295
2554
2695
557
2819
4032
900
3458
1915
2976
3194
1948
1634
3558
2093
2790
3703
520
1071
1308
389
4017
2561
1265
1306
939
1269
1726
2864
3895
3629
1595
2343
2207
542
1216
567
2250
1941
251
1220
3177
1312
439
1370
3479
1829
1455
1660
663
3611
3651
1463
3802
3931
3239
1676
3107
3561
2493
1029
1348
2374
2366
3036
198
1474
313
3684
233
3365
883
132
3062
4009
622
3960
757
369
3424
1197
3603
3426
2178
3068
784
2717
3271
128
3723
2353
782
1180
1045
2579
300
487
381
2
4007
875
3715
1981
169
82
903
770
343
1053
528
2651
1933
2682
457
3216
2287
2008
763
798
3172
3364
3887
3866
2166
2715
1900
1576
1965
3294
151
3970
2253
3533
634
1388
876
3776
484
2414
3441
3671
1814
1903
2007
27
328
1181
142
1067
3923
2815
2672
3909
3146
2707
1044
1780
3413
2724
1688
3280
2420
1690
253
2711
1975
2580
2392
1399
1075
2686
3423
3119
3668
272
1272
3548
3197
1423
3132
1446
3784
1751
4077
2407
892
319
1184
2890
3685
856
1953
1895
3389
1879
1498
830
3220
970
3630
767
1630
3033
3888
786
3159
506
3425
3886
1919
2876
3502
279
193
1797
3938
3947
550
2938
1911
2605
2377
3393
694
720
306
973
187
4043
3874
863
2873
309
1859
90
1638
1337
3711
94
1972
3370
2851
1601
76
1380
1406
4020
957
201
373
3828
3089
1533
2167
3527
1826
3120
2542
687
948
2833
2632
2544
2466
2993
696
2444
1896
3020
1170
3977
1839
1656
1858
205
89
2355
3796
3974
1194
2273
3982
2448
2063
606
2897
336
406
168
3303
724
2821
2945
1176
2112
138
363
2045
2022
2575
605
3725
2706
3767
1605
1887
821
1765
518
2694
3580
610
707
1467
2020
2227
860
736
2587
2332
2153
4081
275
641
2596
411
67
2397
988
2379
3722
1534
662
3652
1118
1572
3224
1540
3588
3429
1571
526
3709
3925
3143
297
3778
3095
3359
740
828
1157
2401
1542
777
3223
630
3610
1898
3097
3724
1741
3934
3045
1361
173
1260
152
3524
1692
684
3371
180
2673
2342
2924
3992
2577
310
1132
719
2372
2674
3994
1426
1177
3770
1563
927
3506
4083
1967
2046
2121
1389
3748
1593
2039
521
3070
3273
2859
901
2994
2804
2480
596
2818
1718
1759
3790
1559
2921
3185
2860
1568
1298
3157
3973
327
2108
2925
504
1383
3569
269
1813
268
222
359
2243
674
2195
772
3227
1901
1791
3114
1719
1888
2960
2950
1720
1519
1671
535
771
1063
2403
2633
350
3191
3455
1427
3825
280
3225
2028
1327
2951
3039
2103
3599
3390
2437
3594
2811
2813
848
994
992
3654
3293
1407
2310
282
1934
1870
3148
1452
1764
616
1788
2442
3539
3360
3337
2146
4023
1973
2106
1375
1478
2413
2115
1966
2002
902
1889
3038
1961
3003
447
1647
115
2078
3403
2235
1387
3634
990
3071
2524
3325
1979
1578
1735
654
3454
2143
2668
2183
3001
3631
3230
1695
749
3816
3164
3851
2053
2122
829
352
1429
178
508
2919
4053
2445
2252
2255
276
1258
1733
2011
760
2581
2879
2822
3616
3221
4013
1097
543
1790
2603
1332
2800
3959
162
2716
2872
186
480
3521
374
105
2158
3676
1110
530
3251
383
1041
3109
110
3896
926
3672
643
1495
3323
1715
2615
968
761
3607
2590
940
3505
727
2868
1200
1502
750
2439
3690
1249
1732
35
108
1863
1539
1602
158
3209
1988
2151
1507
351
1526
2718
2272
2278
932
3810
3659
2875
1121
2249
3811
1186
1777
586
635
2318
277
2908
1433
2453
229
2578
1158
3207
2584
1171
3782
2259
1570
448
2983
2129
2805
831
3534
1646
3522
2043
961
3350
2852
393
2844
3993
3596
1356
3628
3955
2301
3609
1711
1151
470
1379
915
1006
3240
261
3733
2520
3055
217
1796
3639
2113
1924
2952
655
2348
2861
2327
2847
3759
226
1148
3203
3091
602
2775
1552
2823
3319
2505
332
3865
2174
146
1472
2523
360
1960
1173
80
362
3373
591
3252
2060
3406
296
2474
3510
2649
2793
4064
257
1621
3410
3489
12
3031
2186
2114
2454
3800
2398
1587
1083
2237
3008
165
2512
1318
3961
380
1491
2340
3396
335
3794
1435
2920
2304
3815
1654
3861
571
4047
1710
3349
2995
283
2826
2232
505
2687
794
942
3482
4054
422
898
1945
1365
1403
2116
1326
3421
408
648
2743
1285
1549
1492
1035
1706
2346
2882
3836
2072
3047
1119
1906
3261
1346
3504
3475
2316
361
4094
2192
3131
239
4080
1080
387
823
3669
2360
3494
1232
811
2958
398
3255
3883
3775
3237
997
581
1743
2698
1905
1039
1699
2171
1923
2565
788
2727
551
3111
3233
2062
3516
671
1329
2914
3749
4004
813
1023
278
2560
5
1818
1694
2895
255
1431
1700
3557
1007
1101
311
382
2551
2406
467
3167
503
3154
2874
1613
2066
3075
1702
2064
116
254
3876
444
1691
937
2789
2096
3336
3793
1447
3471
93
3158
1434
817
2973
4063
2943
697
1942
1172
2058
855
3551
795
379
2708
3619
3378
2236
871
3817
1643
219
2291
2927
3202
1090
2239
3085
11
1028
885
204
2939
2246
2765
1583
2421
2971
1657
1575
847
330
1685
1268
1992
3214
840
3675
964
57
1641
455
433
2797
214
515
2188
2840
3367
3090
1573
323
732
1150
3262
2364
3946
2758
1831
604
1762
2881
2893
1928
3446
2003
1636
2200
3881
1878
1615
4070
3572
3283
3919
292
1938
3838
1350
2709
2619
2745
2685
3118
1358
2228
3160
2203
509
3963
2126
3385
3791
3985
1248
3730
203
594
2731
1633
2888
299
396
3570
3492
2110
1289
810
1561
928
1639
2918
289
1899
3632
2767
2138
1050
1951
3571
2787
739
498
1088
3774
232
2215
2326
3098
965
3193
864
536
2497
1076
3025
1946
3655
534
3427
1417
263
1721
2156
3560
1193
1303
1892
2411
1196
685
2522
1971
783
711
3612
2061
3927
466
1290
3720
580
3438
81
3924
1603
2957
1126
3544
1483
1069
819
3677
3270
1659
1795
1753
1394
3764
2986
2080
2984
3065
2450
3006
353
3173
3997
2637
1997
3192
1128
2979
1254
3798
4034
2065
3386
1681
329
3175
2589
1509
340
1959
661
573
2807
3155
3935
1949
265
2244
2117
1018
68
3633
2593
1124
2739
337
1212
4021
3248
3584
129
3317
1897
3279
866
679
2517
166
935
3377
3362
3136
240
759
3078
3247
1372
1449
3028
1913
2644
202
3932
1096
1642
1392
950
3905
3799
554
2107
3289
2139
1351
1241
2102
3567
599
3428
2164
4042
2023
3439
3531
3833
3769
220
2297
246
3823
234
3848
3309
0
33
2482
2816
2773
2418
3537
3967
2365
1651
3665
61
832
3457
3266
3705
3512
1152
3052
85
842
2357
245
482
859
874
1058
302
3753
3834
2152
3660
1012
1139
2713
910
1827
1015
1792
1815
4029
1747
1481
2962
3949
3698
2443
2559
548
3335
3081
2009
1233
1457
1645
1284
1885
4089
3382
2684
4062
22
274
3884
637
