255
1457
1145
3262
2118
1613
2414
2682
3763
1213
2326
2507
814
1000
2361
2088
2042
3235
2045
2905
2749
3498
3318
3484
358
1079
1973
316
4039
1824
3661
71
2528
1603
2754
3053
1742
1653
2887
217
2522
3047
3643
1409
2286
388
3430
1431
204
2654
308
3362
542
749
2154
3478
32
3679
3605
461
2122
2227
1113
1594
3541
3568
2739
70
1843
2481
1184
2175
1410
3126
2451
2417
215
3809
2383
3109
1780
1280
801
2670
2999
2002
3881
3728
3214
2695
1206
4007
2680
3431
594
839
3475
1648
4069
483
3622
2164
3189
263
4032
393
3660
4076
200
2200
3389
1421
877
2582
1471
1640
446
345
1192
1616
315
1618
3339
551
757
1314
707
619
233
1793
1615
1886
2477
3046
3967
3225
306
3717
1472
185
1373
862
489
3435
3653
2143
2321
3121
3052
1907
2837
2013
748
1220
3682
501
3349
2443
2268
3151
3418
1358
583
2601
3411
2132
2915
1912
2857
1916
2239
845
895
194
1681
1701
3123
2206
537
2746
332
1335
1237
999
1041
2425
2597
1367
298
1867
3201
1567
3180
3765
783
2870
2643
206
2242
3243
0
1552
2642
27
838
2742
481
630
1454
2847
803
1572
1480
558
530
562
1974
235
2890
2430
3160
1359
3394
2920
4030
1619
1794
124
1147
1706
2917
1019
3208
1722
1705
2169
3314
2482
1752
80
2260
3295
3956
3859
2928
1364
864
2906
2965
3197
3134
3801
3227
46
3823
3228
3390
3588
2634
2016
2912
2760
296
1246
3086
3803
660
1337
3589
2058
500
491
646
3514
588
527
3634
3335
2691
3873
3852
2001
3351
2875
3182
2927
2708
1984
1674
220
1222
2951
2851
3269
3014
2825
1993
1356
818
3323
472
2540
871
812
2845
1960
1322
2830
3378
2868
348
1463
3471
505
3960
273
675
4067
2420
1704
2801
711
76
1493
1540
3436
3048
3239
18
512
1715
1109
3973
1106
180
2098
2204
79
2174
3366
2683
166
934
1365
714
401
3688
2459
1117
2623
1107
54
3489
3903
4040
1842
1247
3095
2147
1265
1042
264
2987
2820
1119
743
3404
1329
3202
2511
3788
2566
2613
3118
557
2203
1277
1592
3088
90
687
2504
3100
947
2939
3955
1898
2166
3234
471
1290
3680
1865
3105
199
1207
20
2712
1730
3966
805
1351
1411
3603
3438
2762
2516
3464
3964
3203
1196
2086
2054
3472
1180
3257
3416
1288
1631
2004
2314
191
3858
3188
451
2579
1450
357
3388
3439
1672
2956
1530
3024
2959
3611
464
1313
2603
1997
1731
178
56
169
683
826
4066
1838
2725
363
2599
1577
3674
1601
1966
789
2198
3338
3412
3281
4004
3779
3301
3902
3273
2569
1173
2554
40
1763
110
397
438
2942
1977
1533
2585
2849
1225
2240
1121
1399
2241
726
3241
2081
2609
135
274
800
3942
3413
1212
2503
921
2228
1659
3405
825
777
2658
336
2463
1259
1417
677
2673
2564
577
2195
1138
2925
2350
2808
2791
4062
685
1989
61
2285
1864
2638
1745
2008
3076
2112
1360
536
3872
3925
302
1441
1284
3373
1807
1598
2288
3884
3440
610
386
1394
4021
1099
1861
2231
1951
1266
3460
3426
2059
2574
2036
4012
2913
3451
1924
2341
548
1611
3455
2501
3354
2437
692
3623
2756
2360
2433
2110
2095
3161
3735
3542
1988
3368
367
2287
504
4042
2910
3360
1096
3576
1415
3242
1414
2608
1135
2421
2943
2862
2340
1985
3944
3043
2667
519
2006
631
3707
1304
3637
1302
3714
2365
2784
2877
3669
1595
2230
3560
2165
3990
3215
4024
92
1130
3699
3222
1889
1868
686
1803
3372
1512
1521
1550
1787
2731
854
19
564
2037
3564
1276
2843
2521
1257
3920
189
2618
3979
3559
1003
2759
240
2615
1051
1555
1323
1783
1144
1195
3708
2408
2573
612
1729
516
2721
1397
2366
3045
1045
2243
1296
1078
2069
963
3355
1564
192
2348
1875
2021
2053
270
2113
3911
2705
1501
1526
3247
2464
2839
21
3216
3034
578
3503
3908
2190
3068
2826
1326
3025
1945
2318
1645
2993
1930
1761
2353
2019
2538
2815
1279
3156
2218
1557
2189
62
2415
2663
95
1612
3808
2207
526
1980
2275
3582
1310
3236
2130
2733
1455
2720
3040
971
334
1238
3625
3555
2526
370
231
2315
3910
3962
2994
1232
2367
3791
3593
595
2306
1327
1942
651
2631
1347
3885
2581
592
1140
203
1165
2296
1005
1986
2872
1451
3485
2970
1911
3838
1936
1330
1375
772
251
1791
3549
918
4091
2747
2018
738
763
1028
1565
2505
856
2761
3224
2938
2046
817
177
1544
2272
3479
1768
1038
2527
3727
1319
1252
1542
2138
295
496
2168
1607
467
1981
2280
2752
1635
1245
1918
3521
815
256
1244
1248
2089
3456
731
3061
739
400
3167
1987
2985
4095
3495
1108
2940
567
2349
1721
2343
2093
3386
656
3506
523
1586
734
50
931
613
3663
1510
1969
2249
272
3049
1133
1514
3539
1608
821
706
779
286
1053
139
1488
3934
3245
3547
351
2506
930
3409
3523
2610
4085
3293
1845
3835
2657
1784
1925
2535
1777
2213
3816
2220
1700
4035
3626
2907
2022
2402
943
1839
3148
3254
2509
1423
4011
1141
3453
1011
3994
1831
3880
3877
2923
391
3834
2960
3255
297
2544
4049
1764
1318
609
3655
1278
1509
2719
2192
3672
2796
1887
3313
280
196
1116
3573
732
2702
2329
3469
2327
2279
2665
4087
3830
547
2370
2077
2697
2384
2265
1331
2331
2704
22
1854
4018
948
3054
2958
1790
3725
593
1956
771
2145
3481
859
1871
1371
3857
2899
870
3504
3687
3820
824
2921
1810
2116
761
941
892
2108
1710
858
1332
1080
219
64
1877
1208
3079
1340
4043
3988
1833
1249
3538
2187
2355
60
538
2598
3199
1943
2767
2188
3050
3675
2073
1460
535
794
3317
1507
3897
616
154
221
2087
964
3891
532
1025
1515
3912
3307
360
1664
2029
3550
1442
1686
3636
3569
3894
3326
1443
2596
89
2694
2483
495
3319
3316
3153
1240
740
3529
966
91
3744
2167
4034
123
902
1679
1848
2534
2957
2184
923
1872
4002
1395
3840
764
1086
4060
1495
2838
1309
863
475
2606
2835
540
387
266
3546
3112
1281
878
1996
3743
1381
643
368
2932
2635
1947
3893
202
2641
66
1926
2478
268
1778
759
2209
3923
3946
1711
2193
2134
1994
868
3742
3598
3977
2373
2750
3510
3325
26
462
767
1008
3452
1424
3822
3815
579
1272
2715
2685
2375
715
1529
563
903
2115
1404
1122
1788
2436
488
3869
3117
2328
3667
1114
145
3401
2495
4
3308
2948
528
1690
1154
1418
2703
1596
2798
2614
2724
3116
2740
335
1566
3691
2513
3620
1253
1412
81
1802
2074
3684
2486
4071
349
1300
1289
2223
1321
2558
718
1083
228
1124
4052
3141
1880
3825
1269
65
1840
3987
3402
53
3013
747
2090
3448
581
3758
710
1765
3798
2252
1020
1413
733
1917
366
3
3713
994
3008
3392
3091
1683
2515
1786
3279
1935
278
912
3518
2824
881
1964
2120
2931
173
1311
804
3420
2181
869
473
1052
3851
1716
3232
1782
2962
3826
1155
3831
93
2805
3890
1219
1694
2898
3730
3297
2900
1717
1243
2202
2269
1105
3926
533
28
2309
3819
2461
369
2945
2109
1210
3769
1851
225
2359
2424
1812
3638
1153
3783
1651
216
3139
390
954
3968
2630
3705
2150
2435
3470
344
1084
305
3508
787
2995
1401
524
591
2300
2141
2217
3142
633
2936
3310
3703
1754
2092
636
584
11
2792
3775
3562
184
1307
1825
136
2662
582
1928
223
1024
842
4057
3067
3341
3590
938
2902
3843
2576
3862
2588
1748
3766
2876
2595
1732
3534
2711
1009
3702
3516
236
2561
2251
1341
2947
1581
3400
3710
1920
830
2671
2426
2980
1176
2219
3848
2043
3963
2883
2978
3093
2728
2160
3233
3248
3037
1111
760
130
1961
1906
3433
3175
237
511
3391
183
3689
1048
3871
3536
3706
1430
702
159
114
3226
3829
2583
420
1725
3978
649
2026
2833
287
2734
2832
441
2775
1050
2620
2040
48
597
1963
3813
1859
128
2806
252
1043
1800
867
2578
4079
101
152
1590
1734
1221
2222
2496
4063
1937
2079
2302
1744
210
1465
2852
1719
490
3799
3152
1362
2586
846
1159
1389
1131
1543
2677
1749
3305
506
3563
2891
55
596
2639
2103
1652
2587
2119
3444
1033
1458
1747
3916
897
1198
1254
782
3519
3863
525
362
2668
2030
3948
691
3551
4013
746
933
3029
3353
1992
2783
4055
2918
2020
3466
3772
4046
419
1163
3371
3294
3036
929
2358
3645
3077
1293
4023
339
224
2051
3278
2111
1500
3449
1687
3928
1634
1639
2871
3496
492
3359
1158
1773
439
2201
1256
1827
3230
3344
2675
176
775
408
697
1804
3303
1049
87
3864
3019
1657
1539
3571
3018
901
4058
1316
2992
1355
3396
4061
2033
3268
1146
1774
1057
3073
2070
129
3659
3922
3030
847
1792
4077
2075
4084
4068
1934
678
2926
3032
4037
1018
1477
3579
1398
1779
1627
2255
1950
3383
1426
8
269
3060
1286
2768
121
1629
875
874
1448
1759
3847
1422
3361
4000
1806
1978
1862
2909
2548
1580
1583
3089
2476
485
3777
1428
10
41
477
1306
15
667
3677
2973
2859
459
2560
926
3500
3630
3296
2159
1056
3132
925
1982
736
2197
1088
497
493
1972
3332
2894
3972
2142
922
3187
3933
1675
1628
3917
1436
977
320
792
2180
3168
3535
634
2856
2409
2520
378
190
1090
3483
1148
1954
1923
1014
395
2696
2803
3512
2125
3190
2539
2541
3051
171
3271
1217
1263
1650
4041
2380
879
1185
3696
1883
788
1077
3246
2836
1200
2293
261
2052
2770
1129
958
2953
2151
3044
2600
2499
3350
625
2893
1508
3146
985
3509
2649
2256
1796
1538
2401
1641
3425
1110
986
4092
3490
1755
2480
2282
2901
2455
2307
2892
2617
1713
9
1201
1023
1503
1905
1902
1733
330
1528
2146
1516
2729
3065
2929
2550
2693
4001
4080
242
3901
2701
555
1118
414
3952
175
2817
1199
1813
2356
96
2191
3961
2406
1193
3357
970
31
1182
698
1285
2982
4081
1233
3365
2632
720
187
299
209
1226
1475
984
3275
3196
3733
900
1890
4059
43
69
3300
1434
2964
690
399
2664
2577
696
1558
1979
1965
359
1610
644
1123
2730
701
3352
3940
1064
3992
1474
2753
3875
3056
3648
3794
3186
1638
2312
2407
1382
2514
4093
127
2479
3253
1569
2812
3754
1946
1554
3656
1444
1505
381
2271
3718
3097
1400
3162
2199
267
4074
2345
326
2645
2031
1893
279
3673
1545
3445
47
1895
1072
3457
3888
2986
2310
1030
924
3343
2533
2903
513
4050
3041
776
2094
2950
4056
1179
515
1623
2100
654
2048
2467
3178
3981
2388
1058
2559
1002
724
2084
2105
2387
1183
765
3757
3849
3096
2690
1445
155
3125
1995
1102
2106
4015
669
3716
2183
2741
34
1420
1655
2637
2854
2238
3747
3657
1743
737
1876
411
2298
3144
2153
2517
2648
3711
3950
371
3113
1814
3039
962
333
257
100
365
3195
3870
4078
377
676
3337
3770
2786
2545
3685
1496
2038
554
2423
3145
1913
3965
2291
2454
3177
580
3941
77
340
3393
2828
258
3845
2107
1010
3206
939
375
967
1915
2390
987
2977
1046
4029
671
2316
1597
2570
3210
832
2005
1369
3719
1178
3111
3312
201
1350
910
1357
141
3796
2102
1830
1160
1775
2793
978
3646
211
3959
2707
2292
1644
693
3651
2041
2676
3543
2007
991
1702
2025
2351
1214
3545
708
3120
239
3333
573
1303
2391
402
2669
1805
2853
997
3618
364
2650
3828
3198
3906
2699
2225
361
3063
2171
1983
1815
3855
3898
2281
3776
3694
37
463
2339
2137
3229
914
3632
679
3575
3670
3639
3753
587
3936
3945
655
640
3720
3900
3784
1809
3856
78
3729
1485
576
1602
951
3525
214
823
63
1757
314
3882
2064
3892
1032
1012
474
798
2811
2692
292
453
1063
1636
2346
3422
2091
1223
1852
2840
3984
865
2133
3131
1712
840
1908
1922
2744
2777
1829
3094
3249
774
3432
2934
2336
3299
1040
3578
638
1344
1677
2937
3072
226
2440
927
974
1459
3336
2867
3021
2393
1901
2049
2139
1718
1228
2056
3587
2904
3302
844
653
2771
3668
3748
1229
2196
979
909
1235
2072
2772
1551
309
389
354
3240
4003
3701
2816
3532
1139
1098
3986
3443
3212
2861
1837
1504
1379
3486
2751
3764
2622
174
2661
2418
304
3191
1958
904
2935
157
347
773
3836
1855
2308
2277
3328
3081
1209
1464
1673
3428
3887
52
433
2563
751
1689
319
2549
2497
3415
3846
167
1624
245
4017
520
1076
2975
2655
2848
3786
2502
198
2769
2162
1884
1532
1957
3009
1562
2385
1013
1305
7
2529
2320
3596
3087
243
444
3356
953
2214
1408
407
1067
2149
950
728
1696
3983
1948
645
143
2494
712
3447
2698
1798
2335
2412
1374
727
4005
952
350
3369
3802
1808
343
2625
208
3736
385
3298
2795
2963
1850
3741
2155
456
4048
3282
2334
2262
317
606
4047
2441
4027
3581
3662
1372
1600
2129
940
3467
1801
2799
642
1614
2295
2612
1162
289
2210
3165
866
1750
3839
3434
695
25
105
1944
2492
2881
212
3454
827
673
1142
3832
3565
1416
422
1125
666
85
404
30
3376
750
3315
3619
3793
2764
1818
3406
1261
163
3092
3746
1531
1900
2572
24
3075
1656
1684
722
2490
2233
158
802
2660
1720
3970
1896
1388
3135
12
44
3399
97
928
3624
3115
635
1834
2264
3382
1691
2294
911
2047
3690
3591
2468
436
797
3628
1853
2428
561
1941
3397
329
355
3949
1354
2377
2065
3642
3026
2023
1849
3530
2313
3517
1921
2647
2178
3119
2229
1274
1489
318
148
1708
405
2085
1498
550
3745
476
3342
2922
1892
2778
2444
1914
2488
427
2924
589
3071
2117
1927
1216
2627
1574
321
811
3395
2773
3874
132
38
1751
614
325
2235
412
3617
2347
1525
3012
768
1909
1620
1891
2737
705
2457
2337
2466
1470
1873
4014
784
2311
2884
3780
1194
2399
2855
2403
2726
1483
482
392
756
1264
1034
3055
3681
1523
3020
241
3381
3896
1797
1149
165
2458
3171
2656
2863
3375
2592
725
290
3250
131
67
1215
119
1654
1929
2157
2646
2333
2254
3697
122
2593
1447
4006
3561
2930
2257
2774
4073
109
310
2537
2607
4036
3712
2221
1617
3380
1407
3633
2338
1087
172
4065
704
2672
663
3750
2732
3722
855
745
2757
2531
2152
1709
396
888
3493
786
1345
293
3194
16
3865
758
3602
807
2057
570
2163
2616
170
1571
1250
1998
3904
1061
1166
3827
430
3130
3533
1870
531
75
4019
3531
2972
1391
1776
3787
3526
3768
73
1856
277
872
3463
1294
3138
3761
1858
2317
3621
1456
2432
942
3935
2785
2971
906
150
3482
2438
1546
3693
665
2897
1440
2782
4083
406
1894
2453
1573
886
2736
694
3410
3883
134
2449
3709
2619
1520
2706
3899
1071
435
848
2050
2452
917
1224
668
1282
2716
522
2121
571
1990
905
1006
889
3931
3789
156
2674
3511
3080
2546
3124
3771
899
2015
3548
3614
3213
2700
1537
1739
2148
3889
1816
1482
3017
729
2802
17
2236
3692
2519
3604
1497
2396
3474
445
2062
1027
186
3737
1626
3854
161
2841
1205
1599
3059
1187
600
3937
3098
2362
2996
3806
480
3099
1576
2580
3304
1772
3844
3640
3818
328
3421
3398
3804
3256
1295
1075
3427
2447
3259
1560
3774
3921
2127
3601
2028
3939
3437
3424
3127
3035
1469
3797
1015
2342
3695
791
884
544
356
2557
935
2248
680
1491
443
2584
2717
1026
2363
1660
2889
2244
659
3567
1685
3289
3207
1735
1561
327
3458
1637
2636
2234
1723
3286
896
980
2860
3909
2299
3477
2003
981
2633
324
3606
3515
3488
3370
3264
2080
3103
3244
3528
3143
4033
3919
816
2319
311
3104
2896
2659
3155
2562
74
882
1251
1384
2357
1940
2510
2078
598
1766
1630
1593
2755
1467
3812
2591
478
973
3762
1127
1297
3507
3414
2713
1231
851
1291
2484
230
913
1287
566
2419
1479
4016
543
3258
2652
1741
3364
919
3996
137
1939
2556
3266
3377
3627
1579
1604
1143
2284
2590
1218
1134
510
484
265
276
1271
3122
608
2547
621
3594
3309
2101
2397
810
1578
2984
3265
3284
3277
1588
703
1688
1506
3280
603
988
394
35
2604
1338
1007
2434
3947
1661
1955
3800
1236
457
3276
1847
2176
2979
3860
3731
713
3833
3384
1591
853
3976
1370
424
3251
3724
1095
545
1137
3272
3597
785
2063
3814
3837
1758
3841
107
1953
3218
2689
373
2864
2354
1879
615
2394
2177
1692
3058
2124
1396
2886
380
1100
423
1975
2413
3497
2914
2039
2842
2215
2822
1549
852
828
2553
120
3817
3231
2411
1823
682
1697
983
1882
342
432
1189
3083
1349
2869
2472
2952
2500
1301
626
29
3879
88
1874
3193
1175
2247
247
893
1553
3740
2067
3128
2568
1171
3953
2322
294
4025
3345
960
288
2276
2885
716
2790
2382
517
3600
3070
94
72
323
624
3387
3785
1522
2330
1832
1676
585
133
657
2136
4045
140
144
1967
2710
1897
629
3038
2866
2723
442
3066
4072
3580
688
1054
2386
1737
1270
4090
58
546
1386
2379
151
684
469
2684
3971
2267
3991
2395
503
2182
3792
2532
3205
3170
117
147
937
3334
3090
3149
3631
431
3473
181
1738
3553
641
2010
3461
3989
1527
808
3462
3001
1819
2211
2024
4070
2000
1419
620
945
1387
57
3853
3566
1368
4094
507
3751
2722
932
2819
337
1968
3157
2060
829
1866
1065
3292
3544
1066
3129
1001
1036
3179
699
1575
3347
3015
822
1952
3975
3850
207
1811
2369
2469
1242
1392
3183
1343
383
3011
2727
1740
1910
831
2253
3101
3217
541
502
259
590
102
565
2988
2850
2226
2961
3267
1342
281
1536
479
2462
518
2381
1267
4031
82
3074
195
3200
730
3163
1167
246
2653
3465
2823
1519
3686
618
1333
4020
59
1822
920
331
3172
1959
2305
1885
681
662
2976
426
3997
125
1888
448
2967
996
3042
1136
780
2686
1606
2324
2012
1846
835
1662
1055
353
104
1073
2687
2873
39
3759
560
2763
1241
1857
3184
604
2621
1502
3810
1363
3520
1473
1481
3932
3027
2551
13
429
3790
957
1789
4038
3760
1466
1563
2126
993
2498
843
2941
1339
428
51
379
2259
4008
248
2205
796
2273
552
2261
454
3700
222
410
3821
1376
992
3842
118
2530
4089
1258
1380
3649
1188
2787
1707
3558
2743
1336
3647
3385
753
1817
2404
1115
1881
3738
1156
2301
1478
36
1449
3505
3608
1461
1186
1767
3613
3868
1366
45
916
2400
3487
3612
1841
2216
3346
894
3423
1425
3062
3154
3570
3331
3658
2475
103
2237
3261
873
2097
1499
3915
2376
3540
627
1621
602
160
3599
907
3064
3320
915
2990
3557
1324
2523
1991
3773
2766
1082
218
1089
509
3004
2446
2473
3140
1931
3159
1609
741
1771
3609
372
1172
3084
2997
2933
936
2555
3982
575
2123
138
1059
813
3664
3002
3805
2949
1962
234
3585
470
2083
2266
3028
2258
1622
418
1427
3223
146
2427
2431
1101
3379
232
3666
1632
2470
3408
1044
1658
3005
3192
1699
2068
4009
1239
2156
3211
1093
3957
1197
1728
1844
3914
2644
2128
1150
2066
956
3998
3107
1693
3767
1283
2344
2946
1971
98
312
3033
2797
1094
2032
2304
975
883
3629
1017
1128
1860
3000
1029
2969
1585
1016
3676
2688
2303
3918
3324
2278
449
2666
3221
2017
3499
1484
4022
2944
3327
2624
2332
425
1378
4028
2966
3238
1060
1190
3016
1820
1203
3654
2589
648
2552
1211
1037
3003
717
3795
352
188
674
2605
2983
1547
2246
1756
3905
4054
4082
487
898
2800
529
3133
1559
1346
2263
1317
3204
781
2508
2821
3501
409
450
108
3527
374
3595
2448
539
2485
574
3492
3147
2780
1174
2911
2908
1670
3085
3069
639
205
33
1863
3006
3136
658
168
452
86
553
2352
836
115
3641
3781
3782
1625
2
415
6
1191
5
1570
955
861
1103
3807
2035
1268
2364
2290
3023
1047
3078
2626
3913
2879
83
2788
534
795
1429
1682
2170
3031
1402
2172
3995
3513
2919
1164
285
2776
1255
1383
1273
3158
3340
2450
1633
193
3502
3329
2323
2640
664
742
2629
23
1724
2405
670
3584
84
68
2208
1970
959
3358
628
1069
850
111
1234
2071
1535
1298
1524
3522
455
1
569
382
849
3930
3756
197
4044
1325
2567
3886
376
4088
1161
2678
3108
3683
3993
322
2014
2491
2779
3263
2011
3288
3290
3732
3616
2445
3644
3592
1795
3749
1836
2429
313
3907
601
2372
2846
2974
2878
1437
1642
1518
3459
723
623
2968
260
153
182
4086
3285
3615
891
2270
3537
755
1112
1821
2096
1292
2416
946
1031
1432
605
1097
271
2104
1666
2392
719
735
3321
2325
2131
1669
1770
809
2735
238
885
2813
2681
2044
4075
1714
1328
3260
1385
3586
752
3429
2789
3652
1647
413
1462
1736
1403
2594
769
1092
611
1439
2954
3650
790
3010
3491
42
1453
3723
2442
2398
834
637
3169
556
1513
2274
2827
3867
1348
1584
3311
499
2232
2888
468
282
2140
1320
622
2034
1152
2834
2781
1667
2807
965
3811
3252
841
2493
689
254
1120
253
3715
2628
112
2297
1446
770
568
275
3407
3938
3704
2809
2283
434
1487
2245
837
3082
3291
494
3173
3721
762
1068
3577
2748
969
2212
559
1353
1643
403
3583
2410
2858
754
1393
2829
572
2489
1405
1074
1157
1568
3524
4010
3665
1556
3752
2955
1605
1361
1202
1039
1004
1534
1938
1021
99
1168
2389
498
806
2565
1649
661
1334
1668
3671
4053
3166
3866
2765
820
2179
3181
1104
2055
1452
2895
14
2487
301
672
1932
1999
968
650
3476
3958
1904
2991
2714
1919
2989
1377
1976
3374
458
1663
2158
3878
2758
1933
4064
3861
3554
2374
2512
1828
398
3678
1511
2460
3164
766
1308
2571
179
2289
3552
262
3778
2186
709
3610
3876
250
384
3726
2718
3110
514
3468
1826
1476
1726
2611
833
1181
1762
508
227
2082
1035
307
2745
819
549
944
149
1695
244
2814
4051
2880
1785
2456
447
2009
586
3274
3480
972
3106
2679
2536
3322
1678
416
3494
778
1903
2882
3417
3572
995
2804
632
3442
1665
2114
3007
2916
1406
1230
3954
1869
1170
3999
486
3446
162
421
890
1517
465
2738
1091
338
2371
3057
2378
1589
1438
164
2465
3755
2542
2422
1126
440
744
3929
1262
346
2099
1390
2651
1781
437
793
982
700
1433
3734
3330
3574
2818
3174
2194
2135
3943
142
341
3287
1312
908
2810
2144
3951
1227
2250
229
1587
3209
2865
3985
213
1878
1468
1081
417
1315
3607
2602
3237
1492
466
1022
1204
1899
2844
2471
1835
3102
1646
521
2368
1671
998
3969
1727
721
2076
1494
1746
1169
652
1769
3441
1085
2525
876
3219
3137
3403
2224
2575
1760
3974
607
2709
989
949
2831
3185
3114
1680
2185
3220
2173
3348
3176
1151
113
1541
2543
49
3270
1062
3635
3824
860
3924
2981
617
857
126
3022
116
1490
249
880
1949
976
3283
647
1753
3419
1260
2998
1177
2161
990
4026
1352
1275
3698
3363
961
2524
2474
1132
2874
3980
284
1703
3895
460
291
3367
887
3306
2027
3450
300
283
3927
106
1582
2439
2794
1435
3739
3556
599
1548
2518
3150
799
303
1070
1299
2061
1799
1486
1698
