2699
2276
3730
4015
3797
1397
767
2796
521
2944
1769
3971
3576
1422
1541
3056
2621
222
3571
1430
1902
3838
286
360
1511
1655
2409
284
2177
3520
24
3320
1905
3286
156
1805
930
134
3280
2278
3957
2398
3166
3556
96
1305
1708
1268
1069
2676
2249
988
3528
3229
1196
3382
2956
3417
3654
3148
1492
186
3836
3352
211
3116
1278
305
3986
1322
1221
2023
3475
1917
616
3819
638
3828
3703
1806
3220
2306
2948
1060
3535
3817
3103
1390
383
1314
3081
382
37
615
712
3049
2514
3683
2769
2637
366
1621
1638
3368
3153
1669
3197
2884
2538
1267
1600
294
2887
4056
2670
18
2233
3745
2613
2441
1316
1793
2679
2690
509
2584
2201
333
3383
523
718
370
3334
3452
1603
1123
3870
1361
2235
3283
1849
2720
1219
3221
2827
1634
3977
4008
1272
2475
441
999
2088
1867
3823
2392
119
2590
2569
3722
341
2
1191
1124
2757
3507
159
3853
525
3072
2118
754
110
3856
2102
620
289
862
3296
1113
1758
1938
2434
3242
872
2435
3540
2666
28
2148
1540
1534
2975
1645
2735
625
4052
706
3418
3345
1222
2282
2913
179
2455
2903
1529
3607
63
1574
4088
878
1823
2288
3012
3846
3259
1343
171
3071
1028
38
675
770
3369
2589
3438
886
1665
967
148
1808
3274
2415
3042
2718
2640
1980
1833
533
3155
3626
1768
2086
2831
2404
3778
2313
145
1258
3158
1778
541
3826
3619
2865
1844
3098
1197
790
861
995
1210
3589
315
1051
1785
3236
3271
2981
2162
3462
2425
3392
359
568
1700
556
2354
1158
2481
2800
2240
2456
303
2296
2181
1471
574
3327
1707
1466
1826
1601
2942
3144
1887
1181
3622
2462
3113
678
193
1563
1843
3184
3216
692
320
1407
3381
1437
1282
3199
1841
3738
3019
1568
2804
1146
3126
821
564
3499
2705
2673
3393
4031
1884
959
1170
2303
3810
3754
1138
765
2562
2677
2881
2524
2904
1435
2443
176
3632
989
645
2923
166
4058
914
3822
3871
34
353
174
2792
977
1285
69
1117
3094
4034
711
3697
3911
3568
349
3203
2845
797
3472
1050
724
2158
1061
1784
299
1280
481
1241
1608
2656
990
3037
728
2798
3252
1895
88
1851
2196
212
1243
550
3996
388
1172
3151
2959
870
3117
3273
2097
1318
2919
3371
1662
3780
548
2081
3057
2026
161
1240
3594
551
207
1355
1713
272
3896
1411
2628
1169
4021
2521
2094
804
2454
378
3004
1001
612
1369
78
1162
722
2794
3909
2539
2030
2980
490
3798
1966
3111
543
1465
2194
3140
542
1032
3725
10
4024
2009
3636
3517
1539
3447
3608
725
3213
1254
2789
677
1022
607
1553
532
83
1989
1526
2979
1715
1733
1506
3833
749
3446
486
1499
1104
2738
660
2568
3695
371
555
1416
3653
3487
1654
3067
1481
3522
3721
3014
2688
2609
2507
384
3356
23
817
1081
409
3897
2112
172
581
657
1174
2172
1432
4064
3367
3428
544
1965
3519
3770
3638
2888
2381
2149
3854
2001
2357
1406
3249
513
235
2860
262
3051
3410
1292
2840
584
2693
1031
2710
1546
3182
3786
608
562
336
756
1460
4095
482
1092
2137
1860
621
2764
3291
4080
2702
3834
905
570
3942
2053
3303
839
3766
2571
2146
2095
3848
152
1829
2479
3917
3449
3512
1156
2630
848
2111
267
1694
3420
2229
928
2417
918
3029
739
3631
407
2203
424
868
1392
2608
410
3799
414
913
139
2607
3674
1038
3183
3083
3109
1699
962
1613
2655
3928
3493
2708
243
188
2074
4093
1026
2642
1819
2541
3005
1604
2828
62
3189
1850
794
1362
251
1588
1775
3915
1304
3281
3107
3509
3021
1984
154
3735
15
1748
2565
4050
2345
1641
2283
668
2821
2949
737
1834
1557
2963
1921
573
2335
1099
3247
883
1083
2377
2275
2336
2902
3914
1780
2039
1159
3945
1188
2225
108
1644
2007
1000
844
623
3260
631
51
3960
1062
1491
3192
1082
87
1235
1277
3947
3772
960
3031
2556
2498
1121
2518
2349
1339
216
2954
735
1955
2010
3066
867
1648
300
2041
2265
1261
225
1335
583
3592
2151
1399
2348
101
1509
1002
1515
3554
3999
89
3434
2002
1313
3059
3187
3401
1730
1494
1791
423
653
1122
3514
1276
1961
3248
385
2874
144
432
2217
3346
3690
963
3719
3343
2372
93
3861
3496
1436
5
1213
2305
3250
1349
3145
403
1756
792
54
2195
2011
1456
3201
3790
2685
2566
3181
1753
508
2680
3337
3782
2623
1331
3811
856
2783
1071
703
1845
2271
2428
904
3225
2361
3468
2600
1560
799
71
1296
0
330
697
2232
836
3188
2652
2674
64
751
1811
2947
1817
2115
3702
2329
524
3546
3542
240
871
3198
1510
1612
3333
3289
1505
271
3433
1424
2921
1711
2548
649
4035
2920
2219
3899
2930
1389
3185
1192
2413
142
3506
1530
3865
3849
1831
2591
3119
1443
3473
488
1274
2734
1325
3641
3385
2458
4016
3776
1970
776
1993
355
302
1059
1878
458
1592
2754
1825
2629
475
3453
2833
3246
2662
816
2499
974
3902
229
257
1366
1132
2433
762
2576
292
2510
3801
3583
2866
1291
1257
2848
3482
2047
111
655
4009
3339
2515
3208
2346
2814
1202
948
720
2391
763
823
4048
826
3890
1189
3313
2107
2859
2055
2785
3593
3820
3002
896
2529
3613
2715
1626
196
1870
1137
2119
293
2875
2368
3701
2561
1507
1983
639
2711
700
3874
2784
2418
2531
3133
1076
777
2839
3316
3805
2114
855
1367
3857
3470
3159
672
217
2070
3445
838
2876
2654
2580
1244
1899
1489
4025
3518
1674
2793
835
2917
3149
3426
806
2138
730
589
3097
2090
2003
2334
3340
495
1556
3455
2624
1333
1957
2996
2292
1093
132
2721
580
3162
2301
1705
3630
2535
578
635
3020
4086
2835
3949
4014
785
2032
3068
2236
3227
2264
452
2976
2044
3504
198
1476
1380
864
1479
2969
66
1858
3566
337
1388
2520
1427
3591
2622
894
501
3524
180
3860
853
3061
461
4081
2812
1927
3955
3377
448
1809
1096
3164
3450
1710
2370
3866
1871
416
587
2311
433
446
469
3270
1676
1013
2421
136
854
46
758
2125
3167
1182
969
2104
3714
3952
338
3529
3055
2356
2928
651
2595
1999
266
3831
981
2065
2139
3001
3035
567
6
2436
472
2460
2552
2991
1631
1567
476
2880
2871
602
177
3101
3555
670
2448
2697
2512
329
2241
1231
3868
2834
2474
3277
265
8
1311
934
3609
3427
1260
590
3541
4047
2373
1660
4089
3214
2811
1354
3258
755
2723
1306
3375
1079
2650
3466
4046
1108
709
3696
1647
500
14
1415
2369
1673
2246
3575
2759
342
1012
402
3963
426
3983
605
2294
3998
2327
1190
1370
2990
1521
3006
2140
362
1084
702
585
3565
1265
1147
1387
716
3484
2905
1246
1906
3796
2110
522
3141
1183
3314
1558
1312
3093
1618
1111
2308
3384
1578
2248
1981
1107
1414
2853
1287
3717
1653
3815
828
1779
2290
3807
1136
3268
1555
3044
1438
2549
1101
1046
4091
3324
2452
3241
1635
3887
1589
1112
2036
3922
3544
3104
1256
759
788
661
2360
1911
2432
3877
135
39
1130
2632
1429
269
539
97
993
2883
2610
1358
1797
2453
3595
2419
425
2298
328
1229
1790
831
1550
3459
3689
1807
3092
2536
228
2704
1964
627
2660
1930
2468
1605
3488
601
1657
3134
2132
2405
3618
1832
1232
1452
3640
2312
2645
3425
91
2890
1725
2663
944
2891
4029
1467
1120
3038
2993
650
596
1470
1598
3744
3501
2681
2269
640
516
126
206
3964
3599
1328
3018
467
688
1580
164
3923
594
3940
2245
514
2226
1289
2015
499
1559
931
1482
840
453
1898
572
2244
1087
2202
283
4078
985
793
417
3976
1428
4072
1893
1164
694
1206
1611
3687
3665
1751
1152
323
3548
3587
4032
2910
3606
411
1372
980
3207
3516
563
2083
3614
1194
1167
2786
2925
1877
2728
185
681
592
1864
947
2778
558
1034
2156
1097
2221
249
987
1037
1072
25
1566
3511
1326
2105
624
1321
704
2280
3686
1969
317
2737
3110
1338
4000
2730
445
2152
3124
3036
120
518
2063
3840
2341
2849
2273
808
2873
454
254
3761
1959
1094
1490
929
1018
642
646
2612
3959
255
138
3226
1524
1150
708
2256
2500
2863
2918
2463
1445
2307
3905
1508
941
1245
3102
582
3992
3299
1781
2465
1483
2747
2437
2252
3671
1259
1629
2061
205
4049
1250
1683
2258
3137
3929
2516
2395
396
2472
3232
350
781
1682
4022
3294
915
209
2037
2745
357
2564
1951
3322
1185
3794
3224
80
2191
2926
2020
2093
1393
824
1154
676
2746
2099
3398
2399
3080
1004
3581
4092
2506
2320
2847
2430
3883
2898
2493
1585
401
1865
3567
820
3039
463
1928
922
1873
3358
511
2636
2071
3982
3034
2040
3480
1273
1897
3513
3195
2423
2380
1956
2938
698
2259
1827
2799
1869
1925
1586
3077
3920
3715
2362
163
3376
2878
470
1602
2736
1039
1594
852
1950
3415
1413
3070
2503
1175
3753
1632
1131
3586
3980
2750
1949
2892
2559
1067
2166
1497
552
2625
155
447
2113
2952
1449
3196
1290
927
1350
1477
352
3267
2528
21
2951
1985
3397
1664
1762
654
3062
2519
3350
1441
3105
2082
3620
3405
1946
3752
1744
373
3891
2279
979
55
2504
2155
1859
3282
65
2253
105
2223
3139
2713
973
1064
1047
2204
477
1742
1836
1727
2359
945
3869
1952
2429
2231
1691
2261
364
859
187
600
3750
1766
2106
319
1782
679
964
1008
2017
2058
2206
3758
297
321
3024
1239
884
3660
3173
2768
2299
2929
996
389
1716
1606
1180
3862
165
404
2167
2977
1894
1040
1696
3087
3948
173
3658
2222
529
429
1692
3478
1284
1987
394
1161
1998
3759
3990
2396
3115
3412
1723
1977
182
3231
3251
1737
2777
834
3615
4042
1425
599
983
3028
3988
3777
3557
1590
3961
1570
3813
1978
3359
3994
1616
1516
1295
3765
1879
1381
1286
3054
2224
3997
1357
888
3460
2365
3332
3328
1447
1344
2412
783
1649
917
998
2997
2563
3330
1901
1043
3510
368
234
4061
1619
3733
276
1053
4011
2573
316
2478
17
1896
2540
4027
3073
3179
413
1469
3419
2424
1842
2924
1940
2776
2012
1677
1148
3968
2893
2340
2527
85
408
1988
2427
713
3338
2594
3045
2416
3682
3657
1383
566
2787
3600
3713
3892
549
2899
2042
2022
3742
2397
1942
3364
1680
53
813
1943
16
3762
1365
811
367
3161
3666
1356
325
3026
1872
3218
881
1486
2163
2457
380
2403
1685
2484
372
1444
3681
1548
124
598
2782
663
901
921
629
3351
1100
2733
771
1451
7
2807
1883
1726
2251
3132
909
3684
2238
2128
2665
2761
3693
2832
2672
489
3193
133
181
3467
807
2953
31
507
2182
2753
2532
392
3245
1454
4004
2388
1346
241
1584
2029
483
314
169
147
201
2616
606
2076
3129
2316
986
2473
365
2974
3558
1701
1747
2667
2933
3979
2078
2367
685
2695
1609
1233
1912
459
2116
2743
4077
1203
1767
2333
1453
1628
3123
2072
419
2186
2901
1168
743
308
2911
3370
2150
560
1228
1315
3174
1378
3178
3211
268
1214
3912
3751
1822
1749
1688
2534
244
457
1283
2302
3396
2582
3209
2575
339
3767
3205
137
900
3680
2766
351
2124
1697
774
1264
295
2445
1394
1308
3806
2049
3926
1777
3380
3532
2943
3363
1997
2108
3769
1944
2034
3764
3399
220
1830
3612
2062
2057
1419
3285
2352
2801
332
953
2651
48
3729
903
3456
2703
2555
1891
938
3279
1455
1503
1209
2554
991
3176
802
1709
849
3096
3867
1514
741
3265
2006
1607
3718
863
4070
3127
2016
4030
2014
2744
1960
3664
3234
898
982
2426
456
2293
304
4036
3727
3395
636
545
3275
517
723
437
2931
1587
2366
4051
3628
3402
2780
4066
2530
3785
2490
35
4026
3584
1248
1932
3677
160
1636
3100
157
3951
1109
1760
609
2819
1535
954
405
4013
2588
1119
2216
2045
278
3407
3194
1721
2376
622
1954
3169
2955
1195
3483
1149
2694
761
4020
3086
841
2907
202
3015
1324
270
4007
3845
911
2332
1679
3010
553
3705
1523
3633
344
2402
242
652
1525
1652
3347
3360
1900
630
2579
3264
3969
1220
412
2073
2192
3431
531
2550
970
2013
313
3704
3063
3679
2050
3574
597
3597
4071
3508
2818
210
1410
1856
3030
3743
3921
1307
2243
94
175
1110
3779
3623
3931
1442
2310
1498
1448
528
994
2159
3300
2205
1297
843
530
2945
2788
2447
2542
3146
3925
3477
2331
3136
3708
860
768
1552
1074
1738
4002
3844
540
3498
2797
2338
4044
301
247
3901
129
2770
2209
3122
491
2211
3138
421
3085
2175
595
1298
322
2748
2838
3885
2922
832
479
1617
2868
3388
56
3505
618
1251
1374
3936
1128
2633
2802
1223
3435
949
100
2168
3406
3710
3629
1056
505
3414
493
231
1650
1583
2671
2351
3307
158
1155
1990
773
2154
306
3789
149
2950
3726
656
2585
2988
2317
1141
2142
3069
498
2350
1918
4084
1462
168
1519
3448
1262
975
1581
3454
1029
2483
890
1376
1055
340
2141
2982
2675
455
2960
3943
2765
2394
1813
1690
2936
107
3879
1882
3985
889
992
1646
3331
3716
3263
2234
3457
2422
1085
113
1986
3864
647
3946
3624
1019
1247
1800
3156
1561
3668
2886
3309
1234
1215
3563
221
3984
2850
2353
2103
1066
1591
604
1786
3465
2382
3549
825
2056
2467
386
2390
2496
3084
1
1134
2724
2486
2664
2558
4006
2121
3278
3257
2328
1024
2384
690
1712
4069
3699
2339
3154
3191
2586
1572
2692
2157
2805
248
897
1157
2212
208
238
3099
2461
2994
1945
1007
3089
3748
3881
3537
3326
2169
2767
3570
1434
3932
106
3177
1463
3442
1630
1023
2927
2130
3091
277
1889
1667
696
2809
2407
3497
3413
2028
2304
2775
2230
1750
1271
2989
3647
1904
3222
2731
923
3739
26
3966
468
1651
1640
736
637
327
3130
1549
3788
1279
358
2985
1816
3953
3533
1936
520
1855
2343
936
399
2687
1687
1048
2546
2469
1728
1656
2691
3800
4062
2846
326
1303
146
151
2626
3643
2618
810
4057
3292
2825
258
3
997
1973
439
259
3941
2497
3795
98
3365
1734
381
2485
1402
3088
376
3880
1554
1077
1218
4037
3651
3284
2004
4017
3793
45
1787
1543
3859
3404
3550
2526
866
2537
731
1398
1821
1794
1968
2480
1474
748
3720
885
245
3310
2513
1678
1329
347
906
1502
2644
3656
1021
3400
1881
1835
2089
1485
3993
2941
591
1868
586
473
2239
3336
2698
1204
2144
3691
3808
3981
3802
2038
617
397
845
2842
1080
3569
3734
2638
2709
766
2180
1033
4054
312
1671
30
956
2986
902
260
2533
1565
1127
1759
1569
33
3534
1173
1717
2188
3293
3348
3323
1270
727
2742
510
1353
1352
3180
237
162
2439
1861
43
1412
2383
3847
4087
72
1801
2751
829
3297
3564
1789
976
3709
3938
3791
1909
2752
2431
2066
1035
3757
575
203
3432
2289
2355
2145
3436
787
2214
2706
2069
1704
2438
2021
2489
3675
546
191
1351
282
3269
59
1627
1345
3290
2852
3580
199
1531
1837
2213
2494
4012
232
3602
3240
86
978
800
2067
1815
1796
3238
1036
398
1375
778
2964
1088
2895
3747
2912
3032
669
504
3131
1200
805
3895
224
3312
786
103
2661
1622
361
318
1044
311
714
789
971
632
2614
2915
2025
1275
1319
795
1931
3023
536
263
1916
957
1853
1207
846
1828
2523
230
1739
2816
2511
1126
924
1714
1327
1363
2129
400
3003
1637
82
3043
2854
2387
1446
968
2570
1761
726
150
2844
877
1880
664
1439
1661
2033
1623
1385
1420
2577
3991
3157
2872
910
2173
2914
223
673
22
2199
3598
3210
1582
143
3075
3408
4082
76
348
2567
2470
1405
2877
2957
1089
1799
4075
3394
1464
3500
3803
674
2218
4060
2946
557
2525
3669
1979
2808
1974
633
484
822
2314
2829
3851
3421
1971
1838
219
2344
1935
644
3118
687
3644
3515
3818
3387
2491
1684
3737
3904
3543
1963
1890
784
2098
2668
3461
1675
478
837
3373
3204
153
3903
1907
1975
2574
3553
3827
3253
2389
2185
3973
3956
3672
4053
427
44
369
1211
1263
3366
1212
3888
2968
571
1230
3688
449
19
937
2740
3842
104
2820
3989
2060
818
3390
3784
3329
1798
1205
1144
3335
52
3760
1544
819
2143
3635
1377
1659
1757
614
1840
2648
1736
3163
3200
2932
1774
2896
1227
1334
1795
1754
3065
1098
1752
2502
99
1681
1575
2719
3321
2477
1063
3843
882
2940
1920
3732
538
233
2572
3930
798
1299
1542
214
3927
1253
1802
40
13
1217
118
4010
183
2189
3354
527
780
814
81
512
2822
1472
3048
738
750
3152
2075
1395
1740
569
1533
387
375
2193
2174
2889
3058
2487
2492
1518
2605
619
747
1731
2966
782
2935
3147
3000
204
1996
3357
4023
70
2324
2184
1238
2707
2197
3022
3175
1770
2411
2270
3372
3995
3489
812
1852
744
3560
3416
296
2187
3536
1371
3685
2837
3898
2649
2547
1459
1014
3476
2717
3485
3215
3060
131
1958
122
2657
1933
2420
2406
2843
3082
3308
1672
2347
3700
2641
1016
115
474
2906
3841
3561
1070
1433
141
3007
2386
2274
451
2958
547
2077
4065
1269
3223
1095
2560
3095
1065
2272
273
2024
3503
1125
2508
2286
2008
1225
3471
2683
2092
1947
2597
2228
2696
3582
857
465
933
430
753
796
3160
1166
1610
2330
779
3233
3645
2544
1226
3649
1332
1252
534
1418
2446
2611
3731
41
3219
2401
440
939
4074
1294
4039
2291
197
1743
213
1478
1538
227
2371
3527
1458
2727
1487
3913
3306
2756
628
2885
2476
865
3728
128
2164
246
899
4033
3937
2646
1010
130
2322
2178
331
3243
3305
496
658
1075
801
2051
2410
1027
752
2987
1373
3812
2841
950
733
2358
3353
3559
680
1934
1224
3918
2806
1919
1512
3824
2268
1347
734
3423
1403
626
535
250
1839
2900
887
2803
2393
3047
611
2266
2451
2117
648
1496
2101
2120
2337
3787
715
2869
90
1163
869
3637
1532
3590
1576
2134
940
1184
873
2378
3588
1103
3237
3150
218
1735
324
2870
1041
1854
2080
346
1052
3486
4067
1596
1941
2122
1423
2992
2043
3378
3935
1300
3481
3230
194
1208
3013
732
3974
984
891
3839
2596
1281
1293
4076
285
3741
3746
3025
965
3872
1892
2939
3411
1722
2619
374
1551
764
492
2615
2267
1473
363
2522
102
73
2031
3863
3064
1579
1396
1924
2242
2064
4040
2774
880
1639
3440
1703
2171
1746
2617
2771
830
4059
3650
2790
288
2684
1923
485
395
2342
775
3027
3627
356
1320
2897
4038
420
2553
3603
916
1772
2319
3634
29
3809
2858
1409
2375
1939
3596
2087
215
2505
1171
2856
1301
2277
1480
907
2894
27
428
2999
1693
1982
1145
4003
2215
3562
3451
2488
2287
1820
2581
3908
2084
3736
769
643
1236
4028
671
280
943
667
2442
431
2035
3011
2592
4001
3884
1783
1614
1216
2659
3648
946
3724
1520
3893
693
684
827
1745
3349
2862
1874
1400
3074
1342
1812
274
3172
2826
2813
3933
2689
75
140
3652
1953
2686
261
2323
2170
1668
1408
2262
3667
2758
1017
1288
1106
2879
343
1006
576
3295
641
740
1266
3479
966
2096
3090
1386
4083
2908
2627
2079
494
1360
1810
1814
3617
2183
3552
2220
1201
1115
3816
442
60
879
1090
3078
2054
3492
9
3858
1009
613
634
3344
236
3429
3924
3409
307
2227
561
4073
1030
471
1045
2669
3304
170
2325
84
3235
875
2000
95
502
460
3053
281
3659
2587
49
1792
2059
112
2647
1773
3621
3202
3422
3128
123
3830
12
1011
2126
3239
252
701
3539
2772
3121
4045
2161
3142
2200
3254
610
942
279
3108
3190
3206
3526
2551
1199
2160
1537
3972
1666
1763
3611
2364
2501
1165
67
1309
3287
3763
3698
3317
3832
1118
57
2658
438
3610
1348
952
745
2830
1193
3318
2598
1153
1595
58
757
2795
1302
1337
3463
3723
3135
1885
815
577
3706
1340
1910
3424
1527
1179
2408
1504
4
1597
2326
1615
4055
1755
3978
1139
3601
1642
2091
3625
3355
2961
2824
377
850
3878
2414
3965
2297
436
1686
2606
1114
1670
2700
3389
1720
503
2741
1105
1994
3495
1198
189
1562
3374
2464
422
3464
760
2363
686
3430
1620
2153
2851
2970
3642
497
809
184
2509
406
3325
2857
1249
1143
1863
1926
3361
2123
1450
1468
1484
3934
2762
3950
3711
2810
2254
2374
1003
1857
3547
1005
3579
195
689
1440
3315
4018
2620
908
2281
1908
3821
2973
20
3740
3749
3319
2131
2315
3106
2978
1517
3523
1962
2972
1972
1536
1732
1702
593
1073
2085
2882
1379
1866
298
3437
2198
3444
390
1663
3046
1015
1391
2643
47
1599
3217
1384
3616
1020
434
1771
3694
1135
1116
2749
379
3266
1776
2208
3016
487
1976
2934
1848
2450
2263
1336
1382
1091
1658
4019
1875
3783
1058
2678
1186
435
125
3502
2482
1500
2962
2635
2005
3261
2052
695
264
3775
2385
1255
190
2444
791
707
2179
1086
127
1625
3773
3342
2729
253
1317
3835
935
290
2967
2732
3341
603
3882
3050
3804
2295
2300
1564
1788
1729
2543
3663
1903
2864
2791
3852
2466
519
2603
1310
2971
3975
1341
1547
1719
1846
3678
1049
2701
2631
876
920
1706
3439
3255
3850
2495
3939
659
1913
1501
1457
682
3490
4041
2916
2815
3837
114
42
3008
851
226
2440
2190
3673
2459
3302
579
1488
2285
1948
2471
2517
2135
2400
919
287
2237
2100
3855
466
554
2634
1025
1140
1102
3125
772
1323
4094
1513
1364
2583
3661
2653
3655
1643
3301
77
74
3944
951
3474
116
515
2965
2937
310
2068
683
3639
1929
1862
1237
2781
717
79
1765
3458
2984
3052
3288
721
893
1401
2867
3469
2836
2109
3814
178
3907
3171
2018
11
1624
109
2260
3033
1824
666
4085
3041
2983
4079
3873
742
1914
443
1178
2763
3774
3825
3362
92
391
1718
2861
1368
3530
2779
3889
1426
2593
1724
719
3646
2133
1995
275
2712
3967
1528
565
1431
1886
3670
2998
2207
1242
1187
972
3916
464
2760
2601
3792
3168
3525
4090
117
462
874
2176
2250
1078
167
3781
691
2725
3009
1151
2714
418
3545
1922
3577
256
955
1176
3079
2449
3970
588
3707
1992
2247
1160
36
1698
2909
892
3958
1818
2755
729
1967
3112
746
2557
662
3212
2019
1915
1804
559
2823
2046
3886
1937
1888
2682
1057
1689
32
2578
3186
3256
4043
3491
1577
450
1042
705
1633
2284
3875
2773
858
50
925
710
3143
3906
506
3900
1461
3276
345
3585
121
309
2048
2257
842
1330
3962
61
665
2602
1142
1695
239
4068
1421
1177
1359
3170
3676
1475
1847
3755
3919
961
2027
4063
1571
1545
2855
2722
3573
3876
2604
3114
847
3311
2309
3076
1495
2318
4005
1522
2817
3040
1991
2726
3443
1741
2599
480
3494
2379
3391
2147
3910
3662
2739
3531
3578
2639
444
3165
932
895
926
200
2210
3692
3386
3954
3712
1764
2127
3244
3572
1417
2165
3604
415
3829
3403
2545
3771
3262
3521
3987
2255
68
192
526
2136
1593
1803
3551
803
1129
1493
3768
354
912
3228
1133
334
3120
3298
3441
393
2995
1054
3538
2321
3272
3017
3756
335
2716
958
833
3605
1876
537
1573
291
1404
3379
1068
3894
699
