1460
1464
2315
1730
772
4071
261
139
1037
1552
2311
551
3787
4041
1939
1027
2622
1789
2565
3516
458
2115
837
1454
2137
3617
2869
3773
2007
1737
262
2929
3957
2599
918
482
3351
1909
3112
1953
2935
1638
3597
568
893
3254
690
3032
1124
2180
3823
1728
52
2473
675
1422
915
366
880
936
3397
1069
1841
265
4084
871
2873
3464
1757
1470
1122
1526
1378
3579
1412
1418
3100
373
1962
1872
3190
1708
2050
32
3179
3416
3673
1618
2186
1843
1370
3290
4012
1013
1024
1095
2184
2222
12
2951
2567
2210
1316
6
3415
2550
2558
2713
3770
2422
1251
1417
3156
2324
2308
3557
2086
881
3283
4044
2403
618
1043
2589
507
2529
2163
1751
3010
3933
767
1795
2361
1008
774
4022
1192
615
1244
3601
1204
4040
2127
1314
62
2332
2604
328
3259
3903
3318
2997
3000
2887
1855
688
3191
3669
962
4057
2405
1522
1287
314
1375
2169
543
1870
257
2182
175
1281
708
3767
2128
2367
2478
1512
1428
2132
3792
1880
1518
2370
3968
1717
2520
544
1916
3887
3313
1168
1968
152
21
4059
509
456
1928
728
1705
3841
3706
1341
1594
2087
363
1448
1807
870
966
674
653
1026
969
2266
2242
3468
2908
3897
3102
2911
3052
1179
547
3206
587
864
3690
2777
1184
1078
1703
2289
2909
1806
1267
2054
614
2004
716
1889
1550
280
846
2860
3241
2392
3230
3915
3369
3271
2926
1279
1505
2920
3147
475
1091
3192
1017
4009
2065
3836
732
3083
2816
3408
2417
142
185
2226
770
2534
1579
2268
2616
3930
648
504
761
2304
4087
1827
2967
1727
2646
2129
3130
1655
1210
1996
415
3143
3186
830
79
1704
1121
3225
1208
2434
148
3967
3292
3959
401
1148
849
2017
1347
1222
3042
2353
1004
2822
2412
1853
2881
489
138
985
526
1092
4093
2641
2251
506
499
3234
3054
539
2398
642
972
1766
645
2760
3600
907
1934
110
3447
71
94
1901
1252
3729
3434
3568
1869
3702
578
789
3571
1850
1571
1070
2340
572
3198
1483
2471
2928
184
3439
1344
1745
399
1156
749
2960
1838
3580
809
3649
1712
610
141
2573
3674
3489
1242
246
2310
250
1146
332
1409
2333
3077
3627
2503
1272
1612
252
780
1302
1602
3853
1067
2504
2042
1688
105
4030
3488
3870
3268
1103
631
3712
3741
3979
4089
2358
2146
388
1469
493
1533
2522
3308
2910
766
2049
1794
3296
1258
994
3188
3050
1247
1632
195
1639
795
3005
2366
2193
1232
1177
2200
3018
1859
2937
1193
2884
123
3517
1504
1566
28
1133
2072
588
820
1866
2862
3862
1885
3336
1774
1583
2253
1854
1902
374
453
2140
3020
3641
1822
1829
154
3974
898
292
2728
1194
1780
1633
3528
3224
269
2821
36
2847
2500
207
3477
803
3348
2306
799
862
2133
2675
685
1553
1345
1537
3602
634
1837
2554
2530
112
3985
1089
3227
1500
2893
2095
2281
2437
2106
3475
3785
3524
1506
2096
2227
1985
1600
2113
86
1300
3651
1592
3298
2076
2636
224
4033
1969
2571
704
389
895
2212
3011
3625
2352
1792
2494
3287
186
3814
248
3154
1777
524
2495
3937
2330
236
2385
2601
35
3193
3304
4060
2579
1349
3138
291
2325
1456
2773
2162
3904
3763
3688
3033
1485
3860
114
2593
2301
3817
346
3167
2769
1605
431
3716
3092
3618
2827
3396
718
2611
3126
464
2931
1743
2126
2143
1864
3713
1509
3040
2690
1784
3971
736
3232
1801
3526
2531
99
1395
2013
670
2382
2221
1071
2377
1254
2510
3831
698
1119
3086
2487
1544
3245
3610
3405
712
3037
407
4047
582
1973
1022
776
778
1081
1326
303
1028
3864
2669
233
1910
613
4085
2441
659
4052
836
2650
1280
333
1029
3272
1775
465
3248
867
2213
606
448
2144
2238
474
3371
1750
2205
1547
2223
3372
3163
1556
2949
2477
3261
121
3185
1681
2789
1886
3728
3445
2606
2754
354
3025
556
3358
83
1292
3006
832
1359
2872
3977
1616
858
3148
208
2685
2404
2228
378
3091
3066
1900
3137
390
3303
398
3142
387
806
1709
1936
3314
1622
3542
3603
2519
2990
58
741
3925
1023
2546
1548
949
2296
756
315
2261
3504
1915
2254
3053
3028
1197
3463
2680
2784
2468
1440
3946
892
1884
932
784
3364
4016
2912
396
2737
2987
2549
3983
1079
313
701
2176
2559
2492
2535
4056
1808
768
622
1974
3972
2684
3536
574
641
4024
214
520
1084
1298
2569
2543
2832
2781
2108
93
2402
442
839
343
1435
2595
1438
3124
801
1045
168
1094
3106
925
763
3059
594
106
3139
1952
2842
3637
2876
2692
952
1586
2723
3890
2141
1924
1663
1551
1532
2138
38
845
85
2191
2302
1233
1995
2188
523
1099
3826
669
1981
2863
1760
2111
1634
1275
2674
848
1313
717
1515
1161
2161
3305
1427
3687
128
2147
2
361
536
2727
2046
3226
2824
1627
3567
2347
4002
1738
3633
3695
2246
3460
911
939
755
300
2817
3888
1599
3335
2425
1607
3520
3777
3295
1253
593
802
1374
3964
1852
3119
37
3572
2034
550
1733
470
3765
725
3385
1178
2707
3223
2445
3197
1804
2360
434
1068
3845
353
235
216
1891
4039
1420
3799
3365
737
31
4046
3796
2189
3810
1631
3357
286
3671
1671
3997
2901
1641
2939
3041
2479
3755
2732
1614
278
3182
1143
1291
1188
2725
726
759
2474
1720
54
2791
4008
209
2187
2841
553
908
1032
1965
3751
2272
3558
4061
2672
1868
1577
1325
3383
1207
554
240
2775
1545
1107
330
2837
971
2695
3352
144
650
3910
2433
3738
29
2570
2982
762
191
1386
1830
1052
2661
919
3900
2764
723
2074
476
2689
102
1044
234
200
695
1127
1718
2525
1273
1591
1652
2532
1293
3891
935
2879
2379
169
3837
162
1729
1214
3760
3440
511
1187
1732
1764
1158
515
1199
1604
3965
1758
1846
2850
2634
2665
226
1946
3717
3608
859
1896
4031
65
3267
887
3705
1501
355
2592
3333
2396
3074
2547
2560
3127
1680
2356
2907
196
1584
2885
2757
497
2105
4021
2438
1265
2805
3518
3545
1305
779
386
1357
3707
559
2878
449
549
2617
2454
4064
108
2645
3962
267
3875
3657
212
831
3207
1608
3459
1982
2654
1295
1288
3003
2587
4076
3583
129
3929
3461
146
2762
414
1191
1056
3790
1065
1385
68
1835
297
956
2854
2320
903
61
1899
533
2966
3550
3666
3376
1945
3342
3563
1658
1581
1787
3505
1856
2668
1225
1449
1334
2772
3917
1131
1074
231
665
2989
3565
664
3736
1814
2077
2630
1348
435
2248
1290
790
307
1261
2533
1630
1255
3708
692
2318
1299
3183
924
81
2436
230
2005
3646
3724
3072
2097
3981
1702
1912
1762
1781
3215
2906
22
715
3759
1898
637
457
4025
3573
3868
2406
3622
2225
1451
3286
771
750
861
567
930
724
2462
3252
2696
3782
459
1867
2427
2026
3642
3121
2284
2068
2125
2953
3187
3473
706
2166
2349
380
3893
2512
3090
1707
98
1653
473
626
140
681
689
947
1167
2001
3316
2285
773
2075
2712
2724
2156
1060
2624
710
2615
2975
3960
253
950
1813
258
1739
899
979
727
3152
3027
1590
3260
2623
1343
1921
1113
3752
42
589
2825
2098
2508
1195
3168
2328
463
2024
1181
3670
532
1536
3494
1180
4029
1403
1432
84
3026
3263
941
3629
3921
3169
585
713
975
1006
1570
1892
1331
1619
3359
1082
3410
2073
44
1948
1036
3149
1922
1670
3076
275
1961
1087
525
3697
562
1810
3588
2443
2965
1340
3056
3395
1110
2303
3433
657
2006
3205
76
2897
9
2195
3832
3566
3672
3835
1580
2271
2114
2702
3141
1771
3940
3443
3073
1895
2043
1269
1770
1826
1746
2870
1543
1212
2749
2490
3487
1894
2359
3902
605
3884
2145
927
19
512
3492
3993
2282
2400
3989
2711
124
3802
101
2244
3110
2930
3585
3859
3094
3726
49
3665
888
4007
3982
1394
3976
1309
2139
1987
842
1019
1201
425
1819
1809
74
2518
484
617
3973
2429
3373
454
132
944
1327
2621
48
2498
3620
3452
3175
3923
4074
1831
3944
1039
3874
2414
1259
3306
1332
2470
1145
2416
3384
938
1053
913
3863
1683
2566
1715
514
537
2178
272
2511
1336
2420
745
2683
2664
3196
2150
3754
1346
3828
3553
1196
2374
3068
2647
964
2329
1392
3466
1636
783
2751
1529
1659
299
3591
1574
2979
2798
527
2556
462
3280
636
3390
2904
3821
3266
391
321
2835
1521
1015
1779
3648
3317
1913
886
2062
2651
2766
699
3827
693
1223
573
1126
2057
1601
841
1338
1130
1587
1312
3953
2698
667
2159
377
3547
3484
2201
2037
2849
3082
2010
2539
1524
2660
2219
433
847
2348
1077
2605
2456
2915
397
2787
164
1555
1007
1474
3480
371
2676
3676
4048
1788
3931
2197
1740
1682
3680
2585
555
1144
3975
1128
259
276
2351
873
1799
1644
696
1510
3949
1820
2700
180
3004
3200
1388
1879
1919
290
323
912
3820
1628
370
1159
3258
1677
2039
3237
1567
3704
1318
472
1635
1937
2609
2996
3472
2154
2278
2999
1516
1640
3153
3546
2770
2092
1701
1142
2091
3609
3128
2218
3885
1390
4090
1268
260
2584
395
480
611
2280
2505
815
829
2811
3745
2799
18
2540
1286
2059
2467
1667
408
2375
4038
1274
27
2316
2387
663
3843
2031
3783
1235
2345
4094
174
522
3104
418
2851
1391
804
711
2247
3278
338
3046
566
910
3507
765
3162
2204
1890
2457
1434
1236
2136
2834
2208
2866
2922
2444
1930
4045
223
2644
3441
1373
2157
2183
794
15
2740
205
1000
1904
201
788
3800
3483
791
109
1560
89
2327
50
2594
2185
2407
616
3683
3422
1324
1
2678
3839
440
807
1735
1452
2502
1585
1285
3310
215
1433
2119
3361
3401
3570
3387
1307
921
3662
2273
417
2577
3220
2323
376
46
1157
1786
1763
2618
764
1943
1429
3739
2776
1511
3747
824
3519
3681
1723
563
3561
2755
999
2368
702
1643
3429
1847
1353
3612
3913
3285
126
2424
2752
1520
2058
1991
3262
1755
2596
2582
4092
2472
3756
2551
3634
1382
3987
3462
2279
982
3212
4082
2992
3663
1997
3722
3584
2288
3075
3427
1759
1342
3062
2537
3
2895
591
2729
2067
2384
47
3653
877
2720
565
1844
3511
1249
1263
3166
2036
3312
1166
393
3628
2648
2015
3063
243
1761
2431
920
3407
1992
3134
2829
3135
4015
2243
1377
1668
1057
3236
597
3746
2130
1002
2232
2093
3686
1597
1492
3160
3009
4026
3256
3812
1626
1086
2809
2639
3771
531
1719
3709
3150
20
406
3809
2090
3133
3911
1003
2521
1494
2921
891
505
2446
3243
3218
3233
498
879
3388
441
2267
1665
3320
2839
2888
2270
3161
2298
3013
2501
3711
1836
1816
3882
2142
1478
461
2480
4086
906
787
382
3194
3700
420
983
1354
3327
3758
3701
3905
1160
3144
2451
429
3458
627
88
3515
1988
2390
2896
4020
3694
2216
1851
901
3451
1713
3356
2167
951
1514
1649
1888
2198
317
1465
3795
943
3157
143
2409
1824
735
1176
2314
23
199
1517
3527
974
2538
894
3927
2642
1046
1741
3555
668
1887
2047
1171
3039
3493
2476
107
1368
3221
3454
1564
2399
3559
2364
2886
581
254
2173
2475
3095
3849
905
2135
229
3682
2745
1266
1821
2292
183
2857
3935
1933
136
1118
1406
1218
2149
742
1568
2708
3442
2955
3866
2667
3552
197
2229
2112
2295
1276
3619
1351
3605
2170
3210
3640
2917
2257
3299
1484
1959
3067
3423
188
640
1642
2055
4018
1479
1503
264
3776
1530
1227
619
1322
33
1441
2203
2369
3391
1783
1883
3780
2861
1413
87
1496
1753
1690
2542
3512
2418
2283
1834
2460
1083
2575
1367
1691
4043
1219
3554
131
3043
2032
1525
2373
1048
2241
3533
3813
1172
914
3282
2088
3036
3769
2788
583
1361
3389
2984
3807
968
3051
1366
1908
147
400
1603
3635
3984
43
3211
1014
367
3956
2044
1725
3409
1621
2933
2485
3829
546
3587
471
2401
2517
2709
2705
694
1994
575
2413
3419
3954
1589
1769
1054
3209
2765
3922
2918
557
3386
2628
3345
3071
3377
298
2202
517
365
334
57
2914
2875
1815
104
541
202
1362
2738
3871
342
3417
1776
3498
1311
3406
1398
4006
2207
1141
3647
1857
2131
2239
3678
125
1488
3485
2393
3715
3698
2230
2388
3444
2687
3029
1534
3467
3457
3247
1650
3201
1858
1861
1540
135
2274
3479
1329
3936
937
255
2706
2056
1929
3328
60
1842
1975
1120
187
1620
309
1376
1085
1840
1798
426
149
3789
2337
3928
769
3319
360
4070
2934
251
678
3509
3159
2449
2715
1878
1066
2469
3017
1588
2780
1977
540
1241
1303
3689
1186
122
2199
754
571
1785
3346
535
2686
529
2507
1096
3560
2557
2580
77
2029
2742
178
3692
3537
2701
2924
2774
157
3614
1203
977
2812
1125
2598
1661
3582
2666
352
1379
3592
3655
4062
2000
1768
3426
2792
96
1315
172
279
2653
2771
133
3544
1109
1527
1940
1903
3966
2597
3117
2797
137
660
311
1001
2116
2134
3881
1410
730
3080
2722
1926
3577
1954
2969
2889
392
1497
2033
4023
3961
1424
684
2355
3733
2892
3231
2008
2958
797
2313
2704
853
2801
997
1355
3055
1706
2852
2440
3806
995
3693
2564
3174
3490
271
3932
1805
2899
2483
2864
3638
2527
1860
1209
928
3731
782
2481
3549
2600
3001
643
3418
646
460
2030
1654
2988
2411
860
3131
3413
700
2670
3049
3786
757
2305
2998
3631
428
3523
508
3151
3145
2971
2804
2950
1790
2718
1365
3656
3344
542
1881
1333
661
2883
2555
580
1229
2640
1897
3873
2826
844
2945
1271
2959
266
740
2859
796
2748
3070
3801
3239
857
3253
1010
2383
2211
1064
341
1689
1356
3766
2662
875
530
3436
451
561
4028
115
2820
2968
3822
1308
3096
2386
2194
722
3710
2800
2085
3808
2255
3400
2258
4091
2831
2867
3486
1387
1941
1559
827
1059
3514
2294
707
1877
2380
1414
2038
1528
2638
1217
3450
2663
1075
4005
1615
1986
2515
2164
3177
2656
3061
751
2823
1971
2658
296
1154
3718
608
1050
2020
2768
2652
3685
1578
3329
25
2506
590
487
340
283
75
3943
3411
651
194
1684
405
2408
1372
609
934
629
721
705
1337
1699
2459
2902
988
945
623
1499
4077
1106
2744
2421
1625
2190
1686
1989
2269
4073
1471
2335
2122
3951
51
785
3521
2952
1576
281
3854
1262
3730
3556
1243
666
3908
1238
3382
1108
548
318
3008
658
976
1598
1102
2681
4058
103
2497
3742
569
1100
2590
348
2153
3178
268
1942
2321
3354
3581
156
638
2853
2299
923
55
3281
635
1444
402
3626
1453
3116
1629
545
1693
1058
1606
3811
2110
3529
3850
249
1493
3021
3970
2410
863
1031
427
3714
10
1747
467
2619
80
3035
1609
3872
182
823
130
384
2109
447
2455
655
1697
222
445
649
1093
3594
1371
2649
3170
1270
808
2514
1906
3058
3291
2874
2260
4078
3803
501
1477
3216
4053
2250
4072
2252
1061
528
3113
2439
2903
171
288
1098
2196
3478
1129
3034
2027
612
1419
3456
1304
1012
100
1278
3122
2941
3525
1573
3952
2699
2350
1466
189
2964
1845
904
2746
2741
3824
2277
600
3531
337
3425
3825
2818
2568
1138
3309
2276
1296
2612
2815
1984
3899
1135
2070
854
3699
3195
3307
3856
3818
4013
3355
2553
327
1072
78
1944
1369
3217
996
2458
1473
3172
883
793
3639
1938
1817
2563
1742
2120
1049
1018
3574
933
948
2082
3228
2836
1531
3737
312
1990
993
3955
2991
677
2078
3378
1672
2326
869
3301
2838
1963
1561
2291
2209
1033
2021
1416
1662
1228
1979
213
3474
3269
2986
3879
424
3599
2083
372
357
703
1137
3265
2810
3381
295
1090
1165
3762
486
228
3510
639
16
3047
1088
2432
3895
1797
277
1767
682
1958
304
3115
41
383
2346
82
2679
3469
3995
1923
220
3947
381
483
2730
3912
2794
1445
2905
2891
2249
1162
3876
1949
3242
1593
673
2317
2961
2155
159
2071
3402
747
4080
3650
2635
3496
1038
24
852
2493
630
1744
3412
1224
967
922
3199
1865
2995
817
2981
1436
3482
3340
3992
289
4014
850
356
998
1034
3725
3476
3684
521
2236
1918
2011
929
963
2312
2693
3332
958
1319
3898
2750
3274
2121
3774
2104
2541
502
3114
1042
3350
1462
2657
1116
4075
1062
3926
1731
2703
26
1117
310
671
1111
2625
1256
1009
2165
2963
3623
3658
3465
181
855
2235
719
628
1016
3081
510
3909
4063
2041
2786
3950
2782
729
819
3883
2561
3300
2224
176
2548
2171
1646
3734
731
2491
39
2453
3235
3562
2756
1202
1169
1716
3508
3611
3366
301
331
595
2726
697
3668
2262
3132
3764
2919
2673
1246
3257
800
3616
843
30
534
986
3838
2357
11
2779
965
1876
3294
450
4067
1736
3214
1364
4032
625
1025
3438
3906
889
3120
3761
1030
2259
620
752
40
1163
955
1749
1283
1734
3030
438
931
3797
485
3244
488
113
2819
868
2339
1457
1489
2206
119
4010
3988
1563
2488
2954
3105
2214
2052
495
2848
324
2080
3360
2978
3679
2220
3815
3768
1696
3435
2796
3654
739
3513
3506
2633
1185
203
1198
2970
970
3453
1381
2192
1439
1486
3146
3326
2637
1321
2354
2719
322
2629
1080
496
3088
897
1823
3184
3284
828
1134
4011
3347
1380
516
2659
97
909
960
1611
477
2148
2767
17
2614
1482
3855
3778
900
3889
3481
2372
1832
3057
2586
1957
1152
596
2608
2174
2513
145
13
2544
3044
1932
3108
733
3341
3772
1073
3428
2309
430
654
3788
2452
3099
2240
805
2778
219
1051
1698
247
2882
364
3744
3455
1863
2482
2168
2040
2019
603
4054
308
3007
822
466
2391
558
4050
1998
1874
2376
4049
3543
1565
1676
1595
1647
242
1132
1905
3916
2753
978
3564
3595
1041
1546
2342
2871
444
1960
3660
1765
576
2365
1656
2237
394
2677
3048
2536
1459
3541
4068
1993
3721
416
1475
3297
1833
53
2151
1692
604
167
3865
2844
198
1423
293
2761
866
218
2419
818
1678
494
2710
720
1875
3421
3123
3180
2428
652
1920
1136
624
412
3643
746
3288
64
1495
2022
2714
1793
1101
2985
2734
825
446
4036
3576
2415
1455
872
2688
1397
362
2499
3432
2880
3394
2003
834
3798
421
14
3499
1352
3522
890
3045
1714
1257
1221
2607
2626
1230
2035
3980
347
1502
3424
1183
2079
2581
3031
3368
2868
4
1231
232
3869
3089
67
1245
798
1190
1791
3098
3819
1972
621
2932
2394
190
2944
2179
584
4083
3606
3630
2322
2124
3302
1123
2084
1443
2336
455
1669
579
1848
3374
1675
2152
245
3370
369
3816
878
1021
3877
4027
1637
3833
3551
2976
225
3664
45
1554
8
3404
2574
1956
3867
4088
1301
3750
2572
3392
1645
3125
452
287
1396
2118
1498
2123
744
500
1405
2977
3719
775
2181
2265
1748
953
7
940
1487
3941
3604
885
491
2395
326
4017
777
781
3403
3920
2343
1818
577
1446
518
2735
2158
3222
2956
3019
1239
282
1558
192
1076
1040
2785
743
4034
2942
359
2983
4000
1170
1408
1155
1450
3398
217
3757
2846
838
3851
633
134
3084
4037
2526
1020
3732
513
990
2175
2943
3677
792
3208
1330
1893
2828
1211
961
1220
2877
349
3632
335
1472
738
2843
3293
2025
3249
1284
3990
1151
1964
3624
1383
959
3399
3219
227
813
987
2576
1596
3491
1673
3065
3969
2231
1476
2974
3264
436
3165
3375
3414
344
3945
3645
1389
1970
2275
1114
816
2338
2287
2300
422
263
981
3251
3449
1461
1976
1431
3270
1914
1426
2610
409
865
3311
241
3675
874
2602
1237
602
419
811
2947
1248
2865
1911
1508
2290
221
336
2344
72
3250
2855
2736
2925
3343
2423
3535
2545
3775
1950
316
3158
810
3334
917
3448
4066
2716
3691
3315
662
3330
2759
3471
851
3331
2717
1463
1189
3958
1519
2803
158
1752
3805
2721
0
4019
1679
3203
3727
3420
680
481
3589
3598
3140
325
91
3349
3540
1400
1147
3919
469
4079
161
856
34
1442
2524
1411
942
4081
2890
170
3575
2894
410
2489
368
3189
1226
3886
973
1687
2516
492
2973
1104
329
586
2045
1811
284
165
2307
2946
238
351
2802
3337
2466
826
2177
1150
3667
3367
2464
1320
833
2631
1310
1951
73
4004
760
2172
2435
2094
954
3353
285
2916
2263
1182
1234
687
3749
116
3994
2100
2016
3652
4069
3501
3661
3907
1925
358
2486
1535
1035
1674
2378
3321
3804
2234
3379
1711
3380
160
1800
423
3430
206
2620
490
117
3289
305
2627
2264
2957
294
2790
2061
1549
1542
2233
173
4003
840
3530
3644
1562
1468
714
946
1575
3107
70
1139
1491
1363
3539
2523
2341
676
607
2900
1700
3164
2053
2793
1862
1317
2389
2426
2363
1666
1685
2293
2898
3896
375
3963
3613
3022
1339
270
3101
2048
3155
2936
4065
2528
413
2060
2763
1623
1657
2371
1401
3735
3830
1421
2671
1778
1507
3914
3938
632
2099
3273
2807
3238
3176
1097
478
3255
437
3703
3696
3446
2215
1966
306
3069
2381
2217
2064
1415
3495
3857
3532
3338
3753
2733
2806
599
439
2028
814
2107
379
3502
1063
2018
538
601
1849
884
1149
179
647
3593
2694
2160
1328
1216
683
3659
2739
3743
2450
1112
350
1660
1011
1430
3784
3578
2758
2496
2463
432
2484
1967
1350
570
256
151
411
1306
2830
3942
3087
1240
3431
3275
210
204
1582
244
2643
691
598
3500
1882
1772
1205
3437
1756
193
644
2913
120
2089
2632
3339
239
3171
2808
1664
1115
1047
3023
3538
4035
2509
1624
2465
3878
2993
3880
2858
1726
3014
1947
2927
302
3038
163
2103
1105
2923
1569
3229
3497
2795
2101
3858
2297
3118
1164
1404
274
3024
3079
821
3779
404
1447
3861
95
3986
3607
1978
1955
2447
3181
1437
1173
3136
980
1294
2256
443
2697
1651
1873
468
564
1264
3202
59
2117
1206
1572
957
2655
1467
1721
2552
3277
3015
150
5
339
2397
3097
3213
3978
3991
4051
876
2081
3948
1481
2002
503
2334
2319
3548
2813
3103
4055
90
1215
916
2023
709
1055
1812
1200
3781
118
1289
835
1399
3846
2613
2578
3892
3791
155
127
385
1250
1323
3002
3615
3901
3740
2362
1005
4095
3064
237
672
1694
992
3393
748
2063
3325
3834
69
2682
592
679
2845
1695
2245
3569
2747
1907
2069
734
177
3279
2331
984
3363
1153
1722
3793
1335
3060
1538
3078
3470
2994
991
3918
2691
2583
1648
902
1541
1384
1260
3093
3924
2461
3999
1825
3322
2980
1425
656
1980
2591
3636
320
1174
552
2012
1360
1523
2066
3840
1393
3748
4001
3596
3844
882
2430
2783
1803
1140
1802
3324
1539
1213
345
2743
3586
1297
758
1613
4042
1710
2603
3842
3534
3852
3998
1935
403
3939
2442
63
3894
2814
479
2938
926
3934
3085
3848
812
3129
1754
1871
1617
2588
3723
2448
753
1358
3109
1557
1402
3173
3276
3246
1407
1983
2286
1175
153
2833
3996
1927
1828
786
2009
2014
1931
1490
1773
3847
896
3204
3621
3720
1458
2102
2051
66
273
166
560
111
519
1782
2840
319
1282
1480
1917
2962
1277
3016
1999
3012
92
1610
2948
3362
1796
3323
211
3590
1839
3503
2731
989
2940
686
56
1513
1724
3794
2972
3240
2856
2562
3111
