2090
2472
464
419
1398
1557
88
2592
1374
2199
3302
2258
845
81
1776
3685
2056
1017
571
3351
1149
2783
309
4089
862
1794
1633
407
2381
150
2639
3429
3166
1543
809
1900
175
4065
2107
4043
3849
3572
231
3317
3782
840
2368
934
2070
1366
1552
1069
458
376
647
3212
2268
3983
870
3038
1729
2551
2433
2391
3050
546
850
3160
3461
740
2793
162
3141
1307
3920
2940
2403
278
1326
2
2008
1130
3519
4070
3629
1129
2711
1754
2355
2956
520
690
1301
2859
2722
2319
2239
1632
3057
2316
3157
1357
3788
683
1290
2473
121
2488
3483
1079
1402
390
451
1949
1529
889
2944
3488
14
3356
3023
4069
2723
1239
291
2688
1249
1836
3571
1486
3861
2489
1726
731
358
3032
566
2072
920
974
3323
591
3229
1842
2868
1952
423
650
1784
2255
2041
155
3535
2028
3097
2955
1088
3498
2004
881
684
793
786
3435
3022
2335
3298
3995
1681
2923
2841
1796
93
1009
345
2417
2897
3785
3033
1994
453
3664
3703
1025
3007
2388
2820
400
2413
1470
3732
3135
2244
2729
1113
1730
2078
3989
774
1013
3882
4088
410
2656
1288
688
1217
1305
1104
630
4054
2242
2055
3143
2044
38
846
2154
3532
3301
907
1080
190
2253
1136
2964
3517
3649
3912
41
44
1648
700
1416
1764
1550
1277
3802
1348
1854
4019
3199
1815
3614
2362
3304
3486
3546
2398
3887
1115
756
936
1906
1500
3492
3512
851
3154
3513
3801
335
1999
2531
1555
1651
811
3527
985
310
4078
3490
4009
171
1376
762
3997
281
962
4037
3626
1379
3099
305
2328
1517
1982
3152
988
3917
3511
61
940
1808
1167
1524
1942
3292
4008
1164
3127
1224
3980
906
953
2369
3984
2847
3312
1802
2233
3324
2251
3044
3940
2027
1696
3053
183
880
1291
1452
1308
1005
2986
1306
52
211
697
363
2497
45
2182
818
1835
562
1046
2523
3746
8
293
3045
1071
3559
2603
738
236
2145
9
625
1514
3894
3805
900
3872
2848
2543
2987
3825
2012
1684
3262
2500
3213
49
4024
2854
3255
2241
259
2110
1278
2706
1986
3180
2108
3389
1688
3536
2803
1477
2680
1410
1843
3599
3503
3368
879
2138
488
3994
1615
3054
783
3923
2313
30
3309
2039
2456
965
2832
1989
3846
999
2015
2166
1775
854
2794
3509
2305
461
18
1318
1202
4020
3921
2020
3215
1568
1877
348
3932
1465
2579
2254
3925
2553
1144
3808
1205
3807
1445
2178
1100
1125
848
4033
2441
668
899
733
1235
1868
2659
2516
3964
2926
1512
678
711
3363
3169
3690
2352
1107
3720
3642
3184
1221
1749
2304
3712
3998
3326
971
2719
924
3939
2185
911
1487
152
1466
2772
2569
4080
1382
2789
2109
2400
1693
1182
3349
1135
2227
1476
2769
2927
3217
1011
804
3155
2872
3111
3578
2358
1475
1653
3460
1919
3665
1237
1296
2448
2118
3113
2657
3325
868
626
753
2490
500
1734
662
3605
2861
1570
497
3758
2757
2806
3201
1862
2858
246
3181
3457
320
1362
2658
124
234
2045
3085
1547
2696
2626
1062
342
938
2640
1010
1119
1959
2749
1008
1179
2322
377
1548
746
2566
1083
3370
2432
2743
2246
1614
1694
1715
921
788
2931
3508
2557
2443
1983
1833
3388
3702
3279
3956
888
339
1426
3680
151
243
3170
505
2693
2885
3624
3391
919
196
139
3609
1320
3123
3254
2444
143
1766
2186
1045
3139
832
463
1021
709
680
356
1213
1535
2899
2384
3502
1622
2946
2642
4068
1813
3613
3692
1705
347
4095
3904
1220
2174
830
887
380
341
1065
813
1472
307
167
1279
241
3376
1350
1055
3025
3601
1503
1154
1728
2842
284
2261
1668
1638
3017
3431
1333
2607
1674
2760
894
2330
2939
726
1677
3056
925
1339
1351
2825
2366
820
1471
582
1232
2835
3865
1191
185
3744
3246
3482
2876
3265
1261
474
1525
3617
2581
1899
1598
1902
4022
3954
440
3285
4066
1380
2527
2165
2034
3819
2191
1377
798
1370
3949
3360
2082
3090
263
2115
4077
174
525
3625
1162
3784
2005
1670
3895
1825
257
2587
2565
2252
1030
1639
4083
29
3392
2874
1518
2947
1315
2198
3581
621
2159
739
83
3084
3960
518
404
2148
1019
653
1671
994
2416
115
2311
4093
2069
635
901
2554
2491
2046
1356
2638
2455
778
3327
1574
719
3574
393
2085
3308
2264
1973
0
3283
2394
1608
1770
1023
1904
316
2097
2043
4002
176
3761
2216
3676
3856
459
2339
3851
3416
2262
1177
454
3220
1753
1038
2768
4062
442
1883
1611
767
2297
2410
2849
3015
2127
3500
3810
2513
3156
785
1695
128
1094
22
1481
1752
2945
1673
3420
1210
2139
3937
883
600
682
164
238
2013
3833
1076
3107
1886
902
2063
1593
3426
1527
1254
2856
2003
3209
287
2648
188
519
1075
3277
1363
2533
372
2202
4067
2891
2250
3173
2694
3208
315
3303
3336
1166
1409
3408
947
3706
2449
1319
3315
4027
1590
703
3121
2331
3668
4032
2450
1428
3950
272
268
572
2810
632
4091
595
1618
3225
3547
3491
673
2414
3332
3520
3403
602
1271
2385
2763
3037
3445
1002
3569
1864
648
1623
2929
1616
1456
2470
3030
353
1901
1090
2412
1721
991
1657
954
1448
2988
588
2709
2468
3586
75
3523
2360
3817
3078
529
929
1068
744
3854
1827
3530
3335
858
2190
1143
2920
194
1389
532
1039
1993
766
3350
2795
3369
1554
3893
34
2094
3715
2670
384
102
1226
11
1145
2160
2637
3725
282
1244
3911
780
3438
3027
1223
1233
736
3953
1740
3398
799
2142
1617
3749
2765
2011
2869
1007
1597
685
1404
963
2066
1386
970
509
2779
1171
1991
385
1803
15
3102
1682
1785
3573
2633
3405
4041
2320
1700
777
1381
2059
704
122
3321
432
1474
3355
556
1453
978
2222
2407
3634
618
3289
3342
3751
2980
3410
2344
514
2963
3016
1513
1601
3873
764
2834
1087
1736
2364
227
2026
1613
694
2971
2017
3288
2474
1938
3898
2676
2399
2387
2428
2324
1531
2436
2812
1197
1375
3224
1184
2563
1353
2393
3958
1289
4072
1165
3273
3889
1882
3352
2196
206
413
1981
826
1262
2464
4061
1467
1772
805
1878
395
2386
1967
644
1706
3723
2996
1317
420
2857
2981
2977
2195
438
1096
2180
2325
3052
944
145
2509
3794
2730
2418
3670
612
3432
1612
599
2713
2528
360
3707
2152
361
1258
3149
2347
3591
2329
478
3493
1663
3464
3115
2327
39
3198
3252
2496
344
2022
977
3197
3620
2992
1043
523
2286
2065
939
3597
1373
237
2635
1430
1927
1051
2900
2122
935
2287
2371
3423
2460
948
1599
3109
1198
4079
3428
1875
4017
1346
36
3772
2217
536
2691
3721
1690
3048
4055
873
1440
720
937
3552
1089
1644
96
123
1720
714
450
2952
2155
2837
1732
4015
2024
3458
559
3367
2365
1605
493
4071
1592
3316
3258
2595
3206
2617
1564
3501
322
663
1098
1719
3348
1050
3655
622
4082
1755
517
1371
3338
2758
12
178
354
3424
4007
1801
844
3564
2733
125
1944
2624
2425
2479
2349
215
1667
3596
3230
642
1739
146
853
1352
3256
2873
3796
2620
2700
3039
2093
2735
2359
2756
3151
3459
1494
1950
3580
1180
3562
1575
3130
1480
755
2033
2019
2256
705
1340
2477
3163
3029
2585
107
3674
4003
3735
3330
2454
1004
1460
3858
861
2610
2753
951
1034
182
2367
2838
1488
1897
3344
3848
976
104
1725
3249
3790
2526
3540
127
3103
2092
3752
1540
3729
1417
1978
3455
1236
2936
1499
2731
1421
4049
3278
3592
1936
482
1206
2281
3844
1056
1747
2067
3852
3743
2546
2870
258
917
791
2690
229
2916
2284
1631
2652
3257
1567
3012
1302
1709
1436
2984
208
797
634
4084
3842
431
652
4057
1106
3868
3526
2084
3877
149
3537
1735
1876
890
789
3759
3049
2435
266
2805
3425
496
1997
2801
877
3041
418
1580
2686
984
2156
494
2573
1767
2678
512
3205
3510
2177
2309
579
3282
3384
3584
3144
2852
1945
1935
2962
2337
3409
2476
1040
3238
2200
2147
2909
1334
998
1861
1268
2740
3667
3836
3168
640
1713
1400
878
2746
1910
3791
77
504
2392
303
2314
2438
3080
643
3165
986
1347
2816
2538
3935
931
2787
3755
3437
216
2439
542
1953
3897
3183
3539
1717
716
884
1137
2036
1873
2708
1874
421
436
2048
2958
16
2707
2881
871
2968
203
1169
3943
2782
3789
484
3774
4056
430
1458
2508
4040
184
943
2308
3182
1027
2698
1459
2081
7
3880
1081
3831
1294
1354
3200
411
627
3955
1757
3760
1335
1282
3444
1042
79
3065
2031
757
2716
2636
3465
170
159
2040
1819
2804
2819
3118
1243
3042
2245
262
2845
297
1604
388
3560
3524
2599
2207
332
2578
78
3266
3864
1312
2802
4012
829
3040
741
2037
1607
3385
3594
658
340
1070
371
2289
3907
3497
3134
553
3618
666
1259
922
1131
1252
3223
1958
2498
1485
1839
1032
885
967
515
3775
1172
3485
179
3481
2630
749
2283
3821
1562
3196
1922
3612
1293
3900
2525
3077
2766
2431
737
1984
135
129
916
245
58
3908
2548
2906
2333
2058
221
3673
1814
2445
696
2839
2338
3296
3345
3333
479
2126
2223
3545
1933
2814
213
3132
3242
3454
748
3824
3739
3216
1750
2674
1360
961
2203
628
2583
847
4014
2910
1170
2265
2577
1722
1155
2079
1532
1495
2991
3108
4075
1956
2863
1473
2136
2169
1457
2243
554
53
4028
2424
824
613
1150
3117
1831
473
3915
3331
2759
20
1189
3147
2594
2423
1248
3627
2545
859
3727
3320
3550
2737
2905
806
2724
1844
2420
244
2960
1392
2517
981
138
611
1127
3395
1501
3588
3158
499
1659
1866
2181
1916
1634
2663
2163
1519
3717
2303
2220
3002
2535
2949
734
3913
3358
323
816
2813
615
1085
950
2273
547
3241
1603
3699
1515
558
3361
3419
2561
1805
3178
1108
2739
2150
3474
3936
3337
1082
1793
2285
596
2989
1586
2608
507
992
691
1538
4042
406
2556
80
2584
3658
3554
1509
412
325
3695
1276
522
3896
2822
3442
3975
1297
2010
4006
2006
713
3538
1018
2421
2576
1915
3171
1731
3716
3553
849
2266
717
3737
2016
233
1110
1985
605
1970
375
982
3009
1178
3622
1482
1926
492
2457
2844
790
773
3869
2618
2277
422
142
3006
1138
2221
725
2591
3259
2928
3131
2098
2194
3096
2288
1807
3830
296
3138
1723
2999
1281
2030
516
1530
3855
3878
1211
3928
1185
2426
506
802
1122
2071
1937
3207
807
503
657
300
3632
3310
3583
3800
3818
3804
1572
3704
491
2083
2395
1026
3187
2555
723
4038
1939
2967
1450
904
144
3462
866
1275
3068
3600
3418
3966
957
3093
2542
1798
3364
1126
2907
1619
674
3933
3297
1943
448
3769
2808
606
2379
3962
3885
2622
660
1778
3850
205
665
1195
2111
1194
2170
31
1429
1966
3672
362
67
2748
202
1879
1141
3792
1850
230
349
1407
2370
3413
823
1742
219
2560
2564
568
2276
3284
1528
2514
217
1332
1708
1035
2649
1396
3447
1327
1412
256
1234
3972
2091
1745
1361
1444
328
3827
3722
3414
1014
3072
3300
3489
3507
401
1427
1553
1391
3019
1111
3615
2529
2377
3965
2771
996
4092
1760
3832
2279
2353
1199
1923
2780
905
3340
251
28
745
3689
1449
425
2380
3968
3683
1669
1741
2429
2976
949
1780
3299
3847
761
3378
2035
1606
3820
33
326
2123
2653
1257
1960
367
1132
616
1311
1583
3677
2390
2247
2176
782
2224
1152
2144
513
882
3730
2193
1637
1101
3244
218
2898
3763
456
3366
980
3944
2614
1303
389
366
1399
3219
2121
3175
2559
1988
2718
2590
3148
3637
1811
1245
1341
584
483
908
1231
1905
1893
1647
1703
2361
3888
3343
240
1727
1092
1924
2504
3167
2375
2346
1596
76
3162
95
3062
3214
715
103
1826
1181
3533
1539
437
1746
3974
2267
3843
928
2502
1582
712
3269
2278
964
1251
2151
403
792
3797
2074
1425
3815
598
2777
3380
2356
983
1411
718
2167
1462
2453
1146
3271
3307
1718
2259
2342
2089
2188
210
765
2292
2219
784
930
73
1976
3383
140
3449
3440
277
2550
821
3295
760
3978
1029
2993
1589
1654
2025
90
2521
2492
1298
3675
2522
391
288
2206
1737
200
2807
2925
3593
3647
1343
3643
3387
455
2791
3678
2717
1954
21
487
2345
3071
2298
3640
4076
1322
3563
3669
1478
160
2893
399
3787
1253
1196
1761
3478
1995
1692
3582
1422
254
932
758
2009
3399
3608
2341
3793
581
2397
286
3840
1112
2014
3829
1860
486
1777
2236
2901
35
1977
3146
1683
3747
3566
3967
318
1641
574
698
3663
2130
545
2643
2961
126
2860
1435
3529
1049
3959
4010
242
3733
2396
2332
1699
359
3263
327
2129
3375
1020
2915
2883
3567
1676
1546
199
1284
560
209
91
4094
540
283
639
549
414
1385
708
3986
2710
2032
207
131
3354
3393
2467
153
1442
214
355
3394
1961
4036
1218
2101
3372
1889
2363
3806
299
2001
3719
1887
1795
247
2877
3186
2189
3660
3795
449
3129
3075
270
2673
2865
1872
3248
3845
1086
2654
586
1406
3631
910
2299
763
2829
3724
2754
2855
1078
1948
3518
2442
2621
1800
2661
537
3886
3687
3051
3579
550
2073
2153
1359
3235
530
3476
3373
973
1609
4045
304
1571
3145
3734
3522
3691
2499
1585
1581
2606
838
3021
428
3290
1225
2336
909
1679
2318
3240
1643
2307
1792
759
368
273
1855
191
3415
3766
1469
3991
3088
671
576
3468
2970
2465
3857
62
3556
1828
3192
220
2751
2116
112
275
2823
2321
3731
3659
3841
3010
2894
1885
2164
594
2890
3798
4064
3876
2593
4023
2128
3783
329
3859
59
2660
1095
2231
1269
1496
3711
3531
544
156
1491
2685
1059
298
2770
825
2348
1103
3726
707
452
702
1120
1630
3046
4011
1610
147
2162
2612
2270
1968
592
1175
3742
1015
1929
1756
446
3073
1502
2440
1621
369
2487
3076
3942
3036
2087
2427
351
2598
2817
2120
3799
1823
1403
2354
892
2982
56
17
99
959
2880
875
771
1238
1650
3371
2064
3947
1787
2682
2888
2405
3982
2158
575
2567
394
1545
3557
2520
1714
533
1283
2784
154
2720
239
1037
814
742
3105
86
1124
3004
2969
3404
386
405
1102
1559
2080
1337
3901
2889
561
2651
3987
2544
2132
1215
3767
3803
2781
1183
3899
1214
3237
3451
444
1464
2406
614
3981
1201
1270
3082
396
803
1578
2234
249
1344
1321
3646
1965
3226
1157
267
3060
3757
1483
2183
1804
3095
169
269
1587
1511
1414
187
1576
2625
1645
3661
3286
1822
1890
1898
324
2295
2790
1520
1748
222
834
3083
2021
1383
3684
3382
3619
1498
319
557
3777
3159
2628
3031
2112
3863
3094
2240
3779
2727
3450
261
1992
2447
3568
3114
2095
25
2271
2053
3028
1060
3104
676
915
2002
4013
2994
2985
3910
374
1536
1454
1063
3328
3496
3276
2326
2205
2725
1588
274
2552
3439
1263
3549
383
3203
541
3551
163
2797
2149
1820
914
3916
2446
4073
2796
1255
1336
2260
3718
1704
1369
3542
253
1490
1656
1368
3119
729
1109
1834
728
460
3671
3047
417
1413
1744
1675
3448
4046
730
3638
2301
434
2953
498
3024
1314
3762
1061
2721
1433
3595
2549
1771
1849
489
578
1003
2762
2374
3190
250
1031
477
2917
3628
462
4060
2530
2752
3741
585
1660
2904
3771
50
1626
754
3026
3140
346
1832
3736
2562
1573
2647
109
686
317
3883
827
656
631
781
3233
1418
2851
3816
3504
2204
3164
2914
543
1208
3879
3452
3487
302
116
2741
3218
1818
837
1816
180
912
1147
2596
3754
1064
1689
3630
3430
3400
3623
1479
3929
2975
2671
1212
1508
534
1349
2774
3809
933
57
2632
2830
1672
1584
1420
3770
3648
2372
3603
2077
2161
2134
3979
2106
4051
3446
952
1655
3590
969
3128
1431
1996
3514
3313
1661
1852
1698
1920
6
1963
136
2616
794
3061
3319
10
2903
2411
3905
3479
2892
1287
3066
2755
3881
1267
133
3641
51
3434
2096
1186
3433
4052
308
471
539
1549
2175
1338
3268
1219
1117
2057
1701
2966
1497
1566
752
3101
1242
4025
1099
1782
3495
710
687
1073
32
336
3124
3362
1955
3710
186
852
3381
3906
531
2689
1052
636
2038
1594
2458
2957
856
117
2575
2712
313
1913
3813
338
3232
321
3985
1329
3607
3291
3534
1204
2315
1979
2736
3679
860
3992
3977
722
3697
2919
913
3516
1790
1662
1489
4074
2210
960
1256
3086
97
2419
2742
808
2047
659
3422
3374
1774
3867
4031
3993
4059
1837
306
201
3971
692
1190
3828
2882
2933
3480
721
1711
4005
3999
867
87
1168
570
2340
510
165
1372
2302
3064
3780
3561
2744
1024
2512
1921
1048
679
1058
2351
2773
1397
3662
2125
1848
2609
54
1932
2941
672
2507
457
1762
3441
997
260
2775
3306
4035
2627
2715
292
94
2211
2937
2662
3838
2558
1565
1072
1957
2761
3701
189
1419
3305
3126
3521
1743
2738
1174
3202
2912
2501
2434
168
2619
2995
1934
4030
1799
98
3341
3866
3602
4029
2798
897
3125
2799
3874
1273
1544
106
1903
55
3645
2613
2815
264
439
3931
3812
2483
2173
1365
157
1707
1160
1781
1116
941
2850
2469
795
1830
2117
1325
427
3176
2666
1455
4001
833
3871
815
279
1148
819
727
3745
1468
397
1974
3191
141
1097
2541
1265
1193
1463
350
2208
2644
3069
1678
2747
3926
364
2076
445
1635
3074
3938
801
3098
526
1783
276
1187
567
2113
1871
857
689
1272
3499
2376
1859
2218
886
607
3386
942
1286
681
3406
975
225
1962
1114
3969
4044
2099
2788
898
68
2422
3058
1324
2532
1892
3860
3001
3467
1911
769
2051
1853
4026
3575
1118
1867
1388
3396
646
1560
836
1998
1577
563
3914
3548
3963
37
1646
2184
1847
1851
1216
3565
2776
1591
120
2886
812
895
3417
903
119
415
1405
1629
113
2826
3339
89
1424
583
654
521
3656
1250
2235
177
1569
2052
3708
2312
800
751
3294
13
69
465
1686
3250
565
3281
2075
1192
1824
3621
2209
232
470
3484
2257
775
72
2124
1054
1595
872
3116
3161
3666
1710
2306
1891
3570
1443
2605
70
1128
1941
2534
3748
2884
466
538
1521
3924
4050
2105
2212
467
590
3402
2140
2494
1
1716
2029
2269
3477
2800
1041
3407
3902
955
2684
2778
408
3357
706
1228
1773
1163
1809
601
3377
527
2972
429
3412
1358
3988
3070
535
2401
3823
3589
1838
2843
66
475
82
472
158
637
3261
4048
433
2100
92
2615
3470
2669
2704
2524
1758
111
46
2168
609
118
3903
573
508
945
271
779
580
2437
495
1331
197
2310
1151
3781
3346
2645
990
501
1330
64
2959
3814
735
2537
2728
2249
661
2634
2918
3194
47
4085
2430
1551
1881
2864
629
3606
2373
1158
3528
2478
2862
3996
193
235
212
3651
4086
3221
2792
294
3652
3922
2921
2935
1791
2505
3055
787
817
1724
1738
1829
2597
1423
2902
1074
1779
3411
3875
3884
2114
1240
2646
2197
3973
1484
1628
3234
23
750
1642
747
987
1561
1394
2833
1666
134
4000
1000
3063
3636
3835
3543
3427
649
3946
3272
1047
2323
3185
195
2485
1600
1364
387
893
382
1687
2948
469
3740
1856
3700
3756
2571
2650
3059
285
2887
2665
1636
3555
3778
2272
204
1925
1810
2697
1140
2459
1563
3604
1493
3834
3136
480
3079
3598
1012
1894
3334
3750
2506
995
966
2518
2702
2462
314
2836
330
409
633
2750
1917
3287
2922
2062
3110
3390
1437
1516
993
3585
4034
1016
3957
2131
381
4047
224
3577
3945
3067
1652
3506
3776
2519
2668
2248
3698
2350
1733
2060
301
3576
4087
1556
1266
1230
398
1300
1044
3469
3267
564
1401
2179
1313
3714
624
3311
842
2589
1797
2042
3081
2677
1865
3654
402
2475
2828
2705
2480
1241
2086
3365
1928
2930
555
441
3353
3961
223
3035
619
3421
3188
1159
2540
587
3890
989
3918
2809
2951
4018
130
3397
481
2623
2604
2692
311
2290
1345
1304
1697
670
3133
1821
3000
876
1084
2482
1378
4053
3210
2629
1664
1658
3260
352
1523
333
768
265
1908
1393
2000
65
447
3014
2282
4058
2911
3379
3892
2050
2103
3919
3177
617
3826
3275
252
3153
1975
552
3251
2172
71
1506
3003
3753
2938
1367
2452
2568
3475
1649
2601
3862
3990
1207
776
1869
3811
48
198
2510
1292
2846
334
3231
2950
2054
1507
1880
2088
443
2990
27
476
1789
946
3558
1510
1680
148
3211
2404
1323
2714
2973
1786
597
1395
2913
3
26
1931
84
2503
2687
2818
2954
4016
1972
3008
1896
435
2965
1806
841
3236
424
3494
2679
2664
4063
2767
4021
2137
2463
2466
3142
85
2171
331
3120
3657
289
2896
2157
2402
2515
132
2383
2481
699
2932
2104
1328
2811
3204
2871
3952
968
2942
2102
3245
675
1912
1222
1858
923
1640
3043
485
1057
2275
3174
3688
1438
2786
4039
1447
1769
1918
1812
528
2280
3473
392
2018
3227
2408
1451
3970
74
3020
1387
3359
1260
2978
3013
1067
2695
5
357
1310
1505
4090
651
831
3193
1763
1461
2230
1969
1188
1691
1093
3709
2486
1161
1309
1285
3471
60
114
743
2461
2878
1209
835
1665
3822
3768
3948
2213
1602
248
863
1946
896
3347
1504
3443
3253
3087
1907
865
3280
2934
1534
2226
2745
2511
3436
1533
3941
1446
3092
3100
312
2701
2974
426
1884
3927
589
1247
1620
3705
172
105
972
2983
3018
3122
295
2997
693
1408
1625
3293
810
2588
2827
732
3091
1077
1558
1246
2274
3909
608
2215
1091
1846
2655
1439
864
1022
43
1840
1971
1355
3011
173
1759
695
3587
1492
3682
1947
2924
2049
3453
379
2908
3870
1133
655
1888
3635
2840
2214
926
958
2119
664
1264
2611
1909
3839
2582
2785
1006
63
2574
416
2201
2570
1857
2343
2294
3270
2484
490
3239
2291
3686
669
2580
3728
1105
2875
891
3837
1227
1951
1579
3112
290
3314
1845
641
1229
4004
1299
255
828
1200
1028
1624
1274
4
1685
1863
3786
2229
2667
855
2536
2699
2866
2572
1914
610
3653
3853
2382
2296
623
3515
2493
2586
3466
2675
2232
604
1384
370
3137
2979
3930
2023
645
2764
108
1542
3329
3616
2539
551
979
2263
2141
3773
1702
19
502
3034
927
2061
3505
3639
373
3681
228
100
280
1280
869
337
3318
2681
511
2998
3611
1036
166
1627
2293
2357
2471
3106
181
2225
3693
603
2641
1870
1817
772
2135
3934
2007
2895
3951
2237
3644
3976
2732
796
3179
2143
42
1964
1142
3650
2547
1765
2831
1712
1895
770
638
2317
137
3738
2672
1788
2187
1295
2146
468
701
1139
874
3189
1342
1768
3228
3274
3172
3150
2853
2334
1153
1522
1930
2495
677
226
839
110
3765
1940
1541
3243
548
2133
3610
956
3005
918
3541
1990
2409
1053
1441
843
2703
822
3764
1537
3264
2600
2631
1066
524
1526
24
620
1033
1390
1751
3222
3713
1176
3696
1415
3472
2683
378
101
1987
724
569
1434
2068
2389
3694
577
3089
1156
343
1203
1121
2824
3633
3525
365
1841
40
2192
1432
2228
3247
2879
2867
3891
1173
3544
1316
2415
161
667
3195
1980
2726
1134
2821
1001
2943
1123
2300
3456
4081
2378
2734
192
2238
3322
3463
593
2602
2451
3401
