3959
1691
2866
3440
2249
1487
3087
1739
3694
1887
1837
1395
1010
1183
126
3641
1757
401
350
3259
2812
3315
3794
2644
2880
3768
2032
3656
1656
2285
834
4044
346
3906
2271
721
2248
2051
1561
2907
1268
3514
2533
2252
1986
4025
3055
3419
3400
54
1331
3162
65
659
974
463
1928
2175
610
927
789
3032
2129
316
32
823
1957
3065
2903
3954
4087
265
873
767
1890
402
3128
2392
1667
3510
1738
2983
2934
3871
394
3635
762
1719
3454
3026
1876
3027
2390
737
1424
3706
3278
2922
2742
1554
748
4051
2098
3134
3362
2518
2926
1916
851
2213
4009
1604
1718
1146
1486
3523
725
423
1594
128
3680
641
646
3973
3326
219
165
2769
2010
1480
1222
276
2730
4093
2914
2034
666
2821
3257
3457
2514
3146
2380
20
1169
3543
1432
757
2493
3664
4085
1269
239
2746
2562
4069
2758
559
2960
1620
2264
330
983
1810
4062
200
2200
1083
960
2350
1372
63
1022
657
3815
2042
2676
3214
2592
3247
3103
2025
2530
421
2012
3944
425
2367
1024
2452
3866
1488
506
72
2133
2130
2945
1926
1766
2754
1055
2596
4042
3407
916
2819
1038
1654
3675
3124
814
3609
3002
1678
1387
871
2660
4011
3319
2174
897
2910
3580
2879
716
115
1370
1742
2028
4003
2421
147
3107
1672
959
2927
2234
785
1379
2885
45
2787
620
1682
3347
432
1693
1623
2222
2823
1093
3525
3442
3441
3913
3518
631
1261
3343
1406
2467
455
353
1004
2498
2354
1646
2306
3069
2933
1031
106
1953
3472
248
3745
2796
2835
1747
2088
1842
847
2861
1363
2426
302
523
2811
2606
669
1874
3966
2052
3828
3649
2425
1020
3299
1057
2510
162
3507
1172
1567
4055
869
1021
266
3837
1294
1227
549
1509
1380
3308
2235
3212
3579
1393
445
2001
1357
2616
3757
1174
2340
225
278
241
458
2888
306
975
1564
1072
1947
131
2665
3892
1403
832
1181
4075
2511
609
130
1899
2721
2633
3167
154
370
594
86
1402
498
1969
910
356
420
15
3818
103
613
342
416
1824
3661
3674
2279
1407
3968
3819
3631
1802
512
282
1645
3260
1974
955
1068
3154
804
2590
2728
3314
3728
1125
1784
1153
2407
3873
795
4049
632
1650
1669
1673
1559
3632
2702
3200
2632
1587
2870
2358
3905
2339
2315
182
3934
3898
1450
2246
150
1283
2609
199
887
1442
1229
1090
3806
201
799
3202
433
734
3891
3017
3994
4023
67
2974
929
2348
77
2455
3858
1286
2274
3359
2508
2994
3122
1812
2662
3538
3235
1461
2669
454
3075
677
3129
689
971
3325
4007
254
4022
3028
3535
1573
3106
2481
2986
747
280
2859
2522
691
2376
3613
134
2049
846
3829
294
3982
3463
2247
457
1880
1630
1936
3415
3612
2699
1400
1034
3215
2144
124
1882
2987
872
338
1322
368
2951
3640
3467
551
102
3900
1632
170
2608
2168
3921
138
2294
973
2244
2778
3721
2463
4021
1314
3005
1808
2854
3509
2724
1374
2771
803
41
879
1558
486
205
744
1869
2860
3848
1496
575
2745
2716
532
3301
1321
558
2919
2003
3790
1985
542
3602
2097
1535
3173
3051
1150
1987
1081
574
3250
3778
28
726
901
1044
3390
325
3597
3096
3976
2316
3244
2555
949
2352
3392
2520
2953
3286
1662
3561
2337
2473
2283
2327
389
2343
328
3901
1660
3659
1194
1595
1578
2069
2834
2243
2373
3283
2015
3378
3350
3943
534
3418
105
3192
2635
2967
2803
2663
1602
2678
3666
2791
2468
148
2499
3330
78
110
2685
119
1476
2368
2009
981
1948
857
1178
404
4031
1717
2837
1478
2325
3620
3544
2912
2618
3846
2155
849
303
3060
2312
3643
2898
1411
3554
3842
1232
2196
2917
2013
2999
3997
2433
2815
1803
1894
648
3474
3072
3787
2268
2284
3856
3225
3950
2180
4078
2083
2734
1886
1250
936
3746
81
1611
2825
510
3926
683
2969
2681
300
3802
2349
2066
3946
2617
3296
524
3983
262
2764
2199
3179
1151
3799
1468
3832
2896
2709
1382
1917
2958
2551
2770
2405
781
2071
3875
2818
333
1779
83
513
2150
3961
351
2043
3601
1369
2362
1920
658
3861
2444
1627
2824
3662
3422
2419
487
419
3606
90
3238
2007
1883
2620
1980
1675
4038
3923
679
1631
2672
217
3080
3101
1511
3500
3479
1814
1147
42
3425
1220
234
3104
3568
1115
1878
3676
932
178
3569
2161
3309
3181
719
3451
3010
1734
2223
784
3386
2434
3447
4020
3041
2212
992
2546
3909
2856
2828
1847
1180
995
3137
3366
504
474
230
3068
79
2045
451
2182
1134
4017
1029
988
1391
989
3862
2030
3576
2104
1192
2207
2689
3508
25
2016
1426
472
1329
2507
1896
2853
299
3628
2627
626
3607
2236
668
1130
740
3679
2714
2781
1345
2220
3817
2095
3813
591
1806
2103
2755
939
1443
1549
2074
2225
3764
1267
1555
2211
2377
2178
4052
1233
323
3670
3016
2929
2287
2231
1037
76
2741
3223
2099
3240
96
1580
2411
2040
2281
122
582
1818
1998
213
2491
371
940
2553
3610
3417
2065
3831
911
569
2270
722
3642
1520
3618
2844
1909
2798
1903
1888
1783
250
93
1966
496
3105
2167
3328
221
1537
2774
3881
295
1428
2800
50
259
2386
3413
1610
1431
686
214
3289
2744
3099
3970
2297
80
1112
2873
3886
2120
2756
3018
3519
1663
1530
1780
3318
2442
2840
2719
1308
2775
1280
3436
1069
2305
2062
3540
3841
3159
773
1935
1893
1422
3648
979
1396
450
554
611
2550
2595
3369
3611
3110
2932
2484
2532
700
344
1848
945
2578
359
3364
562
3397
852
1583
1599
1237
1137
792
2563
1145
1666
1118
2054
1881
186
684
1463
906
2766
1733
2736
3443
826
319
805
1470
2475
863
2611
2827
2061
3990
2301
479
2185
3398
2370
1858
526
3792
1208
2141
2737
2513
397
3125
476
2619
1483
396
2947
2667
1454
1726
2158
2215
2838
493
881
3263
3743
3183
3258
260
1867
990
2943
991
1960
952
2260
3668
1085
2146
1246
3157
1342
600
384
749
1954
2237
2494
2735
647
427
791
1758
1846
1642
2300
1304
2485
1787
1084
1253
2795
464
3000
483
1930
2082
1056
383
380
699
1782
1005
3834
1305
578
4036
226
1459
3411
1617
2552
3863
336
3869
2148
3833
3497
2539
2459
928
1754
2537
3295
3458
958
1124
1358
3762
3557
382
3663
634
2726
3660
3752
1841
3324
1343
2648
1991
794
3352
1671
3085
3781
1949
1975
3496
2581
4094
3684
1364
405
1735
1607
1849
703
980
4004
1877
2132
2313
1375
2210
1941
3952
1110
707
3267
3986
1911
2304
3775
1092
1872
3534
70
1328
678
1715
709
1968
2989
2638
3586
3695
1012
1640
2897
1689
3931
1585
798
3835
366
3699
3312
1217
377
2323
1290
2527
2980
1349
652
1412
477
40
3358
3381
1614
1584
4074
3577
2435
3593
937
2059
3816
1247
516
1165
752
3506
756
1142
1359
1378
2753
1453
2089
468
3242
3485
1634
3941
2209
1521
763
441
994
1547
2829
1539
3769
3536
2440
1725
508
2115
191
2472
1570
745
1317
1494
2832
2469
783
1635
2936
38
2396
3533
3339
673
1981
1383
2458
1720
358
1821
993
741
391
2124
1528
3910
3473
2479
2916
1323
670
3992
3224
118
3116
2651
2650
1028
61
3387
3949
2871
2038
2674
2118
3720
828
1792
3054
1211
1679
2680
3191
1265
3486
376
155
2204
2359
3476
3583
918
3119
168
2816
1937
1912
2867
3882
1699
2664
616
1850
3210
2187
2639
3812
608
2057
2649
541
1649
1938
1390
1589
1367
3194
2031
3405
944
2127
2865
2677
2029
3771
144
1497
1862
1931
1613
633
174
1498
3935
2891
3725
3685
1218
2456
21
409
1330
1600
731
3559
1355
407
4083
2101
2915
630
1070
0
2022
1618
818
862
769
1885
3726
2189
2731
961
1956
2783
2512
2813
1077
3245
240
1054
3693
1696
3567
2192
2889
1182
698
3043
4082
1790
3083
509
1756
2739
360
3751
3114
1593
1950
3076
2668
94
3879
780
3273
3336
2036
3962
95
753
309
3808
2675
3908
986
1101
2379
3724
2399
352
1408
2874
3456
3024
1338
2135
2804
1988
514
2630
2602
601
1963
1625
1224
2727
1575
3252
2858
1653
2666
461
176
2424
3765
3489
1852
837
3285
530
2984
362
856
1435
3516
3271
1158
3737
1108
290
3529
650
1318
3963
3382
1036
64
3066
3594
2090
1514
3482
2357
1179
3814
3537
2659
1576
1857
2490
3236
1925
2166
1961
2759
1946
3877
717
1053
1185
3697
3998
2126
908
2706
1371
2982
443
964
3827
286
2902
7
1097
484
4002
1709
1394
2538
694
1828
3820
2157
853
1048
2718
3015
2437
1771
1674
2391
4005
3654
3984
831
2202
489
2820
2990
428
1770
3975
3470
3595
2784
235
247
3229
3647
2881
2060
3502
1840
525
3449
2869
2131
3239
3429
3151
935
3275
617
435
688
1324
3960
1429
720
1449
1187
2797
436
1262
3742
1721
3517
3925
816
3809
3270
267
3598
970
3142
2447
3357
1793
3722
490
1626
3115
963
1697
3889
3402
739
2901
10
2528
2623
3872
2005
2374
3356
1797
4048
3524
2195
311
1415
2219
361
1615
2383
1401
2046
3196
2789
1875
2445
893
3481
1866
1326
4086
4066
3824
62
2125
1493
375
1868
2693
2366
3667
1226
480
840
467
985
3158
1204
3547
2822
2949
3272
3505
1538
2683
3634
2017
1201
2193
1162
1775
1566
2107
495
1136
2330
2402
3091
845
2436
2310
1760
3391
2079
4050
2805
3645
1273
1680
1648
3838
606
2245
2996
1736
2105
1334
3025
1804
2968
1472
132
1855
3938
4081
2171
1773
2972
3596
1785
1481
3098
1168
345
2788
3687
1100
3306
3770
1945
2970
529
2908
2184
1327
1542
2864
1381
2068
1155
4060
87
332
1815
2625
3268
3971
3617
141
3249
1518
1236
786
2201
1448
1895
537
527
643
3427
3977
1563
3924
624
693
2740
2334
452
253
14
3942
878
687
572
4072
3376
2420
1271
2106
3876
1704
1568
1962
188
329
1238
2517
108
2540
117
3363
1159
3062
1565
3688
774
1843
3279
1073
3177
902
3307
1577
1924
2446
1922
3023
2877
3410
755
2441
1836
501
4095
1296
3189
3855
2921
615
314
1694
830
281
3741
2324
3136
743
4001
813
1519
865
2298
779
430
3067
2487
3836
2353
2580
605
1285
2140
3780
1148
3717
1915
6
522
589
765
287
1032
1979
3446
1927
3993
1801
672
1311
339
2070
59
1242
3638
1990
841
204
2492
1149
9
1745
4047
3211
1430
674
705
167
1066
1996
2997
4018
2839
1043
2909
2503
998
3948
923
2656
1447
449
1274
2495
1141
2438
3404
1398
2385
304
1545
2477
3665
2338
1778
2024
1984
2785
2397
1550
1421
1312
2582
2792
3317
1908
2019
2331
2941
3232
3251
848
4043
210
1336
35
1366
3284
3681
1776
3277
550
1856
2018
2427
1258
1557
1707
768
1045
2299
2336
3035
1079
580
727
198
1184
977
341
27
2080
555
3086
3811
1705
2037
3313
2454
1643
793
3686
2387
1058
2497
1041
3332
3616
2428
1042
3187
1132
1166
164
2988
3902
2576
2923
3164
607
4084
2149
3779
4090
3878
298
31
2162
885
635
836
1768
1414
153
263
806
2547
184
3930
566
1501
3844
962
1116
1164
3274
2624
238
1853
1252
2081
158
3945
3692
1221
1994
1827
1388
123
3839
3421
2275
212
640
593
1231
386
440
1389
2931
3370
1281
697
528
1156
3788
2378
3636
760
1729
1
3450
3234
899
1612
3455
4068
135
2116
3705
711
453
1259
1086
883
288
2937
692
1870
614
3121
2751
1676
398
3197
3797
3003
2317
2242
4012
4040
2262
3420
133
3772
2488
1202
1469
2614
1102
56
3256
1748
1105
1823
2848
1216
2501
3321
1664
2113
2541
1688
3393
2314
3006
3671
473
1906
3255
1506
3556
4065
3333
3097
2851
891
3493
2333
4067
3592
3753
2585
289
2603
2599
3130
842
1944
1452
3152
268
1353
644
3131
3874
2642
1176
976
2058
1313
3070
3823
788
1075
2535
810
2093
4061
2224
399
3305
3145
819
169
116
811
392
2226
708
2128
1657
2733
1248
1106
1135
4028
1581
1225
321
2117
1128
618
1047
3029
2652
4016
3049
1071
2985
724
1811
1445
2153
252
2100
702
2302
1513
1603
3174
3064
3111
3776
924
838
2911
3204
1082
367
535
1863
2457
3922
1526
2229
890
1989
3199
4076
3171
2643
1315
3591
3553
1275
4030
53
2321
946
246
69
2449
577
889
1749
2183
3558
194
2077
1405
1219
216
675
2375
36
2430
2319
3504
3188
107
236
1590
2531
3981
3701
1298
2020
3195
1685
258
3763
3088
3690
2406
520
1039
2993
494
2381
1111
900
1677
447
171
2280
2364
2188
1076
2762
1861
1356
460
3564
37
947
3112
3503
2523
2138
2847
1144
52
518
1018
3585
414
1026
1365
1198
561
3459
1761
2893
2232
2078
173
2711
2575
1344
2940
1687
2573
3702
3127
1769
1865
2320
3168
1516
1319
502
3487
2021
3531
183
2257
3955
1621
637
3920
3683
2303
2807
2686
388
1096
466
3205
470
825
1451
2011
3322
1256
2227
3542
3852
531
456
3135
2697
3826
3428
2653
2047
1794
1339
3669
1833
2169
2134
2708
2039
242
2453
1191
3947
1628
2607
2992
775
1532
462
3739
189
3933
4015
1826
3644
237
1992
761
4037
2221
2286
681
1522
3546
1266
904
1292
68
1502
2589
3300
596
543
3298
114
2524
2398
2416
57
1902
1040
1059
1061
1795
2429
2786
682
1597
180
3297
1437
1163
24
2817
308
2883
3161
104
966
44
373
2250
3939
1295
4034
3089
1215
2899
3696
2
3117
2544
954
3144
1205
243
2729
1307
3414
1013
3539
318
3266
3719
1606
3727
782
2882
1651
1409
1860
395
3698
2654
2214
2408
3434
257
766
2255
3303
3587
127
2328
2254
1933
4059
1942
3958
2857
3327
3061
758
3231
3342
1681
3287
3384
519
750
3840
1517
1636
3581
2703
2696
729
1152
2292
548
930
2725
1207
413
3691
3311
2658
1504
2793
3
2504
1692
2682
790
1196
1724
1798
984
3730
112
1934
1714
4027
223
557
2720
369
914
3999
1282
3360
3053
3996
3132
3383
2780
465
285
1571
1743
1918
1474
1698
3732
2772
3646
2282
2868
2443
207
71
3733
349
3344
1904
269
1652
2601
1830
2217
3919
4029
3047
3707
2876
1455
2946
2276
3138
354
1772
84
1457
2410
2056
2461
431
690
2414
1560
1404
1351
1805
933
3987
2258
196
2415
3201
2050
120
2747
859
46
2978
372
181
2176
500
3438
2027
3896
3786
3520
919
3176
571
1089
1171
2332
1553
2560
3206
3715
2341
2360
2761
1195
439
2738
381
3261
560
2431
2952
812
1976
1683
3810
1276
2096
2845
1017
1186
3570
573
1955
3014
854
1103
3605
1471
3521
2269
2687
2981
22
3530
2482
2307
74
2351
1126
1458
3126
3890
3460
3774
898
2571
3048
1332
277
3545
2534
2521
1971
1762
875
3754
1348
1774
2014
651
2765
4026
2900
1188
231
1889
706
1750
1586
3403
251
3222
3462
3123
26
2102
2239
3290
3653
3480
1214
2278
1316
770
546
3148
4045
4046
1525
3703
2684
3822
2963
3716
1228
1588
2372
313
3445
3825
3522
1527
98
2554
3548
2413
942
2594
1799
412
3903
3738
3907
109
1008
2950
586
125
3444
3619
3784
1767
903
3371
1727
273
3995
179
3166
3437
622
3156
913
3153
3338
88
1257
3379
552
2256
3978
3490
1641
701
363
1491
3574
379
896
1051
2577
547
1759
1661
1582
2892
3293
1900
2041
3843
3767
505
1703
469
2400
1352
764
347
2346
1479
378
2035
2757
307
429
3172
161
1523
982
485
599
3565
1789
1074
2395
858
448
3911
1368
2801
1263
2290
3800
3627
1064
317
3217
2559
4092
3969
3870
1864
922
1094
2136
48
390
1467
2363
1466
665
2925
271
2291
2850
1500
654
75
49
2647
1572
2621
2806
66
3860
3629
2055
1507
1289
3915
1973
244
1700
771
1765
2836
533
1879
3178
3804
297
685
3292
824
2570
3750
2253
663
3853
3237
33
3584
895
3221
3218
2698
1239
3639
999
3796
3712
1189
1596
2489
2004
627
649
3033
2855
870
4
1728
3057
2137
3243
172
2496
2622
2814
1341
3334
1117
1297
385
3623
1690
2895
3932
97
1851
2799
645
3248
3492
1310
2277
1360
1475
3227
3708
664
3894
1807
249
3228
2631
539
3262
2872
1999
638
1972
2267
2251
3678
3329
3395
3465
2626
1065
2878
2356
3801
2935
2637
3323
152
3604
861
602
1433
156
1608
2439
3388
3294
315
3791
3682
3608
2486
3578
3147
3845
3483
1706
2515
2906
1964
3367
228
2593
1418
1212
655
1499
2345
1897
2776
1006
915
411
1235
3965
3019
2939
1746
2671
1456
1346
4088
3759
3714
2579
3310
2026
3736
2063
1609
3552
1052
2661
60
2265
2067
1436
2965
3052
2478
563
492
1788
2809
2384
671
511
2205
1251
3078
820
3031
177
3269
406
2991
3650
1619
39
422
3512
1234
2561
1291
3850
1104
1489
2604
5
55
3291
570
1658
2700
1200
3233
2154
3007
3452
1515
1277
1177
3562
588
1303
4006
3038
2471
2525
4089
3165
3637
1913
1397
590
2382
3673
145
3348
3541
800
1230
3468
855
1138
2998
1121
2403
712
1892
151
1067
100
1050
418
2092
2139
1601
1420
3572
1241
3528
1009
2557
3081
3830
408
2241
1544
2311
1425
2163
417
3448
3614
1633
1120
3036
233
2701
2109
2690
400
1737
1300
1249
2723
2692
4077
218
3936
1529
3160
3412
877
16
3063
2110
3143
3621
3084
623
802
3401
1591
3276
1122
2526
3657
1139
415
2641
3034
3435
3761
777
284
335
4010
3494
1813
3432
4019
471
696
340
275
1524
2862
3184
1791
3700
2326
337
1978
3193
159
3180
603
3854
538
1508
827
2640
3044
3219
3094
3453
3887
1002
1434
2629
1203
1670
357
3320
772
1817
1019
997
1548
587
2760
2393
1278
2159
3346
2064
326
921
1167
51
536
3302
3747
723
3651
296
23
957
822
1209
4063
2500
1023
1884
2748
2732
2572
868
29
642
2890
1027
1562
3589
695
2123
3246
1829
3353
3805
270
245
3974
2394
1702
3264
1015
2365
3349
886
4080
3677
3281
2600
2961
1361
3009
3625
1503
2542
1905
2715
211
3526
1873
1016
320
1255
227
4058
4008
232
3466
2884
1940
2782
1444
3857
736
3430
1495
1001
3198
1427
1854
796
272
2111
4064
279
442
1492
4070
1302
2000
2549
3073
2583
2810
2347
2612
1753
1007
3155
2957
592
3918
754
4056
2973
2261
3532
815
3113
283
1624
3377
2954
2075
1362
2574
2466
1114
403
2752
8
3599
2964
515
3488
3375
3074
2172
1512
143
208
1386
2948
3755
2567
2474
704
2979
660
3821
1839
3039
220
565
2344
3093
1712
3337
1531
1485
1929
2122
3937
584
2750
1441
3461
2971
197
3141
3793
1952
1347
2417
264
488
3899
2179
3588
3709
175
3423
3409
2749
2355
327
1820
953
1098
2002
1569
4091
3624
967
3652
1062
1245
604
3416
3090
1335
3912
1605
2084
3957
355
2695
1123
1320
2569
3385
142
3658
3859
3549
2145
2722
3100
1099
2033
2688
3203
2779
2091
3864
1741
4057
3059
2610
3209
129
1740
710
1838
2259
713
2464
3704
3408
2597
1465
3495
1175
839
1299
1384
1078
917
3718
478
1350
3331
1060
3789
1932
3972
835
934
3484
2831
3254
2230
1046
2566
3527
1199
1385
3571
2076
3672
1080
1014
3927
1088
2777
2717
3782
3477
3951
568
2833
844
13
3431
2694
206
950
3744
3004
136
256
866
3475
2289
101
437
4041
1752
2924
82
1333
3045
1958
2613
3560
3169
192
2705
2826
2228
2177
331
324
3102
3760
876
3058
121
3213
1541
3082
2509
2673
195
2450
1440
2502
1243
1240
817
92
1107
364
2152
1423
1306
2634
1744
2586
843
797
3940
3282
1270
1982
3967
965
2506
2048
166
1777
1533
3469
4079
2181
585
1030
1965
3748
365
387
3226
3499
1419
540
621
3037
2094
521
3013
334
576
2691
3573
4073
931
222
1206
2516
1033
629
3186
1832
2713
920
941
3723
274
714
499
3713
3884
140
3989
3555
829
3888
2006
3092
1193
3150
2295
3501
1655
3380
880
2483
2173
1113
292
2460
4013
3345
1161
193
3478
2565
2536
2976
1288
1711
662
1254
3895
17
2852
809
3241
3365
1598
2266
892
2794
2432
3182
987
1464
1287
2191
12
2119
2942
2194
1732
3140
2008
3867
1376
1898
1845
2206
58
2389
1446
1763
3175
2448
2165
4033
746
3340
801
2628
312
2887
503
1482
1977
1091
2190
2238
1173
2233
3021
2186
1722
2704
3655
3964
2114
1764
2412
1131
2480
2216
43
3351
2170
2142
1919
1049
3464
1354
1731
1622
3118
1392
1460
1309
2556
3795
1638
3373
261
1816
3633
728
3040
3316
2198
3079
3798
1923
2053
1983
2023
3566
1921
544
3847
2197
3368
137
1713
1087
972
2240
4054
3253
1871
2808
2843
3133
3372
1901
1723
2568
581
1197
1859
1997
1301
185
1505
807
1592
2655
99
2470
3424
1825
3288
2894
2273
3756
1484
1154
2208
3710
3851
224
2369
2646
1477
2309
3207
3630
1914
597
656
3803
3071
3077
3396
3341
2073
1665
3149
1684
2584
3056
3735
18
2636
3777
203
2121
2588
3491
1939
1000
2763
3108
2944
1579
1325
1710
446
2087
619
85
2918
2112
4032
3511
3389
1210
1540
1157
860
3374
2451
1534
497
47
3563
2361
676
3953
1755
113
1109
202
1003
3749
1637
1462
2147
867
3575
1337
3185
1413
2401
293
1835
3929
3406
1377
2920
2591
2846
2863
583
310
3603
491
374
3008
718
1574
4053
2543
2707
2086
1644
3807
1160
1844
2904
1410
3773
3394
3498
3885
343
3985
1536
426
738
2767
3582
2108
3893
1095
2164
2529
507
3734
2272
438
680
1373
595
628
19
3729
1834
1686
322
3050
2203
956
948
1616
3095
1796
2322
2743
567
3785
653
1473
1552
3354
2886
661
3208
2995
3868
2342
2293
2773
3361
2335
3731
1546
3880
301
1730
730
3979
3897
2875
229
3600
2418
742
2790
3001
2545
2388
3433
2143
556
1490
3011
3758
2072
3042
424
864
1260
909
73
91
3956
3120
3917
625
1951
1213
2962
2263
3216
2615
884
2329
4014
475
1170
996
938
160
1786
1272
3190
3904
3335
215
3849
1970
3622
907
667
89
3012
2645
1959
3265
968
598
1701
3740
1133
163
3615
2044
1129
1223
1399
2657
2404
3626
2462
1907
1993
2308
1284
2849
969
2955
1439
3109
2156
951
2587
545
1943
759
1716
2465
3590
1279
393
1340
776
1668
2841
905
3916
3230
111
1995
3515
821
3883
894
2913
1127
2318
1891
3988
1025
3030
2712
1629
2423
30
3928
2710
209
636
4024
1556
751
3020
3355
1781
4000
1551
348
733
2558
2085
3163
1831
444
1819
943
925
2409
778
1708
3170
1809
2296
1416
882
833
3426
1659
2564
187
1244
1293
1543
4035
2151
2598
2956
874
564
2930
2422
3991
1695
459
2959
1967
3689
3551
3711
1510
1190
732
255
4071
3280
146
1417
3980
410
291
305
149
579
1910
2288
2679
978
2928
434
1438
517
1011
735
2905
2975
912
1639
3439
2670
3471
2966
715
139
1751
3766
926
3914
2371
553
4039
2605
3513
1647
1143
1800
2160
1140
2768
11
2548
1264
1063
3550
2977
157
481
3399
2938
3865
34
190
888
639
2842
787
482
1035
2476
2218
612
3783
3220
808
3022
3139
2505
850
2830
2802
3304
1822
2519
3046
1119
