1202
1644
812
2377
2106
3936
2037
2672
2300
281
2663
2581
93
327
309
1672
2551
1990
2971
2316
2167
569
1254
675
3769
2138
3338
2791
2711
1175
2731
3053
3077
1652
3180
1833
2224
256
656
2496
1391
1152
1847
1438
3715
257
2370
285
1475
3544
2109
1508
272
902
4052
3024
1241
1818
2946
1661
1052
3579
2048
318
3554
1355
2904
2061
1356
2462
2440
314
3624
2746
2553
2633
2658
1876
2865
4007
2278
1445
208
1945
2466
2978
3314
395
948
1173
3122
2030
2260
3028
1446
3714
1924
3910
2850
194
499
2198
2728
2192
26
280
2367
662
2212
1006
2153
1184
1264
1139
2840
3983
1972
1022
3408
2092
2600
1637
3142
2258
554
2275
1912
3782
3478
1245
3391
735
1911
587
525
1058
514
2262
1706
1586
4039
3678
3014
3460
1392
3558
3898
2730
3386
2326
3895
2179
1883
2782
1178
3509
2227
3808
1561
3369
3952
320
2408
1424
630
1734
1294
44
1280
3479
2924
3147
2738
1987
242
3109
3710
3487
2396
3288
2569
1018
585
3080
83
1135
310
2621
1228
1770
1609
8
2066
3419
3140
918
1350
1725
1949
3954
1182
3812
2305
527
186
2690
1994
2185
1357
34
1567
1180
227
1116
3930
3975
3501
91
751
2498
2232
57
3764
1038
392
1750
3383
724
2291
3556
2290
3447
968
2546
1416
1590
315
4054
1185
1120
1579
2752
249
3832
2415
1544
2079
2373
3848
2203
2337
220
2033
2745
1123
3757
3422
2686
1256
1546
2607
2334
2166
924
3543
123
1192
1107
1981
1877
3202
434
4035
1433
2450
1346
3330
2936
1389
2127
1458
2104
3400
3404
1524
3225
3855
3261
2732
3925
30
3329
3092
1674
970
3860
3683
1468
991
1740
2428
648
426
1339
2645
1373
2468
1766
43
3778
2701
2995
3695
2
3575
2967
1401
1170
1144
338
2896
3224
787
4086
2977
2344
3721
911
1032
3398
3842
2613
3644
3179
1960
1062
2009
758
176
3454
3803
1737
3664
3600
933
2637
3492
1472
1205
2183
221
2500
3766
665
614
4049
3308
605
2587
2516
748
1654
1336
3067
3617
1272
3226
1534
3828
3665
3647
2900
545
1113
2925
2187
3278
3246
1361
2619
2647
2002
2606
1939
335
2476
1259
2833
1060
4041
3573
2789
821
46
2080
2087
3578
1562
3636
3870
2078
603
3149
1397
2970
1773
3837
3920
3503
346
2907
2758
3052
590
1450
594
3127
766
1148
139
2495
1274
2065
833
3240
1443
1478
357
1376
3884
1817
3700
1452
2918
883
1622
1753
3407
3466
68
3003
2611
1700
399
371
4030
2151
3928
3922
2118
2022
3210
1789
1518
2514
3787
3231
2765
2997
2802
3800
1040
2736
1935
2538
4008
2820
413
1702
1636
238
2861
2324
3843
1289
2932
73
1514
1082
3476
1854
3293
738
3298
2726
1337
2573
4076
1583
396
3537
241
1785
2845
235
1954
2742
4036
2287
2233
2085
307
1507
3763
3640
2301
3132
1483
330
2628
2331
3820
2473
1620
1801
3597
2675
1444
1291
1473
972
3770
3729
4025
233
4087
75
1108
1572
3296
2205
2634
1921
2739
3262
3582
2034
65
1866
191
2289
2253
3196
2781
3250
3937
2913
2315
1308
3203
780
4012
1578
2803
1465
3214
875
1905
655
3409
2421
1382
732
2715
3292
3756
3405
2714
520
4085
2814
517
3809
1288
2366
3019
1879
602
2898
1234
3603
55
800
1252
711
3091
457
3921
3096
2089
993
1794
3396
3044
2385
3499
51
1691
3106
3879
1966
1599
2788
2640
490
2146
311
3527
2867
2778
141
2796
234
1119
1857
2395
2419
3648
451
333
2113
2180
1842
1767
328
1946
3079
1069
1762
3751
3799
779
463
332
1759
1078
3431
2433
2644
3569
107
405
856
2060
633
4079
1615
3461
2981
3368
1106
3989
1261
3883
1806
2743
3900
1341
2422
1158
3682
3613
936
1633
1624
2575
3337
2625
1101
3622
2586
33
1602
136
462
3112
570
721
2157
1286
255
2744
949
1545
2100
1755
1557
1131
1797
1682
2673
3609
3498
3974
3494
45
1400
3402
2979
404
3637
401
2696
3395
3719
589
1221
670
2168
2703
3035
27
1651
2424
3439
761
101
2757
2410
3236
1938
3448
618
3221
897
2705
2847
4006
1098
1698
710
2605
138
2378
200
3007
4043
2560
693
922
305
3394
2523
3083
3013
3040
642
3660
258
3136
390
3464
2783
2482
2642
679
2998
3362
3604
1188
1493
1792
676
1418
742
157
3914
1777
1709
3748
579
784
3004
409
1354
3726
291
2096
3627
1738
2906
3694
3611
3540
3580
3025
1657
3066
2641
2639
3010
1611
2137
1415
2886
596
3521
3510
2351
3227
384
3424
471
2256
1865
637
2725
1453
716
3104
2622
997
188
3190
2442
104
1830
1843
1982
1094
2490
252
1900
2688
1143
90
2654
3939
3367
3934
3006
3794
2527
3755
3881
2727
4077
1724
550
3943
795
3087
54
1664
2411
1503
2667
1338
3675
1670
3859
2457
1660
1482
3740
2830
3304
572
1745
741
2682
551
3650
755
2926
367
2955
275
439
2347
1304
286
162
2614
834
2156
343
3738
1736
377
1782
3720
4029
3468
2799
2129
1363
1282
557
3887
1448
1812
472
3823
619
2829
1266
1403
2248
3311
3889
448
1154
980
2759
2452
1164
2488
3621
483
1393
2099
3359
1827
1325
212
1509
1179
1566
3985
474
1073
1460
3252
1720
427
1155
2804
3508
3184
3175
901
2908
1434
67
1743
2083
3946
1564
2887
1804
3133
133
3197
1886
349
3657
3874
113
1852
1913
3289
1933
3599
1197
289
3610
1940
3973
1177
3962
3771
1548
3696
2643
3256
1955
1240
2574
1888
3189
2841
3134
279
1301
438
1565
2241
1034
1956
919
2414
3804
728
1747
2202
9
891
892
3423
2956
3374
1837
2990
2555
1727
2161
2754
3474
1701
669
2922
1409
643
2986
3421
2219
2795
2689
1024
2384
546
3891
1721
168
1273
1387
2221
769
1353
1474
2953
1138
231
645
2008
858
1825
1719
2912
3176
3734
1558
1769
3594
3312
1149
2271
696
2775
2195
1176
1530
3931
745
3264
3427
2577
2274
2521
486
1348
1317
3947
2687
172
2718
1795
105
574
1869
3531
2659
820
453
885
1237
2626
1640
2056
1699
3701
4022
2794
2307
2557
1451
3583
1109
1591
3034
1095
3875
1502
2136
2878
192
2483
1693
1739
1224
2036
74
2323
131
2988
329
2685
646
3698
322
3174
2444
199
4065
312
2790
1001
1011
1362
1979
2542
2322
494
2554
2025
1643
2261
1310
4070
1588
1689
344
1826
2694
3339
383
1012
1076
3178
1783
2532
3113
3924
577
1103
2319
3186
1061
2505
2299
3872
3016
3731
3693
1915
1841
890
3392
1648
3768
647
3955
2699
3965
650
3633
2239
2848
2075
960
1807
1298
3699
2937
180
1378
3702
3243
2242
3143
3376
193
3659
1211
345
3198
530
1134
1219
64
3938
3377
3482
2204
1440
2294
1243
352
1822
1765
2491
2825
1329
971
3126
24
2646
1033
3459
935
3265
743
781
2265
3552
2382
2245
1386
3760
1574
519
3530
3568
1997
1855
1042
3436
1741
1563
3085
1236
1712
1091
62
2220
1832
2723
1892
160
2541
2374
3724
3100
2892
1124
2535
3148
81
4002
3297
3502
1150
3428
1708
1932
23
1813
538
1093
950
1459
708
415
365
2222
1887
3767
3801
2580
3978
400
161
2630
3382
1537
2684
1950
2076
2947
2430
2011
3560
3462
3477
2903
3379
1632
3141
541
1881
4074
1666
407
2435
2935
350
1665
3541
2353
2303
1538
2570
3370
2948
651
2883
2073
2088
1662
2702
2018
1991
3703
4068
3723
339
3081
752
1775
3564
3193
2226
269
830
989
2097
18
667
529
3248
211
1520
3283
1608
616
1729
1559
2431
1919
515
296
2895
981
97
2223
765
1600
219
1952
1145
3679
2749
2638
2132
3776
3153
3030
3432
1696
223
2017
601
638
1390
2363
17
1577
3353
3321
1396
3516
230
2522
2016
783
1787
2371
1309
3986
202
3839
1669
1592
882
2263
1501
4057
835
3054
582
3
1923
2120
3958
2259
301
1821
1626
3443
1996
170
325
4009
2976
3183
3577
2297
2497
3486
1276
798
839
1242
2748
3472
3020
1191
2567
3758
1961
2721
4083
2343
7
2793
1907
166
2267
3601
3523
4093
3385
976
1100
1258
1456
3451
3022
222
461
3864
3996
689
3165
1898
2117
2664
394
2653
2392
2816
1723
2678
2163
1920
2954
3043
1605
3158
82
2963
1526
683
3588
1884
1345
1215
539
1111
2585
1491
2126
3347
3929
3871
2330
632
2019
1901
2734
2984
130
3303
2365
465
103
2818
3746
124
3099
3119
1784
1522
640
2005
2866
2593
3912
2035
3417
2666
158
2914
3632
498
3908
1021
4091
2189
2111
2905
351
3795
3961
1455
3168
1285
263
1781
2286
94
155
3047
845
2524
2041
2545
217
183
477
1213
3571
1823
144
1193
2210
2191
1352
1554
3048
2819
511
3452
1295
1319
19
880
406
4020
1425
771
2068
2623
860
1780
3668
3704
369
969
3598
3862
353
1511
1408
2859
790
694
753
3027
566
1908
3559
3489
1013
503
3653
1153
1569
2459
3684
128
1000
271
278
2143
1004
3890
201
1627
1704
3267
205
2950
1957
3817
3741
140
3218
2264
4055
847
1246
1281
1779
2871
1748
3026
3550
3759
3307
634
2356
3130
1222
1598
2052
364
3514
99
3105
1894
32
2923
2827
3351
1380
3643
466
2657
2761
1420
762
2835
697
1531
3201
2445
764
2843
1437
3707
1157
3360
3857
2125
3125
297
12
564
2534
3833
2857
4072
3062
2362
2251
2472
2550
512
658
2228
196
1735
3182
1899
3919
1167
3031
3671
3988
2525
2996
3606
746
695
190
1199
4078
626
3094
3295
1871
1344
1515
1902
701
2668
1831
393
2055
857
3470
568
3816
2813
3652
1786
1793
3418
3412
1667
3576
126
639
3876
2991
1761
246
2169
3045
1375
3967
1322
2888
3592
2717
3281
215
178
2777
581
4019
1840
398
1050
3328
2013
1086
3441
2348
1454
1776
2130
3420
2558
1790
337
1162
2683
2915
4058
1977
1897
3869
2716
2810
2493
479
151
3161
1209
2885
1413
1998
725
3854
3753
958
963
2386
1811
1707
1487
3777
274
2376
3021
3845
3247
3055
1163
3591
559
2881
1360
250
534
3322
3649
2842
1358
3032
1568
3217
3124
1102
3942
2284
5
317
2869
996
917
2288
3413
184
2943
3285
613
1849
2049
522
3572
1410
1861
1631
118
2116
232
3826
3341
776
953
2506
3049
1752
3841
61
2108
1936
2230
1904
3357
3324
3618
1115
3886
2295
2627
467
3949
3950
3317
2105
3393
495
3082
2446
1774
1819
1962
4013
3458
372
3070
89
768
1023
1015
714
2332
2164
1053
3323
3517
990
873
106
2455
1464
1469
692
2064
862
1269
4050
945
28
3388
3565
628
3152
3365
2671
3713
592
712
1312
1112
2735
2982
685
842
3548
1630
3634
749
2712
1638
3268
403
3480
1760
2174
2461
3251
80
2767
811
1705
2090
3219
2826
3533
1929
2201
4001
2901
3584
1238
931
1875
3263
342
381
2456
2231
1758
3877
2706
1187
240
4005
1081
4045
3185
1967
3749
1891
3593
535
2107
2927
1717
53
715
2894
2296
3865
979
2651
2952
831
1320
487
1889
4021
3011
3107
3139
1436
928
1026
3348
304
3272
3446
4094
2561
654
485
3473
526
1958
2766
2368
3086
1316
2225
3538
3411
767
2029
608
3481
629
3128
2023
2539
2652
2082
3249
2434
941
1146
3110
3739
414
2188
2571
147
500
270
1463
850
3200
1573
4034
843
3815
723
245
3709
3495
2704
22
1315
2691
2511
1037
3387
2552
3513
4090
1364
3434
3156
1499
370
1080
3655
1882
2206
1616
119
3358
49
1442
946
368
360
1229
682
4089
1019
1523
1906
906
3475
3444
76
789
3628
3294
36
3123
108
1010
206
942
2128
810
3880
1868
387
3305
4027
3129
1029
1247
1549
237
1965
1075
1031
1025
829
3982
2310
3539
2595
600
709
3520
606
681
1695
1210
3549
2846
1746
887
3945
3630
1555
3255
408
661
1542
508
1423
868
1910
3642
2071
3093
3273
3068
2418
3960
706
288
299
1127
792
1951
932
282
3116
2471
1799
2021
3403
1044
4017
757
1880
3245
1227
1349
3750
189
863
419
3529
3972
1414
3551
1623
598
3651
3212
2292
806
1220
100
3511
548
2928
2862
1481
3326
2786
805
622
1926
2774
70
1993
2240
2632
3811
722
2247
3233
615
1612
2062
1156
2729
2350
2398
2809
1159
874
244
3076
3169
610
2933
731
2115
3257
3711
1283
3980
2448
1754
225
2648
3981
1791
1137
2679
2047
1016
1314
4060
957
2372
3269
1540
3301
2631
1584
815
1909
2763
907
3038
3015
2960
2355
3772
4080
2562
802
482
3361
295
2983
2540
3345
604
1805
2598
699
3017
2427
2720
531
2196
323
1249
2325
889
3596
977
612
3948
1194
3098
1593
1189
2481
2094
4092
260
2529
1974
2973
2268
1870
1803
2478
2693
1028
2359
799
1489
1186
940
3120
1419
3488
1096
505
440
3440
2824
2601
3484
2964
1619
3213
3239
2805
1576
2144
3623
1321
2074
2238
1306
3645
3172
1917
3528
3042
3075
1890
2336
1547
3819
1172
584
3790
1800
1130
363
2917
2142
1867
2010
1036
224
877
425
431
1030
1067
2360
2485
3170
1764
3706
1141
1195
1136
2312
1796
484
1084
1528
1181
1125
1914
214
3151
3963
1457
2858
3117
1607
3745
2469
1614
3546
896
2199
1142
2050
2045
1732
4044
1479
2597
3654
1714
794
691
954
355
2252
198
2931
1326
3496
2423
2458
1617
1495
797
886
3209
1051
1580
3957
2477
908
3522
2397
3173
137
261
114
2277
3145
362
3935
904
3940
2596
2811
2149
1516
1303
63
2989
2610
1232
3587
3689
684
2975
2543
3009
923
1140
366
809
1056
1728
1969
852
3390
4023
429
2680
864
3905
228
2453
2244
915
283
956
267
1575
1462
2135
1071
417
3780
3050
464
382
437
1836
2507
3118
846
1610
3453
2460
3635
3504
41
2519
2416
145
1233
102
116
2479
3271
1931
3060
454
2708
111
87
1088
2124
2119
2069
2649
3796
3442
2429
1668
3309
2190
2246
3915
3114
3835
1166
1407
2563
4075
376
1772
2042
1497
2756
2722
2282
851
2447
1381
446
3791
1989
452
3234
1649
2591
1835
3570
2171
2747
115
3491
1980
2547
1856
1427
536
302
2669
1190
3373
686
3072
2093
2031
134
1532
1262
424
1292
3229
2808
1284
3850
1527
3894
3008
4046
2609
2389
2114
2510
3742
2451
1430
1340
1505
3716
3918
1585
2051
358
2381
772
2942
2186
421
3299
3144
848
2001
3399
1718
1313
801
2152
1439
2437
2536
3097
4004
1226
2890
378
824
1722
3595
3438
3590
331
1089
1848
1368
2635
2724
2821
2776
2992
253
1838
925
3953
3192
2311
1287
1331
3425
1543
2604
3137
1658
2889
1604
3378
1560
2175
3237
859
1815
3244
1808
3805
159
1814
1824
1553
3867
1845
1484
4082
1486
1820
423
2650
3146
4047
1983
3313
154
4069
3465
2940
1517
3381
2713
1985
1918
2993
460
3430
1749
3469
2800
3095
3384
4026
203
3279
894
1635
2352
816
3793
3885
1332
855
1110
1121
3507
3545
3765
3282
1959
1618
506
2046
2043
1650
2980
3414
1829
3844
3490
2417
736
3667
356
444
1114
3620
2475
2467
3211
2760
788
416
1550
1263
2755
2863
1485
1255
273
782
1323
3177
2361
1324
744
2876
1828
48
3270
2751
3131
442
3518
3853
1467
3320
929
3065
3608
620
3825
2499
2313
3287
3276
2823
2243
2154
879
1411
179
2077
3181
2839
3061
3896
3258
1476
962
2592
1716
804
3773
2200
3802
674
3078
677
1694
1290
4033
2039
3167
2568
3254
3783
3661
3822
2920
2091
1268
3893
2404
173
509
1048
754
3274
926
492
294
209
2576
2798
3242
185
3332
562
3331
2270
1878
2298
516
2665
1684
3557
3831
547
2354
1043
1625
2612
3792
2369
125
488
2854
3526
1864
3497
3467
2779
504
2390
672
1788
3990
3356
791
2407
3380
2103
623
2160
2518
3976
553
3355
688
341
3913
3829
1297
718
1521
1995
1685
1063
4059
1092
2548
340
4081
3984
774
3641
3188
668
561
2443
2194
2158
698
148
881
2276
3037
4011
898
2177
2929
2797
3789
3863
1992
481
644
1277
3687
3951
888
316
3917
1510
2409
3354
1834
1659
1470
3306
2836
2868
187
3290
354
641
146
3041
121
966
2780
2486
3534
3797
2281
1160
2785
2769
867
1874
3727
1731
826
1726
3561
1639
3115
3277
411
2834
1097
974
3063
207
47
1529
3662
1369
3426
2608
3631
3162
3846
1217
986
899
2616
1975
2141
3194
1371
2059
2697
3389
3241
3567
2283
2910
2211
276
1690
86
1200
3493
2549
2969
3728
37
60
756
1203
3774
3524
4042
1893
593
3966
2123
2670
1212
1174
2249
2882
1863
3058
3457
3346
0
3371
1629
2566
2695
3677
2710
85
1
1231
3605
854
169
3230
1267
210
1431
3023
1068
470
3159
1536
443
319
3445
2939
777
2590
666
2379
1733
983
1265
1641
69
3827
2234
2215
3340
978
884
2753
2293
3051
934
995
3401
3463
1895
3933
3088
2872
388
2945
347
3108
2528
2852
1370
1730
1541
2582
1859
3563
2880
2771
3363
2503
2897
2853
3199
1126
2870
3971
625
3858
571
3852
1504
947
3397
1742
3415
2838
920
251
1570
2003
2134
2402
2383
3238
3616
3333
3901
84
92
560
913
3733
1688
2817
1678
2067
1798
1447
2750
2484
3064
3993
2345
2070
2358
447
1253
2178
3433
2463
2958
15
2572
836
3111
2770
2957
2972
2875
659
3692
543
2173
607
2513
1634
2531
303
1366
2806
900
3868
412
3223
2207
828
1934
2014
2015
2594
973
747
671
1963
2938
1679
2401
609
4064
2502
3562
937
663
292
2338
3836
838
2441
2027
3535
3001
1513
3036
1581
3532
1257
3325
985
2584
3163
786
2828
2589
2681
418
1428
2155
705
2304
740
1083
31
98
1653
1379
2147
1587
2000
1090
3215
96
29
803
3732
3737
1394
2317
1207
1165
2603
4056
987
3730
2911
4073
513
813
844
3840
3164
77
555
66
2624
1771
1844
2533
165
2217
3992
938
3856
3542
785
2044
961
3216
3779
2474
264
1035
1498
348
2349
4003
58
2620
441
2133
837
2308
1251
3754
3676
1711
2815
197
1204
916
153
1250
3275
2181
3663
1477
4040
624
430
3691
1328
3291
3718
1885
313
1070
3073
3208
359
965
59
770
988
3319
567
2024
975
306
2102
2636
673
759
300
1426
4037
2564
1663
112
3666
2879
298
2999
1757
391
2388
3991
3046
1402
248
2340
478
575
967
2403
182
2860
1947
1318
1594
1422
3069
3259
2095
4084
3000
2966
1480
730
2512
4014
621
876
2400
1132
2101
2342
895
1488
2951
3002
1525
3999
1449
175
259
1671
2719
3205
1151
2530
1496
1710
939
4
2218
1270
3997
290
760
631
1687
3959
1944
1271
489
3266
1377
52
1646
1057
793
2413
660
1589
2213
2084
657
3204
385
1041
2364
3187
1216
3406
88
2856
573
56
2465
578
389
1976
1066
480
2145
2110
1307
459
3029
1922
3555
3222
4032
1122
3906
2184
537
3639
2193
10
2764
277
2425
2968
456
1327
1948
2197
1311
1816
1756
3722
4015
1049
1851
556
1388
636
3838
149
2509
1930
2020
1395
3121
518
597
428
3483
254
2209
1492
4071
3888
2394
2916
1196
3968
2544
1645
552
1556
2026
2891
3327
2837
3899
1333
3280
2877
3315
2063
3821
1351
3970
1964
475
3909
1147
2501
807
914
1059
1384
2208
532
1595
2709
3615
2812
1099
1406
3849
893
3747
687
2884
3705
1365
1713
3138
3485
3206
649
1551
1872
1928
2328
410
1129
2768
1461
2391
2028
2214
3512
2629
1278
2537
3171
397
3456
2053
840
3752
2273
2921
2583
1055
1512
3680
2520
2902
1404
1385
3725
1002
3334
2831
496
750
1802
127
2007
1655
2737
507
878
1105
2140
2707
982
468
3798
2038
1208
2346
540
450
3435
1039
849
132
2733
2740
213
912
3101
4010
117
2873
247
491
2807
3847
2086
3681
1218
3614
3310
3056
2930
1686
2618
865
729
375
2773
3629
717
3410
1984
4016
2864
1399
1597
1571
2236
1359
635
2306
3638
1343
2438
1133
3581
3979
3012
3455
1225
1296
122
2893
1104
808
703
380
3775
2655
1677
1673
3669
2599
4053
3318
2139
2832
150
3039
2741
1647
2617
3944
726
1896
2387
243
3228
1065
853
872
420
3344
3500
1751
109
1539
1275
2987
3646
999
2494
1171
818
871
1768
2182
2492
2054
2661
992
3519
3135
79
3071
3814
700
135
195
2321
2801
1198
3786
2487
1642
3625
1697
50
95
1621
909
2449
3834
3987
2229
3926
533
2565
2269
2280
3154
814
2470
2965
4038
819
3735
2309
3364
3964
921
1421
2439
2578
386
2855
3932
78
1435
4028
1606
2919
142
2257
3284
3102
2405
3686
702
2436
2329
2341
2250
156
402
1347
1853
3708
866
2121
3350
473
3525
2677
796
3813
3873
943
841
2266
1085
2792
1074
3005
1490
704
361
951
2333
4000
2464
3674
3342
2148
2985
2357
449
2393
3658
1027
4066
869
1020
3157
1003
2822
3335
1168
4061
3824
2375
955
1383
1064
167
1970
998
4018
2526
1230
2318
2615
1810
3897
181
3784
1988
3372
1535
2335
163
2032
2254
1978
910
1367
586
1118
216
1079
42
2602
2150
3866
3084
1432
3882
3574
3685
1007
2698
4088
1372
1968
825
1045
308
1941
549
563
2012
3956
1937
3712
3673
3743
739
2172
1681
1279
1916
737
1330
1971
1846
2700
1601
2489
152
2662
727
2057
3302
1973
39
542
1335
3103
1005
2420
3690
1942
2454
720
591
38
1715
3998
3235
455
3207
3670
690
2849
870
817
3336
1986
733
1778
1405
1009
40
493
2216
3902
334
2112
2131
1675
2279
3366
2406
3761
2508
4067
3916
3717
3830
164
6
2302
1656
3907
2994
2072
3191
336
1235
3195
576
502
3515
2961
2399
3923
778
3450
617
3672
1613
501
2656
321
3566
1533
422
324
3352
2081
3449
1873
373
2962
1494
3155
2660
927
4095
580
1903
3781
595
1862
1117
1214
2772
2165
4024
1087
3220
3851
3904
3471
1008
664
3788
469
3416
2974
1299
3818
120
3286
71
3744
326
3018
565
521
544
3807
2909
3977
558
1441
1519
2004
2787
2949
1676
713
1374
994
293
1506
3300
2517
2480
3437
1201
2959
2255
1471
1183
510
2692
3602
2170
3861
2844
763
3612
25
3927
3349
1925
4062
497
2320
680
2237
284
218
707
3375
226
1054
436
1628
3160
523
905
476
678
110
2327
1239
21
379
174
2556
3878
827
959
239
1244
1582
13
1302
1072
653
1552
2426
588
1077
268
11
1858
3941
265
2040
4048
2941
1293
1692
1334
3619
1466
3656
2176
1744
445
3150
1429
1927
3736
204
4031
3057
524
3316
2851
1342
3166
1809
2674
1860
719
2285
1248
3505
1223
3697
433
3585
3806
2579
1683
1953
2432
1417
16
1680
3994
1943
1596
2515
1398
2380
2944
3089
3090
35
599
822
171
4063
2504
2874
3506
2272
3892
287
984
266
3586
129
611
2899
1047
1300
3688
1305
458
1014
435
229
432
3429
3074
1839
2676
964
3059
1260
1206
3995
262
2934
773
143
832
20
3903
2559
1161
1412
2159
944
528
3762
2588
1500
1763
236
1128
734
4051
2412
3607
3626
374
861
1850
1999
2122
3253
903
1703
3260
2314
930
3536
3969
2098
823
2235
2762
3911
3810
3589
177
2339
3785
3232
1603
775
1169
3343
583
3033
72
3553
952
1017
2784
14
2162
2058
627
3547
652
2006
1046
