4038
2480
3719
1703
878
1865
3496
747
2878
1222
710
2988
3524
1234
3727
825
340
1331
2391
402
2313
2845
2826
2389
2271
104
891
1814
294
3202
2135
1661
2319
1927
1923
2421
3717
1965
2146
2074
1647
3080
1533
2267
2726
1179
162
1006
3844
2064
2275
1651
2150
3722
460
1066
1825
1696
923
3125
223
3022
2891
3460
2177
2807
648
2908
1458
1875
3103
3910
706
2702
2470
708
3895
2985
1832
2681
3153
2493
2084
3307
618
209
3145
444
962
1453
1034
738
2947
1621
1333
2624
3490
2014
2979
749
152
3018
336
3019
1526
2264
2686
3993
2237
1821
2677
3404
1740
3639
322
1351
1156
933
126
2683
1059
1697
1212
858
1283
278
2535
636
1975
944
414
1022
1628
386
2612
2107
1332
3243
1751
1418
426
1424
1665
2651
1307
4086
1818
2012
1757
41
273
782
3173
134
163
2625
3644
2126
32
1284
13
910
1828
1369
3452
1320
3808
2099
3085
1669
3189
1294
3286
407
968
124
700
3191
2825
3149
2745
368
1219
3590
1009
2428
2114
1336
3007
3250
2728
1872
2940
2513
462
4023
363
450
3309
2894
2924
3806
480
47
1482
2752
3732
1143
2790
2289
2123
1849
3447
3336
2765
2265
1232
38
2
3609
510
3198
3187
3902
161
3999
3878
611
2491
1502
3752
2119
271
2764
283
333
68
1393
2722
2789
3056
4027
172
463
439
3552
2833
847
3013
1912
3907
4084
211
1199
938
3596
1586
2599
1659
3915
1610
842
2698
3737
218
1745
3513
3192
2188
1366
776
2987
2758
2137
3647
226
1476
651
1749
2490
3643
26
1354
3744
625
203
1039
3319
3862
826
1295
740
3768
1769
1981
3718
3683
263
3428
3867
2457
1690
1439
3285
2151
1896
2744
2203
2045
536
2736
464
684
2351
2888
1871
169
1378
1318
1064
2021
751
791
541
539
2361
2711
1316
2529
1340
3640
2934
2026
429
2754
2355
2376
3959
3070
2230
959
1572
662
1061
3316
2860
2019
3788
221
2913
1522
3563
437
3948
859
1972
3107
4014
24
4057
309
807
1998
2293
3310
897
992
3588
999
3497
260
3237
2883
1373
3088
920
3591
2687
3548
3063
2233
2923
2577
3997
3931
4072
2976
1842
771
602
3912
1877
2916
3556
3919
2435
3209
1146
786
2036
2414
558
341
3670
3228
2682
3654
3364
3762
455
1640
2369
2821
983
296
3619
2427
1105
465
458
2290
2464
1853
1010
2875
1857
581
2739
1177
1379
613
1358
3011
1599
2972
564
2880
216
2658
3169
1635
3157
855
2768
3850
519
1561
3537
1539
3685
2279
69
2338
4002
3599
153
3010
1344
2330
4088
2481
3585
2618
1182
3392
303
3586
71
1608
321
2291
3101
1724
3227
721
1888
695
1839
3950
2371
2443
3510
2735
3657
1634
1570
112
2831
2139
3248
3347
3748
2299
1937
1074
484
2526
2675
3396
1027
3835
2436
998
1254
277
3869
1162
1360
107
837
1552
954
380
2818
2920
2657
2131
929
1863
2579
972
1714
3287
2387
3455
1288
2636
3431
1987
2073
2087
812
1602
2632
2101
3341
2948
1163
1790
2607
2320
809
1361
1206
3304
2967
2054
3721
2748
1328
689
1519
2971
1023
1919
1536
991
313
128
2276
3974
3337
118
3064
441
2234
43
1455
1237
3235
799
3261
1244
3321
1843
3949
1906
3686
2379
3659
1560
1594
1350
2362
522
270
1514
1883
1836
3940
1008
2611
3759
1613
166
3002
229
3266
2637
2318
245
3734
3976
2450
1050
1195
4064
3901
3618
3589
387
1444
725
3555
1664
3571
302
860
105
88
1197
1736
212
3040
406
2970
3179
357
1662
901
1086
2593
1390
977
1175
1471
5
785
620
3899
62
2048
1266
2801
668
3311
2905
154
2567
666
1625
2609
3534
1419
3436
2432
3723
2108
3514
769
2092
3568
347
3118
3726
168
1773
943
1002
600
2642
702
2106
3323
1181
761
1776
1907
3005
1031
3360
4093
2008
2531
819
964
2438
1501
12
335
2282
2132
1796
1627
3034
255
2205
3545
911
183
1672
1663
3217
3326
2316
1087
3746
3875
981
1404
3716
476
1131
3257
1750
3382
2589
3896
4044
1830
330
3409
622
122
2336
2586
691
251
1870
3415
1752
2247
1948
1597
2217
2747
1385
1876
1101
2049
1902
1370
2652
113
2037
1653
2163
2186
644
3565
281
2684
4011
1990
2253
100
1589
3480
3989
3562
2829
1089
1709
86
2068
204
2128
2178
1216
2993
965
1715
607
1035
2440
919
3758
3882
709
2563
3492
391
2870
3795
1680
1236
443
1914
1682
1069
3116
4015
3800
554
331
3905
861
2520
2700
179
1887
433
3268
1104
2185
877
3162
148
1238
1777
2305
393
1913
1015
160
3119
1263
1511
1081
408
2169
3934
1073
3482
2820
1248
2063
358
2281
822
756
2055
925
2928
0
1649
3536
3608
1323
895
3858
3889
3872
243
2056
3478
3991
1845
3451
1936
1979
2921
1224
1432
1036
2791
56
3633
3771
4055
3216
266
1129
3615
2484
1862
1693
424
3429
951
2377
3324
2416
3180
125
388
257
1391
2941
201
101
3964
2827
3197
2811
2600
560
1925
1505
1210
3577
2541
1660
1345
1574
961
374
1271
2304
2933
3673
2716
790
2061
2504
1774
2227
3500
300
3648
2405
39
2295
3020
875
190
2907
2460
4042
3031
449
4009
582
496
1434
3783
3731
3012
918
2583
3486
1917
4090
736
317
2582
1122
1576
2704
2859
2110
2863
3044
3322
1782
2685
497
955
290
3669
170
1308
2712
1779
3921
318
3065
37
1457
3900
3499
1118
1030
1164
2881
383
185
2759
864
3547
1689
1585
1645
3773
2569
3554
2674
3454
1557
2710
934
1117
3888
871
2552
4063
1905
3283
332
1300
3848
3729
1223
1375
3109
3398
3230
2676
3630
843
2254
117
1421
498
2390
3252
3006
180
3661
516
2662
469
237
3036
966
262
3100
2503
2978
365
3616
1256
1270
447
471
3781
3274
2836
3951
1646
392
1609
2461
2893
1274
3705
4083
1909
1116
2153
4094
3738
1342
2794
720
3318
3276
1687
1924
3551
3206
1304
3678
1303
1099
533
1411
2023
3871
3231
3483
2523
1446
2914
2072
529
3564
1443
3700
4080
1931
3142
3736
2824
4070
3352
3168
324
599
1766
2667
110
29
2411
2533
591
3625
186
592
3281
3004
1550
2053
824
1153
1525
3097
2388
2602
3797
2242
1315
92
744
1362
3675
2850
1929
633
1057
410
3074
1185
1838
2998
477
1376
2005
417
2482
2382
1970
836
181
2125
3355
3569
3205
3152
1962
3111
1065
3876
3543
4065
3030
3632
2212
3115
595
4075
3170
395
2610
1686
456
199
2241
3196
3614
2444
3280
1985
823
274
2160
3655
3293
2817
970
3025
926
1991
385
3826
3761
763
2349
773
2613
2143
655
1381
2057
2738
2549
881
2592
1803
3801
1191
1573
1500
3763
248
310
3506
3756
1957
93
647
1771
3782
2668
1025
14
3091
2555
3317
3395
1565
3327
2707
3603
3968
1267
2872
1119
543
1791
3282
2661
142
2268
264
3770
1563
2000
3256
865
2246
3938
2022
598
1783
3967
3393
743
2392
316
817
3519
2326
2105
3414
527
2497
3730
802
863
3163
2915
3987
505
1297
2077
830
1422
3488
1835
3439
3366
2456
1299
2851
1335
1041
2467
3778
2060
1433
136
1892
3927
614
835
2089
862
615
3764
2986
1953
3561
1388
334
2329
1813
697
2630
1114
1483
3147
1291
3694
3703
1583
3540
3083
1004
3526
4032
2240
2980
2334
2775
1056
3699
900
3249
2761
1710
3918
2574
1334
4081
2813
1617
3476
1986
495
3126
2071
1670
2760
3544
3134
1313
2983
3194
1141
2471
2122
2302
1415
2263
2781
1084
1921
1136
1067
2543
3121
1428
1667
2505
705
682
1478
3303
2660
3105
315
3459
138
3265
291
184
3578
3271
2901
1091
1676
921
3211
2009
3779
2431
4056
1543
893
2633
3822
3114
1282
2806
15
3963
623
1939
3176
3419
1516
415
4021
1260
369
2070
1166
868
2346
1508
106
1394
3475
2069
1546
3485
2283
787
1598
2950
3195
1097
3412
915
1934
359
2031
1512
3954
2192
2399
4037
698
905
798
557
3260
3528
2608
1227
150
1688
1405
1261
2495
2629
1584
1319
1492
2604
2259
33
808
1259
1942
1880
1968
1140
1810
1265
1554
1541
3138
3958
8
146
3339
1090
2038
3810
3821
3854
2025
3996
1675
2287
3507
774
1487
1213
3394
2453
440
2840
254
3264
3350
3296
3465
1395
4046
3833
3045
1053
337
2003
1544
2553
2723
58
66
1894
1194
4082
1705
788
3387
693
3411
1595
2255
1499
1467
2596
913
1867
3641
3880
2081
3600
3532
1396
3421
2165
2080
474
3851
280
3745
714
267
1426
4031
1120
2997
3117
55
144
3332
370
3144
2202
3690
1470
3408
1353
518
642
2895
3947
452
3595
3747
4052
2898
1945
2753
1897
217
971
3471
2156
914
762
2935
1510
1431
2703
4074
2393
1374
2328
1092
4007
3704
2766
2559
3371
2332
2327
2622
2544
3612
3777
1904
1895
2447
9
982
1711
2623
3574
2216
4092
2333
3531
2425
2001
2572
1723
3379
3358
3605
3051
1324
2152
3373
1951
3424
883
3538
2588
1464
1538
947
1518
3787
2953
990
2442
3150
2558
2619
3812
2374
1481
1668
804
2627
1466
145
1545
3796
1725
731
567
2124
1673
1302
3099
1016
381
703
3247
343
3403
520
2834
3766
3772
2366
3750
197
1713
453
2118
896
2780
2397
3832
2191
1738
3193
2221
569
556
3338
628
1442
3328
851
314
1801
1145
1277
1911
297
1787
912
1601
1521
3493
276
659
3966
2161
397
2406
680
1463
2771
3444
3735
3828
1281
3112
3924
3288
3658
3353
74
2701
1317
59
3803
3789
3432
3679
3449
1858
2966
3435
1454
159
2903
3501
1410
3122
3953
2653
3218
2179
3242
3549
1257
741
61
2386
3798
354
3069
2219
2871
2643
1258
1246
1228
3642
84
3972
1744
1959
3629
2434
3067
3098
1462
502
1126
240
2696
2112
1989
664
3926
4043
976
2028
2803
2910
51
707
177
2164
3234
2046
466
2770
2545
2358
3377
1083
339
3935
3046
2500
304
2134
550
2882
2079
28
3384
2501
975
2162
147
4079
1311
1489
1954
2992
247
3207
1761
2380
1822
3598
792
873
537
3312
3060
3037
3363
1795
601
3894
2855
1157
1581
687
3096
575
2999
3802
3038
213
4035
2454
2248
2614
119
534
917
130
552
1017
2044
1133
3769
1128
3809
3066
2521
1850
2168
797
1134
2581
403
1926
1946
3462
2714
2078
2798
131
2568
1409
2570
4095
1235
1130
2925
979
1734
157
3936
806
470
1679
1874
2354
3131
2417
2856
2846
1547
548
3965
1171
3853
2634
246
2640
3354
1530
2489
215
3376
3420
3672
1494
1447
1648
3830
890
1537
3089
3508
1781
3817
1357
1658
3263
3724
1406
3663
2819
261
2115
3558
1755
87
3956
2837
1969
3440
353
1477
1513
3944
416
2232
2187
3437
2189
609
1982
4078
3594
418
646
2091
3434
3879
1885
2372
1847
3592
2663
129
2842
478
3971
1352
1944
3136
935
1596
3043
1943
3201
2157
1173
3566
849
2018
1619
3333
1861
3624
2721
2182
4017
2939
532
2384
2655
250
2802
1095
1326
3751
1963
1343
2476
2615
2922
1592
323
89
345
1292
4089
525
19
23
244
1988
3890
2030
4073
1716
724
239
3836
2479
3325
1666
801
3182
2796
3576
1192
789
777
1077
1997
3819
2097
2331
448
3988
1903
1298
1760
2244
2743
1974
1569
3215
3314
1062
3620
3053
3380
1726
590
1495
1899
2236
2024
1286
772
189
1656
2365
3039
3489
1652
2605
3156
540
845
3955
1245
1864
1815
3653
3631
1611
2367
3946
1733
54
2884
2799
3372
2385
467
2785
2466
1243
2116
907
1846
2220
513
1301
1007
3837
924
4069
2854
2650
1788
3546
3696
2238
228
1844
508
3843
1180
805
894
867
723
2175
984
2359
1879
1568
712
3450
1160
1132
2943
1922
1811
1098
3246
3313
1504
546
3375
3856
1890
1484
2226
2777
372
796
3712
3611
688
1060
3857
899
730
2343
952
1901
2085
1093
856
459
2204
3329
3143
3087
312
2917
72
446
123
1113
442
1068
4016
4039
1429
121
2314
3668
1824
2857
1033
1908
2517
953
249
4061
2554
1639
1392
4019
1038
1125
1085
1916
704
489
523
3710
127
192
2906
2665
3132
1075
638
3184
2557
301
779
3128
2575
1377
22
810
2550
3181
866
1200
3479
1580
882
3883
1695
1339
818
3086
584
234
3852
2062
2423
349
3898
3443
3660
3183
1461
1932
2300
473
2133
3397
559
3840
3298
3804
1159
371
1184
2098
40
1856
3849
3334
2109
2751
2585
2273
3369
1465
4066
2688
3000
3831
1400
3820
2280
2323
2215
2437
1778
829
1794
657
2644
1109
1898
493
3584
1588
2170
3860
3240
3344
3904
275
236
632
551
2969
2277
1309
2082
3498
2929
1241
3356
950
566
2418
1387
1678
1417
2243
3001
311
3602
1641
3055
3960
570
2121
2381
2778
612
1631
3962
3725
1549
233
1567
174
2475
2307
1616
583
425
70
1527
3255
683
737
4036
1000
3845
94
1321
2033
3254
3978
699
3539
2006
1868
1043
1851
1534
2011
140
3077
2486
2174
3909
1590
1186
490
2573
379
3456
1952
3622
2774
3023
2797
2638
404
821
746
755
963
3626
2951
3474
3092
3029
2945
3929
2034
3016
288
669
2136
1681
3300
98
3430
3487
4020
572
3306
696
3646
2166
3887
3400
3583
902
2042
2912
3995
2973
3076
2742
678
1852
2154
517
2719
352
348
1049
2208
356
839
660
2864
967
3527
2628
2272
3509
3448
1450
1950
574
3865
2784
1204
3664
4047
504
690
2167
253
626
3780
2463
2823
3638
3035
412
3897
3943
3174
3998
3957
1349
1949
3945
2270
729
506
1425
2631
2020
3504
2532
3517
2635
3874
3742
2749
3124
2294
3760
1165
816
1427
1278
2720
423
2649
3346
2102
2718
165
3786
885
2603
338
3047
922
2546
2375
457
526
2835
1698
2474
1786
3362
3542
2804
713
2779
2306
1207
545
2145
2571
1785
949
1051
2949
3342
2994
3693
292
259
2100
888
3579
1229
2530
1575
784
2402
3407
1548
3741
139
2159
586
735
396
3815
834
1058
4045
1121
514
676
1840
3349
2963
18
3299
1441
1412
486
373
1800
2206
2250
2955
384
2542
1414
3708
1371
436
3711
2639
3682
978
1882
2782
2303
2171
1718
1967
677
2729
285
2195
2865
1893
1960
3374
507
7
781
1983
2473
293
2353
3689
2927
2805
4024
841
3262
2348
3979
3942
2395
1314
2487
1704
3427
3199
3805
619
214
711
1578
3560
2709
2512
3188
2538
3385
4049
2415
2689
376
95
491
3481
1604
2868
3920
1150
4008
3649
4062
187
2047
4059
2862
2245
2786
2029
1290
198
1671
99
282
2141
1743
1699
2944
3572
828
728
2697
1469
1860
2465
1012
2946
3557
542
604
1287
2580
1325
3530
3297
1217
79
2830
1296
227
969
2199
2183
3952
2483
3937
1644
1124
3223
3054
879
1356
3791
3691
2488
726
2310
242
1691
1881
3442
2184
1183
3204
1615
3728
3113
645
3272
3939
778
500
3275
1187
3873
3269
654
2317
389
1032
3236
367
2344
175
3973
76
2420
1452
4077
206
1139
299
3130
1240
1612
3628
1833
2551
1142
2400
1076
3523
3903
3391
568
2308
2578
1208
2462
3229
2058
3994
3244
1737
2347
3992
3906
1407
2974
1928
2964
3503
2960
3140
3484
3834
21
3041
96
1474
3827
2485
2844
3799
1338
2695
1468
344
3289
342
2496
1933
3284
1247
2445
3477
3438
3842
2822
2190
2360
1650
3604
3159
2516
1702
52
2296
616
649
434
3621
3057
1460
1992
3859
1767
783
2911
2981
1019
2249
158
3220
2620
3072
2734
3911
3720
3213
195
3238
2017
640
2690
44
3697
4050
4010
2730
1637
2324
2149
400
833
958
265
800
1996
3084
3512
1956
155
1368
2426
3133
3885
1106
499
3985
1250
1488
3881
3161
1491
3495
2814
1152
2519
1654
1784
419
2959
202
3986
3877
605
3301
3969
2534
1622
2669
2075
2936
593
1859
2717
3868
1269
1579
3767
665
1603
854
2809
90
2478
3559
1473
3177
3698
2958
151
887
993
675
2510
597
2514
2424
2002
411
2590
1614
579
1515
2412
3245
3891
1807
2866
355
1108
1193
1413
3613
149
1203
60
468
1201
512
1190
3171
561
2032
795
2616
995
1701
974
2937
31
3651
3075
80
1029
1722
587
1878
1535
3847
279
1138
3645
3463
3160
2873
36
3139
451
1384
1147
2214
1587
872
3908
2909
2176
3733
2708
3930
2952
2083
757
846
483
3009
1327
3681
2027
1947
3607
1643
1289
3749
2016
2200
2889
2278
222
2547
2740
3601
1999
3203
2297
445
758
231
3516
1827
1823
3399
50
848
1630
1088
401
320
1293
3650
2647
739
2595
3014
2239
375
1211
435
946
1729
3533
1459
3923
472
252
3740
1196
2539
3676
164
1363
3185
77
479
1341
2724
3343
1485
2680
2767
2776
524
2041
308
2357
3381
3345
988
2670
2560
4030
2455
1158
3357
768
2172
1276
133
2477
3151
3200
3861
1386
2876
2869
2468
2210
3258
3221
3425
2269
454
811
2155
269
1797
1071
2762
116
3155
3219
1977
1215
3684
857
596
2352
2861
2890
232
2507
4022
2140
2996
1754
2257
3790
108
2223
1966
1080
832
2472
2783
4026
1721
1866
1638
1498
3253
1820
4013
2990
2228
1255
1037
521
985
3829
2931
2926
34
813
2502
3961
1606
994
3688
621
1225
20
3970
3453
2900
3707
1209
1310
531
3775
956
3981
538
2383
1816
1798
1746
97
2274
178
904
2158
1735
870
327
2035
3472
3071
208
1054
1430
1028
2458
1940
1829
427
3702
2691
3754
2285
2877
3015
1618
2409
2956
2591
2506
1889
1401
2641
2597
2679
535
2218
432
2113
3674
3008
936
2904
1742
238
85
3606
1230
3765
2540
528
1312
3636
3165
2298
2197
3401
2537
4071
3017
2413
3838
1891
3302
2325
3208
25
1272
1884
1759
908
1558
1980
987
431
2699
1886
775
3024
2815
2446
1273
1475
650
2954
351
2451
3172
1020
1831
2601
200
2194
3148
2373
3127
2396
2841
3410
328
78
3627
362
81
803
1683
45
2144
549
2757
3048
1677
672
3587
4040
3027
4087
2975
475
580
4034
814
3491
329
2838
430
939
2942
1720
815
3090
167
2656
1115
2231
2919
1383
103
2213
1079
1626
1958
670
874
2732
2251
3095
3637
114
2671
742
2129
75
2093
1869
256
2977
3535
1582
3058
1348
663
4000
295
503
1322
2430
898
2225
1756
2576
2284
639
627
931
3081
1593
3233
681
2321
4025
3418
1167
1438
2887
2965
770
2209
780
196
754
2407
2180
3050
1503
4001
1523
989
1772
852
3422
2224
3120
3049
748
1026
1817
3251
3687
2706
2518
1768
1964
957
1005
3634
3094
1961
1112
892
230
1739
2564
3928
120
2342
1719
3270
6
734
1531
701
1571
2394
1792
1111
1214
509
210
2401
3416
11
1623
2067
1910
3423
1837
2867
2769
2561
3580
1524
2499
3225
1169
906
1306
2617
3390
1758
3277
3980
2448
544
1355
1731
1346
1127
3441
1564
3079
289
2059
1918
3108
1935
794
1423
1389
3570
3308
2086
732
2422
973
2566
3864
2419
1399
4028
4068
617
1834
3525
3990
3467
1995
553
2673
17
3863
1445
1694
57
2378
3167
3841
2429
3190
2007
3825
3082
2322
27
3982
2808
2345
1642
3166
91
753
3785
485
364
840
241
1920
306
2737
2755
137
793
3279
3154
2645
3241
4048
2039
49
64
2795
319
48
3021
2750
3757
3671
588
1436
30
2452
3426
1674
3348
637
2147
3335
3406
745
3983
1042
3464
2492
65
1151
3468
3662
2879
643
1437
35
1799
360
1793
3359
3656
889
2013
3052
3792
1330
2201
1763
2196
3214
3813
1402
298
4005
563
3814
2886
1804
2984
1551
1123
3146
838
399
3458
1542
3226
2565
1275
1730
2252
942
487
1765
67
2962
3610
405
2899
715
1174
750
2363
1252
109
3502
3714
4029
562
3701
2315
635
930
1018
2525
673
1040
576
3665
1938
1367
2727
73
3511
903
1559
3776
3541
2262
1770
996
2339
382
1700
752
1708
2103
1632
3378
3677
1490
438
3186
2666
1805
2746
1239
3932
603
3417
1070
876
1486
1496
671
194
1280
3652
1520
1024
511
1137
1253
3518
3232
2930
2548
1416
224
4018
1789
547
1507
2120
1285
225
1600
1479
173
3389
1003
1149
205
4004
1855
1727
2494
132
2235
3292
3278
191
2694
3922
653
1780
2587
3003
573
3351
578
3402
2654
997
2843
3305
3811
2104
3581
1655
1382
652
3505
3635
631
3
2142
4003
686
409
629
4076
3129
2800
2527
3059
1045
1955
2989
1971
377
1144
176
2408
2932
1684
1566
3137
1993
2772
2403
2788
378
2756
2705
488
3816
3295
1517
3597
2088
980
3123
3755
1577
679
2957
3855
1044
287
1717
1448
2335
2812
1359
272
2256
1973
220
2498
1082
2598
3784
2459
658
1636
3413
1712
2181
3818
530
390
1107
461
1607
3846
3713
3315
394
3433
1506
831
3469
1562
3893
2991
2441
2288
3104
2892
4054
827
2995
1493
718
3361
1556
1753
3692
2065
3824
2148
820
4067
1279
2741
3667
869
1472
1094
3695
1110
1047
1408
1305
1994
1398
2311
928
492
2095
3446
2847
1657
2312
2301
2050
3494
42
3913
3267
880
1
2839
2066
1440
2853
1170
4012
692
325
1397
1848
3457
2508
853
2528
2404
2816
307
2763
171
2562
2733
661
1226
589
2787
2848
2094
844
940
2672
1812
1102
1161
1168
937
2828
1941
3158
2515
2337
1014
2469
3529
1624
2260
326
2266
927
2626
3666
733
2715
1100
1364
765
3739
916
3473
685
1553
4053
3461
1198
3386
219
3839
594
1900
3709
421
1096
3062
667
1841
258
1748
481
3977
1189
2449
1819
2211
3743
1072
1728
2858
3164
141
2968
3884
4051
1329
2594
727
1747
1732
3550
268
4085
46
2511
2229
2659
719
608
2222
2051
2902
2111
1188
764
2693
1435
4091
2606
3823
1915
3106
3470
3340
3925
1154
694
1380
674
2664
1451
760
2621
3886
3110
577
716
3330
2678
1633
413
945
3753
1528
2010
3623
2897
115
1497
960
717
284
1808
2584
2918
1930
2370
1707
3365
515
2793
2004
2090
1202
143
482
3706
1605
722
63
986
1555
420
2258
3239
4006
102
886
1001
2364
53
1262
2207
2130
2961
1762
1984
1221
1231
3914
1629
1509
1337
2356
1242
3916
3793
1052
3294
3291
3520
932
1775
2261
3028
1021
182
2874
2127
1480
1365
2043
3521
1978
1529
2350
1976
1591
2076
3984
3807
585
1806
3042
3102
4
1854
3290
630
3320
3567
10
571
1205
1268
3367
2885
3975
948
3178
350
1251
156
2096
2340
3032
188
422
1055
1233
1148
3224
1063
3715
3273
1347
3026
2792
286
2648
3222
2433
3941
3370
1449
2193
3522
634
3068
2896
1135
3866
2368
4058
1048
1220
3331
2773
2692
3212
1809
135
2439
1372
2173
2410
3445
494
3553
2309
1873
1103
2509
4033
235
1155
624
1802
2292
193
850
428
1420
3680
1741
3917
3575
1178
565
3259
82
3383
501
3210
3593
3033
3073
2052
656
3582
555
361
1403
2398
1540
2536
4041
366
3141
3466
3405
2849
3388
3617
3794
1046
1249
1620
3135
1218
111
1172
398
16
3175
2731
3892
305
909
2832
346
1176
2556
759
3573
2938
4060
2852
2286
1706
3093
2725
610
884
641
3368
2117
83
1013
2522
1264
2341
606
941
1764
3933
2198
2138
1011
2646
3515
207
3774
3078
766
2713
1826
3061
2982
3870
1692
2040
2524
1078
2810
1685
767
1532
2015
1456
