1572
3542
1692
1051
4073
1748
1942
1766
1750
901
2298
1031
1935
4057
3100
3900
2412
551
3724
543
3958
2550
1980
3824
1943
633
520
64
385
3589
1540
3672
2062
3522
2885
746
852
1180
412
3732
1274
682
1754
2863
595
40
2865
266
3350
3289
3002
175
1123
875
4093
3093
869
3776
3826
2759
3194
1556
3957
3772
1098
2179
574
925
240
2124
2337
440
1681
3391
2686
1079
2376
458
342
3166
477
1321
3182
1066
515
2870
2716
411
3387
1683
830
1078
3949
1183
2638
2913
3150
428
1128
436
641
2720
2075
1542
3222
1723
1257
1242
1108
650
980
3338
2816
2015
3434
70
270
1285
2252
258
3980
3288
2483
3859
840
2288
985
618
291
217
2895
3406
3748
2468
1094
1708
2934
701
1930
2957
1815
2746
3309
2074
1140
576
1023
2375
2799
1953
3012
2812
2945
4050
2525
393
2718
2388
3809
2787
527
2029
3386
2351
3322
2750
2196
2967
119
2155
3189
1665
1268
3832
3882
161
1659
673
833
2395
1643
730
3044
1148
3905
3682
1166
2939
2188
2226
1101
241
2815
1828
2081
552
3818
1907
1716
563
770
535
1639
575
1497
483
2912
3220
1230
744
3310
589
1861
2717
2920
3467
2940
1243
3384
2245
987
3410
2091
2862
964
1411
505
1038
1355
188
450
435
3706
3557
31
1543
2242
1875
3727
3478
955
2330
490
3881
2123
2659
3011
3655
1072
3936
1729
2396
1619
2113
3086
3911
1292
3355
3236
1709
3842
3328
769
971
140
1278
359
2004
456
3546
3450
1831
2460
1918
2516
3535
3869
2356
1165
3115
3321
3179
3524
114
709
727
1085
1580
2933
1733
698
724
2640
908
2077
2392
1539
2667
3087
3862
3428
242
3668
3951
2385
3225
4033
1624
3241
1568
1404
779
1138
1628
125
1803
1636
1366
3784
831
1310
2428
313
1883
310
2752
1290
2767
2914
3432
2109
1474
1428
2243
301
1706
660
539
84
793
2635
1773
1944
1470
951
2610
2350
2857
2010
3096
4048
498
3860
547
3323
2333
346
4062
3991
4020
1206
2557
1811
308
126
1458
156
1672
3816
910
328
587
3901
2526
1209
127
2903
3107
2137
2273
492
711
867
249
898
953
2419
2034
3459
500
3946
248
3902
1513
1753
386
33
324
2783
408
355
2941
2138
2055
2822
1973
3675
340
1598
1205
2024
2407
1169
3498
4069
1632
2255
118
643
300
1014
1401
1789
3876
694
2890
1157
1864
2095
1557
497
3103
53
2996
778
3475
1306
1492
1210
1399
67
2729
2282
3898
351
2523
3528
2650
2267
690
1998
931
2365
471
2698
1663
1759
1972
3451
1090
150
2335
1679
2237
2172
3029
69
3849
2969
2147
3683
3326
3925
1293
1696
82
834
3897
3493
2505
3580
1958
3278
2187
3033
446
3697
2636
3375
3207
290
3312
352
3313
3071
1532
3077
2451
533
254
1518
3419
1522
1516
2231
1835
1965
3983
3548
1107
822
1343
3694
396
454
3852
3837
2796
666
795
2768
1017
1296
1471
2154
1525
1311
2479
2104
2002
2415
1391
3779
1271
50
3438
2500
1690
2048
1046
3023
1276
2475
1970
2355
590
152
2593
368
1323
2748
1318
1395
392
499
3642
3390
292
1878
3685
2606
1222
4088
2076
391
2736
3330
3743
979
1566
3282
229
1712
2786
3487
3617
1993
578
3088
112
2111
549
2373
1647
3556
635
562
1478
111
146
2608
1830
2549
669
3515
2847
2426
2023
2817
1417
1933
733
3232
1757
253
2829
990
3590
969
2067
2323
2824
2845
38
8
2316
3333
284
755
658
3052
3853
606
476
3300
132
3190
2652
1500
350
405
2009
943
883
2444
3159
370
4077
2208
1316
1456
2461
1859
2565
523
3843
4030
1114
399
2225
888
2873
933
1188
1161
2723
785
1765
1175
3920
3435
307
2806
245
3197
1554
734
1752
1947
1946
2677
1415
3735
2693
2906
57
1052
3715
2049
4023
1028
1021
3760
3592
736
2295
3243
3405
2013
2994
2988
2302
304
747
665
197
2639
2901
3365
518
80
3156
3446
548
2646
1617
3810
3975
1955
2178
475
1309
3728
1388
718
1219
1739
1298
3485
2520
2512
2740
1025
3019
1519
1720
138
2418
2789
3999
2685
2284
224
1147
2011
1523
3376
2900
3579
1086
3035
337
2836
1640
3099
3848
1798
320
861
3205
29
4018
3976
1594
2563
2214
1950
3230
946
1940
1850
449
2100
2582
186
3987
2093
201
1071
182
3302
3351
1466
2624
183
2657
11
2308
2676
3479
749
3051
2022
1741
1194
1821
3494
2538
273
2422
1251
326
2391
1810
546
1533
364
848
1060
1155
671
1714
3056
1597
3331
1284
1118
2837
2498
1122
663
567
2272
202
873
1941
3676
394
3223
3143
2307
3838
1137
3388
1067
2775
1433
1199
459
1512
1579
2792
2115
3630
905
1793
4061
3265
4064
2068
1626
968
3411
2770
2431
868
2184
2566
2320
1808
116
3825
3709
1236
3537
819
169
3794
808
2371
3819
383
612
2222
3318
460
1413
3659
2719
2059
3762
2893
3635
914
775
2541
1151
2258
1231
461
1787
3738
2681
1483
4015
239
4040
4043
366
3171
3393
3144
3342
3250
2133
1392
3786
1662
2477
438
1616
1806
2521
2066
3264
1945
1890
314
2438
3759
1775
3462
2832
162
1469
584
942
3283
1623
1129
1005
1635
2774
2087
1552
3972
3813
579
2735
170
3314
27
3439
3168
3352
3640
1574
613
3966
1867
581
1465
972
835
2922
806
2952
3814
3274
1273
265
3914
1653
3378
3919
2555
2217
2545
637
3566
3173
3601
2682
1937
2930
3484
2228
991
1277
1954
2219
2642
1881
2731
1105
3559
3325
1262
3402
2620
1224
179
2590
3174
1777
571
2888
813
2791
1185
2533
49
98
2956
1
3040
1045
542
2661
2599
3127
3119
3162
3641
1719
37
2281
2110
1607
3856
812
2497
512
530
3080
924
2617
3518
3861
2390
1237
181
1055
3512
3674
2700
680
2587
1033
559
3420
1042
2668
2120
3275
845
234
268
2240
2189
1307
3258
2861
2094
1658
1435
1573
2215
3621
1338
3233
3907
3514
564
1248
817
772
2280
2
1182
2842
998
453
2326
714
1326
3519
3509
1297
452
3146
1187
2400
2552
508
3353
2285
3418
1064
3620
402
973
3934
3444
192
1100
1373
3116
2628
2943
1115
1084
2201
2902
2968
1341
3005
407
3792
1534
3978
2168
1034
1239
3244
935
2568
1455
2955
753
993
1570
299
3055
1779
3276
1776
2045
68
675
1000
1029
3256
2747
622
3105
372
2843
2975
3442
3191
685
3299
489
1863
2886
2727
2250
2377
2633
4063
318
1061
3874
2249
1367
1926
2503
3506
3227
1103
3395
2183
3576
3482
1979
2186
1916
25
3883
550
3501
1024
4028
2917
148
3868
2046
4024
10
3574
627
1503
4042
3279
3295
1564
3677
3960
2688
1854
4083
997
2926
983
2871
2089
3912
3136
3003
1092
2287
1615
3608
1291
3461
1283
2170
1795
3043
210
2696
3927
1742
2359
2485
876
3366
893
1910
1356
3229
485
1484
1117
1040
2163
1445
2103
1833
1407
922
3851
2141
365
4089
3255
432
4008
1379
3908
1575
2877
3569
4001
1745
21
2573
3664
3924
4084
1548
2435
2948
3627
3259
2035
189
2256
1477
2469
2918
1920
109
1721
2432
1344
1801
1917
1152
1711
2798
2162
2210
2080
2769
3216
2928
2260
3075
44
2342
2366
2673
3480
3993
3415
1768
163
648
1486
1931
1694
1697
2935
2174
2318
3945
105
1738
1099
1213
2408
2238
811
1987
3917
2146
1855
1462
872
638
106
2236
200
135
2963
1817
1381
1419
2921
2554
1956
2149
2811
17
16
3337
3950
185
3117
989
1732
1304
3652
2819
409
213
892
879
3532
1434
3690
2331
1080
3123
1221
3602
2694
2982
1258
2213
886
977
1234
1744
1645
3020
2495
2899
2760
2534
921
2892
687
2609
3054
3324
3612
3571
1457
2532
3892
1675
3778
3766
371
2695
3234
1592
1305
1405
467
3994
167
2378
2052
1171
528
3130
2139
3320
3200
1986
2598
634
3636
219
1749
2472
2713
2481
3624
3575
2517
3372
2960
103
3430
3455
2229
41
1235
2421
3293
4007
3678
2321
3414
2916
336
2998
700
247
3830
4016
139
4068
3069
2404
1368
1849
496
2880
2833
1826
2209
3329
3237
2020
2118
1761
4013
1968
381
3334
1001
3723
2997
2145
2707
803
2502
3890
1611
1858
2270
1710
1246
1349
20
1893
401
110
2671
2402
3700
783
1763
725
1429
1837
221
3808
903
2758
961
3379
2999
3057
3923
1790
3308
225
2648
3357
311
2028
1731
1019
4004
640
1605
1027
3369
3347
1295
1569
2992
1424
1895
107
1587
758
3481
2434
1952
591
3749
2232
1400
3722
2887
1390
2909
2136
3844
1164
3155
553
1599
1008
3412
1015
1007
1515
2561
343
2358
2820
1856
745
262
1281
3639
3895
3486
12
3835
1991
1769
1999
1102
824
684
797
2425
1938
3490
2161
862
2283
1589
967
630
3909
2905
2658
3208
2626
3521
1634
246
2782
495
3691
2177
1359
767
782
58
387
3711
2164
2132
4047
516
32
3820
1976
4051
3615
2065
3538
1802
3354
856
3740
843
3698
2689
2962
3085
120
3788
159
3111
3939
2301
777
2712
2524
3133
2071
1214
3800
1374
3699
2772
623
2195
3124
2182
2492
3170
3726
104
2519
2473
894
1585
3047
2544
3839
962
207
3822
285
2449
1734
65
1488
2898
1995
250
1966
1860
102
3629
537
2482
1604
3943
1584
794
2858
211
2423
4095
3263
1630
2848
3007
653
3696
165
1476
1191
2739
2860
1939
3845
2579
362
215
218
3009
1929
2741
3290
1070
598
2102
4031
2474
3692
3245
89
4017
1674
3037
3922
2437
3886
88
1792
1774
3650
2993
1287
2264
759
3030
3399
3654
2631
517
54
3296
2971
235
1049
3199
1730
1728
2121
729
437
1289
3121
853
849
2348
1627
3910
3041
3201
1059
1475
3422
3511
1464
2131
2107
3004
3961
2983
2101
4022
617
2230
1595
3831
3447
2026
2664
2334
2142
96
703
465
1481
2966
194
1654
418
3008
2757
3464
2856
3246
1871
4052
1121
5
2424
380
3751
4021
2690
588
3593
829
1921
926
2974
1736
3316
825
3476
2038
3039
930
3072
4055
1913
712
4032
2332
3867
1371
2384
3495
1836
2494
395
756
2621
950
1002
48
2134
3703
2616
3067
1127
3343
3663
1130
1255
4026
726
2253
2600
2176
3587
560
3686
2927
896
2527
2489
503
457
858
2386
866
2680
3841
1879
944
3971
3028
3998
2766
2645
3670
3157
3118
2826
762
1249
3341
157
220
577
3523
600
3767
3306
3112
2466
2254
429
1173
678
3761
2509
3247
208
1591
1174
1030
216
1312
1839
1479
2336
3968
2602
3781
3286
1288
66
3594
2169
277
2692
1842
2043
3360
1402
1116
4081
443
2079
323
3010
388
882
607
2878
1727
2166
1576
1353
1704
3048
3507
3195
995
3689
603
2793
257
3669
2562
554
2430
1511
3301
3653
2674
228
2221
3427
2990
3013
2629
3673
209
1460
3929
3977
715
1501
2153
1550
2891
2954
1902
122
3408
1020
1541
2061
1898
305
608
2082
1192
1967
3253
123
1743
1919
2341
177
3125
2257
464
739
3651
672
173
540
1144
3889
513
569
3382
3361
2459
2511
2379
3217
1629
493
3027
731
636
3212
470
1669
345
2491
2630
2180
1911
3561
2852
2776
2808
4074
1259
878
3783
3981
2551
1633
619
45
525
765
1648
1170
3017
2722
615
735
3969
2889
260
3110
1487
3186
2569
2513
2868
2368
4076
3891
2708
1786
2733
2203
2207
2223
1903
1983
1450
3443
913
2354
614
3209
4053
2595
24
227
1908
3583
1544
332
1678
1499
264
113
390
2405
3062
1375
3829
3049
1198
662
281
2019
274
3094
649
3221
3807
2537
2743
686
3746
916
3251
572
2289
3185
488
3671
2575
1762
2070
947
2105
2531
3606
43
3953
94
28
1380
1877
3775
2778
2374
1740
4041
3785
629
19
2647
2322
2420
3368
4012
3555
6
2854
1325
2478
2705
147
1240
3963
3315
3821
2448
2126
2711
3358
1799
2018
3204
3796
776
263
1330
1816
3397
3108
3944
2663
2363
2835
2669
2274
77
1737
2344
1755
1345
1493
699
2660
3558
3063
1559
2543
2738
3184
1204
1444
814
1352
3335
1657
2567
501
1764
3879
3855
928
1132
1900
1614
397
1948
1558
1053
1145
184
1912
1299
3345
529
1360
312
2125
3468
3516
238
3180
632
319
271
196
261
2965
4025
3834
2310
621
3541
3787
317
506
2127
1146
708
3582
1818
3604
870
1524
3789
3598
2235
3540
828
3552
2929
1825
582
3526
2937
2572
3238
3549
15
4092
2197
2605
1441
3758
3359
3449
278
2805
59
1705
1245
3628
2946
3737
1347
2051
1537
3015
1421
36
1489
900
1981
2753
251
1393
151
1216
1179
722
949
3076
1006
2908
3377
3392
3383
1026
367
2923
2060
2324
2855
2398
3962
1751
3032
2340
2457
3219
2542
583
230
2518
1688
3389
339
846
26
1003
347
1724
2507
716
3252
3578
2064
652
341
2496
3122
3058
2315
3708
1588
3417
1804
816
1969
2514
742
1048
376
3894
1437
2989
695
3426
890
3423
2096
3770
2293
1301
959
363
2277
448
3198
4000
3445
3260
2884
3505
1125
2840
403
3866
897
1022
874
4080
1093
3780
2014
1778
2397
1621
2440
555
3646
1923
430
2724
1889
1608
3941
3893
1547
1113
4065
3774
3213
1514
688
1707
1660
2017
482
2171
1655
3899
3564
191
519
3172
2357
1840
2144
502
996
3177
2574
3517
3474
2247
416
1050
267
2558
918
2394
3158
1651
2706
2950
1372
3695
2465
3079
1172
2875
1517
3510
63
1784
56
445
1342
1989
3847
1143
1313
556
2570
1272
704
1364
3755
3551
3734
757
3109
1924
354
773
531
3319
1904
887
2825
1620
538
3102
3534
940
4078
674
1638
333
2622
279
4056
1932
2504
1063
1109
786
1873
791
1689
2327
2896
1869
3266
4086
818
2953
3877
389
1701
1226
1418
1203
2637
2581
3249
1670
2382
1163
1661
2090
2859
1178
3317
369
3499
3452
4090
1009
2807
2450
3065
1563
289
2714
948
222
1223
1613
423
3473
3649
599
521
927
2577
2148
422
297
1527
2278
2874
2304
154
760
3483
3595
3298
3167
3625
3745
2224
1426
3285
3272
275
1843
441
2613
1119
2585
1120
3460
2515
2261
2951
3747
693
628
1131
1397
3356
1996
3600
1394
1857
4005
1684
4045
2838
732
3637
3082
2436
97
1603
269
2632
259
1195
237
2484
909
751
1082
2200
2779
2193
754
2353
3916
524
1641
398
3854
3349
2416
1834
2604
2814
2627
2597
1686
1505
431
4039
936
1644
1650
2198
1387
1238
2086
1606
3940
1446
1880
3421
3954
3281
1823
956
3585
2876
1691
891
3753
2192
1593
1440
1420
3554
2651
1241
1555
2594
2683
3218
2732
2005
2234
3344
3026
2986
827
3440
1819
3061
3214
1951
958
988
2547
131
3750
3989
2522
2175
3268
3803
3126
1136
3529
3307
3812
3584
2949
3731
180
1551
3725
2867
697
2372
3657
252
3303
296
198
1631
1348
912
1358
717
2361
1882
2788
3363
2751
2691
1562
3254
3931
425
2734
1382
4034
335
3614
226
357
2292
1425
1673
3
2958
3967
3025
2730
647
1135
7
3572
1977
1317
2490
3113
2268
193
2744
1504
3795
2973
3873
781
3513
1695
1215
30
3287
3666
2328
4058
3137
534
4087
2530
1340
1416
2194
656
1403
2872
14
3733
978
1820
1796
74
2346
3887
2088
334
2634
3633
2216
2464
1280
1376
3398
3142
1369
344
3836
3605
826
3520
3597
4046
1760
3129
2742
3084
2290
1538
2662
557
2276
1083
3928
2964
719
3394
3022
3865
3456
3995
3701
2441
410
1874
2152
706
2704
3567
3811
2486
442
3765
1698
1263
3257
655
3196
142
2185
2947
1153
2241
3702
1331
3588
847
3327
3885
2413
1906
100
280
2205
2553
3858
3956
514
2851
3060
2607
2108
4
2150
1813
1133
596
999
3903
3713
3757
2655
3857
668
3364
1922
1043
2414
2625
1473
233
3370
889
2160
1872
204
1431
1703
1535
3042
3471
60
677
2970
1134
3815
1530
565
302
1610
3492
2827
1095
3656
2122
3101
338
3665
321
884
1480
3805
2165
1087
466
481
510
1442
1984
3716
2961
2409
3586
3982
223
3777
1016
1208
2364
3114
361
1336
2592
1139
2370
3469
2666
2411
1549
2578
2654
1914
3235
3031
1865
3092
1396
1490
1264
71
932
798
2445
331
1220
1339
1279
966
3744
178
1448
1076
1327
1089
842
3271
2643
2352
3850
1233
1699
839
384
841
823
3120
986
2167
2098
1320
117
3563
2056
2756
1436
444
1228
3647
2453
3705
3599
676
1892
1767
1649
2596
511
166
2263
1200
1315
2455
2508
2869
3793
1459
3425
815
3504
2882
3992
1646
439
2844
86
2367
90
484
3974
2984
3985
1596
1876
2866
2443
2349
1735
601
1439
2458
3292
2173
4060
2129
3718
2755
904
1807
1104
2589
3823
3294
566
2218
1637
160
509
1232
2762
1845
3083
1332
1822
2021
3149
1159
954
2670
3502
1354
750
1971
1267
1664
2016
3206
4019
1545
3138
611
2809
3465
1959
2679
1150
820
4037
970
3311
2339
620
2057
3340
143
3632
462
1412
616
3104
1328
3539
1452
3739
3413
2831
3070
1054
1961
3996
4029
3091
1247
1193
2784
3662
1553
4036
2853
3192
303
3448
2763
3211
1229
2641
2904
1725
47
3508
360
1149
149
2536
642
1097
1565
1406
2314
2296
3870
3409
272
3769
689
2439
2649
3380
945
3436
1389
2143
2603
478
2813
864
1335
1351
2117
2471
1680
1186
720
3503
42
3045
3018
3178
1275
1772
3536
800
1526
2305
3714
3098
2761
836
3403
244
522
4035
907
3661
573
3577
3926
2157
1408
3371
2703
2721
2073
1829
3545
95
645
3139
3947
4011
1901
895
3038
1044
3373
2910
3550
1011
1451
1612
586
3828
3717
1800
976
3036
1531
1266
1957
256
3163
316
3643
1383
356
3339
2362
2047
651
2684
2417
1687
1827
1346
1225
2220
2925
2078
2675
2008
1832
2697
3457
3128
705
1430
2803
1319
2785
3164
1211
854
3034
61
2839
2656
3973
3472
1560
480
2615
3913
3959
3169
2699
2653
2433
1702
3955
2084
3644
1578
3401
2790
1385
1851
3645
679
293
3658
3470
3154
2191
934
3453
3721
3496
941
1897
3188
2206
1454
1282
2387
2467
3527
2041
832
2463
2850
654
2050
2488
22
3304
1846
2036
855
1018
2728
414
1056
3764
3367
3273
1885
1884
1814
2611
1758
544
809
92
2271
1409
108
128
766
593
801
4067
713
93
3348
2211
885
1927
3634
2586
960
2944
3970
2381
129
1472
804
1671
2269
2303
3437
2771
348
1536
3239
1521
631
1590
1862
1423
3210
1074
3560
3547
1666
2039
3024
2286
2528
3918
2981
3429
171
2027
1482
3202
2715
1302
1068
2156
379
79
3073
2976
2749
3906
1887
1962
3332
294
799
3145
1756
1112
1254
1601
3667
2072
1212
2499
597
3090
3530
2306
2623
3074
764
1494
2429
3346
1715
2702
1886
491
1771
18
3176
1253
2452
3497
1156
2938
3248
3638
2506
1546
4094
2181
3531
3305
2151
1463
965
659
3720
2571
2032
1443
1261
433
1190
1141
2800
474
1964
3269
315
1824
353
1363
3565
1322
626
1158
2765
1036
3581
3001
1936
3135
1201
748
3261
3681
1848
1303
2830
2931
3932
981
3224
3400
2058
3915
625
427
3573
2794
358
1154
1468
2942
3183
1077
1510
1333
3710
3570
3875
1507
771
3226
1809
2591
3937
451
4059
72
507
1915
2212
3878
306
1410
4079
1058
1994
1726
2919
696
2291
2033
23
2764
3132
3543
963
609
3596
1362
3106
2030
3623
2114
3140
2248
2083
1577
1447
75
329
1667
4066
2007
2501
1377
3622
136
2701
2442
2879
463
536
837
2978
1668
504
3609
1124
2560
1888
153
3336
1032
992
1949
2317
309
2601
752
2546
3616
3488
3610
707
657
4002
702
420
2259
646
2644
2864
1357
4009
3752
664
2006
3704
2781
287
2380
2140
2202
158
55
541
3228
1269
1370
639
880
2338
3619
3840
2325
610
2612
2476
2401
3500
3078
863
604
2754
667
906
2299
881
3006
728
3626
3381
1432
1106
286
743
2406
1852
34
1997
761
2985
3965
2726
532
1780
2584
99
3684
844
4027
1162
3660
570
145
3477
3407
4010
3148
1126
3948
52
1004
3059
3618
902
1788
2383
199
3884
792
0
2399
1805
2233
1693
1905
1461
3742
2619
1982
164
2092
1791
2535
3880
283
923
2106
3463
3942
850
1508
4003
137
133
3988
374
3181
4072
3771
2347
1037
4006
2480
2042
1010
155
3014
1838
87
738
3952
298
3712
683
3986
1785
2556
3603
3719
4082
2773
1294
404
1176
2085
2834
46
1485
4049
857
1682
1398
455
2000
3270
2012
4070
2672
2003
3984
3097
1378
1069
1111
1609
3872
851
871
1781
406
3930
1868
1308
1928
3262
1866
1013
2393
2069
3416
2487
203
85
3095
1618
2025
4075
1722
2823
3297
4054
349
1853
1581
3165
2493
2709
1770
288
784
3979
1685
3562
644
2991
2559
1427
115
2936
3161
2897
1985
2063
774
1567
3817
1528
3933
2040
3431
3801
1035
1422
187
1582
134
3404
938
3741
710
2097
1073
2846
3362
2564
3000
1160
1286
2309
2780
415
2907
1217
73
2410
602
2804
2262
1386
486
2446
1081
1197
276
2777
1509
1189
3160
1676
2119
3489
2389
661
2266
212
2239
2828
3904
3613
1467
1314
2529
1642
1934
2158
2841
3688
2710
3799
375
62
2797
1978
4085
1841
2687
2883
322
2725
2745
1963
3153
545
4091
2462
1181
1196
1656
1184
434
4014
984
1502
325
1096
1453
231
3242
3806
1110
790
3921
1844
3736
473
2313
2246
2614
982
2737
692
101
1207
3553
3680
2456
1625
3938
282
1652
585
295
2972
1870
2801
2130
1586
3151
2204
3827
3791
1718
9
2980
2588
2054
1713
2618
2915
144
3730
1091
378
232
3089
2369
2053
2427
1746
2403
1177
1583
957
1520
2135
468
1797
919
859
1218
1896
2540
1337
1506
3896
1717
605
1244
810
1894
561
1622
2116
2548
3756
838
3607
3231
377
1600
558
670
2454
2995
1088
3997
174
3846
1496
1992
788
2159
1909
3754
2665
2818
1334
994
1495
2044
83
1227
2311
1300
2447
3053
1602
190
796
3134
723
243
2911
479
3068
1324
3693
3385
121
3525
975
39
917
2583
195
3458
1899
3454
2128
214
1039
1057
1384
915
206
3081
3215
1142
3147
865
3611
787
2580
1329
255
141
3990
2319
1414
1260
81
3864
2265
821
681
2979
424
3441
3568
789
1167
3679
1561
3433
487
1265
2510
3871
3131
3277
3424
2190
3802
1012
3291
1571
3768
3935
1361
592
176
974
2894
3175
3798
805
2244
2977
76
1250
168
124
3533
3591
1988
2802
3152
3396
78
472
899
2300
2112
929
763
3782
1065
3707
2924
421
1812
494
768
382
2312
1498
2795
205
1747
1365
413
426
3466
4038
3631
1891
1677
2099
3021
802
2199
1847
2345
3964
172
3267
469
2360
1270
3374
3050
2539
1041
2849
1062
330
2294
3797
3790
3544
2470
3687
1925
3016
447
2279
3066
13
419
3729
939
1990
624
721
691
3804
3863
3187
1529
1491
1449
780
1252
3203
2227
1782
737
920
3280
2275
3773
4071
1960
568
3284
1794
2678
1974
3240
1168
35
3648
740
2810
2001
2031
2297
1438
594
373
2343
877
3491
51
2881
2959
526
3064
3833
1047
911
236
1202
1075
1350
327
1975
580
952
2576
4044
741
860
130
417
2251
1700
2037
2329
3046
3141
2932
1256
2821
3763
807
937
3888
400
3193
91
1783
2987
