3012
3568
2445
936
2764
3850
1989
974
2243
46
1207
2182
2742
2916
3357
2547
1452
2831
3111
1605
1411
3539
1795
2866
2585
3469
252
811
1941
3462
2429
3033
2627
3208
883
2613
306
888
1372
425
82
164
3990
2227
556
381
1500
2009
2826
3616
57
3812
4054
899
3837
3007
424
326
1720
2713
3554
4068
1528
3524
1511
3581
1239
382
1334
2850
356
1070
3752
2816
1968
4028
2463
87
1755
1952
2422
1095
199
3123
2411
3438
1387
3392
607
1045
2656
2788
621
3030
65
3618
2441
1784
895
2542
1397
3192
2125
3779
3796
1319
2270
1297
790
2478
2455
3824
2392
1100
2838
3492
2215
427
2325
3254
2805
2670
2989
2988
2858
467
3649
2065
1586
363
2353
2465
4074
223
2194
1386
2231
2272
2005
2620
2427
1920
1004
1609
2088
3703
1300
3727
2480
1181
1363
2548
778
748
3166
1259
623
2896
1037
2038
573
2084
160
151
1776
2217
1877
3019
725
3065
1174
669
544
1675
2894
13
1059
2453
2479
3141
1861
2332
3910
1347
628
3645
213
4015
1437
553
3029
2131
2170
1782
996
3783
2915
3843
1600
1530
1401
2605
16
3147
1204
95
2936
1927
703
268
1533
3397
3496
1373
1021
1611
1645
1670
1067
821
3782
3665
619
2249
1674
1293
1618
3446
723
3224
1479
3391
2188
1778
431
3402
2586
162
788
3071
1762
1167
457
3293
194
2527
207
4043
824
1856
2899
2983
3627
955
2191
3948
333
2888
869
301
1766
3026
1514
3191
1170
2400
3499
3197
539
988
1477
1065
157
3484
3236
418
3718
3347
1042
5
2929
3904
501
3009
1072
1756
196
310
3288
1833
3525
4087
1823
2107
334
22
1084
1642
3001
877
113
2329
3590
2582
2395
3988
195
327
2179
99
950
2034
1057
3827
3626
2824
771
508
543
2121
1699
3582
3167
3660
1649
2399
4062
2379
1975
1930
704
127
1735
456
671
3705
2350
1275
2629
2762
2001
3594
1945
634
2884
581
828
1410
198
3717
2668
655
54
584
372
2965
541
3239
2763
878
3284
1805
2979
2821
1793
2110
1917
675
1639
3920
3355
1400
1698
881
186
1829
934
2892
2752
903
4006
2472
1142
1908
3460
3693
52
1819
234
2165
1552
2062
2841
3943
3610
2326
1517
1832
1403
1317
434
2676
30
1284
2870
2501
2986
916
787
1708
2490
1449
3958
1446
659
1717
3529
1599
3202
10
779
2651
2360
2280
502
1046
1303
523
1504
1111
1538
1963
2393
1557
1925
980
2298
1818
365
597
1749
413
2288
176
1809
3932
2581
690
1676
1580
2863
855
3788
2220
3964
1957
1811
1367
933
3307
3491
1107
3926
2407
1771
3257
4040
1102
3508
2603
348
3433
2798
2963
417
1048
2518
2654
2631
2307
1244
3138
874
1149
2952
1332
1237
4004
2705
1827
1455
3216
673
3657
2765
3885
2690
1820
834
247
1965
3386
1027
1290
1692
423
600
3769
1689
3108
3883
3509
1885
3963
1073
1200
1124
2903
1850
88
2366
2801
699
2985
3858
15
4059
1683
774
2904
1905
3282
3426
3613
3666
1867
1415
3088
2442
2692
123
745
1802
2694
3688
705
3924
660
1385
1904
542
661
3653
216
1271
1408
2081
3448
3040
152
1951
1123
2787
2152
3301
3790
1361
103
1715
1030
1716
999
2201
3744
1235
3313
1033
816
838
1983
3437
1678
3228
734
3299
44
1245
4010
3488
1673
3161
3428
3562
115
3565
254
2797
3908
2496
378
3757
672
2224
1350
3170
3728
572
925
3866
3235
2345
2756
763
1252
3902
497
2543
3097
266
2029
3646
345
2358
2028
2568
163
1000
1287
2103
1472
386
1589
3863
1542
3810
4079
1205
32
1494
3763
3678
2732
3260
2089
2316
1458
488
1316
3546
1574
3384
2047
4030
1577
3341
1457
2799
1939
3497
2667
243
2835
3251
3620
772
3077
3526
1551
2621
2878
3158
364
1189
2311
1900
2323
1254
490
276
3889
1854
2348
3180
2450
1141
283
242
1412
3467
4012
716
2862
3047
3781
1571
3961
2937
452
2516
2266
2949
3201
221
3211
1182
2234
1013
2505
1981
1624
2066
1535
1191
1797
3334
2306
1283
2807
1906
2319
1224
3730
3564
3696
2689
3983
3394
1035
63
912
3356
121
1857
646
2370
938
3371
1830
868
3720
3498
1685
1450
2365
3090
640
2502
2061
1848
3058
214
231
3859
582
444
3595
813
1575
3074
2343
1826
3518
2675
3881
3792
437
989
1420
1426
1652
11
2378
2780
2053
682
377
2726
3892
4067
3767
3650
409
3768
3659
315
1862
1442
256
3543
294
1129
2262
554
797
1658
2473
3296
1291
3680
1578
1104
2067
2040
204
2503
1143
3877
1913
1902
3495
885
2383
66
3704
336
110
2086
3245
1916
608
1146
3366
1733
548
498
3441
302
2187
3912
1218
2536
3004
2999
2744
707
1590
2474
1208
647
2050
4007
3325
592
3182
1036
463
1950
1601
971
1125
1789
358
2216
1928
2716
3957
3651
964
2592
3178
3046
2739
4020
2633
2006
653
2877
3381
968
3632
2099
3490
626
1942
2747
3456
4058
3453
1656
487
679
2834
1777
2406
4081
998
1719
36
3067
3265
1858
3764
3127
275
414
405
3876
3256
1594
2714
1804
3522
1734
2897
765
1736
3808
3232
537
80
293
2940
101
2144
1650
1156
18
984
762
3289
3684
3060
1377
2019
3929
4038
1006
2819
1098
3086
2214
4086
2784
3209
428
3361
2374
392
1329
177
939
1706
3699
3062
594
3266
3966
2907
3691
736
4026
590
2569
873
2624
3719
45
2426
3973
2749
2056
3043
3340
85
1628
2779
535
639
1878
3291
482
810
2632
135
2882
1896
1261
2236
2900
4089
1453
255
1425
2938
1510
178
1112
1731
3419
3685
650
1032
146
2844
1166
3109
426
1912
900
2911
3435
3642
990
1760
2225
2795
249
2873
3052
1039
906
1984
1087
4000
1119
1725
1262
3473
3113
3163
1001
1684
3919
1314
514
1055
2562
897
222
1394
2928
3243
3831
633
536
2235
2133
387
2013
714
468
211
2745
876
2828
284
267
3261
3171
1320
1507
1515
1810
2349
4091
1344
604
887
1742
3415
3985
453
1612
2471
2921
2052
1647
2278
1729
3121
656
2587
783
1964
111
658
3120
2162
1607
2037
1959
117
1855
2510
1787
3535
693
3400
1544
1738
1165
3798
2617
3746
83
3942
318
2456
2925
1653
1980
3262
1849
1752
3089
3406
43
4001
2153
2778
3834
3434
3479
1620
2753
1923
3636
495
3249
1884
791
2973
3269
3333
3873
404
3475
4057
2997
2706
91
37
3862
2738
3944
86
1438
3856
3450
867
1461
1616
2128
3393
2124
3895
0
3875
3124
2935
219
3638
3199
2438
2794
1050
3075
1828
3916
1697
2114
3083
2766
3634
3203
2413
1188
2682
2364
1632
3008
735
3826
854
3545
3941
1392
3025
2218
2487
1982
1328
944
1838
359
122
1203
2477
2151
2410
436
3712
1534
2641
3173
4
2085
2161
3512
3510
615
3506
137
1286
720
1225
3398
529
61
861
400
2024
3906
2386
3292
2305
2112
2725
1831
3915
1009
4014
2733
1558
1866
9
3219
3131
2700
2389
1638
733
3368
2699
1919
440
2880
2452
975
2755
2245
279
2495
2889
3971
3474
3579
220
2995
4085
1546
3542
1840
3907
2172
2970
3844
1892
1853
3401
4072
228
295
2506
145
1792
1847
3222
2294
469
2263
3144
1924
807
2296
2447
1559
2760
189
3102
134
4050
2533
3302
3762
3992
2994
3739
910
1389
181
2192
1750
303
3972
3359
309
2420
2301
2277
48
208
366
3420
3603
1333
3205
17
499
1918
2297
1935
3933
631
3853
2459
1014
3608
767
4042
3410
1348
1712
769
2206
1012
3633
1870
1327
2011
960
139
638
962
3315
129
3563
1816
625
1341
3444
2030
3226
105
1564
1623
3283
2058
3759
1248
995
1886
2189
408
2434
1815
3571
1633
2174
2717
2558
1078
3263
1701
2412
853
3609
3880
2972
1496
2556
616
33
1801
4036
747
1686
823
1889
3014
3194
3584
2255
1198
3700
2715
1089
1340
2054
3840
1473
3577
2351
2093
3339
3221
393
4017
1028
3486
1302
3694
1434
300
3027
1051
486
1210
561
2134
2960
1694
97
4034
1145
2522
2954
158
636
3409
4064
3300
764
4027
2074
1195
53
3424
1370
812
3
1402
371
1118
994
1682
2950
3597
2740
717
49
2290
2584
1999
1739
2404
3775
1090
4046
3918
2924
1773
842
2594
2777
2818
1273
470
2685
3596
1753
2439
3135
1063
2437
1798
2466
3011
3536
969
1335
2071
1354
2560
3599
947
527
565
908
2304
412
841
575
2652
921
1796
833
3589
503
835
3772
2488
836
1679
1956
2340
98
1108
1492
2239
2591
2077
56
2531
1187
3605
3039
3055
3230
1907
3038
374
1222
420
2691
3750
2998
2551
3327
338
2339
3706
2055
555
2331
4024
3241
116
2026
3117
339
31
566
3425
2363
591
2079
35
801
1509
1603
1439
1894
236
3504
483
1901
773
3643
1480
1212
3073
1338
2643
898
611
3909
2354
531
1922
2334
2579
269
2796
70
3993
2048
612
1995
1774
886
2173
367
630
927
3623
2934
1556
3016
510
1094
599
3697
2157
3324
2817
2800
1485
3255
3206
1723
1266
2630
3848
1977
1432
3708
1635
3480
340
1168
1309
3184
2204
2039
1444
711
1864
2415
2528
3959
3655
1710
2145
1388
2869
970
1215
848
184
2259
2530
2209
2580
3857
532
4075
2757
3748
3153
24
3487
1435
1342
2367
892
2444
2158
1171
3225
2072
1099
2872
438
2847
14
415
752
4039
641
3059
2661
3511
3644
3129
1161
140
697
2274
2373
1409
1110
3013
42
2312
526
1227
846
1596
370
2663
2075
753
3658
1322
1636
2734
1209
3020
149
3322
237
1940
2759
732
1122
3105
2553
3218
2253
239
718
1242
2520
2126
3871
2357
3784
2600
3034
4053
1451
814
2697
2722
1101
3832
2336
2381
2109
3731
329
1464
709
795
1194
3149
3715
2729
1562
3569
1987
3928
1974
948
1953
1666
1617
1199
3842
2281
2238
1933
3353
2853
2102
1520
2178
1258
1467
3320
3447
478
3319
2628
2736
1040
1873
1326
2313
2359
4021
847
4037
2517
3806
3709
2119
598
1591
1625
3229
3721
3494
341
2391
2111
3760
355
2524
3119
2623
1746
3804
477
3865
2660
644
3457
2636
3679
4093
3234
1748
712
1780
2261
2913
185
4076
2341
3246
376
1915
4019
568
3412
307
496
2000
3725
3093
253
519
1226
1086
2607
2097
1371
1487
3600
1992
2793
3306
1531
3737
3673
1173
2493
173
3275
744
1522
4044
67
777
3755
2252
627
3104
1390
3417
1619
1061
1724
776
2876
3096
2545
3186
172
3449
2811
323
3758
1523
3464
2919
3821
963
1202
595
286
1794
2497
403
829
2681
401
1484
2369
1622
3454
2980
1743
2695
1516
3493
3978
624
3514
493
4008
3713
3156
332
726
1151
1863
3710
2196
205
3130
902
1672
471
3413
1595
2504
141
1427
2859
449
3829
1506
331
3285
1709
3063
552
3445
632
2573
1131
369
1800
1132
3042
2626
1418
3114
2881
3550
601
1071
2750
1967
1637
3485
1582
1330
1527
2356
2059
2308
1565
3286
3376
3956
1588
1669
1768
2702
580
1799
3789
1572
3193
2746
2526
1228
2433
2021
879
3317
678
1139
1336
917
2775
844
3157
914
1421
1304
2832
3682
1880
380
3754
1627
3639
3133
2416
3044
1765
2118
521
3399
454
2460
3079
2200
1310
2974
1897
3816
1306
3278
3975
1169
2091
1080
3287
809
2430
551
2046
1285
756
586
4073
3118
3160
3879
2164
3800
3476
1301
2618
1077
96
396
1844
2815
2405
1488
2282
681
3732
2523
528
142
2596
1732
1667
806
3820
3095
2181
2806
907
569
1015
34
2610
1529
29
2275
2813
3557
3747
350
156
2917
2857
190
2027
3868
3774
576
64
1680
1606
3326
2686
2720
344
3751
509
796
2303
1895
3981
3999
2492
2375
1419
722
1814
245
3690
1337
2906
901
3516
564
2117
1186
2371
3787
540
3465
1835
1422
3989
2525
2507
390
3461
3621
973
2362
2246
2514
2171
1730
3066
3273
2688
2671
3576
3000
1585
3894
233
3354
3531
2912
1113
3380
2808
2583
3898
3418
2078
3585
2945
3953
3379
2120
3176
2232
3240
2792
3183
2848
3227
1154
958
291
852
3396
2025
2408
480
150
954
3580
2598
798
3198
2132
2710
282
1185
3134
1374
1475
395
1740
966
2082
305
492
803
1133
167
3686
893
375
1704
1598
2767
3819
3169
1091
473
2804
491
831
520
3159
4013
4023
845
800
2532
614
3598
932
710
3185
1150
2958
2221
3807
4083
2854
3295
273
3552
2674
124
3110
1331
1296
2396
2324
2951
2287
2482
1621
3335
3517
1017
1232
3100
2968
919
3116
2241
3520
314
349
3533
2658
929
2285
4095
299
2484
168
721
1384
530
2820
522
2347
3404
610
839
274
3753
3267
3174
757
3735
2064
232
1593
2083
3687
4060
262
2776
3329
909
3930
1592
1175
3922
2198
2098
2207
2991
1779
1243
2500
391
2508
1382
2092
342
385
799
2327
3540
1541
1550
941
2836
2634
3010
517
1456
1311
3955
3670
3786
1791
2922
3057
570
1256
3050
1368
1007
4045
1277
3350
1883
2646
961
3390
1695
3901
2361
1911
3607
3736
1702
3024
2464
100
479
2990
4084
2883
2669
109
3152
3669
1914
2754
2328
3905
360
3556
3272
3854
1443
3220
170
2552
3436
1744
643
3734
3839
1041
3947
1505
2293
1
1962
4061
1751
507
311
1196
433
119
2711
1549
406
2625
209
2865
2116
347
93
2539
1466
411
2256
956
466
2087
1737
3722
3749
1852
2338
3640
3310
2910
4055
3825
1948
1888
2948
1323
3530
4077
2044
271
2483
3377
251
2213
930
3855
991
2902
1060
2546
92
203
585
1722
3344
506
3385
304
2096
563
1153
1846
2875
2856
2987
1540
871
3429
1276
3980
1144
2049
3142
3214
1250
1971
1253
3053
713
4048
664
461
1128
1115
1353
4003
931
2104
1646
3431
3005
1177
602
2814
3567
2810
2665
3965
3903
1921
746
4063
2829
1700
2163
3683
920
229
1966
3421
2515
663
1295
1761
292
904
3332
588
432
1677
265
3886
3939
2254
3849
2318
793
298
1163
238
1825
296
2180
3936
696
2258
3815
277
2843
3893
2566
2868
2790
2344
2143
1428
1281
1813
2549
394
3411
870
2070
1405
68
2730
3200
2606
3501
2962
698
79
1183
1882
353
2476
1315
2186
3841
1441
62
441
3378
1358
3172
766
1955
1349
1727
2743
2436
2557
1213
3698
1834
1842
2244
3648
244
3349
3662
1860
3976
702
1573
131
3223
1058
270
1946
3389
538
2317
474
383
617
3181
2771
2833
2229
1140
894
481
3351
1661
2177
1247
1512
398
1216
3917
3888
676
2322
1251
1543
3045
2063
905
3139
2240
4022
3362
3422
2440
3869
78
2572
3611
1395
2168
2684
1705
3253
1288
182
3382
379
2680
3619
1229
3960
2012
3583
1532
545
3190
58
3591
1136
761
2622
889
1693
1231
1064
637
3091
3861
2737
2403
3994
4041
2390
1478
3528
200
739
3231
1465
153
3432
2933
2590
729
622
1664
4032
357
55
2291
1369
1718
688
384
4005
2770
2748
2271
3081
2659
3305
3675
546
3578
165
2284
1081
2721
1931
1554
3938
1103
1164
280
1069
3592
1576
2166
3641
108
4047
1567
1176
1881
2279
1383
3923
2424
3308
751
3668
3145
1031
3346
458
1109
534
3570
2550
911
1985
3558
128
805
2309
464
1929
3544
3128
1152
2267
2208
60
3549
1934
2673
862
130
3369
3527
3795
3974
1379
3677
2003
3785
1085
1526
4092
2840
71
2031
3094
1423
1393
3459
1364
1092
1407
2115
1433
1991
2845
4071
40
25
1767
1539
2608
3671
351
2852
69
1241
3852
1190
3921
560
1837
4031
728
3032
692
3140
3036
1537
1555
290
3150
3776
1604
41
742
2879
3538
3070
2146
2616
3076
3896
2649
1381
3925
1391
2513
2409
3056
1257
2864
373
815
1038
1651
1137
2443
94
3294
1240
443
2377
3561
439
1545
3845
830
1668
1579
3874
1824
447
1155
21
3672
1641
3797
2015
2337
2268
2534
1643
47
2971
2563
3358
738
2016
3766
1346
1097
2886
2169
1584
1278
515
2315
4052
1681
3629
1249
2942
818
2321
3372
90
3270
4082
2735
1019
1786
645
3814
2812
1034
574
2449
1193
2333
1536
1781
983
1665
1887
435
319
3175
104
321
3997
2499
3637
587
3574
187
1220
3126
3082
668
2376
1359
3823
3125
684
2751
1961
1491
686
217
3711
2481
1233
2595
317
2588
2057
3987
2984
3395
1745
550
2619
827
2475
1414
1010
2155
2346
3342
2541
3777
1246
476
281
2335
3681
2127
1121
3312
1312
1568
2036
2842
1978
1553
3949
859
2418
3803
2135
1663
1631
308
1470
1836
837
603
579
589
770
225
758
2728
3268
1356
2090
2719
1648
1869
188
2666
450
2961
3541
1655
3822
3667
3663
1960
1079
227
2352
2419
3364
3374
2599
368
3165
1713
26
1899
1990
740
2265
987
3478
3828
2184
2565
1029
1803
2687
2905
3969
1398
2385
618
3242
3770
1339
685
547
3738
689
3500
3864
3179
609
3146
2535
2823
3375
3521
2511
3931
513
3701
840
1147
202
3890
657
75
489
20
1197
3352
2302
175
3155
3330
2891
210
784
2069
3177
1255
459
38
169
2299
2210
1223
524
1206
3984
516
1022
1289
3233
419
1416
161
937
494
1754
2640
1783
362
2150
2080
2489
278
352
2909
3847
884
1355
3101
2289
3553
2653
1691
2927
2257
2718
583
578
2769
820
3937
1159
136
2330
2602
1747
1958
982
1463
3212
2923
737
2635
1893
2175
3274
3724
2662
3968
613
1267
2185
422
3048
1158
2825
913
2462
3502
3507
2431
596
3440
1126
949
3830
2042
741
2397
154
2020
2947
2491
1366
1976
979
577
3323
3054
1728
144
23
2782
1214
1876
2895
3818
272
3606
397
3652
1396
3702
2781
945
1770
1360
2237
1891
1002
3151
2205
2251
965
1871
77
2822
1325
1093
606
2827
918
322
1993
4070
2802
3092
3085
2130
2233
2575
3430
992
3741
2774
3482
1660
2544
851
2108
451
2176
1413
4065
768
330
3615
3311
3996
2138
2846
3414
1703
1613
2470
3676
629
1583
3258
1054
826
3911
3954
3503
3068
1587
1986
3035
1497
754
3407
2384
3793
3015
2946
562
817
3318
3321
3237
743
1570
2576
976
567
287
1025
2783
2401
2010
3773
346
3692
1865
2269
472
3298
2773
1436
2708
3204
1626
1024
2032
3309
4066
2830
1263
1726
2073
2100
2432
2967
2423
1758
500
3628
2867
1821
2402
3087
2727
235
866
285
2469
882
3072
1547
2529
1447
2387
2789
361
1874
1236
3078
2791
3952
819
335
3337
224
3778
1938
3630
760
3878
3247
2105
74
3250
1172
872
3388
1221
1988
2222
2454
750
957
2051
455
654
3143
3572
1138
1909
218
2677
3899
3470
2485
442
3136
3442
825
2657
3271
2014
1898
3343
1482
1970
2494
1234
1116
3617
2953
3991
731
1179
3023
3115
2703
1307
2467
2106
822
1162
3940
3403
3084
2978
1053
2023
3707
1471
4088
755
1764
410
206
1614
1563
1518
1120
3003
3927
2597
3017
1362
1292
1430
180
3979
2612
2977
2451
3259
2421
1996
3631
2772
3471
2276
246
3593
3934
215
465
4025
1502
2644
3716
2018
1932
3472
2007
3370
2890
2874
84
1008
148
3537
3674
1308
3162
3277
1845
2457
518
1969
1431
1062
3870
2226
3560
1324
3884
288
3534
1018
191
3771
3982
3281
4029
3367
2017
73
3860
2683
2861
1936
677
263
3481
2931
666
1806
166
183
3791
1011
1417
1026
3995
3458
3740
3513
1127
3276
3041
972
2981
1944
2956
76
832
981
3532
2993
1260
2982
856
3297
1056
1501
1508
2696
2
3451
2564
2122
2851
2154
3962
1524
3555
59
915
2650
3187
946
2448
174
1997
3714
241
1066
2555
674
701
112
226
3624
1313
3846
2601
257
2314
2435
978
3360
3726
4080
1954
3588
1476
3466
1083
51
3950
1201
1903
1843
250
706
593
421
1630
3838
3882
1192
2035
2292
727
512
724
3489
1117
12
2944
2538
875
993
3887
2509
1429
2611
781
407
1788
3802
2741
2219
3416
3477
940
525
1610
3695
1076
2992
1629
558
1644
1279
1345
313
2195
1763
1157
2693
460
1052
1352
3051
2885
759
143
2679
3723
802
416
1160
1741
782
3566
3290
687
3069
3365
3099
3316
3164
1459
3468
3006
2712
2966
3586
2648
3049
2149
1148
1321
804
2129
3122
2893
926
1769
430
2140
2785
2638
2486
715
3813
2123
402
694
4094
2574
106
230
2228
3303
27
505
2941
2678
3891
3217
1468
1375
2250
261
2368
1822
107
2926
2768
2559
3154
2260
3836
2458
39
620
1448
325
667
665
1269
649
2955
2190
3028
1688
1490
1566
2446
3897
1474
1875
2512
2045
2918
1378
1486
504
1581
1495
2647
3986
1690
648
2380
3168
951
1068
133
3743
3328
3213
2148
1602
2461
691
4051
3761
2969
850
132
3559
3573
2095
4090
3601
2976
2414
2554
2147
3661
3423
1003
511
1023
1462
3742
1662
258
1376
1499
3264
2398
2537
192
3452
924
1671
3137
159
1305
749
3248
3304
259
3756
1020
3811
1280
1498
1503
3654
533
1812
3765
857
3998
880
1211
896
1493
2655
2468
2871
1047
72
789
2809
2212
1270
1294
571
2521
2577
2996
967
1380
1859
3338
2698
2223
2604
3207
708
891
2914
3188
3215
125
2137
977
2642
1711
3405
2930
642
2425
2570
337
2614
2286
248
1134
3689
1265
2837
1972
3872
1489
1687
3455
264
2724
2428
1406
2571
1299
2898
3799
1074
2310
3745
2004
2342
2589
2637
3614
3280
2159
2273
2593
2211
4049
388
320
1075
1178
2300
3951
2094
953
3002
343
3548
328
2615
1343
1180
1879
775
3345
680
780
2860
3817
1696
865
3656
2932
126
2230
2540
935
1759
3037
2043
1714
2498
843
1404
3914
1454
2264
3383
2248
4056
794
2197
2664
1926
1469
695
201
3805
3622
1043
3851
700
1521
2068
922
2943
1808
2908
1114
102
3551
549
1082
1399
2076
3064
193
1949
2975
3945
2709
89
2002
1707
3408
2242
2901
3587
399
3148
1772
1979
1513
1005
4078
50
923
3443
2372
928
2202
1483
986
475
2199
118
1238
197
1910
240
2193
4009
1640
730
312
1264
2707
1608
2101
2113
2355
2959
4016
2887
3336
3835
3331
297
2758
662
3523
683
1519
1351
3602
1839
3780
860
2320
959
2761
1890
114
1994
3625
1016
485
1217
1817
8
3107
3348
863
316
2142
3463
3733
2247
3021
605
719
120
3244
3018
3604
4035
3515
179
2283
3483
1282
2578
3794
28
559
2839
3913
1106
952
1525
147
324
3022
3103
484
2160
1657
1365
1548
171
2203
1424
446
2417
2639
1757
1947
1088
4069
3519
3238
1445
1268
2855
3635
2723
19
1357
3935
1785
3809
3279
1943
1272
3867
1790
2957
1721
1569
138
2008
2939
2731
1615
651
985
1044
3098
1274
1807
2139
81
1460
448
1775
3427
4033
2183
670
3373
1841
785
3801
4002
3132
997
2033
1937
1096
4011
557
3970
1184
212
3647
652
2156
3547
3196
2786
3106
2388
792
890
2519
2672
3946
2295
1851
1440
849
2567
2041
2167
2022
354
1298
1318
1868
3612
2849
260
3189
2704
1659
2609
1654
3900
3061
3387
462
3314
3977
1560
1219
4018
1105
3210
1998
943
3967
2920
2803
1872
3505
429
3363
3031
1135
3664
2060
808
1481
1973
786
3080
3112
3729
1597
3439
1230
2394
635
3833
7
858
3575
1049
1561
289
2561
2701
2141
445
2136
1634
389
1130
2645
3195
2382
3252
942
2964
6
864
155
