2055
984
31
3824
3522
3537
3129
2615
3545
2762
1349
1662
3359
2212
3676
3562
2325
89
3737
2536
1828
3851
2930
1698
1818
3038
2837
782
1184
394
527
3962
2070
74
254
3846
3648
2507
1315
3916
1733
861
1130
3458
1770
27
1715
3393
3578
1307
2761
3641
2505
814
730
1001
1070
995
1436
126
513
1032
2314
1092
1103
2111
3939
2
3363
1771
2980
1630
2303
2066
3735
1693
2421
2951
1682
3202
337
3663
1811
897
2501
2580
3465
4022
644
2665
1863
1868
4050
703
124
3139
2144
1305
2519
830
1887
3746
2978
2631
2923
3733
434
1965
464
2053
2073
3645
3002
1632
408
3913
159
1084
3713
308
259
1180
2515
2964
3600
2237
3623
4058
10
3478
2087
1741
466
1082
2699
2513
3094
987
1572
2244
1455
3313
472
106
1783
4063
1206
1291
2780
1513
3025
1697
2310
3697
3020
499
982
3579
3238
2024
952
2636
1643
3638
1138
3717
676
1743
3744
2086
1301
768
3401
1350
2810
3449
228
754
2290
2149
640
1972
1072
2112
2334
3706
216
2018
2820
3795
352
1755
2203
3445
3711
1445
1594
2959
1054
3258
3327
1907
954
2074
850
1377
3338
1655
1482
2013
3637
2432
2626
3272
1276
419
913
3664
2152
3966
3151
4071
1375
3356
1006
2619
661
390
2737
3307
2114
2103
446
2600
1172
3804
1584
3482
686
752
3644
4062
3775
1101
3422
2731
171
2443
1847
554
1501
3374
1890
3945
443
941
1765
2091
3237
1453
4090
1834
1921
2104
3914
3331
2274
2392
1611
3391
988
3077
1477
230
59
3028
2588
1931
1586
2798
2236
2301
4
1622
3535
3236
1774
2523
3339
4021
3782
3113
1139
1465
2297
1667
2872
2265
707
1706
3739
1681
1239
2646
458
3716
649
3527
578
3042
2514
195
1474
3088
574
2306
2701
78
1378
2991
882
3062
2721
2639
2946
3290
1030
1954
989
2695
3442
2351
62
321
2221
3615
2884
894
2089
1893
1225
459
833
2801
2637
963
2491
1851
2822
1284
1603
2573
1510
656
3286
2315
1160
3190
928
615
1779
3252
2858
2056
1198
538
3721
2090
2777
901
2228
262
372
3725
666
3171
166
2030
2097
2509
3961
3348
482
3275
1709
2508
4030
1473
110
2182
1944
1228
2381
393
515
3538
2892
4053
2897
2571
2879
2922
2671
1460
2050
2488
1884
4094
2848
3985
1137
1959
1763
2194
3443
3618
837
3064
3789
1514
1761
2649
524
2572
2903
1794
926
532
3321
2575
2015
1317
245
2597
2899
1542
1021
3371
2352
3089
281
2495
2492
178
470
2349
3061
902
3156
1197
772
2882
1245
2463
2739
2702
1332
2356
2851
1234
530
3557
718
2524
3890
1127
206
3701
2188
107
1623
3895
1860
603
145
3631
3462
1898
1806
1880
734
3933
3872
3175
4086
2497
3853
3329
3035
3319
2159
927
1547
2594
3120
1403
1431
1357
3827
723
516
3835
1786
2730
304
1987
2420
3051
1495
164
2193
3066
1550
1490
2011
2406
3864
2500
1244
3305
2934
933
3021
3729
2096
312
3133
2709
3266
3256
387
2939
748
1260
2516
2805
3055
2147
384
2264
2894
2844
3998
636
3352
212
553
4067
3239
2438
580
1395
2599
2852
3880
1235
1296
756
587
3786
282
3657
1819
1394
2827
2533
2591
545
3209
3803
2216
893
2752
2988
1524
2763
3430
1749
3777
813
3479
2108
2769
1289
1300
3705
2064
1906
2772
3901
2875
2254
559
2685
2569
1446
194
1878
2454
1420
341
2898
998
1692
1083
1850
2180
371
3114
294
3823
3863
2190
199
741
455
3119
3489
2602
275
3543
1633
3768
2944
792
220
3384
1095
130
2627
1817
745
2826
3271
3724
1583
2408
2541
646
1191
2291
152
3008
1604
203
354
3889
2139
1121
633
3233
2676
1450
1343
1625
2813
831
1825
746
2585
1553
3536
41
250
76
3958
2603
3188
3702
2125
1018
4009
3170
2267
2841
1943
241
726
1561
1381
1748
257
1808
191
2186
405
3234
5
2051
1438
3419
2266
348
1608
702
185
1926
2543
3981
2409
3084
2118
2092
836
920
523
15
3852
2902
3808
709
2610
518
2693
2353
964
248
2546
758
358
3603
3553
1398
1049
2121
3940
2793
3708
3781
1402
2987
2229
1975
2815
1654
2044
2459
1730
916
3548
2075
196
757
2161
2774
3563
173
343
2077
2259
3146
2850
193
3990
414
2630
1010
198
1476
1812
356
2427
766
1861
1238
2174
418
1046
121
1637
3361
382
4024
3685
3110
3991
1581
3511
2343
3310
804
227
1700
1240
71
1666
607
3841
3875
3971
1181
3760
3475
1650
950
506
835
2346
3143
2319
2367
2156
3100
2151
3157
2781
4048
2442
3904
838
1660
240
1636
2227
353
3267
1329
1439
2962
2931
4083
3736
679
1747
3109
2232
2337
816
57
2335
3470
140
172
3189
1262
678
922
63
2688
1493
842
1714
733
182
72
1999
1565
1651
3399
802
1354
962
2710
2471
3902
1937
2744
823
503
3919
3788
1902
1368
2457
2081
1341
556
3004
447
1440
1406
1272
2340
3503
977
1174
3056
3542
253
1945
654
1758
2419
2956
562
1066
4087
207
3647
3439
3223
880
3938
918
2874
1043
1038
2320
2862
2187
1690
1404
2219
1641
4052
3468
3450
49
1147
99
542
2860
47
2258
1201
3968
3621
1634
2206
951
3607
3260
3861
1796
2452
1034
3929
3879
815
1013
2027
3063
2480
3898
3300
2214
1904
3730
1732
3147
632
668
3394
1104
3332
671
651
3907
2283
809
1456
1573
2247
1118
2358
3630
3640
2788
1628
331
3075
3402
2451
146
3115
1242
2965
805
2235
692
1967
672
1157
3138
1115
652
551
2316
1939
550
1142
510
2908
1559
3217
3758
662
68
1110
3495
1169
319
3328
3948
3060
1508
2913
1078
2273
2971
3079
170
1425
271
852
3840
3965
1910
1217
728
2458
3296
851
2101
975
3178
1173
367
3780
301
2260
4017
776
3081
2157
73
770
3909
1177
1466
617
1186
2369
566
2082
1444
808
3334
3491
1911
3026
3750
3838
2359
687
1345
1619
3754
350
1031
4081
2720
3797
3057
3650
1539
1739
1098
2544
2130
1261
1484
2165
1800
2689
3869
3815
3987
1842
3673
3639
2670
3282
3885
738
213
1457
3493
3336
584
1393
3587
2873
2292
2138
688
3497
3671
1764
3742
3604
1580
112
2135
3104
2262
2321
2643
2095
1946
1981
1886
475
1328
1443
1336
3291
3287
1614
3417
1744
3947
1086
2662
189
3365
1824
3107
255
1814
1593
3550
2838
2270
1723
1612
3694
552
2025
3161
1992
1472
150
3246
2493
1253
1433
3211
2375
2994
1727
3162
3740
670
1669
2711
2137
2162
846
1960
1680
3073
373
299
3466
237
20
3166
2604
3218
620
1511
737
2918
2269
2038
3658
2429
2990
3116
2447
215
2462
1695
3132
1052
3976
1909
268
3830
3567
1984
116
1113
2550
2160
3308
432
3779
2302
34
1971
87
133
2348
2854
2555
1852
1520
1367
1596
3619
2338
509
2740
1974
3083
3499
1676
1226
1302
2942
4061
3362
3483
3214
224
1176
1319
2955
1933
1713
1478
2775
1088
2120
777
2487
2692
1106
3003
278
3456
2100
21
2853
2168
841
425
2238
1339
3268
32
2425
3097
3024
3626
2576
3372
1746
2060
2518
999
2445
2612
2914
3186
1635
2847
1449
4007
2449
3257
1236
3969
2754
1533
1295
2170
453
3487
179
1416
536
101
2294
16
3688
1362
1605
540
3294
4078
3350
3783
3646
2797
444
2638
623
519
2595
2804
4047
740
1385
891
2724
1888
3799
103
3595
549
1331
2119
1309
4032
1645
2263
1823
3507
1003
3273
1807
3353
479
2675
3386
3771
1949
28
1237
2768
1250
2657
874
3770
2870
40
314
3280
26
363
612
3687
2141
3427
400
1986
2883
92
3923
1023
80
1463
1874
2058
3454
3712
380
1678
3463
3766
324
2446
1129
3774
2726
583
3534
3165
1299
878
3515
1356
2613
2753
2534
1525
3753
3496
2363
1073
3794
3087
3182
3836
525
3692
3672
541
4008
1146
1950
3333
1535
3131
1333
1327
3142
3832
1870
3069
3903
2365
4040
336
1150
4036
2570
3130
2945
2551
869
3900
3245
2998
2435
12
2388
2479
1259
3502
1816
1469
3540
3837
1399
1390
1410
3762
1470
2577
1012
834
3822
104
1997
2722
2712
3486
3253
3682
2287
1067
2166
2517
2968
1247
1214
1468
2007
2003
379
628
3195
102
606
2856
2470
3196
1941
1338
2703
1696
898
845
3228
1699
3112
3513
3001
2669
744
3067
2733
3141
775
2416
3500
1970
3235
7
17
3070
769
2617
407
2377
2867
857
929
2062
855
635
655
2554
340
2901
1679
1968
3440
1606
2466
2943
4069
1798
3654
2967
2609
389
663
1324
3179
3855
2919
2326
1858
4015
3508
2760
1458
3874
2799
1701
1793
1552
967
3346
2966
1144
866
4095
1270
2589
514
2691
2164
795
3533
2664
3324
197
3295
1462
2390
4085
330
69
904
2889
1716
2696
3031
3007
531
3106
125
4084
391
865
3975
3408
3484
2969
873
2299
3101
936
567
2490
2982
1879
3164
767
1347
1369
3358
1799
2532
1089
2021
821
109
2819
214
1163
2970
260
3674
2332
521
2755
290
1538
1487
563
1019
2189
3220
1365
712
272
794
3517
452
1423
3807
1620
344
1085
2380
3821
1459
2017
2307
1488
4013
3934
2936
619
1407
1854
1646
3441
3616
1740
2958
427
653
2751
534
2140
1427
2172
381
1353
2666
3390
317
2484
1213
2885
3240
1792
309
1140
3315
2385
1610
512
956
1815
463
2764
2647
2727
3222
392
3437
4076
3865
2778
2106
2412
600
3561
2308
2531
67
3380
1036
602
2502
1684
4080
95
2043
3720
3375
1866
1161
1718
3216
2718
981
2048
1862
577
37
1687
2941
2411
3080
3481
1060
2061
55
1940
217
320
1190
3435
3920
3078
1544
1705
3426
38
1322
2723
383
2549
2123
690
771
1136
3573
3876
743
616
3302
3169
3173
2736
2767
2173
1004
3891
1985
1288
660
647
3181
811
3714
2196
2261
4025
2402
2004
2127
3541
2719
818
3326
2979
307
3625
919
2917
2896
864
1062
3457
2525
3185
3354
24
3732
3054
2608
2249
2133
1178
1068
2288
42
3944
1683
480
1576
1464
887
2785
1702
2634
2504
1857
3052
2361
1895
3586
2217
3599
885
3632
3263
1889
2552
4057
2668
1545
2806
2323
2148
1277
3992
2430
884
779
4072
3187
3954
590
3910
2360
2179
355
2163
366
252
762
537
490
421
3436
135
2705
3168
1497
3045
742
144
368
2386
2000
780
495
2658
2220
2368
592
2295
3314
2078
1039
581
3406
1754
1097
3018
3293
697
2002
2831
1519
2954
2132
3745
691
2289
1285
1908
973
1500
1156
3205
431
3152
1916
798
2861
4088
1989
1316
2286
2252
1536
996
1388
325
3177
2394
983
3973
233
176
3322
570
322
2672
627
1983
611
1988
3520
847
2512
3432
327
2756
2485
2765
925
2547
725
2215
3984
2226
1258
3925
3451
2835
970
3796
1760
573
3982
2824
1915
2933
3946
3030
1912
4027
1948
2379
417
1856
3970
3009
2790
2563
1528
1722
2282
236
546
2192
1223
1268
2046
1304
576
1047
3793
1708
2183
2520
3126
3539
448
2714
3525
219
2616
732
3678
812
3323
3425
4054
386
1996
2178
3016
9
2729
280
2564
789
2579
2245
659
177
3655
2568
2654
3922
1707
905
3700
2387
2792
218
3403
3845
175
413
3071
3662
888
4092
3601
1532
2040
1810
990
558
699
2318
1397
875
1767
1688
3957
2009
2976
3856
3452
1853
4065
3074
292
1867
3847
3820
2146
428
502
1790
88
1629
1434
1063
1050
1496
332
3860
1282
1768
565
2900
3928
65
226
3881
3873
2410
2428
3899
3653
959
276
1558
1009
416
1071
1869
3870
972
2076
120
839
3373
3337
3816
1668
462
3772
658
2169
2069
1208
2489
2357
3227
2376
3612
3959
1241
1591
3656
631
2210
1492
1859
1055
4079
2403
3915
895
1663
4034
508
2629
2789
625
1502
3505
333
3046
39
1094
1002
1179
3174
3153
589
1099
3183
739
3792
596
1526
2434
3995
114
2556
56
1897
1233
409
896
1822
3917
3144
1164
1274
2803
1246
2843
1271
377
3501
359
3297
165
269
1033
947
438
2659
3878
4074
976
1627
1313
3590
626
2398
879
190
3400
533
2674
2698
1830
3521
326
492
3118
643
113
2859
2869
3620
1361
2645
2404
4039
1801
2828
2240
2809
1957
2400
2601
3994
2667
2155
937
238
3379
1947
3034
1116
4014
1504
3285
1729
1192
1386
1512
1429
883
1673
2195
673
127
2330
543
3908
3506
3416
1243
3749
3993
711
786
1448
315
43
3172
1566
3952
3582
423
45
1913
1124
295
25
3681
1182
3572
2143
14
266
1753
3206
3693
1980
486
3225
3096
3398
2241
867
1671
3941
2921
1359
2300
681
2440
3912
3485
3888
1230
621
1135
1587
910
966
429
2542
2743
1320
747
3306
2795
942
2611
2618
2849
3839
3243
829
93
4002
1652
1896
3886
1506
1428
1829
2496
1426
364
2661
2041
3769
572
375
2113
2115
3274
2407
3818
2453
2725
3317
1025
3810
2276
2937
787
70
3265
1011
1087
2728
2329
1111
3977
2632
256
3997
1548
2511
906
2840
2098
1065
108
6
1978
396
2028
3122
2177
1441
1570
94
2995
1899
111
115
3514
404
1657
3829
306
129
2204
1677
1658
3848
3609
2910
1541
561
1923
2679
300
3191
1585
1418
3325
2878
3277
411
184
843
3368
2473
3660
1925
504
211
1990
265
422
4035
2333
948
1607
287
291
2832
761
3341
1546
1413
3911
715
645
1936
1231
3504
1873
484
402
1167
3989
66
1540
2001
334
345
3255
1848
3868
1712
2467
2530
3092
2635
2256
1735
3785
4018
497
3935
481
900
4038
1543
439
1791
2864
2866
1769
1670
3366
2382
4029
2424
917
2915
1279
1900
243
2391
2985
1442
1081
3492
3560
2746
2486
351
1306
2708
2122
3488
141
329
1015
717
955
204
3554
3015
2823
2005
235
4082
1507
1188
1207
868
944
2184
793
2833
1216
3160
2644
1229
2650
2582
4003
4068
1704
1564
1114
870
2807
4089
1158
468
430
710
1686
2920
264
2065
2344
1249
505
1969
3854
2317
791
1534
1485
1091
2374
774
2347
924
362
1292
1117
3355
1248
2680
667
2893
1674
863
2057
1257
1661
456
1725
1
1373
3592
781
29
2522
848
1119
3684
3787
3428
158
169
2877
854
2253
83
2503
3127
61
1027
1551
1308
3407
1185
3931
2439
1344
2482
1664
1007
3652
1189
2142
1205
4012
3397
2911
1026
1726
3460
1162
3111
2586
3137
1447
582
853
1642
3751
119
1991
2796
2426
3707
436
3764
2791
1294
2713
1168
1509
2071
3791
3276
3577
2054
1901
3010
229
3059
1120
3201
2909
2436
1694
2083
279
731
3748
473
1475
3065
3814
3747
907
1577
3598
2293
2829
476
3558
487
3039
3680
3738
1609
2059
1885
1653
2336
682
685
1195
3978
4091
3244
3289
1588
1467
3076
1805
3438
3943
1615
2342
2620
3862
3298
3817
3388
876
2871
1255
1840
593
2717
232
1321
3812
3842
641
784
806
721
2825
183
4044
105
13
2218
2448
2370
2208
2993
2175
704
2905
1093
361
674
1616
1273
1717
1638
1797
1617
3364
1994
3759
1165
1200
529
3420
872
3033
1917
1914
604
1778
914
3956
117
440
1102
1600
2023
979
1303
2567
2863
3588
1042
1100
1780
1421
4060
3635
3215
1151
3529
2019
1358
3983
3756
889
378
2782
637
2134
2891
485
3155
2475
81
3722
3360
4056
2784
3942
3960
3204
1644
2651
3248
51
3683
3669
77
3453
683
3357
608
498
2642
2963
1298
1952
3203
3884
2020
3893
1196
2839
2136
1499
1126
638
2311
3698
3029
3921
273
1557
1934
1232
1330
1005
708
613
2231
3773
3570
3509
2313
349
2131
2842
1788
2362
284
557
2949
1864
3444
2779
1624
2607
3231
1833
3464
1396
3117
1845
420
2345
2251
3036
3719
2444
489
1409
1827
2129
3813
614
1479
2498
2811
1742
3617
932
3433
2553
1056
385
3594
3530
2026
1318
1419
4042
3776
2035
1924
1254
849
3082
1267
3480
2715
1831
500
1335
591
1374
1364
35
1155
2413
840
3387
1022
1597
1639
1107
1855
3690
908
569
3649
1000
231
435
601
695
2548
3194
3519
153
3833
763
2590
1145
1222
2683
2706
2948
4026
442
3212
3665
3547
694
650
1958
1877
2694
3659
2371
2773
2455
3221
3834
1757
44
1125
3085
3936
1881
1486
242
1437
3800
3385
1602
3262
2814
4023
824
2557
1927
2624
2758
3932
778
3418
445
441
517
313
579
3704
90
3193
3447
3778
971
945
2997
3448
449
3583
3532
2150
749
1256
293
2890
1776
3230
931
3510
3566
3351
2248
1346
1051
539
2080
1529
3467
1689
139
2947
2200
493
3937
1567
1871
3247
2032
3731
797
760
669
2094
3410
477
2456
4016
2257
961
3951
3136
1211
2972
2912
706
3395
1647
2940
648
1932
1372
1849
3022
2008
3629
2354
2395
3473
2191
2243
3378
3974
2663
2284
2686
1069
2906
1017
800
764
1530
3518
3605
3382
2339
2574
311
3446
3967
858
3176
3154
134
3651
3415
1283
642
1383
773
790
1323
957
3752
2199
1059
246
3017
46
3292
244
3279
1029
369
1962
547
4037
2926
3896
2328
155
799
3806
2072
3134
1210
1041
3086
3461
221
1731
1075
339
2414
575
1483
923
3802
151
1562
2562
753
1264
3184
239
3689
1263
817
788
1930
30
3159
2868
2648
3376
316
1314
3411
3494
97
3610
2537
167
675
1574
3149
1387
3568
64
149
1973
555
1480
3303
1838
305
639
2278
3871
1408
491
2309
3044
2350
3643
2010
1803
3831
3197
832
2042
1961
1522
1531
2938
1832
1998
1489
1224
2067
2802
2476
1080
2167
338
3316
3471
395
85
2565
3098
1040
370
1826
3597
3844
1820
3148
2234
3125
588
568
2012
3555
1024
180
2093
2558
1527
1555
2735
3344
3624
424
3767
298
3826
2158
827
4010
192
2888
4031
1966
2233
1837
826
3574
2181
2540
2014
819
2207
4000
783
3102
1481
3894
1922
1280
2068
2628
2185
2907
22
1759
1995
2036
1471
3858
1076
3105
3250
3192
3686
1836
994
3930
1430
1194
1148
828
1843
2539
1515
3927
4041
1037
1865
96
1523
1672
912
3741
727
1379
3699
3723
2477
1568
48
3304
1312
2957
154
4077
2468
1096
3556
58
1711
1227
1325
3005
188
251
3809
2904
2110
2741
991
3050
689
705
310
3128
3551
36
3628
915
3207
2700
807
162
3053
3412
2999
3309
75
2016
1415
2481
1844
1872
3123
2171
2655
2953
1728
1882
19
3381
3476
1751
1414
943
3261
410
2465
3404
3523
376
3668
2268
2538
1128
2383
911
3213
3950
1311
2690
2561
1599
1835
4055
1659
2855
4075
3023
2322
1008
263
3801
630
2895
729
2559
1132
2405
965
2029
3642
501
3949
2126
1384
1057
2986
3405
634
148
810
465
597
1756
2742
1719
2960
3526
3284
2587
2102
1014
1891
137
3200
1422
1993
3103
3040
3135
3524
677
2285
535
1154
2431
181
3455
2747
1618
946
860
3224
1876
2271
2197
2929
1977
168
736
1782
1563
940
1736
1703
1905
3602
2684
801
3627
2441
401
3013
3897
2950
720
1400
2099
1956
1281
1391
3979
469
1953
1578
365
3345
3226
4046
142
2483
1549
1382
1134
2128
156
2977
1020
3283
934
1105
4059
283
200
3585
3703
2079
3883
201
3571
3613
4066
1432
3867
1766
750
205
1371
186
318
2304
2384
388
1537
899
0
2461
3996
3423
1656
609
2927
3926
3469
3180
2757
1412
3634
2816
2876
3459
2545
3955
2707
2928
939
3516
3622
2255
3158
1108
1773
225
3924
2341
2984
3953
1461
3431
3093
1183
399
1976
1286
2296
3370
1334
595
859
3208
1613
328
79
3330
1152
1785
1153
2399
3718
844
1451
258
3734
862
3695
3709
1297
3199
474
3784
2063
3041
128
1079
1979
3972
2566
992
2372
2678
3559
3591
1351
1452
2437
303
2460
1737
1569
18
3434
3498
1919
2527
3593
1326
3576
286
2821
2272
461
680
2596
2681
2660
426
374
765
3335
526
1417
3281
2592
1370
3121
1405
2887
1491
494
1802
1064
507
3049
3828
2845
629
131
544
60
3999
3011
1498
3963
1846
1293
3241
403
1215
433
735
3549
3278
2640
1839
132
594
2415
118
2107
2281
2983
1202
302
4001
3472
2584
2201
1724
4049
1411
261
3670
2996
3047
3198
3988
522
856
478
2037
1035
624
3068
4011
511
3569
454
2124
1061
3318
1592
1691
2770
2992
1955
2246
953
3259
1187
3396
1582
1775
3
3000
3825
3743
3581
2787
2924
3596
3584
1454
1193
1579
2818
892
1219
1376
698
605
357
722
2687
208
335
2560
2916
3790
2656
938
2373
1342
1287
2499
714
622
2088
2677
1601
2759
3763
618
406
3850
2812
3528
3564
3091
1521
1109
234
2494
949
2808
1621
4005
3611
2776
3849
930
3490
1918
3301
2716
909
3095
1090
1648
3043
968
2623
969
1675
3145
4020
3892
2366
2145
2464
2331
1745
2581
1595
871
1781
2305
3866
4028
3299
1221
985
2529
1762
886
1571
2783
3392
2364
3242
2422
2836
1016
4070
4033
2535
451
3918
1821
1175
3531
471
1348
1789
415
3679
2800
1269
2834
3288
3552
664
1920
2598
2830
785
1665
1721
564
2748
2250
288
1112
163
1143
1963
347
483
2280
3264
2230
297
4045
2222
3014
82
3666
50
1266
2528
1720
1352
3633
1809
1575
3232
4064
323
1290
3726
174
2109
3474
1131
1903
1964
2052
2031
1123
1734
2223
599
1209
2417
285
1631
3661
2047
1220
270
3877
1389
1366
3163
274
2622
1554
1141
2682
1203
2213
3150
3580
91
2033
1938
161
4093
803
1122
1149
3843
187
1355
1278
2738
3027
4073
2817
3072
1044
2673
1212
1556
825
2039
2633
249
974
210
2961
397
2279
1340
488
1685
2389
585
3032
3606
1787
921
3667
2202
3377
1710
3798
223
1795
3755
2275
1982
437
209
3414
1363
1058
1505
3019
2117
1337
3765
4043
2614
1252
1077
693
2653
3882
2510
2506
700
1251
3389
2952
3347
450
1053
2935
1752
342
289
2401
3757
346
684
1928
2981
719
1813
796
467
2450
2433
2298
1435
1028
2697
2022
123
2277
157
2225
2732
1218
3099
2355
2045
3715
3349
3058
1424
3249
2034
2932
3728
3636
1045
3905
3546
3421
2766
1265
1560
3761
2472
1171
3675
3906
1883
3565
2593
3964
820
1204
2209
2925
23
2794
398
1951
3429
696
296
1590
1494
360
665
4006
1892
2771
2378
2153
2750
1048
3048
2578
2116
2211
1133
2881
1738
2865
3342
978
3805
2474
2242
759
1841
2176
2006
3270
1517
3575
2745
3614
2975
122
2974
1159
822
3037
3859
2224
598
1166
3383
2625
267
520
993
202
958
1074
2049
3124
143
701
3887
2105
560
2469
3210
935
1598
3409
2583
2085
713
1380
3696
1894
1942
2846
2886
1310
2786
3544
2621
3320
3312
548
1640
1804
724
4019
84
1935
3980
3108
2198
3413
2397
2205
571
2989
98
997
1750
877
2423
3424
2239
3727
3251
1392
2521
1649
11
53
657
100
2526
54
2652
1777
3167
3367
3340
2606
2605
247
3369
2396
277
52
755
881
3229
1626
960
1929
980
2749
1170
3819
2324
2154
1360
3219
2857
2880
1199
586
147
1589
3677
3311
2641
751
1784
986
8
1518
528
3012
3477
1875
1772
136
3140
610
2478
3512
33
3006
890
2734
496
2084
1401
412
86
903
4004
3608
2312
3811
160
457
3710
3589
2393
3343
2973
3857
2704
1503
3691
460
1275
2327
222
1516
716
4051
3986
3269
3090
2418
138
3254
