2715
2170
3748
1436
2248
2403
3915
1624
1890
1072
2081
1423
2220
2252
1904
2176
1443
2210
1016
2420
328
1392
3292
2117
2952
459
3500
984
374
88
1725
86
3605
3109
2440
3412
3963
1409
2555
3163
4054
2782
1416
4050
2679
2998
1144
3084
1798
3031
2674
133
44
810
2127
142
218
1256
3312
1837
3874
3115
1296
2030
3091
2960
302
1082
3714
3615
601
2996
1799
663
3602
1984
1380
519
3372
1011
2927
801
129
2033
235
3262
3978
2
1813
1177
1432
2313
523
12
434
47
3761
2225
3958
3830
2912
2877
3562
1859
4000
2974
812
2522
3551
918
1957
472
558
3185
2053
2879
3332
2757
2787
1697
1359
78
290
2612
2678
1982
685
1402
1020
831
2111
1590
2491
2834
3338
1680
2498
2024
59
876
1477
2280
705
1941
341
1554
507
2519
2775
3778
1548
1168
3166
2145
1989
2578
734
3941
3101
1035
1405
2236
1294
2514
2257
594
2935
1019
137
2474
3276
3243
3155
3311
3773
2349
1770
3188
2682
3556
2054
1495
2716
1429
1743
1342
527
1000
3175
2453
560
1602
3502
2188
3630
570
3028
1848
3719
2781
2654
3467
2610
103
825
422
395
2592
3812
946
2293
564
2323
1804
124
1541
346
2182
3121
4032
2635
2305
3808
638
1319
1457
1864
649
767
1223
3284
2759
39
3088
778
3659
1909
1189
2659
3604
1830
992
3335
3315
365
1973
1317
1281
919
84
1702
2377
3883
2336
964
2039
3087
1753
1520
478
1113
627
3920
587
3626
4046
3131
2968
3266
322
2675
1958
680
149
2055
505
1685
3649
3557
353
2931
2569
1775
3638
2634
2546
1966
352
1612
617
90
2957
1547
2657
1507
3824
1983
3779
3740
2937
1922
436
2375
3855
2118
324
2223
2106
3618
289
614
1751
2112
2954
2129
125
293
3597
2304
2409
62
3566
437
1267
1514
3438
2876
2806
3699
387
55
906
3367
3584
4058
3885
1505
1760
1914
1335
1118
3153
481
1028
1821
3229
3542
1200
147
1865
2958
213
3859
3220
3181
3212
3910
3256
1021
1325
4043
2632
1027
2445
860
1379
3217
1354
3178
2734
3852
1843
2727
3239
3633
3142
798
2365
2213
1188
1141
184
3394
1211
175
2326
2186
1827
1889
595
3792
728
3286
108
2295
945
3813
1668
3903
3049
543
2562
2650
866
1266
3521
1170
4084
2437
2194
1763
2459
2168
2989
2731
2483
1546
1526
938
1273
116
3052
163
3382
2032
194
1314
2777
981
2285
3984
2673
3065
3074
3258
4034
2600
3983
1248
3373
3100
2922
3436
1606
2449
574
3345
2786
2850
3071
2915
3123
1129
2001
1475
2950
3288
957
2572
2070
1996
966
3907
3078
1644
1577
692
950
1597
2290
746
3643
1094
392
3666
1269
2802
2407
3169
3823
1504
2774
3405
1940
3359
3152
780
2667
411
646
1046
3195
3147
473
3176
1850
1509
50
3445
2312
2811
178
3420
3775
94
658
3083
3833
2784
210
1530
717
931
1747
2747
1191
17
3186
3226
2656
826
3684
3451
1430
2355
545
1733
1855
4001
3819
1476
2690
2488
3369
3150
1192
3477
1255
2005
430
2059
400
634
3545
279
2888
821
3255
622
273
4069
3293
2518
3397
1869
3516
820
2539
1399
2710
6
3795
2189
3954
4024
782
2027
2918
2101
3784
451
2139
2772
3680
3207
2547
672
3589
2825
3645
3010
3529
1086
2368
426
1942
708
1217
673
1563
3951
762
3172
936
4083
1029
1493
2152
1947
752
3242
703
2021
606
683
4088
4020
2932
569
1194
3704
3205
3624
4041
369
3569
4065
3471
2180
2812
3702
3245
2862
2045
3537
2480
186
1362
2318
65
3512
173
1334
1234
3099
2263
1652
73
3531
1397
1386
170
71
1523
1259
3639
1285
3892
3124
1327
1782
3174
3810
2247
1490
3921
3934
3707
2358
3130
1815
3374
202
513
2740
3670
2913
1071
2384
3943
2222
132
1732
1356
3496
2694
2640
2456
1630
1976
204
314
1707
3107
1299
1123
2593
925
1887
3763
3622
3708
1706
3972
1412
1604
3902
438
2892
677
1639
3809
828
40
2428
1243
552
3007
1180
3301
1389
2804
1012
2495
2406
3485
585
3135
1150
1491
2177
93
1860
4036
1990
2867
3251
2147
1609
3889
3877
2527
207
2603
2878
2533
1682
2507
1574
2187
3956
1829
3636
421
3581
882
3089
2563
239
347
1352
3384
2672
3294
1708
2115
630
206
2986
3304
787
889
2082
3721
19
1167
3634
3136
849
243
550
852
643
1298
867
3541
1488
288
2381
1870
755
2301
3034
3203
1527
1881
2067
1896
494
1410
3337
923
2014
1565
378
1553
1542
1524
637
2566
3703
4012
791
1871
57
2465
2728
1925
1220
2623
1765
3305
1718
1447
4075
3549
2512
4091
3590
1472
3019
1825
1237
2451
1252
2577
745
3016
1333
1786
1852
3324
1709
2279
502
2691
1536
180
2969
2551
332
3200
74
3475
943
1839
1625
1143
2724
3280
2827
3836
2286
3401
389
3662
2031
33
1413
267
1479
2272
855
1245
1363
446
3370
648
3586
582
1271
2830
2899
3356
3767
1133
2478
2154
2241
276
901
366
3495
2244
1556
1042
534
208
3777
962
568
968
2363
3460
2789
1757
2477
2009
1268
1974
187
3263
2739
1670
3816
616
2402
1622
3322
604
1309
3895
3067
510
2068
2964
3888
1279
2702
3177
3366
2582
3620
3723
28
2160
3022
2494
2910
2653
535
1500
732
4029
3048
3096
2430
3948
2504
150
3764
4051
1545
2845
112
4030
317
530
970
2173
237
2587
4019
2706
3391
2613
3994
1761
3299
209
3145
246
131
3598
1213
2373
2292
384
2764
3741
1300
2810
2808
2454
2156
2255
1329
3033
874
2511
3587
29
1902
3282
2788
1873
698
3724
829
1207
2722
655
1885
1053
3149
682
2558
3094
3063
3574
2296
286
1945
3441
271
724
3675
907
3132
3160
3444
4087
2265
3297
3573
1739
1969
2794
816
3967
2460
253
1064
1993
376
2548
731
764
3290
498
1621
1735
1564
1089
2490
2450
1560
1686
2339
2237
3030
3762
1120
272
1185
2990
2976
2750
2057
3821
1555
3665
2644
3570
580
512
2719
127
3053
1348
884
3351
3848
3018
1746
205
3494
1390
3025
2467
2567
3755
2895
858
1117
3782
3383
1411
3985
2513
1971
1347
3310
2217
3882
1561
3216
1930
612
2901
3416
2411
3268
3981
1891
435
3753
345
779
4082
694
2839
3260
1663
2849
31
231
3156
1698
1614
1551
979
1591
4028
3002
1736
344
2778
929
3955
883
2755
333
2134
3990
2391
3872
3559
2200
224
1797
477
1473
3499
1780
2264
3157
1345
598
3580
2661
2705
3023
3464
1779
1060
3807
3275
76
1205
2476
1218
1308
2344
2472
911
245
2422
109
504
2475
2620
1310
736
959
370
1633
2214
1010
1278
1569
3111
367
3632
1589
2166
2175
3003
1704
106
2238
2034
4022
3606
233
3168
3122
2302
2097
995
619
1469
988
1137
1948
464
1044
476
3871
2022
2738
1428
710
179
1872
2737
2664
1270
3739
776
3194
2273
2007
1712
330
2162
2942
2136
1337
2328
3459
3487
296
1067
2397
2234
2697
2636
3235
748
1232
1287
2099
2185
4006
1575
3425
2227
1662
1219
3128
335
1374
921
1936
3900
1465
843
1022
3069
2971
53
1719
3742
444
3461
2091
2730
2069
1674
1952
423
2171
2418
2894
3035
1084
3925
2717
2857
2803
3713
1532
2219
1414
3024
2762
1295
770
2017
1928
2287
3247
454
221
77
3482
382
2685
1963
306
1802
3465
2197
3997
2011
3944
3167
2378
1440
2083
1935
3652
1222
3148
1525
223
873
3098
3901
241
857
2425
998
3116
1567
549
1899
1905
1543
3599
11
1924
2025
2348
2756
2253
3919
2439
1529
2938
3259
3908
3936
1659
524
3029
2390
3565
2589
3712
3923
2357
2228
393
2002
2322
1421
182
3579
623
2946
388
675
1112
2044
2595
1716
3947
2050
3317
1849
1384
3086
1824
232
2941
1344
840
1434
2004
751
2128
3540
2916
949
652
1916
488
554
155
1459
3970
2545
1404
337
1498
2813
1153
1528
1689
3716
4057
1040
3223
457
954
3863
2122
1305
1179
1130
2496
2970
1229
2071
420
2992
3254
727
3940
2744
1610
3854
1681
2151
760
3362
3283
2036
3977
2196
3144
1607
1534
447
4085
531
2266
2711
117
2866
2671
3585
2575
3527
3829
3914
805
2277
3575
1322
3363
2003
973
1643
3803
1519
1910
3281
1290
1883
790
3483
489
3554
1664
1326
443
4014
416
3014
3472
3515
999
1100
1018
808
899
2723
2766
2881
1116
61
3429
2936
4015
301
1164
2126
3224
3980
3225
934
785
85
1375
1820
2174
2961
1171
329
2819
771
591
2412
1263
1856
757
2532
2591
2073
3637
3591
3847
719
3189
1806
1653
4092
482
58
1777
3722
765
3697
2010
2921
865
2597
3424
1838
3279
2748
699
1875
3013
386
2853
542
739
1463
3129
2310
24
1783
3307
878
2146
3379
1240
544
2531
315
380
1521
2270
571
3015
4059
3418
2100
270
2421
2882
4071
2404
1339
1842
1265
2779
1155
3274
3735
3350
25
1109
3318
3736
688
2207
538
2205
485
1091
2492
3870
342
994
1
1182
2275
4027
2822
1102
491
2655
23
2686
841
2370
2670
428
735
2752
2087
1805
2817
406
2524
158
304
484
2398
2379
1907
1048
522
1638
3745
2497
2271
971
1683
2749
319
666
2506
2043
1323
986
1206
2235
0
3884
2633
2630
1979
462
3353
1341
1407
1069
291
3875
3688
2793
1999
832
2120
2984
2897
283
3701
3628
2669
2140
1388
2307
1513
3272
2917
3120
2733
1026
2535
892
2294
1888
753
2956
1508
2064
557
1834
3406
3677
2167
3298
372
1836
1408
398
2135
3909
827
1723
2249
586
665
1506
2470
111
3191
1318
3249
148
3323
15
2417
4025
1679
730
439
2967
2780
961
4066
3380
704
844
726
618
2525
2583
419
325
1204
3568
3080
1700
3530
2356
3140
2629
2909
1115
3536
3180
2920
424
657
927
794
2994
3376
875
1286
2905
2859
2334
1304
1955
3757
2643
1997
2385
993
1202
3000
3650
3787
3801
548
3385
2308
1383
3789
2683
777
3610
1572
3492
1975
1649
305
3417
240
1882
255
157
3051
3890
52
1307
1468
1651
3
928
1695
1487
689
1162
3449
2947
480
3616
2646
3193
355
3619
63
1277
3846
2637
2432
3647
965
1737
448
2945
1807
868
3143
249
902
1104
3687
3114
2466
277
3073
629
2891
2574
583
1595
2997
1628
932
3806
1787
2074
1939
1934
2026
3187
2150
334
34
2113
3857
1906
2092
1004
3105
258
2159
1593
3946
3609
188
2768
3319
3440
3219
3421
4017
2485
1601
2609
3257
1096
1139
809
1492
403
3179
1626
1861
1796
2066
2515
1571
3437
2047
3068
285
3698
3844
1557
3769
3125
1183
2530
2221
3407
2999
2107
3446
3949
3897
509
1840
469
1197
1844
3524
458
556
3969
3834
3199
706
3427
2338
3206
2564
492
3055
1110
3929
1795
3957
4048
3533
3508
362
3625
3183
1742
2218
713
1169
1247
2109
2692
1956
3358
2455
169
3454
723
4018
3493
2414
3577
3196
1291
1578
2198
440
2471
2193
2760
2468
822
2364
1950
1176
2108
2462
1079
1863
2361
2441
2854
3571
1517
2388
2141
668
1988
3126
359
2350
1087
2743
42
1302
2837
2758
2754
1216
955
738
518
664
2855
2823
1965
2035
4070
110
3050
2791
303
1201
3289
1454
410
3334
1184
2829
1077
2401
3154
1288
3825
3036
1911
2203
3734
2041
1690
769
3532
1897
441
1003
1800
1165
377
2790
2229
3103
167
758
976
2856
3302
3455
1671
3413
3593
3560
3720
3965
1728
2704
2130
1261
1503
2607
1678
1847
3118
2966
3733
3818
1677
3232
1923
4053
1301
153
2479
1328
640
3170
2056
3535
3488
2165
2939
2611
660
1093
82
656
3075
1215
1097
2807
3231
1163
2627
68
1558
3447
2102
2208
1431
3419
2726
495
4095
3797
1636
1406
3861
115
3306
139
463
1645
1920
360
287
566
930
2410
2505
3381
3498
195
2510
2023
2824
1372
3962
3371
156
1111
159
1764
1699
3717
539
1159
2486
3613
551
2216
2423
621
2500
3866
1062
3924
3548
533
1068
2335
3248
1484
3303
1967
97
2926
1785
2103
1005
119
1166
217
7
1161
3705
1880
2557
2164
196
3543
2625
3887
691
880
1461
3054
3561
4031
1453
678
3913
3973
298
1533
707
316
1877
1142
588
1199
343
953
3519
354
1320
1921
917
1451
3057
1226
3538
2049
947
2571
1740
43
1381
2119
3850
3342
1253
1258
2880
1458
2394
3667
1713
54
1893
3434
2371
922
2684
162
20
282
409
886
2062
2104
537
848
2246
1634
1599
431
3899
165
1030
806
450
3433
3595
144
1876
773
720
1918
318
1724
3399
1283
2029
1426
2923
3377
3346
3744
1009
261
3820
847
164
2516
2529
3961
3989
1749
562
695
2955
716
4081
2585
4056
113
4045
1190
3552
1758
948
1312
383
940
2666
45
3396
1537
1773
546
3165
3426
2953
192
881
2651
2709
667
729
877
1539
3660
2553
2000
1377
397
136
2864
835
3853
3644
1938
368
912
639
974
1637
3930
3594
2284
1703
654
1784
193
2943
2163
3785
952
2833
3457
2693
3817
95
1715
339
3858
2874
1696
1080
3411
1603
1081
2622
3320
2556
813
3750
3518
3607
3760
1726
2584
1058
605
2190
2865
3250
2063
2341
3095
16
247
1831
2211
1790
2172
3173
3331
1640
2590
1616
3730
166
2860
3484
2399
3240
2844
1874
896
3771
3197
521
1615
910
3314
4086
784
676
1549
4063
834
3158
3788
4077
1684
2713
3996
1851
91
236
1078
722
3953
474
1579
294
2576
1917
2544
1650
2096
1076
1439
1444
3992
2121
3781
2337
1361
788
3546
3642
895
2538
603
3439
1244
123
2351
3783
3629
234
581
401
10
2072
905
3127
122
2543
2736
2735
854
1998
565
2663
1714
2979
796
2848
2903
30
2434
3679
1658
1772
1090
2077
260
3027
904
1210
3316
2870
1395
2503
1178
3151
3213
3664
2526
425
2114
3691
900
266
1919
818
2268
1415
3976
1853
3261
3959
1618
2508
3360
3991
1257
814
2652
864
1585
264
275
1550
3627
1867
939
3491
750
856
520
1394
3893
2191
312
1627
181
1146
3835
3309
3236
313
1623
983
1656
2314
4049
1275
2602
2209
3486
3671
433
2642
1586
2006
2431
838
2464
1017
526
631
1417
3473
3685
1013
2269
3511
2254
2297
3525
1134
3544
1002
1195
3802
1655
14
1293
3388
2776
1613
3718
2520
2018
1274
1070
2677
3378
1744
3313
226
3582
2983
1425
3244
3202
516
1282
3218
2179
1061
3513
2169
3357
2619
2116
1635
4074
1442
836
1596
2948
797
199
3869
4047
2688
1264
1832
2871
1817
2809
1037
2366
3766
2243
1357
2288
1418
1464
1467
13
3514
265
2046
4008
349
2540
2714
3463
2696
3081
3061
2521
1915
503
3267
978
3894
1353
412
803
1781
2278
2123
3612
3747
3588
933
1748
2315
517
1654
1122
3171
1181
2324
528
4079
69
3952
152
2259
172
2832
32
1789
1376
2641
338
3681
2149
1734
3340
3971
2487
2436
909
2088
3241
3654
1481
2089
2700
38
1594
1420
2581
1688
415
608
2303
4033
2534
1598
3308
641
2680
373
789
3928
3539
815
4040
1251
1343
3614
2814
2720
2586
615
1033
2289
1483
26
1518
2815
687
242
578
577
3732
41
348
2770
4013
1132
3849
2890
1611
2560
1687
46
793
3727
1241
2242
1931
599
1608
2178
3264
3563
1968
3999
2138
1673
176
2232
1239
230
1127
3368
850
2746
2016
800
697
2908
2568
2741
4062
2900
340
1727
3442
1943
525
1631
1015
2554
3690
3845
2676
3674
4067
3864
774
4076
3966
2452
2668
1961
2408
1095
269
154
2631
3269
2751
321
1187
2416
1580
2060
3738
3490
336
2841
3693
2783
1833
3400
414
1912
1114
799
1660
2019
3695
2224
2565
3466
2596
2604
1135
2541
2240
1391
891
3555
2098
3839
1731
3933
212
2721
385
3201
3344
1959
4044
2282
3398
177
3932
468
2413
311
3756
3774
3706
1032
3214
2340
3603
3456
3805
3062
445
781
96
1819
3428
885
3108
759
1501
1124
3085
742
853
1360
1605
596
2493
1994
160
1367
1791
3211
466
1126
3228
3392
3076
3553
1119
292
215
1236
2509
3252
3478
761
3106
1007
3880
3507
1894
1437
3796
3534
924
2863
4011
2883
3987
3325
3611
1986
3673
3567
3386
879
2065
375
2306
3104
467
2599
320
567
2392
3608
191
2852
3898
500
1131
3842
1676
2442
4039
2873
714
2298
969
1721
309
3678
1895
942
2885
145
3043
390
284
1254
475
2473
2058
1160
1568
1496
1214
2502
3867
3700
1755
1351
2345
1336
908
2588
203
2934
2184
1576
2075
3285
3265
2645
1730
3815
3517
3230
3661
1711
1445
1926
3646
297
381
3676
898
1315
3389
1063
669
1262
3361
1034
2231
36
1672
3696
3414
824
1886
427
3271
839
2528
1313
2158
2299
823
3092
1858
3011
1198
2382
1641
2320
1828
3729
3443
1962
1369
2884
3026
214
1331
2443
2051
2763
3110
2638
2080
2991
4094
869
310
252
3134
1221
1573
956
2013
1584
1330
3093
684
21
590
3341
2359
2847
1803
3672
1620
3749
1582
3873
989
1358
248
842
1710
3711
4055
364
3032
37
1196
2389
1762
2300
3715
4061
394
1538
2928
3112
151
991
300
609
493
99
743
2980
2153
2309
2549
718
1977
4042
1075
2369
60
926
2183
3393
1583
741
3349
3138
2386
2433
754
229
2484
66
3827
2347
1355
2767
3137
2110
2975
1515
121
690
696
1370
3832
1055
2143
1995
407
1364
2699
2325
3222
1511
2660
837
3060
1227
120
1788
3042
3945
1540
1365
3040
3047
2972
9
2380
1642
2982
1754
3600
2933
3295
1074
2695
1368
3375
274
3159
1101
795
772
3365
141
2858
2911
2204
1125
3339
1801
3113
3017
2649
1455
3878
1868
2457
2745
357
1452
2648
3253
1147
1587
3198
3119
3641
980
3617
2458
1913
251
916
3906
903
715
1510
1242
1103
913
2316
701
584
4060
2765
3450
465
1056
2708
3469
220
2846
4089
2940
1284
3435
2360
418
3926
2886
3270
2040
1814
613
2930
238
846
597
3059
1371
75
536
3348
3993
3694
2681
3640
3221
2226
3133
915
3505
1932
295
575
1225
888
2769
51
1809
1316
2965
2594
1502
1878
70
356
89
2212
3799
4016
3780
1951
982
1280
1929
3277
1422
870
514
3404
3503
862
1499
2647
268
2276
721
1793
2624
3161
1661
997
3998
2353
3865
3204
1972
756
3692
4078
1738
3422
1694
3066
2400
5
2896
80
1471
2427
228
2818
1497
811
3523
1441
1289
2230
1024
3938
2319
222
2131
3004
2012
3648
3044
3409
2015
1052
2552
3403
1818
600
1050
2274
2718
3479
3768
3162
4093
2317
1486
361
3572
2993
3982
2469
2085
3415
540
4037
515
4021
1750
3237
1228
2820
1794
1385
747
573
3139
2944
3937
3837
1085
3184
817
1778
404
1991
3021
2086
1900
4010
2374
2387
3746
3432
3791
1403
3558
2419
2951
48
442
1771
2665
3233
819
4068
470
1470
2239
859
712
1208
168
635
307
2838
1512
2796
198
3689
563
944
2489
3354
2753
4023
2424
3296
1424
2614
4052
1769
67
1230
104
2199
541
1559
1373
1041
2826
2448
114
3578
1903
2461
1898
358
3234
2601
3070
2929
87
3326
1246
1570
3790
1854
1238
977
3682
3811
2008
1981
1535
2618
2283
456
1128
98
620
1552
3804
3862
280
183
81
1065
2481
1792
101
2137
3904
2523
3743
3916
602
3227
1156
3710
2352
2501
1978
2561
3343
3786
1729
3879
833
1306
2020
1866
2201
1448
3918
1693
2161
626
2907
802
189
3209
2258
2843
1106
299
2732
3468
1401
508
1810
2570
2076
2773
990
2580
379
3117
138
496
636
2093
3462
2028
487
1209
1098
3896
1666
2245
2124
3328
1456
2889
460
1249
561
2376
262
2321
1435
3215
1946
1722
3655
3822
1173
3912
3009
1193
1485
2924
3008
1203
1588
413
702
2331
3751
2963
3974
2904
1985
2251
1292
216
740
628
1107
452
3776
3975
3020
670
2616
632
589
681
1566
511
2330
1224
4080
653
1822
2658
79
963
1152
958
3458
890
611
2978
3012
2078
792
4026
2061
143
674
3509
2988
146
102
1158
972
3333
2893
2332
3037
2785
1154
3510
2372
1038
3596
3564
1438
2405
3452
937
200
2835
3058
2605
2367
1494
1992
786
1600
650
171
1108
851
4073
749
3431
3772
2902
659
2795
1023
1157
64
259
2742
2628
1954
2095
3520
2698
1980
645
1964
3408
3005
2831
2048
3006
3927
3481
3501
1140
2256
2233
100
3891
1051
1332
920
2861
2977
783
845
2550
134
1338
18
3387
22
1675
4009
2192
432
2898
4090
1145
3653
1121
3669
3077
2559
1879
2689
2608
1006
3164
3278
2446
2771
3840
1823
1933
1937
2206
3726
1449
3390
3986
2887
1378
1151
1466
1138
371
1174
3709
2444
1953
486
1419
2579
3728
2333
3911
2362
2914
1944
2701
1766
3352
1172
3330
830
2621
3246
1648
3453
3526
2799
1474
1759
2639
1260
547
1841
2090
3182
871
3601
1340
2499
1717
3931
700
1592
607
2869
3765
1835
3635
185
2038
3843
2262
679
2707
1816
3039
1059
553
1149
3190
2105
105
4004
2949
2598
1692
3583
2438
3856
2084
4072
1014
1092
3623
1531
326
254
27
763
3079
1450
3793
3474
1811
1460
1480
1774
449
2260
3056
2079
461
1667
3939
1862
2761
3489
592
3651
1767
1489
1393
1562
471
455
1045
128
3737
1741
2052
894
897
3917
807
2393
4002
2537
2133
693
1776
1857
3731
3831
935
3192
3097
3321
2687
2536
2281
1669
1088
3814
2426
2836
1105
174
2132
1705
1175
3621
3476
576
2801
3868
1632
1136
3960
3045
1826
662
642
2840
3668
1303
227
1398
244
3506
3979
4003
2573
2851
1350
861
257
1250
1321
1324
2311
1647
3090
92
396
1008
1039
2142
733
1272
1054
3658
2396
3336
2383
3402
3683
3838
250
711
3631
1276
744
3327
3430
2906
2868
3964
3657
2329
490
408
327
4035
391
1057
2094
3480
3082
579
1031
3770
3522
975
4
506
1073
1047
3950
967
3592
914
3528
1099
572
2542
281
559
1908
2925
3968
351
2875
3347
2626
1049
532
225
140
2155
323
2429
2342
1433
2195
4007
3470
453
2463
161
1231
3860
2797
1400
1901
1346
1617
1311
2343
1657
1212
130
804
3497
1235
1366
1297
1083
107
1845
2821
211
2291
1233
709
190
429
1036
2415
1544
1808
1665
1768
1927
3942
56
2517
2919
3448
1427
3146
3988
2973
610
256
3759
3291
483
2435
3410
3725
2995
118
593
2215
2800
3663
35
3752
686
2617
3935
1629
3754
2157
3905
3287
2725
1581
1949
985
725
501
3238
671
1382
3851
2816
219
1148
644
863
2482
2615
893
3504
1186
4064
2962
625
2267
126
2395
1619
350
405
2712
1646
1025
8
2792
555
2987
402
3995
768
3794
960
2959
3576
3355
2981
872
1349
3102
1960
3329
996
499
3800
987
647
1987
3038
2148
1892
651
2181
3922
2037
1745
2261
3001
1066
1720
2729
1846
3141
2798
1701
1478
1001
3395
1752
624
2872
308
2606
3273
2144
497
201
2447
941
1756
3072
3886
3208
4038
3046
1812
363
3300
3041
3064
1691
3550
2202
2805
399
1970
1387
3828
529
1482
2703
3841
2842
3826
1043
417
278
197
633
2042
3758
2354
3210
2346
3547
135
331
2828
3364
766
49
661
737
1462
2662
3876
72
887
775
3798
3686
3881
263
1516
951
2250
4005
3423
1522
2327
1446
2125
479
2985
83
1884
1396
3656
