2854
1082
2695
1219
3710
1237
302
743
3138
1449
2056
2493
1550
4033
75
372
449
3047
3295
3258
2362
3190
3351
4010
3575
1481
1789
3711
3226
1661
2129
779
708
122
2500
2368
1358
3296
1953
2146
3709
2101
2989
3847
1713
420
831
2217
3502
2305
1186
2832
508
1273
3162
2277
1350
2711
1146
536
2008
4081
1319
3457
1914
3017
145
2977
3469
1206
3568
2945
2326
3412
833
1978
2191
663
952
3093
139
3322
2823
3632
2686
1279
898
3954
214
2782
2776
822
393
3768
113
547
589
465
1694
1966
3145
3565
1097
1144
4047
3815
2206
895
1627
2187
2345
1101
3790
2328
783
910
3920
1776
2603
2163
2266
399
2575
3495
1688
3956
552
1004
1326
2151
1255
2077
1745
3022
2097
1853
3537
2067
3633
1787
3697
2821
3773
2518
2283
3666
935
2297
378
953
2040
2370
855
3212
1393
732
2614
1705
2666
3774
2204
928
1929
4054
805
806
3600
811
1975
1454
524
1951
1173
1122
3218
460
336
1846
3573
4087
1892
248
3865
936
349
3714
891
1859
498
2325
423
298
2365
1609
1342
241
2123
4048
179
1208
3189
1642
1277
3450
1743
2881
3571
35
2770
1984
2756
3339
2124
3057
2336
1505
1525
4073
500
1957
2141
410
1558
2017
555
1652
1876
685
2642
1615
3165
3195
3560
4024
2914
2637
1026
2568
2084
2046
41
2998
3508
1349
588
3552
1073
111
3283
903
1509
3088
4078
3228
892
1114
1415
927
3809
3024
1236
2625
2965
2243
2530
2280
3337
3038
1156
3704
3378
331
814
1247
2050
2987
1926
2968
1784
2990
1998
560
3185
1874
1519
1397
2858
3202
208
3239
1202
3155
1239
767
751
11
4029
3358
2227
4082
3368
2693
2867
2753
2419
2460
2165
2230
3791
175
2087
1555
1126
1669
1474
172
3092
328
356
187
1586
3723
3045
431
1861
574
3236
108
2896
191
337
1220
605
777
1038
2650
1070
570
2848
1224
1830
1139
3867
2801
899
1138
1896
3462
1050
136
1190
3905
4013
3051
2522
1300
2587
1592
2341
1597
1918
396
1928
1268
1716
3861
1641
2201
3973
654
458
2476
1522
1689
1715
969
1897
442
2323
3114
3083
1646
1864
3369
1072
1098
1589
1724
1494
1536
2722
1316
2494
3021
2871
3056
1167
2502
2645
770
1544
1347
3036
1707
3210
2620
2376
3372
2772
2703
1610
2966
3265
2567
3549
3775
618
2018
2344
1031
2272
2610
3095
787
868
4051
488
3993
3402
1545
1260
1881
2099
2415
3584
226
3113
63
1201
3188
3285
3039
1388
4007
1630
2458
4072
1584
1658
622
2399
2798
319
1962
1563
864
2734
3969
2853
1608
2986
2934
3481
1141
3670
3515
1714
61
3387
85
1700
2353
1307
239
2683
2152
2819
878
3514
3551
839
3452
2593
2809
3405
3578
2605
4086
2759
1631
1418
499
1015
919
2238
2710
3249
521
3781
1711
2216
3338
1461
706
1017
1322
1240
578
3386
1155
1780
882
2918
998
231
1169
2788
961
1579
1773
359
1267
3742
430
2317
2963
769
1157
3948
1438
2480
3071
1288
1313
2335
3096
2811
539
3824
2515
1526
2102
838
1142
871
2969
476
480
2168
3181
3561
3291
3756
1792
1152
3225
3784
30
169
2367
2076
3177
1395
2665
1492
1266
3590
1779
2717
1467
2595
1710
3812
1946
2288
2647
4016
3892
2570
4067
3259
366
2306
2838
3975
3765
2592
1727
2468
662
2719
2532
3983
1447
2775
638
2007
2434
2337
3485
1888
1123
1751
1668
4064
1293
3904
613
3524
1752
183
127
2950
1554
43
3970
577
2553
797
1143
1035
3476
2750
844
2563
1840
2862
792
947
3507
4050
177
853
3091
682
1244
678
3534
1264
205
3643
2150
448
209
3423
219
634
995
1191
1899
3883
2428
3182
511
2882
3647
3688
259
3641
2523
2116
3800
117
2516
1955
866
2744
817
2932
1140
1168
1666
3726
2791
3683
1465
2664
1947
3980
2928
213
400
3060
2162
3746
3341
173
2452
3104
2677
1829
1069
3207
503
3480
3738
2190
4057
1852
652
1904
2285
3363
1332
703
3066
1280
537
2491
401
3805
2708
744
1091
2271
2351
3334
1651
2231
2905
2380
2410
1110
1603
2039
3222
3741
2601
2644
597
2247
1759
196
4014
3271
2125
1868
1645
1428
2973
1605
3168
1886
660
102
3224
740
316
1480
720
3722
1399
3117
2157
3895
611
149
1232
2774
1484
2443
1286
2291
2446
587
3764
2005
3519
3494
598
1259
3323
98
940
3102
2824
3611
1805
3876
1848
3890
590
3919
4021
4043
2659
3823
3854
1088
3251
4002
4052
174
2374
3150
2110
3922
1312
1923
3055
834
3320
1534
2550
2940
4090
1797
1542
3869
531
639
2716
242
1043
2023
493
296
2286
3309
3203
2196
1353
804
3678
2194
1215
3757
1764
1569
3884
3770
696
3923
481
1723
250
2549
2870
688
3206
2484
3299
119
3062
42
1200
2420
906
2316
3594
2581
216
2474
414
985
3712
710
716
195
3282
53
415
655
2604
1807
3460
2623
2020
1910
225
1556
1289
721
2576
3799
1732
3698
1453
2445
1245
452
3240
94
2482
665
264
657
2304
6
827
3089
2685
2423
1092
564
1437
965
90
1561
1089
2707
2287
3158
2028
1606
155
3098
2649
1335
2426
1086
1334
1396
2449
1673
881
3730
860
485
1858
3511
287
963
3366
3901
1980
4041
1261
3924
2946
2654
3274
3520
2931
2451
3789
1046
2140
3227
392
2752
1493
246
2962
32
4094
1339
2551
1310
2257
944
65
2856
2687
3545
3269
3103
914
3898
3012
996
3427
943
4093
3826
1125
3543
2771
2906
3183
1425
2360
1284
2723
198
2611
84
2875
875
3220
101
2872
381
3449
2749
1198
1944
377
3586
3556
3903
1227
1352
407
1102
1064
3315
2499
468
1059
2492
79
813
3041
3713
1527
1613
38
2300
2312
584
3077
2094
750
3750
1913
512
651
478
2745
3630
2388
1523
2761
1503
1981
3008
841
2188
2919
728
796
210
730
2509
1885
3737
3664
4031
2228
2837
2852
1309
1826
1470
1824
1898
880
930
2626
184
1184
368
1485
3638
2600
1986
51
1317
3880
600
1392
2281
1965
923
507
3988
1436
2148
3912
3234
2058
2379
3842
2898
2348
307
924
466
2318
49
1105
3201
4053
2953
3529
2632
2955
2296
4049
3367
2699
487
1720
2421
2469
2590
4070
104
37
1149
5
3394
2475
223
1333
153
2170
3889
3030
3840
799
2640
2983
2743
658
73
3424
780
1276
2006
2835
2183
3428
1990
2724
2941
390
3384
2797
3974
3971
1884
532
1398
1391
1321
3336
954
365
2003
67
771
3490
2528
2441
305
2104
3818
40
2778
2440
1741
475
2442
1413
1935
3246
680
778
724
1385
3885
4066
723
2785
2542
2109
3032
1633
97
854
3820
2270
3411
3990
3532
1791
3306
2736
2424
3194
677
330
2748
105
2682
2826
3929
673
3440
3304
1746
2701
545
3931
1820
2908
3957
759
386
2274
346
3496
1811
312
1475
999
3373
2993
2384
66
2525
438
562
690
3052
2967
3272
4026
773
402
3850
2118
3013
252
979
2473
632
2048
1049
1911
3668
2816
3604
697
270
1618
2329
934
1657
3837
3814
575
2574
595
522
1546
2066
629
8
1135
3314
1959
3184
1788
3796
2779
583
1400
3939
1699
361
2556
2214
171
3787
1430
702
1639
3599
843
603
3942
3243
800
1164
1731
3706
2641
1775
3122
1212
1529
3569
3281
3619
3205
1041
514
2538
3588
4068
3199
2153
550
1431
1373
68
1873
289
297
586
190
1495
3470
362
4065
3493
2655
4079
543
1204
2435
2949
1007
3674
2648
1054
3915
1587
3947
718
230
1915
496
2259
2260
3539
388
2616
938
933
1482
261
765
3125
2594
3286
451
3439
103
215
1624
1154
617
2839
3606
1024
1406
3121
1450
2560
62
463
2293
1968
1761
3601
3422
3014
471
686
3558
1860
2178
1320
3877
311
2767
188
1281
793
2999
3141
2100
2925
576
786
1804
1359
3109
2957
3343
2636
1564
232
736
3849
1136
83
1637
1942
2720
1338
1080
917
1769
2219
2373
649
2733
848
1466
1432
3129
2371
3542
4030
2613
2887
683
1452
1533
604
2738
591
3217
39
2093
2880
992
2402
3859
441
667
116
3164
1263
1137
418
2565
819
469
370
3755
802
3597
443
2539
3391
596
2308
3802
2054
1120
612
3855
2746
397
273
3554
2894
343
3001
3046
3123
1132
1411
1023
138
1825
863
1676
3349
494
1917
1828
2646
3126
2850
3702
1006
3879
518
1462
3968
3397
3637
1576
3248
1165
2865
1712
1029
284
3701
3310
3776
2207
1895
3618
694
2467
1996
3087
687
1623
1933
2878
3623
997
1375
3301
548
3617
2585
3
3464
2958
987
2661
2166
626
1690
1803
510
1117
1468
1993
1943
2519
3085
2401
217
167
1901
2689
635
256
2096
1508
3430
674
2294
2760
3266
1446
1808
2354
1902
1384
3415
640
2978
3404
1362
3390
2059
3262
2022
2943
2145
2208
1378
3486
1604
2678
1906
2608
2436
3016
2072
212
528
1417
2453
2073
324
283
1225
2391
2598
815
1171
2252
3221
3715
3610
582
2503
2545
2599
1231
3230
140
93
220
782
2815
3827
745
1560
2855
2393
3389
647
7
1622
202
3208
962
619
3553
2489
1850
1882
99
3042
3660
2634
713
1691
2558
3736
3200
4060
3388
1308
918
2536
3695
3396
593
1925
2697
931
1838
2584
160
3473
3650
1879
3444
1076
194
2607
3438
3347
2249
2016
2631
2667
3399
1258
2267
318
3431
2012
1922
1979
479
2014
546
3074
3953
3807
2357
2763
837
367
96
2199
828
3312
3794
1578
2731
3499
3159
1226
2784
2321
3147
18
1924
121
472
3063
2049
753
1814
2520
3031
3475
1549
725
3914
681
4018
2579
1867
701
2161
280
286
2106
3579
3214
2793
3816
2032
271
156
1214
2660
3483
2024
520
3872
2045
1717
2561
1772
3311
4085
3119
2792
3242
31
1540
82
3831
1596
3198
464
509
3187
3830
3937
1530
983
3906
2754
2085
383
1048
3720
1170
2132
3124
2235
835
862
1739
260
3468
1390
1068
3964
3292
2657
159
3176
3058
2907
2438
1635
2269
2904
3574
672
71
2490
964
3174
295
4005
1778
3748
1665
3277
630
1361
3442
821
1663
2080
3518
616
3211
1704
1682
1445
1036
201
1150
1412
572
785
2944
3451
1786
3219
1192
3458
363
2019
2617
1457
3354
3353
1032
1160
608
2548
334
2222
2762
3916
1456
956
3006
2138
2976
2658
3900
1407
2245
1869
1726
1927
3010
1640
2389
2135
625
941
181
3137
1766
2437
470
3335
2347
385
3577
1697
2959
1234
870
3853
1644
118
455
143
719
2002
3801
2827
2988
693
2725
3908
887
3287
2768
3479
1524
2578
1880
1275
2120
2172
3383
1702
1949
2298
2718
3603
339
1768
395
2033
4040
4035
3136
3621
1328
715
1012
3528
1591
3651
2874
1000
542
3991
523
846
1796
1128
1441
955
3763
2638
3229
3435
166
1813
579
1223
163
2857
3456
3263
4038
2346
1833
1439
148
3466
3667
3233
426
2497
3303
2229
1948
394
1250
1821
620
412
1209
1483
125
1740
873
842
2557
1760
2485
180
3819
1096
2192
2596
1377
1363
1708
483
1680
3917
3237
2212
1504
2477
3761
3128
3913
2478
1866
3777
1491
317
3317
530
3735
2390
1552
3477
733
3810
3555
3446
1753
403
3443
326
2564
1351
1744
3157
2375
3733
3795
684
1478
1303
1130
1938
3380
2669
1327
2831
3054
2902
2979
77
3073
382
4017
807
2739
2586
874
2692
1471
3112
776
3860
369
1565
3718
2408
3540
0
3933
497
3023
3316
2766
2582
2462
1290
1614
3108
3418
2510
3352
429
648
3276
2572
1893
3254
3371
1256
2176
391
1496
2278
2242
1721
29
3513
519
1085
1620
661
2786
1094
1099
2254
1230
2147
320
3997
453
4092
247
2378
3522
3377
3505
233
2127
164
301
3762
3657
2472
81
3928
253
3846
2618
2506
2629
982
3040
2248
1034
2849
980
3115
1656
3541
2251
3400
1572
2554
3813
1271
2356
3626
798
1793
2425
1625
3379
3488
1402
2358
4095
886
76
3463
517
3133
4069
3703
3716
229
74
3509
1145
631
91
1301
3767
3474
1520
712
959
3567
2863
1595
1521
1762
227
3197
2873
889
3624
292
1065
4034
3891
3645
144
398
826
1249
2633
3385
384
1514
2820
445
3504
2700
2433
2301
791
222
3049
34
323
3342
869
3821
1272
238
2651
3166
3875
1831
345
1687
56
922
3699
2740
2483
1464
4071
926
2309
3152
2606
2796
1782
3607
3646
3728
1109
1028
1964
1685
1718
495
1571
1324
3994
2714
2936
1837
2000
3696
2197
3941
3090
3868
1185
3288
3009
958
610
2808
4075
1890
2680
2527
3080
1912
2836
3151
364
2340
1348
849
3595
823
1921
4
2174
2817
492
3995
3887
3562
3512
268
3585
4056
2621
1278
3833
1681
1479
1872
1677
3808
1577
2727
110
1451
2540
3938
1516
3521
3270
55
984
1795
3213
2383
1626
1093
26
1557
1834
2982
178
1163
123
1621
2327
2546
3724
516
872
3690
457
1905
976
3362
1500
2569
1499
3772
1934
3806
1907
3613
1843
357
1019
2203
338
206
52
1581
2413
2236
1774
3170
2577
4044
1166
3426
2541
3278
3072
1994
1172
1695
3015
154
2075
3961
1612
2690
2526
2185
454
1670
832
946
1381
342
3739
1416
2842
2295
1153
3580
2713
1501
1419
3193
440
3721
3829
2884
908
2829
2409
557
447
1956
255
2224
2240
207
1177
1408
2885
2144
1638
3273
137
937
885
1306
2068
4028
2155
355
581
3382
3448
1314
599
1473
2783
3836
2583
1297
2382
124
54
3357
3936
3899
1296
1845
4074
2495
3825
1794
3294
879
3465
2747
3751
2209
3003
3857
3409
3134
1087
411
1800
2343
4023
606
1765
2386
748
2721
389
1781
3307
820
2773
2639
883
1590
3734
3525
3425
2412
1887
2571
3308
2137
2397
3313
422
2334
754
482
1161
3681
2883
2715
541
939
2220
2927
2861
360
2128
901
3043
2387
3004
3754
3078
3677
344
1330
592
3886
3324
2381
3332
413
1477
1511
2430
3000
2751
656
3135
444
1389
1265
2275
890
1282
293
186
1667
1541
734
2459
666
2262
3406
1331
912
3053
957
3882
161
2652
2363
46
3925
2021
2322
1518
2461
1455
1574
986
3131
2674
1409
2404
3506
775
1183
513
2117
2834
427
1580
3330
1213
525
1472
1686
747
1047
2675
3946
1692
3471
1033
3671
1601
1539
3786
967
3075
2956
3268
699
3231
2505
2042
1553
4019
474
781
3252
2333
2432
1229
1368
3700
1463
128
1870
1754
89
2757
1014
299
376
436
3642
4009
4077
170
4076
1404
2250
825
3932
763
1583
2995
830
2088
3893
2933
69
2804
3355
3598
3325
2233
2521
2728
3944
197
1248
3658
3897
2364
1179
2921
1967
1891
2498
2179
21
2047
142
1079
3215
2709
752
3375
373
290
3692
1285
24
858
2173
133
2991
3587
567
3244
3778
2456
861
3896
3798
2369
1394
2790
2265
3432
1060
176
3196
929
437
2886
3472
1506
3173
2221
3434
2672
4061
2972
1401
2729
276
4063
2455
3719
3591
1188
1733
3909
3035
2
433
2418
621
2112
3149
722
527
633
2501
554
1973
553
859
2417
738
221
3293
3635
3531
1187
2507
795
3223
534
916
2555
2107
1698
3079
387
285
2954
642
925
1357
3359
3408
2290
2396
867
2612
766
3839
2764
3361
4089
1376
3253
3154
3345
203
4088
115
3544
3204
568
2263
2403
3902
491
249
1674
1344
741
4059
3297
3491
3005
3002
1671
994
549
3455
1600
3346
2121
3631
1940
3780
2517
1078
2052
2922
2133
2350
594
812
204
2136
2481
2164
3410
1997
3139
2307
3732
3644
2195
3589
951
1067
3100
3110
2799
25
1118
134
2324
70
772
2807
1100
3132
1205
1931
3958
3510
920
2981
2985
2366
921
3034
1598
1176
2544
2037
1345
1053
1783
569
2444
3608
3640
1298
2698
237
200
141
3870
3564
1113
2926
3167
3835
2566
1827
2879
2846
1147
3019
4084
313
1847
1736
2009
3459
3180
1617
1011
263
409
1016
450
2060
1983
2688
1329
1568
193
1304
1719
988
978
1507
3279
1662
3105
1510
1841
1112
529
2261
1055
4039
2038
1562
3675
27
1299
3163
2627
1515
3951
1798
3094
1216
1063
3625
3156
1340
2777
3086
1040
1559
1894
267
275
1987
3216
761
1675
1158
1
146
3037
3910
2758
2635
168
1816
322
2803
977
3662
2812
269
659
2479
380
3329
900
1476
1448
641
2488
3792
1056
3257
3487
3950
1174
623
2947
1989
1429
4091
1588
615
905
240
461
3048
942
2338
3348
3979
2573
3179
1517
556
1977
2225
739
2992
571
1197
2071
100
1057
1513
1878
1810
1370
865
2813
300
945
47
2741
1991
3749
1678
3960
354
277
1970
2276
3848
1747
847
9
2352
3788
1325
432
1963
1916
1755
3570
3318
135
1181
3547
3680
3996
1008
1862
2975
3333
1003
3962
3130
3142
2892
4046
2504
3527
2938
2513
1422
1763
314
845
1030
1729
1806
340
1119
3340
3232
764
644
3140
1315
3284
1302
762
3331
1253
501
2847
1469
3027
3101
3708
1380
2095
2406
2246
884
1785
2814
3097
1815
1460
2143
3881
2302
2377
840
1817
2115
2897
3866
975
1341
2496
2591
1537
3068
689
504
894
425
3629
1777
1547
650
1489
2114
351
3955
1619
1360
1771
3407
3615
3530
742
3921
1770
1512
2891
565
1790
1679
1936
1042
348
4027
609
727
490
3247
2273
1958
2984
353
95
2035
2534
726
3280
3978
23
3766
329
893
12
3069
486
3622
1703
1930
3907
3972
1081
2899
2339
628
1410
2552
456
1001
1528
1337
1343
3099
1575
3245
2691
3044
2663
1823
1162
1634
3863
3744
3186
3437
790
2619
4042
1354
3871
1235
2851
1486
2893
637
2083
88
327
2676
1659
1954
60
1696
3175
3648
670
1021
1961
421
235
2923
33
3987
3298
1458
333
3998
3894
2952
3661
1193
2535
1801
1151
981
2223
1189
3834
1969
2314
2311
3707
2310
1757
2177
2900
1131
3364
1083
2303
3417
3082
3365
2169
2200
189
2210
737
4080
126
1488
1654
1104
1246
3535
36
714
3843
505
406
2031
1647
332
2609
2864
1988
3694
1531
1414
2704
1950
3832
424
3500
1856
234
2239
2070
2937
1071
2543
3381
1095
2405
538
580
3976
3516
1211
3985
2915
2392
1999
1822
2656
2051
602
2407
2079
1636
563
2268
668
2213
3686
1018
2429
902
1908
306
3116
1364
755
1660
3374
1909
3804
151
3433
2890
1115
3300
4004
2679
1701
3559
3627
4025
2279
3649
1228
2160
3616
3393
1653
2184
3497
3852
1379
2103
3238
1420
2917
1195
2833
852
636
2980
3918
1854
3360
2755
4037
2562
3478
2589
3447
824
3557
3144
1939
3873
1433
1257
3028
2533
3328
1025
3453
3064
2765
3878
2735
3758
818
2234
2202
2422
3241
1365
3693
2802
2643
1490
1022
185
1233
2154
2372
1051
2702
856
1434
162
1632
1883
3076
1985
3966
80
3566
3731
2034
321
1974
3967
2547
3793
2385
2130
2411
1129
3267
1982
645
2909
1684
2448
2726
224
419
1551
3319
907
1730
1387
2053
2630
850
607
3020
2466
3111
1218
1664
1602
2964
760
4001
2948
2929
3326
2086
1648
3874
14
182
15
2131
3665
3989
3845
1693
2830
3639
3401
915
3498
3803
3209
1543
2036
2063
1084
2139
1857
2330
1706
2292
3685
57
1758
2226
1900
1134
3070
3851
3007
2470
851
1945
1611
877
2342
3725
2844
408
4055
1039
829
2282
2876
2463
2810
2044
3727
3582
2970
2454
3636
405
228
3421
1148
1735
3940
746
157
3026
624
558
3691
3717
1839
3275
3256
1655
2167
3420
3489
2805
2158
309
1875
1111
3684
2818
3740
288
199
1356
816
1435
544
3752
3888
809
676
3576
278
3817
2205
2105
3517
2182
3011
2062
3419
1851
45
1903
3965
2860
1756
484
2349
526
1802
888
3550
1502
960
1052
3416
1221
1178
679
990
2061
4008
3107
1599
3935
2822
3018
993
3838
3118
1423
1593
3065
1242
2331
2895
2673
2064
3106
2011
3656
4012
1863
2910
756
251
2859
3930
1127
375
4020
272
1283
1369
3705
3370
1106
1252
2780
1844
1133
2696
3061
749
3583
2400
2732
2394
3536
2529
2149
3663
3059
1832
147
2081
92
114
2241
489
3321
2794
192
3682
3999
3828
3492
1386
1062
10
2559
2465
244
265
1566
1217
1538
3429
3943
2332
3127
1159
3605
3161
1318
2511
2787
2588
112
540
106
2668
2030
643
462
971
3981
2996
262
2889
2602
2001
757
3546
2960
1066
1750
3797
22
585
2806
1367
1952
2010
473
2840
675
2450
3191
2597
2043
1010
3143
808
784
3250
130
3729
909
1355
1058
1044
1628
435
3260
3067
1311
2082
254
2888
3148
86
2289
4058
1722
3563
2531
1382
1222
3614
3634
1424
150
1835
2134
2868
2737
2264
1767
1075
2315
1971
2974
692
2580
966
3745
2486
1594
3050
2843
3689
2781
3414
2284
2877
3356
2913
2159
2427
3025
1742
2622
1932
1323
3856
3687
48
2706
896
950
2920
1607
2997
3413
3596
3501
2090
2628
416
3290
1497
1737
1182
1548
3084
1241
16
2662
2845
3305
2025
1937
3934
3548
3171
2684
2055
417
72
566
3350
3753
2395
467
120
1372
3760
2514
129
3669
653
1749
4011
774
3302
2935
1629
3673
2694
717
4045
20
3033
1728
1116
2027
2471
3441
601
3602
78
2911
2447
1421
1287
2930
3952
3454
3822
1199
2069
2211
1573
243
876
2057
44
2705
2951
3538
801
59
2508
1270
1274
2624
705
50
2313
1498
2319
1103
698
2189
502
335
3523
506
3771
794
2924
1738
1366
1180
2789
1124
1889
3628
1877
3609
561
371
904
2256
1871
2866
1336
28
58
3445
3261
3783
257
3344
1269
1585
2671
2065
1121
211
17
1207
3029
2126
3178
3659
1196
3172
13
1836
515
3620
404
107
1107
1292
152
3467
551
2825
3672
2098
2156
1194
358
303
1920
4015
3395
2186
2903
1440
3769
973
3949
1919
3959
3327
2122
1842
281
2215
646
245
2218
2414
1734
341
477
1210
379
3235
2026
974
4062
3654
758
2681
64
3255
3858
2912
731
2029
1995
266
3652
3926
1532
3482
2111
533
315
2431
1037
2841
2670
2255
700
294
1009
2398
1683
2916
2013
1818
2015
2869
2089
1865
2359
2355
165
2742
1812
3392
1262
158
291
1819
3782
236
2004
1960
989
535
352
729
704
1442
2041
4022
3153
2464
2961
279
559
132
2142
3484
1976
707
2769
1090
2171
3864
3679
573
2258
2615
1582
695
1972
3862
3927
2119
2487
1405
2939
3785
2361
2092
1643
2175
1487
897
2971
2299
3977
1346
1005
991
282
691
1013
1649
3120
2180
2193
1045
4006
1403
3759
1077
258
1443
4032
347
1295
3676
109
3779
2828
2320
1027
1383
1371
325
3192
3982
970
669
1374
1535
711
627
3461
949
1459
2537
3533
446
1175
857
810
2730
2524
3743
3747
434
4000
308
1074
948
913
3841
1061
428
3403
789
664
1108
1809
374
3526
3581
2712
735
1725
2108
1709
4083
2078
768
911
2198
2994
3081
2439
3992
2457
1650
671
3844
19
3945
1305
968
3572
2074
1849
3612
3984
1426
1941
1020
1427
3264
1251
4036
2232
1855
2512
3146
3911
2181
2416
3376
3503
304
3398
1444
2653
1672
709
274
614
439
3811
1616
2942
218
2244
3593
3289
1203
1238
932
459
1294
803
1748
1570
3592
1799
1992
4003
1002
1243
2795
2113
3653
310
3160
1254
788
2091
972
3169
2800
1291
87
131
836
2901
3655
3986
3436
350
2237
3963
1567
2253
