1003
1178
3653
740
3077
1227
1362
3640
911
1800
1181
759
975
1446
931
3428
3388
1241
3667
3876
3004
2850
338
3120
790
231
1354
2920
2861
1409
3760
3199
2397
2444
78
1029
4035
378
1279
2763
2489
1703
584
2977
573
1467
319
2934
2340
3293
3051
614
3359
1699
3033
709
2296
438
638
3468
1594
3013
2742
3850
3956
1091
568
309
3177
3148
324
3211
562
339
3585
1230
1484
1781
244
698
596
79
3770
4079
1683
1965
50
2140
2847
3613
2277
489
2452
3284
1246
2835
1633
109
683
2427
2597
2092
3887
1945
925
3965
861
2806
3520
2848
28
233
873
3283
820
1115
211
3499
1952
2582
3869
2748
77
1681
1803
2257
3088
3356
419
3449
2803
795
1688
1095
866
1413
3307
175
479
103
1970
1251
612
3972
3005
2738
3537
2046
1569
395
1672
561
667
599
2244
321
1014
137
1487
1231
2377
1233
136
2355
960
2868
1083
1481
3408
1828
2347
3826
2842
2164
956
3261
116
351
379
3566
538
3151
2020
2625
3986
2862
4063
572
3726
2248
3592
3513
281
1604
387
1680
3758
3320
2693
967
836
1931
951
3521
1
3166
400
162
2475
3875
1199
1305
1954
1706
3332
256
2128
1034
3133
1541
1985
860
1771
3298
761
2398
3686
122
2719
2509
3391
181
895
3799
3066
1059
3245
375
2351
63
1982
3919
2053
1649
2717
3225
1391
521
1120
2520
751
2420
86
558
2950
3753
297
170
1878
1525
3773
3626
4001
2722
4085
3952
1451
217
219
2072
1605
2378
3551
1911
2940
186
2229
3479
1418
1528
3610
215
3791
439
486
1784
3794
3916
1145
1169
371
3270
2804
355
1694
3100
2995
3530
1766
1728
243
3278
665
2056
2636
792
2900
2060
3505
1617
3029
3267
1007
708
928
1926
383
1256
1814
2157
3055
2210
909
3040
2062
2319
33
3801
153
1072
1242
1646
2206
2892
3072
2280
1592
293
4051
2885
3152
307
2001
3259
2534
3979
2454
3555
1444
1825
2988
2177
1375
3863
2563
894
1511
3028
1394
532
2535
3464
1162
3698
994
6
3781
1845
3755
3527
2318
1865
3331
1435
1533
373
31
3771
2249
1353
145
3959
222
2645
1269
2022
2931
1410
3010
2433
3171
544
3857
3938
272
2650
3512
694
2389
2362
553
715
3068
1714
389
3809
3562
149
2974
1245
1399
4095
987
2040
4080
205
4061
3338
1015
2994
2365
2800
381
394
3067
2132
2599
1999
334
3025
102
2487
3730
2375
1919
193
945
405
1293
2381
2021
2388
592
1254
3433
2419
779
1779
3961
3281
2823
3556
1913
2672
3295
3179
1798
3294
2704
2561
3420
430
2357
721
1204
1071
633
4021
806
1854
2685
482
2707
2002
3646
247
2909
238
3509
563
2026
586
969
3628
3350
3901
3300
2907
1823
2116
3775
1175
1331
933
465
2867
737
3471
1258
739
2624
1994
87
3172
82
1938
1195
3224
1585
3323
1654
1951
12
2969
372
1691
816
3156
3456
121
1634
3400
1468
3981
3603
1666
154
326
3550
3195
1200
844
2965
2605
4058
3508
2145
3569
2084
3717
670
1313
3976
2384
1388
1990
2673
2739
1956
17
1516
2778
2843
1055
1196
1752
948
3632
3354
393
456
310
1709
1773
1063
173
2186
3784
3404
1561
3498
449
907
1213
826
2702
2289
3190
2620
3490
3517
1381
3253
306
2649
964
3032
3729
1991
3683
1393
1379
4029
3467
346
3497
801
530
345
69
2946
3265
1039
3590
3250
2428
3723
2718
1278
607
640
1687
1727
2813
1831
316
3861
578
2408
2945
3389
1456
3891
1837
3703
213
3476
3340
1047
2619
3178
1343
4049
2370
939
2798
3652
492
1505
3342
800
1804
1573
37
589
2265
1419
1841
3136
4055
1031
1041
1107
3707
664
3396
2035
4036
3394
1492
1580
540
3415
982
1057
3776
554
1697
2461
2887
2305
4075
2567
989
118
1871
1570
618
3559
364
762
1069
3393
2809
157
2240
958
191
3617
913
1675
575
3571
3257
3175
1915
1679
196
2348
2254
534
3459
3268
1050
209
1758
1741
990
2008
2481
1340
4033
2323
2898
3583
2992
1937
2644
3995
3367
1187
1404
2167
1454
2492
4046
3588
1789
782
2283
2736
734
1502
3103
1923
207
1968
601
930
3672
2402
3824
2766
3576
2591
1327
2288
3856
856
955
2196
262
4059
3045
1635
545
1914
3419
962
1442
3205
691
3845
3724
3994
2789
3893
2710
1317
2424
2440
1998
997
2299
254
2562
3239
851
1521
3563
1140
3772
609
152
2588
919
300
1299
1698
1009
3882
4002
3185
3541
3692
3510
257
1136
1315
2533
2771
2075
91
651
802
1844
1677
362
842
874
2820
287
3489
839
2773
830
701
1263
961
2651
965
915
1597
3722
2224
1319
2869
687
341
643
3034
1972
3691
3946
1685
2098
3311
2125
130
3065
204
2546
3725
3009
2709
2691
2027
2682
1424
1297
3964
2514
1523
629
3390
2133
555
2840
794
4007
2438
1132
472
294
1716
3446
647
3019
623
3228
3399
712
3165
1205
411
1501
1768
1146
380
3740
3292
2939
1601
1702
1158
1043
1259
3154
3071
3788
3718
342
2041
3371
261
3638
1885
3360
1130
2142
3851
2761
1185
3602
2176
724
3337
1135
3328
1933
1081
223
3751
3347
706
3023
3805
1307
1093
1843
2071
582
1595
731
528
1805
361
2327
4004
3218
1957
1086
3840
3608
2417
3212
916
370
1625
1967
4073
3221
1092
1780
3078
1981
847
3411
1514
2600
1711
580
1652
2017
1490
455
126
2029
1587
2183
2138
1121
4082
2922
4065
3352
2234
2769
1543
3097
1979
2465
3372
2989
3597
3700
1028
2699
2217
1761
3838
38
2845
2912
1113
4016
459
416
3244
3429
927
3905
3763
2271
1629
3093
1527
3742
2589
2268
3143
1224
3407
2628
260
2721
903
2831
2293
2765
2078
3231
3531
409
3599
1336
230
1830
2107
2723
674
2486
3402
2856
1264
2904
3625
2082
1664
3200
331
499
3405
3587
3789
166
2515
3243
85
2490
2744
2576
710
2506
2346
2838
2112
2637
3535
1118
1416
2906
3748
2
1458
2793
552
2307
2935
2134
3262
758
713
2963
2359
2746
1250
702
1749
2767
1637
3379
3601
1066
2129
3607
144
635
1302
3545
3387
292
3839
2781
2616
3465
2828
1507
3227
2654
896
1147
467
2930
1244
390
3739
2482
1901
2657
2937
1018
1853
3092
2978
2383
3501
466
422
1266
1682
918
979
3343
1004
2149
3898
2278
322
3752
3255
1510
1232
3217
1441
2111
1792
2081
1656
1615
1479
3141
1669
2714
3181
3401
3918
1735
1489
1459
1537
2235
849
2003
2639
690
1836
1531
1403
2860
3712
423
1453
1463
2846
2905
195
1872
590
1940
27
3873
3631
1621
2890
2688
4069
343
631
3910
3234
1248
98
2302
3290
1840
3985
2832
2730
627
505
265
2841
1726
3892
2960
1644
1529
360
2740
2466
2088
3983
3
689
2314
803
2683
3988
52
374
1438
3266
2587
963
2063
3000
2326
3734
3163
107
187
3039
3083
3279
3308
679
146
3858
639
2648
684
2431
2577
1361
1799
382
3664
218
73
3193
2711
3061
2468
15
452
1085
1346
2564
1842
3366
275
1332
1818
932
934
1670
1427
2120
669
2429
3305
529
1359
2987
1142
675
2174
3484
3027
1881
2130
1548
2236
3713
2336
2948
944
741
1044
2805
736
1172
768
3743
799
3493
1173
2807
1373
1810
2102
773
560
3157
2335
4003
1895
3020
2792
1222
1802
1400
796
160
3912
385
3119
1184
2325
3381
2851
2936
2148
2151
2320
4060
3782
3384
2560
1530
3754
1545
2023
1943
2787
1247
2598
3880
2967
3274
4064
4092
650
3112
1522
2044
3321
81
2019
3232
1518
3647
3123
2641
347
531
2753
2161
3079
1434
3584
722
705
1369
996
3377
39
3230
3063
1690
637
1225
132
673
1390
1021
1880
21
3226
2783
3574
3565
1572
937
2855
90
1884
551
1457
993
1910
1626
2880
2412
2434
2061
1719
798
3659
716
35
1432
2034
1742
3673
62
2827
1733
2115
332
853
776
1774
2538
2200
3886
3936
3443
3669
3507
3386
1149
2658
2991
3917
2923
2678
3949
754
3637
888
336
3288
1164
3671
3852
1860
3792
3016
3316
1472
652
1776
1189
604
4040
2659
2555
3451
3955
1282
949
1609
2109
3087
3837
2480
3118
974
2536
2453
1046
2899
3494
2670
1641
16
23
1746
3978
1035
1583
3333
2185
2830
246
388
519
2695
1138
3109
2493
2816
3042
2399
2871
210
2441
2269
1407
1832
2686
2611
1275
112
1116
875
2757
1099
4011
2566
1785
311
3122
29
1062
1060
2716
4006
3885
487
3369
2000
597
2456
1226
2985
3696
2626
2018
2669
3803
1762
101
1661
1252
3207
3623
628
1494
917
1422
2565
645
3977
1678
3674
1045
1431
161
1154
2933
2068
1405
1320
1863
2341
1179
3848
258
1593
3272
785
1659
1295
784
1508
588
402
491
632
642
3570
1786
3947
2854
3049
1365
2031
4047
630
2024
3560
2870
1657
2996
2124
3990
3832
414
129
622
2108
3410
2973
1300
1963
1312
3833
156
1350
1890
727
3598
468
745
1899
3121
1743
3060
1052
2012
3643
22
177
1234
2090
1997
2243
636
2877
914
3825
2055
3800
1515
3650
3030
1262
2516
829
1406
3089
53
587
3450
3416
1599
1927
2247
3702
641
1575
2829
188
2984
2069
2610
348
516
139
3736
2821
2219
2298
2634
2432
3187
2917
111
750
178
2245
3201
2729
2910
3616
344
2009
3797
3299
2837
3767
357
3169
738
3877
3649
2886
2755
1729
1740
1877
2290
1736
995
783
3993
250
843
3786
2292
1519
2304
1745
1867
660
1995
3007
3802
480
2525
3054
905
769
2476
3059
2192
4076
1257
1324
3370
556
1477
3170
2979
1425
941
3252
1448
1285
1894
2232
493
1064
772
548
1964
2203
3425
1352
3131
2209
3567
1731
1067
3906
2777
595
2294
1417
266
3997
3750
194
1929
2606
3430
2863
730
2713
1070
978
1249
649
2322
786
1220
4088
4044
3532
3223
1542
3547
1385
1961
2028
3215
3612
1650
594
3273
2198
838
3256
1460
1291
1962
3679
890
1639
2117
2604
2583
1692
1821
2104
3271
1668
4022
477
1980
478
3960
757
608
1159
3980
450
2411
2262
3765
1850
2814
2113
1977
3427
3922
3768
2999
1861
3086
237
1010
2364
657
301
2532
2531
1873
2213
3524
3690
3126
1347
2518
296
1941
2642
2101
3684
865
1191
2484
2750
3413
1032
2170
815
2189
1303
887
1383
1600
2884
2966
2175
3542
426
1917
3780
2700
1219
906
3859
283
2015
2004
2180
498
1255
659
3577
10
1485
2547
1725
1610
753
2559
3595
3766
2080
3128
3176
2677
34
1272
1562
3889
1757
3191
3286
1123
831
2205
1326
3720
2607
3984
2223
2752
1153
1651
1023
3935
3553
436
448
855
3477
2575
3963
483
2749
1471
1720
3974
1552
3591
2275
1478
3011
1971
3987
3206
3236
1586
1540
3529
2144
2361
1946
55
2608
141
2356
3238
1504
320
4012
1864
1280
692
64
3242
1684
1732
2308
46
2077
3514
1443
2168
4
4081
1755
511
1737
2499
3414
720
2918
58
3003
4018
497
3021
2911
1767
658
2251
2801
446
1751
2435
625
1236
314
1114
327
3496
940
1556
3793
3605
376
1212
2329
353
2212
3101
1202
1207
2782
1760
988
3822
902
1710
2178
971
2491
1538
4089
717
2542
13
3080
2416
864
404
704
2552
234
365
1851
2059
2784
1986
3483
811
3085
3716
617
3173
2790
3790
1197
1813
2306
2358
858
1620
1983
1499
891
1412
2953
221
2267
3774
1554
440
2889
1306
2652
733
1109
3503
2668
3883
3107
420
2096
3564
3678
3160
3705
2572
4091
4074
93
3812
2502
1613
2584
886
2393
789
1638
4067
1318
1101
935
3651
2337
1276
2924
410
2310
1539
2354
1555
2632
3561
1987
3728
2263
3735
3304
780
1704
282
583
2033
966
3276
3644
11
417
249
2291
1603
3254
2317
1695
1806
1415
3275
2083
500
3229
2422
3630
2114
3105
1493
2928
3897
105
2054
611
613
1366
2569
1839
2287
756
2574
1512
1932
469
2858
812
3835
877
3460
2141
4010
2450
3153
2052
835
2797
2715
1907
457
3795
3287
2233
3426
1316
1180
747
94
3814
2665
565
172
1134
1125
2653
823
1769
4071
1270
2409
2363
3475
2735
2786
2403
845
3161
51
921
1450
828
3398
2131
1747
3811
1764
2874
2865
268
224
3357
1788
1778
3024
2879
4034
1100
2913
1602
1576
100
1653
1598
539
1558
2919
3132
216
3511
3796
235
2418
3836
884
253
1106
1606
36
2959
3572
508
2339
290
3117
2070
1497
2258
3324
1939
1166
999
203
1903
648
2788
3942
557
671
3670
4005
3641
3197
2511
1096
1203
127
2550
70
2760
1304
513
1333
3434
3543
1111
1739
2504
1947
1905
2947
3158
1188
2443
369
526
2585
2093
2528
3902
2085
398
793
878
413
2036
824
2666
3539
2824
1829
3954
3038
476
1090
2521
3182
208
2497
2954
3732
1218
2118
3733
2799
1368
3904
2462
1875
837
2573
5
1584
2503
3715
1715
1568
1976
1025
2747
3196
3180
685
663
3708
1869
2558
2785
1612
1930
3422
1040
3867
3924
3806
168
3701
329
3385
3026
4078
3237
2667
2496
4019
3130
1866
3635
3334
1351
1102
2557
3820
24
653
1363
3945
570
2214
1535
848
2712
677
462
696
1073
3828
1237
1934
2705
494
1112
3327
350
3502
879
1906
787
3779
133
1948
1334
3687
3756
1565
3492
3485
2975
1513
3962
522
1261
4020
2367
1068
1042
3606
3409
2039
1623
1857
3706
72
1658
1094
2266
3478
2725
1526
3526
1376
3920
2436
2226
1335
245
2371
1560
723
1676
1791
1235
2159
1206
2883
248
2156
1341
1734
2612
1517
3868
2692
288
3251
2089
1942
2392
2123
1192
2050
1476
2166
1536
1022
1921
1161
3523
3908
1876
619
1338
728
1896
2136
1627
84
97
1078
1110
119
427
2473
3418
1969
4050
276
2655
2239
1176
1374
2448
2246
1696
2179
3586
391
2074
2057
206
2972
2903
1080
1384
680
163
1402
3633
2222
3260
1027
1567
2551
3339
2794
1328
3412
2165
4026
523
791
1170
1428
2579
2834
1500
3017
2255
158
3860
2708
3091
2795
1008
315
335
1975
1124
3662
2594
96
3403
3277
2197
3125
752
2894
3614
3810
1429
2548
2929
3147
774
3663
2401
252
1211
885
1765
192
703
1038
2445
3186
45
749
1958
190
3006
2631
7
1105
1163
3488
1770
352
3031
3241
2467
3568
377
1036
2064
278
71
3457
2697
4062
606
3549
543
3441
1098
569
1217
1856
3330
428
3989
2581
1201
1296
454
2578
778
533
2681
1588
2106
1268
1547
1103
1544
2882
869
3557
699
43
1846
1571
2671
2897
3699
1157
3137
3375
827
3677
3620
3656
263
1392
946
40
3285
1849
3240
3047
2169
2202
2541
760
2032
2513
3062
662
854
3470
537
1002
2694
2334
970
950
2916
3971
2230
1082
2250
920
1372
2706
576
1616
2776
1216
1807
1139
2982
2698
4066
2743
318
44
767
3668
3368
4041
1165
1924
2079
3082
972
1156
3899
3533
3329
197
2097
1301
3950
143
4025
3737
3219
3951
399
668
1993
304
1777
2772
1953
1988
3881
2184
1787
9
2836
2350
3582
2646
3636
1796
3594
131
2927
1274
1087
1618
431
4030
1349
2733
3546
3280
2796
4028
1922
2368
3843
474
504
232
863
1900
3504
3721
2137
2751
3344
729
695
2656
2264
3923
817
3866
1321
3519
1277
1005
1630
4038
3969
4000
3982
1713
302
3666
1582
1077
1647
108
308
1311
1243
1461
3297
323
2485
124
3738
147
251
453
75
1193
2629
2103
2833
924
1622
3452
2315
2259
2014
1239
199
2938
2457
1436
3043
183
3056
3096
1308
2901
1215
8
841
600
3438
1240
3996
89
3813
3915
1808
2099
3999
3660
564
1474
585
3094
3445
3397
3894
1395
550
1357
2998
3149
3444
2058
876
1916
1624
1783
3992
1449
151
299
2273
536
1908
2154
1577
4014
2926
2527
4057
862
3819
2415
991
2595
1006
2260
117
2390
2720
2227
1465
2010
897
1674
464
546
2507
1033
3114
1891
810
822
2549
1019
3544
3744
3681
3689
3057
236
1401
3710
1323
1498
672
0
976
1150
2195
1455
3842
3110
3436
1119
2955
1273
4024
1288
1614
2324
2295
2687
834
868
3162
3480
797
3437
2949
2458
998
3075
579
255
3849
2510
707
3862
1693
3731
1447
2147
3764
2891
3188
1534
2220
2859
2662
317
3319
1590
1973
748
2309
3676
574
943
2469
150
3872
3472
2647
3759
1325
1283
3682
889
3099
1133
4031
120
1724
1228
3014
2943
746
2802
2638
1858
3291
870
2430
1708
2369
1480
3785
3326
159
2394
3461
481
2990
3823
922
1892
3142
2150
1329
1611
985
1074
1756
3624
3192
4042
1989
2252
3198
1960
220
2387
2110
3937
3925
180
1643
442
3310
1495
1430
3854
138
2190
3363
403
3106
1464
1887
3486
473
1730
2675
2815
74
65
47
3548
518
444
1048
3289
1310
1819
1775
2689
616
2047
164
3621
1898
1689
3124
1292
2204
461
3516
384
3453
1848
2087
882
1160
1155
3035
2405
2768
3134
973
1143
367
3694
2311
547
3600
2352
2876
3104
2980
1671
2276
3581
3214
1183
788
1904
3044
859
3373
2474
1131
229
1439
2194
3358
693
2857
655
968
1167
900
1360
2915
2498
2216
2410
3306
4015
2065
2986
445
732
1210
1420
3575
2660
3525
3474
1309
566
678
4056
3115
2505
938
1520
1344
2593
1723
155
3704
3312
1673
1847
3346
763
433
2728
2374
3406
2413
686
3655
1859
3900
1358
832
2523
1744
1414
542
396
2228
1348
923
2522
3296
490
986
1645
2488
2459
3604
541
284
4027
2152
2139
1754
2895
167
280
3639
591
1984
510
2338
3487
3815
3958
1470
3168
1013
3821
766
2690
1466
1012
2199
593
4077
18
2256
3183
3315
1075
1000
1920
2193
429
2300
2382
4072
3139
412
954
3973
3757
228
1835
3202
2321
14
3325
3618
3749
142
3135
2774
2732
1389
814
3968
2312
2282
2127
1076
2261
3609
4068
443
726
2095
92
25
2808
2447
3816
719
26
277
3213
908
992
755
3944
3930
2853
298
644
1475
2237
2983
1790
140
83
2727
2048
3432
463
3665
682
3948
2964
3929
1128
134
3953
57
621
1897
3204
3140
3303
3593
1364
3264
242
850
1437
3146
434
1127
80
2764
892
115
2188
3933
4087
1065
3417
2914
2037
3940
1888
1061
1797
3448
114
3895
3711
182
2007
1209
4017
2379
2609
2407
3383
392
1826
2839
781
4052
833
3442
1462
3073
711
656
2679
3362
517
1088
1686
1801
4023
2618
3144
1037
184
2153
771
241
2400
333
898
1151
953
3313
2696
2372
901
3001
2360
514
1286
2281
2592
239
2893
2076
840
2241
106
1996
1024
2970
1667
3070
2762
148
437
1718
3335
1182
926
3783
3769
30
2779
1053
1058
60
19
4083
524
330
1665
3903
2571
2345
2146
2971
2160
2328
2951
3439
1566
451
1909
2540
3210
1748
3392
3395
226
128
681
3233
1473
744
1816
2734
1208
1265
4086
3622
3913
1509
3589
3084
3540
264
2270
2221
3249
2902
942
273
1488
2242
202
2042
1330
2091
1421
3102
340
1026
2030
2601
3967
1017
1051
3209
1619
3447
2956
808
2279
825
2158
2215
3817
952
198
1001
2478
2121
2285
3129
3661
2621
1553
1056
3431
3194
2741
2630
3203
3246
3611
32
520
3871
1772
2025
3991
2396
2826
2844
2961
2643
3037
506
2997
503
171
2680
337
3159
2981
2908
3847
1238
1950
2391
2421
3355
2051
1174
4053
3348
3301
2701
2932
366
458
883
3580
1030
1397
3934
2380
3263
2342
3685
1949
603
3184
41
1289
2162
2013
3629
718
325
1433
535
1378
3364
2100
1148
2332
3473
1874
1640
1886
1559
3500
2067
2526
1700
1198
3074
484
549
3747
2494
401
525
2731
981
3658
225
99
3361
3818
48
2580
2519
1496
1079
2822
2483
765
846
2812
1314
2866
1631
1298
1820
2495
2286
2888
67
3926
2529
3615
2187
2817
1271
3853
507
406
3150
176
123
3469
3596
1380
1936
1574
3440
2684
1721
3454
1883
356
1563
2754
4032
425
2758
2191
605
1549
2873
441
947
1608
3657
185
3573
1750
1532
259
3345
2172
1260
447
359
354
697
1117
2921
2171
634
821
279
654
2674
3317
3578
3076
3463
3927
2613
3155
2508
624
813
1753
1596
688
3455
2640
2376
2590
1579
3688
1578
2663
4043
1129
1387
3939
2962
3534
872
3834
3318
3314
88
2449
620
1104
2460
1707
2425
1011
1811
2426
3351
2635
68
42
3914
3855
2038
1084
2968
807
2173
4045
2661
2759
2878
2818
3931
1370
2284
1564
1794
804
76
2045
1793
1137
1284
4013
2925
1186
1782
2556
3220
2952
3746
3052
3008
3888
3302
2208
3807
2455
3111
2105
2501
1281
2537
2554
1229
3998
2957
910
725
1049
2615
867
270
240
3896
3554
59
2976
271
4054
212
3846
3884
2676
3911
1287
3353
3642
3907
880
2545
54
201
899
3709
4094
1452
3719
1356
3216
3943
2073
3648
577
3957
3865
2627
2872
267
3741
980
1852
313
3878
805
3654
2539
3145
2479
269
2182
3844
2617
3932
2297
1367
3208
3222
2066
3081
408
3695
1824
1267
1168
1663
2207
3421
3167
1491
95
1355
3341
2313
743
2006
475
2811
1978
936
295
1122
3515
3378
3495
189
1636
1632
2349
2726
2875
3804
983
3374
1486
2086
2791
2406
3538
3322
1705
1912
2544
2622
2211
2819
3282
1396
3069
3095
3645
460
3909
2603
3536
3174
2119
2464
1426
1862
1322
1966
2049
567
777
1253
1660
1838
2852
2596
3874
110
2568
3336
646
3018
3022
2825
1974
169
742
912
1097
3113
1440
4048
3829
1763
764
2373
1655
3090
984
165
1959
1662
2775
1171
3108
3247
3064
1935
3970
3798
2181
2301
1345
415
1221
2274
113
358
471
135
3921
2745
56
2780
527
2446
1902
368
3012
1868
1550
3050
2238
2881
61
775
2451
3382
3778
957
3634
200
2331
3975
4009
1557
3248
3864
1144
2344
3680
421
1506
1870
4039
3365
2333
2385
2602
3966
3928
4070
1445
3528
66
2664
418
2471
424
2094
3435
1386
1648
2126
2163
559
1809
1190
904
2155
1194
407
3941
3376
485
2343
1855
3309
1822
2122
3164
1551
1290
3462
661
227
1642
3697
515
3808
2353
303
3058
214
4093
501
700
1546
2043
3482
1701
2330
2231
2770
1223
2756
1759
1581
2543
2849
3558
1177
2703
871
2737
1411
2005
3015
1016
2470
1955
1795
3002
509
2272
3349
2993
2524
3627
1089
3491
857
735
2553
1524
2942
602
3831
488
2958
1833
1591
2570
3579
432
2016
3458
125
1214
571
2586
893
2143
3761
1928
2366
3053
3827
1893
1408
1944
3481
1483
3127
1469
1827
2135
2614
3269
1722
496
3466
286
3745
2463
2404
2218
2517
3036
3777
3879
615
328
1339
626
3041
104
3116
3424
2472
397
2253
714
959
2414
1812
2439
1141
1294
666
2011
1482
2941
470
3189
512
2623
3762
274
2303
1371
2386
1992
3787
1738
3258
349
3380
2864
502
2530
2810
1712
1882
2225
1054
3048
3693
1382
174
2437
581
3841
495
3046
1717
1815
1879
2477
3830
3727
1589
2500
20
2395
610
1342
285
1020
598
3235
770
3138
1108
3552
4090
4084
312
818
2724
3890
819
881
1337
1834
3518
977
2316
852
3675
1503
2896
1918
4037
929
3870
1398
3619
3506
2201
1126
2512
2423
1628
1889
1817
4008
386
2633
3098
2442
289
3522
1423
676
1152
1607
435
809
305
291
179
1377
2944
363
3714
3423
1925
49
