2967
1283
4088
1393
1935
1276
829
257
3987
2716
2549
2565
3127
1831
2713
504
1672
2650
2197
1862
4029
43
2028
483
4010
206
253
108
873
1780
347
1826
216
1857
3835
301
3666
1095
2968
272
2550
763
1034
562
1424
1096
1285
3241
3094
3473
4080
1332
1901
2538
2924
2037
2072
3818
2046
2547
531
519
3089
1083
1195
3781
2790
2603
4083
975
81
213
1889
1771
2291
3053
380
1695
3922
2985
577
338
2187
4015
1690
616
1476
1816
2841
3107
569
1241
3264
1694
3755
1968
395
1795
1916
3803
1065
1129
3948
220
143
3173
3556
3204
3889
3999
3824
3800
48
4045
3887
2283
1234
1149
1985
1668
2426
241
2869
3822
2184
2811
963
2925
1905
786
1944
449
2758
2776
1342
1932
608
951
557
2479
811
1578
1356
2753
3057
3918
1103
778
1829
3070
3234
3277
877
2837
685
844
3393
3459
14
967
1059
1836
1431
545
1692
1240
2361
245
3342
3611
1965
1535
3827
2690
1648
3522
430
1957
3210
767
1312
3935
560
3049
100
1028
523
1522
712
3431
768
3863
3513
2834
3625
17
2343
876
3509
3415
945
3029
115
502
1454
274
574
240
2155
871
3952
1363
1532
1293
942
1996
3179
3186
138
780
2994
705
1435
3663
1286
1029
3855
3084
3149
1160
902
1289
914
1223
3907
1364
2873
2199
2807
1140
2859
639
2833
1231
170
3546
3753
3304
2649
72
950
920
3219
2941
3496
1994
1238
1510
1376
3607
4056
1375
776
3504
1508
2009
3273
3117
22
179
434
3013
2527
2687
157
916
3176
1466
2895
3798
110
2132
1948
3543
363
248
3072
3501
3340
1890
1369
2048
2868
1220
2736
3486
1856
2366
674
1092
2951
3052
2857
1294
336
3892
3896
268
1902
2455
3908
0
2556
312
1712
3230
728
2159
1462
2536
492
1727
439
585
263
2643
919
624
905
969
2862
1667
3597
3531
3596
1839
4017
3806
1176
1974
313
3722
3108
264
3566
3164
2041
1370
1416
3576
164
1796
1637
1910
851
2675
3561
147
243
1127
1512
3545
3503
3883
2332
899
2234
3759
2076
2671
3381
2592
1872
2014
367
390
2165
3568
3279
1571
2494
168
658
2342
2706
3872
3388
1318
4050
2506
2312
1319
2879
2523
1467
2221
1030
4
3650
2017
1085
2340
3934
412
3923
2233
3455
886
1561
3604
2929
1792
955
1615
2534
3704
1881
1907
1346
2130
1669
1079
587
3567
1486
3175
404
3355
1320
3246
2581
2752
2972
3674
2751
1367
2292
2400
1021
2325
1071
604
3516
3708
1441
2802
2786
3601
356
1926
3574
1003
2336
79
2819
3499
3216
1281
1439
2588
529
726
1087
1866
1705
783
3406
3937
2561
870
3997
1526
1358
2297
52
3407
2765
3262
1181
3771
2360
288
1162
3856
2578
2051
2237
1823
1107
2411
2712
2632
1442
1791
3792
1666
3549
2593
2468
1553
2986
1183
1359
3873
2720
1404
3354
986
695
476
2409
1296
4046
3638
203
1911
2088
3626
3520
3383
3845
2659
1235
1543
3900
3497
4006
2248
1768
3293
968
2123
471
1239
3411
2571
1671
1242
1621
1492
1819
1219
3133
234
681
1893
2693
3065
2164
2539
1456
2909
1253
1463
2269
2521
1587
2942
3716
324
3998
690
3141
3867
3577
1334
3487
912
391
2573
1688
1947
2402
2290
630
19
421
2918
1566
2591
526
3377
1115
2334
1314
187
4002
3938
92
2962
1018
2562
1642
339
2817
105
2668
2692
1815
2580
1114
3437
2079
3259
1306
1362
1128
2146
3306
1192
918
2685
2373
623
2947
2907
2333
3885
576
1824
1080
901
2998
3240
2554
3660
437
2374
3848
2543
598
2101
3059
3676
2510
1047
2585
2801
2440
1078
2518
2437
2917
1616
2474
2676
3438
3857
3260
1760
1250
1634
1550
3661
1513
2278
1168
1896
1540
1903
714
2804
2497
3345
1474
1785
2976
13
3789
858
212
2035
915
1523
1206
1638
2958
3761
2293
693
3252
2711
1521
2277
2192
3616
57
2922
1632
991
3683
1173
1094
765
1194
320
3078
4069
2674
711
3587
452
2878
3371
1070
2715
89
4020
1041
2495
2149
3068
58
489
2089
176
1091
3684
469
159
1978
3850
1043
3527
3198
3426
1010
3949
1665
3972
136
3138
1661
2127
1841
3212
3372
371
538
1228
4028
1074
1475
2656
932
3142
3960
2541
3532
3784
3962
2891
3606
3081
3019
2563
3902
2779
3270
3154
3014
3620
2507
67
2415
895
1527
3686
2282
2865
2391
349
3720
2863
232
231
1567
567
1156
2589
563
1008
1450
2526
425
1437
2345
4066
2890
428
582
394
2830
2983
3802
2991
1961
233
2299
1854
98
2173
3673
91
3446
749
2414
2826
946
3423
1076
3124
3705
2530
925
3494
910
702
2352
1145
118
2284
3091
1827
2013
3192
3418
989
194
4047
478
2386
1045
307
1428
2964
1084
3196
2047
247
2139
3287
540
399
2820
192
3319
1067
834
966
2654
3558
1511
4051
1698
640
2434
1882
3627
155
3541
1546
611
907
250
1052
1525
448
544
3461
2102
3768
1838
2427
3228
1158
1138
295
884
2867
5
2737
1729
1734
852
4016
94
3814
3452
2201
53
2038
837
1673
1255
2916
3737
1316
3782
1524
3008
3976
2952
1757
2166
1251
2168
214
2182
1809
3134
2513
2311
3224
1732
641
1031
1198
736
3816
1432
1137
30
3727
1175
3595
1288
2710
2030
37
3329
657
2528
2412
718
302
542
280
856
3658
3725
183
2734
50
758
341
631
2568
2699
1887
1744
738
793
2224
3699
1708
2995
1396
369
859
3786
731
2821
1208
3399
1275
3093
2769
335
930
236
427
2923
1977
1301
2073
799
1315
2709
1595
2227
3807
2082
2249
3333
193
261
490
2475
88
211
130
282
3971
3139
3590
20
1828
3502
3302
3061
378
3635
2287
148
4086
2124
1740
1099
1302
2996
376
1774
3160
1696
3589
77
1759
2992
466
2517
998
890
2195
751
785
2658
2514
3801
3919
3615
3986
1381
826
2559
584
2242
2978
3946
3076
370
4018
2039
1227
1863
3523
3795
226
3765
524
867
2078
2904
684
3334
3809
1408
2816
419
316
710
3244
403
677
1352
63
3964
2814
3812
154
1674
1909
219
897
1104
636
3603
1925
2852
446
3977
1761
1846
2151
1360
2303
1072
3823
146
59
1802
2944
510
459
2198
3777
3447
3652
1060
1341
2774
3921
626
2176
700
2466
416
1027
290
3744
3876
774
3544
1612
3363
3861
1715
1222
3548
18
62
2006
2771
974
2500
2228
1480
1503
1216
3917
3243
1178
1982
3110
122
2596
1287
1918
2062
3083
401
1964
536
1002
1039
1908
1992
258
892
78
1548
2498
552
2472
468
770
1643
2963
2315
2794
1721
515
2449
879
104
1445
1997
123
1264
2950
1415
2908
953
4034
3721
1904
457
3004
1351
127
1117
487
3408
3413
1204
2137
3317
3700
1691
3865
1499
4023
3432
1950
384
3183
3830
1988
896
309
1269
3664
205
2965
1610
1549
3075
1845
730
2906
1701
4033
222
2485
600
815
3787
1906
2212
184
1952
2196
3582
1380
3444
1174
1389
1564
568
1019
190
566
1749
3799
2483
3017
2267
3500
2216
704
408
2446
2609
1217
4052
516
2049
2065
1373
1594
1013
2885
2095
2653
2172
3189
720
3767
1032
2308
1789
3301
3739
2749
1969
3289
2451
3348
782
507
1810
3979
3453
3001
2487
2747
4093
3662
3315
715
2698
3064
2670
3099
1347
74
808
3024
2024
3450
2956
2416
1469
99
1384
2733
588
1539
3881
3838
1575
1580
2855
3263
474
3343
2787
2203
1945
3752
3479
1844
1808
625
2932
3365
928
2914
528
1682
917
366
1917
2096
475
3973
949
2362
2367
3298
2832
242
3811
835
1436
549
2439
488
2748
686
2828
3864
2604
2170
2610
973
3514
4079
3131
2678
642
3813
482
484
512
2104
2979
3958
2627
3350
1354
15
869
4021
1205
1710
3265
3221
1654
1928
3927
2608
1557
1754
802
1630
60
1608
1680
420
2069
794
1446
3245
2915
2310
3465
2900
3715
2532
3693
2625
2085
2792
609
936
3730
4058
4030
294
1833
389
1443
878
821
3963
3421
2285
3352
2594
1225
3335
2183
1956
315
1152
2492
1423
3697
2441
1134
3111
2846
2880
1551
792
398
2288
1215
2785
1703
3003
3653
2262
3231
2432
964
2595
3831
1859
1770
3400
661
3557
3631
3136
2768
266
3711
150
289
1026
838
1750
716
2703
2599
2417
3608
3696
3617
2156
54
696
3728
651
3854
1779
1755
1139
3290
1636
3742
2075
3096
2847
3836
1274
2355
44
3572
564
790
3995
663
3769
603
1834
3199
2404
1135
386
423
2268
1765
2213
828
3396
546
45
1025
1457
1089
1983
1613
2788
1633
781
3581
1572
2305
1399
463
3842
1736
1743
4091
3912
1716
3914
845
2307
824
3310
2452
3877
3508
68
3043
3563
2722
3281
1886
2142
672
2884
2721
2316
3042
2083
2476
3791
757
3929
158
2370
3888
2002
3090
703
1794
601
1700
3481
259
1781
3555
1811
1786
3484
3247
1126
171
694
1804
1150
1913
752
1229
2317
2112
3121
1118
3022
2938
2579
21
1272
2328
1733
151
4090
534
3790
3339
3030
260
3203
1154
3551
3202
1
2469
3903
2108
1586
2392
1146
3471
227
3249
2810
3300
3826
3274
927
532
889
2808
1496
3207
396
238
3476
2191
3530
1180
750
1589
2746
2393
2239
1555
285
132
1444
2640
1784
2406
1081
2115
1383
615
923
3404
3738
3630
2577
4076
2042
3966
3954
2486
1165
1131
689
3032
3851
3740
137
590
1284
2359
1895
1764
2812
3521
2756
2759
6
701
2800
2783
246
2990
943
314
2350
1879
580
2133
3760
2679
2905
1704
830
3552
1082
1847
2731
908
572
723
2210
4042
1556
3622
1825
2835
548
2754
732
2702
2241
2357
904
929
3443
2405
3442
2442
3675
2215
1038
2319
2853
166
2636
2090
2717
970
39
1098
725
3018
3113
1803
891
983
2217
3957
494
3267
3991
432
1379
2347
1830
2491
3578
131
2806
209
3926
329
467
140
2129
2054
846
2478
675
3910
3424
4087
872
1504
3092
3148
3648
178
3414
3647
2087
345
2110
1109
1237
160
1105
1213
319
27
993
3145
3483
2435
3181
653
3163
2093
2770
413
2259
3321
2396
3217
1563
3898
2289
456
1209
1509
3296
3180
784
451
2143
4026
1544
3297
3194
3974
3542
4072
1036
2645
1403
3602
85
3834
1877
2680
1782
2856
2851
381
1291
3211
911
2158
3292
1537
2682
2204
637
3712
2272
1739
887
344
2421
2256
3618
3886
2584
2504
1172
1871
1278
4074
579
1684
3599
1391
1860
1927
3441
2050
291
3197
1585
3328
691
3405
2892
662
2464
3291
3428
3351
3564
1193
28
3837
3669
2020
3953
1797
3992
4077
745
1189
1919
1401
2875
2450
1620
70
1528
4062
610
354
2337
1972
2836
812
1560
1201
2652
2324
3425
2257
810
1112
2171
2206
1344
3071
1124
2825
485
3023
1282
1756
1392
796
24
2205
3367
1936
3466
1144
1056
3718
125
1605
2583
1440
721
1329
3880
3378
2864
3667
1167
764
152
1986
1057
3147
634
26
2689
643
2330
597
3928
1573
1097
3562
196
733
3036
275
1989
1937
3067
2842
61
4043
1120
1783
3526
2019
1940
2839
2431
2167
667
665
2616
2782
1249
1421
1122
3560
3006
3519
46
38
2265
340
286
3689
3239
2493
1141
522
3750
1813
400
3764
3007
3882
3967
1622
218
1635
3389
3130
308
1552
3741
2356
555
3227
965
1035
195
4089
2572
4082
3766
2202
3980
3793
3944
1865
3547
885
3214
3456
2587
1495
1959
414
3773
167
1472
3330
3364
570
267
3153
1747
2977
3866
3920
3376
1506
635
4013
1221
1374
3983
1601
4024
3707
2098
1531
2245
66
1116
1579
1186
2382
748
1858
2773
3570
1946
1954
3155
2261
1650
3815
2503
1182
3776
1530
3591
2163
503
2344
2144
3357
2188
2060
1014
1520
1758
1891
513
3681
1273
984
3184
303
3474
2919
3897
3213
3645
29
2874
2105
3397
565
3488
3021
3554
2673
865
2496
2372
2969
2399
1157
2542
93
2845
722
1218
1267
3238
156
1832
3025
4064
3690
2238
1941
3045
2302
1873
3282
644
4092
4094
2574
3172
842
3360
3732
4014
2560
3358
862
1230
221
3869
1136
201
1899
2003
1049
766
3941
933
868
3553
1212
1142
1837
3637
2
2872
281
3391
2564
458
2135
2178
2490
762
3151
2353
2145
2106
2300
239
3261
2725
1818
2899
1245
102
3713
2214
3087
2162
4004
1191
2018
3109
3002
795
573
177
2179
479
1088
304
709
1248
153
3387
652
2934
374
3878
3233
3309
1448
4027
2223
3629
2987
940
3524
3695
3346
893
2482
3575
409
3743
277
678
2092
2381
4031
2948
629
1372
1471
3205
1012
1730
2866
402
2971
364
813
3859
1800
2729
990
2988
1629
3327
116
3178
2346
3573
2244
3644
613
229
3222
3717
2480
362
3703
2928
3324
3255
189
1479
2341
1501
2683
87
1044
3951
2973
1388
654
1790
2789
2939
411
1999
679
3868
3256
1647
1261
1600
3763
2624
2714
375
2484
1243
1971
804
3254
3540
521
3930
1077
3719
1331
3593
191
825
1963
1054
960
107
2894
3778
3226
223
3702
1260
265
1822
1568
1640
3756
1853
422
1207
832
97
1465
2208
787
1569
80
119
2824
592
3490
433
3797
355
978
3102
1618
3748
1517
3905
4022
1298
2280
3401
3284
708
3005
3762
3820
1058
3978
1547
2661
3685
3909
3457
2623
112
215
2657
1007
2597
3386
2043
331
172
3511
1468
497
235
595
1256
2598
165
2007
1801
3585
931
1353
2084
1663
3120
727
3894
3469
293
174
3775
952
1405
913
2369
2418
2097
1169
605
2057
3659
3200
935
4041
1063
1005
881
2849
1706
1805
461
754
1662
2860
2740
2011
1507
262
3161
500
1323
2723
2767
352
368
1125
3506
255
4054
2335
3314
527
3215
583
3422
906
2501
3510
1714
464
3392
874
847
3583
517
3933
1678
4038
3679
833
144
620
2364
1849
3402
2822
2458
2279
4035
2152
1488
1277
2662
3336
2975
2889
1190
3495
1592
3375
2230
2511
706
1753
2232
3605
3639
2211
3672
326
1799
3403
2697
1933
3493
2423
3218
3073
2775
2276
1788
3040
252
520
3369
3821
2997
3097
3165
2209
3472
3710
3651
1821
4008
493
3016
1645
134
1177
2321
388
415
1874
2126
537
3691
3326
2444
162
1898
1202
2893
3323
1651
2313
1073
1459
1748
1203
3185
3000
1200
1009
2621
3420
1599
3104
1004
208
506
3825
3535
1470
372
1330
3337
4019
3026
1867
1024
4055
2877
2339
2260
2558
2348
924
1226
3129
2732
3600
2738
405
1659
855
1279
1304
273
1500
1607
2005
202
957
4037
3794
1366
1868
1197
2546
2294
1460
1658
3439
1292
3613
276
73
383
1493
3046
4073
1387
992
1912
1211
2933
3988
977
3733
2798
3012
217
2823
1558
1762
981
1883
2323
2266
1371
3858
2663
2615
3482
1233
181
1670
2981
3586
556
2854
3285
3636
325
1075
2727
3758
3891
1271
2745
670
3852
2094
1402
1975
2378
2459
3726
3550
2055
3706
2930
3146
3050
379
1066
3027
3694
1565
947
1934
2117
1943
3010
1257
4025
1930
1627
2876
2612
481
1574
3362
270
645
3419
2648
3128
717
1214
818
2684
82
1461
306
860
2694
1327
3033
84
3266
3804
3671
1991
1406
2535
3157
2750
1746
2193
3536
648
3380
3757
518
2537
3276
533
875
1604
12
2742
2614
1562
2701
3969
2074
2122
3385
139
673
1494
2639
3692
480
741
1888
343
111
477
56
8
1677
3295
3746
2236
3257
2940
1581
2240
1763
3734
3624
2903
2157
49
3225
31
3810
3940
2760
1414
9
426
941
3123
1793
1409
3325
1812
1623
3968
2445
1598
1570
1326
4065
2410
2175
3925
2218
3529
1929
3028
2984
2626
2708
2799
1502
3525
2637
2509
454
2778
2052
3220
296
971
2253
2061
1236
3232
2633
2461
909
2125
1603
1656
1147
3436
3395
1976
1641
649
2481
4009
2886
2502
1719
3961
3772
4057
3959
441
2225
3945
3086
1308
2781
2419
511
3195
888
3368
2246
3965
3840
2036
994
1425
1588
3159
199
3901
392
2471
2882
1382
594
1955
1876
1170
1143
1064
2354
2304
2525
2613
3038
3308
3272
3584
1741
3687
3374
3846
1262
350
655
2910
1498
3970
1153
2100
2301
3166
1259
2540
3612
3463
1949
894
1123
133
550
1664
2034
3115
3785
2077
1724
2974
3994
410
1328
3015
1011
2881
4044
1767
3223
3193
3101
697
883
2467
3448
1745
269
2462
2619
1870
1725
737
2631
207
55
1981
1100
1418
2743
2813
1355
447
2552
840
3939
3320
2306
2169
1048
40
128
1132
1069
3879
3492
2250
2114
1023
1597
1639
2200
1270
3341
103
3235
1478
2672
3955
1410
3044
719
353
2529
3209
2935
3468
2898
42
3680
1554
109
2921
959
3623
3724
937
743
3275
486
1892
1628
2271
1307
2026
254
3779
921
3640
1878
1900
443
2031
1368
1179
1290
2448
769
789
2430
120
3169
948
1161
2669
1482
861
1817
621
2064
3628
1340
2780
988
204
3893
1686
499
237
1166
3780
2053
4071
843
1497
2700
1713
2644
2033
106
2691
3829
4007
753
3206
3201
1046
3250
2566
2641
559
4048
3464
1542
3808
2757
360
2600
599
2705
3633
2695
1385
1693
2660
2298
744
2569
2422
2286
2605
35
683
3258
3657
2113
3947
1653
3409
669
2160
3177
2363
2829
2470
3356
145
185
1514
3990
1582
3805
445
996
3416
777
2407
3565
2181
3646
2843
1000
666
2118
2309
328
3996
3841
3989
2761
547
3844
841
2116
1417
3538
69
2901
357
632
2763
2071
1413
1297
4012
1365
4067
596
86
3491
3338
465
2719
3054
1111
618
2570
121
3993
1452
3847
1894
956
2258
1875
2021
2815
979
3950
3359
1268
707
1490
1254
1722
2576
2150
2911
734
2103
1897
3373
1453
2677
3294
442
2177
3517
1617
2109
3749
3853
351
3143
2764
1709
1390
1998
1484
800
3489
1591
3435
1050
999
3269
2375
1303
2980
3060
761
1477
3911
3
3614
2384
2032
3477
3770
2394
1842
976
791
3774
3924
3288
571
954
2408
1022
638
3126
1518
3191
1984
2557
1394
1110
3079
4084
4060
1426
3915
3140
2628
508
3316
3158
2622
3682
1778
180
2726
2858
972
1400
1880
1923
1151
2567
1451
2508
175
3299
735
1280
424
3037
1324
2460
2548
2840
333
3467
2531
1411
1037
619
2970
1017
647
3512
2655
2793
676
3361
117
2008
961
3074
3152
2982
3984
3642
1806
1685
2955
2068
3398
2436
1516
2194
806
2128
1051
2023
1720
3656
3280
3665
1679
756
1980
3382
1427
2395
2180
934
2388
3242
2247
3478
3480
2959
1322
3020
1960
1491
186
740
1655
4003
1675
1752
1438
3458
863
2642
473
3475
1378
2791
1584
2099
3156
359
1357
4005
543
827
2379
2056
2902
2220
3410
1422
1942
4039
3051
1377
2744
210
514
1852
2912
2465
1922
2927
1728
801
2844
3088
3305
3427
3412
1687
779
1473
2226
1258
300
2385
656
462
4000
188
849
161
4053
1311
311
3904
2630
279
2665
1263
2707
95
1973
173
2022
903
2888
775
2520
3839
2629
1061
3619
1042
2252
3736
2147
586
2696
1840
773
1534
1040
3609
1343
589
1723
2161
1483
2413
3208
450
1820
1590
3874
2818
2522
2728
2620
2456
2134
2380
3936
3981
3533
853
1093
3171
509
819
3349
498
836
1776
2755
3641
668
2762
41
2896
803
1711
882
317
980
1533
3174
1295
142
1033
2371
334
2264
4001
1737
3082
2488
646
1814
2044
3819
817
453
1199
724
2154
1979
3449
4011
2601
299
3041
3055
854
593
1718
322
1430
3167
3253
1133
2368
809
1412
342
1596
1646
2219
864
1055
3698
3034
3031
460
377
822
2870
124
1337
2067
3119
141
2989
113
3370
3498
2081
664
2318
3985
3118
1335
3112
962
558
3433
729
1676
1990
2059
3709
1850
1536
2329
839
1697
3170
1619
3417
65
3278
298
788
3860
3796
1848
3942
1386
228
3913
3313
2463
3655
1538
2553
2704
2389
2314
472
407
797
1861
1958
4063
2664
283
698
1835
3150
3862
2590
2618
820
3236
1106
3828
323
3312
3122
2688
251
2545
3632
2358
2231
1485
2263
2667
1016
3318
75
2681
1702
3011
3956
3384
2861
3106
3303
1068
2505
2174
36
1164
2251
11
3105
2254
2777
939
3594
436
23
1310
3701
1053
287
1577
747
3678
551
230
3331
71
1885
2111
606
4059
2320
1689
3430
2887
16
3539
3035
3058
1252
602
1224
922
1683
2784
3610
3670
1602
3039
1006
759
361
1102
2735
2607
1931
1707
1119
3347
1914
505
3103
1148
3187
3832
848
3870
2931
444
1299
1086
2281
772
1855
2913
798
1951
2326
3085
2850
64
2954
2338
2827
1699
382
2606
2447
2235
2943
1787
535
3311
1987
2080
3056
1920
1660
3505
34
1348
525
3237
3344
3445
3470
1130
2383
1325
2897
2429
1481
2327
1652
1458
938
3849
2401
3188
2477
2420
2883
96
225
1609
3735
393
2634
2274
3394
3307
3677
373
3592
1576
2148
3688
2838
760
3229
2926
2575
926
1614
1869
2949
3135
1644
2718
3906
1321
617
1939
628
1545
2131
1611
1090
539
2803
2029
2107
3884
1735
1626
2809
2920
3137
1101
2438
2966
1559
47
249
3182
278
2397
660
823
1967
627
224
3745
3353
816
2025
1775
1455
4075
2004
857
3268
1171
126
3114
591
3668
1798
1184
292
2646
470
1649
3579
2516
1449
1187
850
2741
2457
1300
32
3943
3723
3528
3982
2555
83
2045
1361
3462
501
200
739
2425
2403
2296
3047
3098
1625
1505
831
4068
3871
2398
3747
2190
2582
2424
2473
3518
2140
2666
495
305
1624
417
2040
987
2512
332
1541
3248
682
310
3843
2351
3895
2617
4049
3063
3322
198
438
1924
2015
1593
692
3485
3569
3783
3168
3751
1398
1265
4040
622
1766
114
2331
76
3714
330
958
2121
4078
1313
4095
1163
1397
1246
1309
51
2063
25
2222
2138
713
327
2937
2635
3890
2533
3080
1247
3390
406
2945
1062
1717
1777
1350
2058
985
1487
321
346
553
2390
2651
1772
1489
2141
2136
814
2186
3931
129
2499
3162
2805
1751
1851
982
2091
1864
1419
3132
1962
2189
1020
1970
2946
297
2724
1196
1333
1336
1515
2796
387
2647
1349
431
1519
1726
561
2270
1232
2871
4081
284
3788
2066
2831
163
1966
2275
3731
1305
2454
1769
880
4032
3833
135
1339
1155
3190
3379
2453
90
581
900
2119
680
1420
4070
1210
348
271
2961
2957
3366
3875
1188
1345
3144
2120
1529
101
2524
578
805
3932
771
1185
10
3332
3598
2772
746
1738
3451
2519
3537
3899
2515
2739
3654
1113
671
614
455
2016
3729
1464
659
2376
612
3916
866
3634
2797
3251
2255
3559
1447
3077
440
3515
182
2349
2365
2387
688
1631
3009
4036
2377
3283
2848
358
575
1108
633
1407
3571
3588
1015
3271
2027
4061
2207
1773
1429
2999
397
3507
1433
33
3534
418
2730
318
149
944
2428
3649
3066
2489
2273
2443
807
1731
3069
2322
2012
429
607
197
2936
435
2433
1244
1266
1742
699
3048
2010
3429
244
1953
1884
169
554
365
3125
4085
755
1121
2960
1915
1395
2544
1921
385
1843
2000
1993
2070
2586
530
3062
337
995
3286
1807
2953
3975
997
2153
1583
2993
7
1938
2638
2086
2229
2243
687
1338
3100
256
3580
3095
2611
2001
3817
2795
3621
3754
541
2686
3434
3460
3643
1317
1434
1995
2766
898
496
3454
1001
491
2602
1657
2551
1159
650
2185
3116
2295
1681
3440
1606
742
