210
187
948
1195
3654
1155
3159
1629
1266
1156
3376
1150
3526
3904
103
2920
4036
4041
3193
1540
63
3046
3003
1281
3843
3051
2946
554
184
2723
3042
3882
1902
258
2409
970
7
3759
1326
2538
1661
865
1908
669
1803
4007
3996
253
3120
1462
2163
1169
454
999
3180
396
3874
2867
2226
2262
1647
2865
2417
609
2371
384
2631
650
3254
3064
2536
2439
1825
239
766
1072
2863
3688
3808
2531
1545
3138
192
1296
544
813
336
3488
200
1669
1183
2632
281
3352
1808
2653
3708
164
2902
1513
2681
2298
118
259
589
3979
1849
785
3434
1059
3696
120
1097
3430
1895
2434
1696
3211
3067
3986
1291
588
445
1231
2801
1563
3938
3400
272
2789
1354
2347
1267
1048
497
2951
2892
1899
2551
3840
1271
571
1699
3912
3004
2106
3271
3001
2614
969
957
1673
225
354
3302
1842
591
412
1151
1259
347
1223
2809
1406
944
2196
1483
3816
671
2391
3347
628
1797
2798
2810
3090
2152
519
1557
2702
2700
2485
1656
536
3574
3858
790
2443
1309
3580
448
993
1674
2715
55
2820
3050
1877
547
1382
20
1192
1792
3768
1907
2784
2335
2074
3047
2672
1926
4092
583
2301
2908
1312
3322
3104
1668
2547
2131
1356
3259
1687
3503
3731
1507
1516
1279
2535
2552
3554
3081
1561
2154
1044
2572
3679
1184
138
2184
318
1607
221
3926
3129
4079
216
758
3333
357
2159
2530
4048
1362
1027
3391
2687
2339
1095
1375
1737
2033
1554
337
2634
3793
2144
3308
686
1056
2893
2578
3089
812
654
1301
3818
2734
1782
2016
3604
1434
563
2190
2212
2766
2161
423
3692
3092
105
1572
2617
2510
3139
1832
61
2177
1077
949
789
2483
3247
460
3999
2623
1345
3115
1098
2081
4076
1482
3691
545
3160
3263
1740
3829
3714
1421
688
4040
1522
3930
872
922
1466
3624
2826
169
1978
141
1093
1660
2481
2384
434
3380
1433
3795
1626
3997
2123
2294
1942
3572
365
30
2297
1199
1458
954
1913
4018
455
4080
1705
48
3388
2164
1928
2917
3453
2888
1430
1051
276
794
254
2589
1021
3507
3014
2703
979
2761
3140
4069
3562
351
1088
2495
734
2889
51
914
925
988
133
390
3826
1587
2329
465
994
660
2679
2410
3398
1322
303
573
3403
3103
2922
2307
602
809
3664
2797
1197
3016
1194
615
606
1451
148
821
4065
1692
1930
613
13
2142
1454
1171
4056
2739
2324
2539
2083
1866
4
2214
2193
459
2750
664
1931
3079
3117
1367
3428
1790
2937
1584
3297
1487
867
2143
726
122
1646
1286
2780
1643
3083
3835
3703
2852
1952
3318
2060
2471
3272
3550
2626
3560
102
1713
2104
917
1157
3316
3899
2670
2276
1018
1712
500
2665
233
3618
2243
1147
1373
1579
2175
3587
833
362
2866
3330
1348
2401
125
3078
1008
87
674
1470
645
1531
1919
3221
1205
3548
2997
698
2775
1844
252
2688
1591
1760
368
1645
3253
1759
1839
2616
3025
1906
2217
1956
3535
1316
885
400
2141
2361
140
2195
1315
1380
3224
981
3838
1569
978
2050
2876
1731
2046
2400
666
675
1490
2480
2117
1698
93
3592
3244
1768
2602
2685
1319
659
2545
1381
1028
878
1853
227
1448
2580
2325
1181
770
2851
1865
2096
3219
3354
2038
1249
2844
127
1120
2717
2356
3273
289
1821
3774
3094
3861
2559
401
2125
179
3456
2192
1002
3262
899
614
808
1416
1066
1391
2741
781
339
2120
811
2601
3700
88
3976
3788
662
3153
4039
16
1882
1680
3775
2308
2949
46
3134
2821
2950
422
1436
399
844
188
110
1468
2650
2733
1009
4014
1074
297
3959
2148
1215
2924
3939
3753
1751
600
1344
4032
2544
2858
1213
2771
1802
3711
3689
1475
2086
453
1981
3356
1864
389
2014
3069
2484
1163
4052
977
1690
160
1250
2548
2925
1328
1413
1379
3116
3392
2690
2754
2581
2092
3963
443
2974
2183
2321
3891
2366
309
1914
2098
2746
280
1455
2351
1829
9
566
629
3619
2020
1793
1460
2561
1104
2250
2697
3916
1932
1903
837
1735
1879
326
3367
1597
2227
3176
1738
2781
3746
1494
430
3361
2215
256
3778
1742
2061
346
1090
3236
34
950
1948
496
3143
897
2986
1719
3205
3974
3167
457
2071
2532
1063
2132
634
3815
3495
1385
632
835
3878
966
474
2395
498
4064
2584
65
910
1263
4077
2620
620
3071
3751
3030
12
2354
965
829
1270
1682
2904
826
201
3884
3541
1431
3651
426
1035
2323
214
3235
67
3293
3936
2618
3280
744
3847
3585
2612
2207
518
1488
2171
1440
2557
2636
4049
3351
3305
255
3251
2377
683
2972
2453
3766
2624
3713
2314
2431
3338
3109
1843
1111
3645
3886
2500
1491
2121
484
4022
2652
3102
2633
395
1425
3213
635
1609
222
304
2932
3630
862
783
1619
2534
2546
2763
3055
2486
3405
879
962
2779
1510
932
218
3072
1904
3368
2172
2156
1724
2783
2433
107
1202
1400
1650
2558
1610
805
3395
1337
3465
1130
1806
1718
247
2394
3476
1885
1206
1083
2977
3021
1658
2983
2803
3481
2718
2512
2452
2369
1459
2288
1621
2722
3710
834
1974
2231
939
1127
3199
286
555
3018
1991
1747
527
2963
1612
3827
425
1857
2389
682
3937
2526
1478
2362
3450
530
73
52
3559
2349
4005
3189
1996
3666
513
3622
937
2059
2874
3175
2827
1121
651
2456
854
2967
3609
1464
3547
2843
1041
3641
1480
3246
3681
2291
1775
1133
1472
408
2691
2077
1889
2953
1611
3065
3934
626
1057
3757
3864
510
778
873
2393
1784
915
2364
3214
1368
2792
3154
1955
3787
3545
1891
3438
3009
764
1526
2966
8
2952
3385
1293
1824
3443
2517
1261
2811
1474
2479
1772
2502
1657
3802
2256
3797
3564
298
1683
3935
3669
738
663
2344
1025
2588
1959
1776
743
3709
3859
1871
665
3941
477
3876
2140
2150
2560
1273
2258
706
198
2931
1247
3137
1986
2423
1087
3889
3862
3422
857
2418
760
1856
2091
1874
3881
1446
3610
2360
4038
3523
784
1695
39
1694
3291
577
4094
2564
3638
3637
1376
1047
3421
1236
521
3717
305
1672
3617
3446
369
1217
3296
1994
2095
3126
1001
2116
3413
2242
4050
2712
3890
1614
2808
630
1068
3720
1655
1884
1339
2332
3485
287
3981
2494
2522
1330
1334
123
313
507
284
3824
2138
2566
3732
2794
3540
3173
68
2041
822
2640
1550
2253
2376
3626
132
2598
1246
182
1489
244
891
1295
3642
818
2151
2533
1119
4057
1113
1671
552
890
1370
616
391
1148
1136
493
3249
2511
3402
2729
2981
2186
3121
43
590
1987
2224
1329
2941
923
558
1947
2806
733
1274
648
1318
3314
1854
3868
41
1677
166
1686
3866
1624
2573
2649
3206
35
2436
935
1123
2236
1801
801
3184
1556
533
3101
869
3629
3292
2985
548
551
463
1212
1158
159
2730
3088
2610
2515
1508
3125
1497
1110
3448
2162
1817
3350
424
1923
31
3505
3276
3567
3012
1917
3831
3329
293
2005
1631
2698
3726
3202
1667
3570
2007
2708
1116
1242
2786
1424
2338
2912
2216
4023
142
1245
2664
3437
3771
2254
1499
3871
2462
2838
356
2818
168
1307
1353
2348
687
310
3
3035
3366
2870
376
3742
3660
2881
3451
1639
2271
1493
10
1346
1979
353
3599
3588
771
2793
1867
3062
3151
3780
2607
964
2828
2440
2122
889
1506
986
729
3321
1252
989
2656
3217
2577
3993
1905
2692
1581
204
1371
2519
2757
3339
1665
902
707
2454
3294
1644
1203
3944
642
2540
2455
1836
3513
2277
2040
3141
1369
2379
1450
1997
1637
250
1145
3727
2770
2824
3879
2991
2435
2037
319
185
217
1210
3457
2815
1578
2849
3416
3426
3946
679
1527
709
4037
402
3839
2089
2222
3264
3054
3744
1168
3561
2673
2988
275
1796
2756
2306
1426
433
2147
958
3857
470
4028
2245
3378
79
394
3546
49
3207
3942
3825
3464
1794
804
772
3284
3360
1240
2727
3519
3182
882
3665
1143
1277
1893
855
3973
2160
229
3769
2910
3828
961
720
2694
996
3298
1299
3196
3549
2355
745
15
2489
343
1469
3045
245
126
1500
3529
2628
3730
1054
2246
2079
945
2002
1744
1188
1562
1407
3749
509
3486
1105
2173
3650
2128
2278
1031
466
2995
3783
2637
2398
1096
2461
2392
2749
3327
3406
1290
1394
840
3552
3397
3760
702
458
611
3792
1355
1949
1911
3233
1064
1542
3467
3346
622
987
2765
270
53
1968
3512
2093
2427
631
3341
828
652
750
2408
3006
2469
427
786
95
4030
936
288
1757
1993
1162
3533
2913
3158
2211
1980
2947
3492
4029
2555
1165
864
1576
1710
2403
2309
761
2928
1954
845
1453
661
3968
3901
1320
712
1534
380
587
1860
3525
3962
2914
2386
2562
2799
2375
1396
2906
1070
3745
1723
3445
2563
2065
1628
3925
3786
3148
3024
888
711
2600
64
98
550
3954
3432
3491
2785
3967
1594
913
2921
307
3735
2905
274
685
1300
974
3053
1659
3661
1888
3231
1846
1311
462
1484
597
1422
2831
1837
2108
3613
2251
2823
1085
3197
1830
938
2714
3442
2114
2751
1521
2000
3662
220
2299
190
2027
2802
4078
1745
525
776
3279
2994
1910
3896
1990
2372
3118
3179
1457
3447
1179
2955
3833
206
2004
2683
163
1196
2595
4090
69
1032
1681
1963
1207
3957
2822
1161
1812
1122
2556
2268
1288
4085
793
3658
946
2342
3191
3057
2894
537
2387
1559
2165
3919
2861
3049
3013
2513
1046
1606
1439
3653
892
680
1654
3096
3131
3764
2864
1589
1146
511
610
716
3581
3806
1532
967
2118
2158
861
831
2343
1555
3427
3181
1284
700
637
2907
3578
1287
1256
306
1739
2267
3873
300
3439
893
1010
3441
3034
4095
2833
2764
3008
2
3320
1503
2971
2523
315
3484
1957
4034
3705
2528
691
3923
2407
1358
367
235
330
1308
383
1734
1753
3275
2357
1314
3571
4016
1177
3582
1831
3080
2334
825
1761
2927
3773
144
277
605
3023
1141
2459
4067
3026
3472
1055
1771
2051
3683
1767
1798
232
727
3646
2240
942
2845
3615
887
585
89
2169
2378
2862
3521
1946
1552
22
2992
959
3390
131
2710
267
918
2684
2646
414
2642
1485
3379
33
2897
2721
3483
1092
2282
3905
2724
1973
3399
2524
3834
3458
2654
3698
3419
633
2903
3978
3393
1688
4060
3328
3790
2067
211
215
1571
4002
3583
196
1129
1640
1887
1937
1289
823
2445
1927
3396
1951
506
2149
269
329
82
2506
858
1560
1432
3501
3345
1909
3853
1040
3601
72
1481
3675
3220
3417
1498
3992
3252
656
2213
3556
2380
58
1099
1701
3130
47
2846
2699
2176
553
3369
1625
1476
3198
2497
2388
2689
1012
3033
2805
2594
2232
3557
755
2871
3386
3865
2146
183
3605
836
2229
3161
3407
3887
522
1787
3633
972
3632
1720
1473
1000
1850
1894
3411
1666
1786
3497
3801
3237
4008
1881
3594
1230
135
1294
124
2855
2778
3782
779
3106
3150
1858
278
1863
2052
2259
219
71
111
2233
3243
444
205
2127
2508
2961
2752
3111
32
647
1804
3040
1921
997
694
3631
2255
788
569
3663
1384
3841
3785
2043
1019
3914
1164
153
155
3625
3922
2731
377
2772
955
186
3409
586
195
2954
3789
2137
1509
158
109
1999
2204
1233
461
2292
1528
1125
3576
3204
2743
1916
350
398
3210
2101
1401
1988
106
2518
1410
494
3169
3995
1211
1685
279
3479
542
3684
2960
1512
1437
2899
1061
1523
4084
2599
44
806
985
3721
2426
3718
2270
1226
2498
3433
1265
2280
3178
27
2915
1700
710
3819
3655
2509
3364
180
314
332
2399
3186
2024
3043
3478
2587
264
3136
2451
1580
491
2225
2800
579
1135
3142
1190
2568
2965
483
3002
2239
1791
1442
4012
3371
2527
2606
1387
2234
359
800
983
851
3068
984
2411
2170
2804
495
2112
1785
2758
1363
1232
619
2363
3907
3017
1636
19
4015
1477
636
2968
3836
2049
2340
3408
2021
2420
2415
2036
1939
2541
1925
3927
3301
1878
29
2586
2619
3809
240
3943
3639
1638
1709
1585
3310
2383
1006
3883
3260
3044
2110
705
736
775
1805
4021
2901
2667
3203
3804
3170
731
505
28
2124
1011
1726
3370
668
2898
2671
796
3288
3577
3747
2303
209
379
2609
1938
441
2042
773
1254
1896
768
847
2895
1900
18
3436
1089
2295
2006
3325
2248
677
3082
2787
3724
1033
1225
3187
1166
769
249
2890
2885
3989
756
2832
75
4055
1901
1827
3256
1529
549
515
1219
3670
2576
3851
2625
4020
178
798
1496
2419
2582
1708
2275
2075
1501
2257
2883
3073
2942
2105
1752
292
202
1567
4053
4054
1003
3212
1653
1258
3743
3729
2748
429
561
203
973
1536
3538
2208
1615
3762
2182
2644
2474
1769
1366
1574
2019
539
3723
2879
2202
657
2492
3640
749
21
2432
1282
697
1132
2367
2304
1756
3289
4035
3704
473
1443
2554
3470
4066
57
1852
1013
3076
3953
856
1691
2010
3918
3649
311
301
2629
3994
3363
2274
1465
2695
572
2167
886
3487
1835
3061
1333
3752
1408
730
3620
2230
3267
3048
2189
38
1564
1182
36
3607
803
3502
24
715
374
439
3027
2669
334
3998
4013
3949
3020
774
3608
273
1780
2872
832
3194
1084
2286
1086
713
1535
3239
4075
436
3326
3010
960
880
2686
717
2755
1038
1152
2026
1800
3558
3477
2063
2218
2816
3628
2421
2406
1360
596
1357
490
2989
1524
2103
1269
2185
1725
3777
1014
3852
3794
74
3127
3961
1912
283
576
1026
3323
2109
848
524
1788
3750
487
1704
2064
1558
40
2678
1159
1062
2157
2300
1813
2592
3344
2429
386
1649
1915
1750
2999
2993
2680
3736
908
824
157
3707
2543
2848
378
17
953
3614
246
1706
4073
508
1117
2463
714
723
1418
2819
2790
2911
896
627
757
797
3551
42
3515
2264
4001
1191
3242
447
437
567
956
3897
543
3906
3520
1423
2430
4062
1234
2737
1714
3209
3359
541
3686
3990
2368
312
2645
3682
4059
4046
373
667
3146
2134
3980
2850
2973
3964
3900
1208
266
3846
1814
2179
2979
3895
3113
3767
895
1016
3423
2505
2900
3077
3218
3591
2028
2458
2180
2446
2896
1875
2198
1702
3097
3516
2701
2047
514
1030
3725
1303
115
3086
2296
478
693
907
3383
523
2575
2916
838
546
2153
3504
2197
1417
2825
3917
3702
1693
2467
2468
2834
2188
1175
3803
2056
3952
3635
701
3490
1602
3524
2962
1244
1341
540
1876
3404
2174
746
1495
1964
2537
406
1675
3678
1331
479
176
3412
1338
2318
1108
2613
3931
26
1323
3674
2641
3701
1283
2705
2574
1663
3099
1243
2658
189
1101
1187
2115
3506
3087
2647
2107
403
1538
4042
927
3598
2796
3924
2333
3712
4089
1276
1746
1007
1073
741
2194
3075
2099
649
3132
601
2223
1452
2666
1642
3463
1783
2017
145
2009
1260
372
3283
3575
3772
3230
1869
1651
3510
3988
3820
3733
2945
2012
2982
2385
2482
1810
1960
104
2753
290
2013
4093
841
3093
655
1317
1924
1778
2860
2404
692
2676
4082
2918
1722
3811
2593
3948
3022
1393
881
991
285
747
1106
3740
2228
1479
3149
3238
3758
432
877
271
2087
2305
560
894
3098
1732
1176
366
2397
3387
1679
1153
3755
947
1238
1091
415
930
1304
4043
3960
60
3677
2762
282
3133
2597
2875
62
3966
1325
2990
2812
2491
1711
167
428
2841
1697
3903
3107
2934
3307
1045
3690
1399
929
2720
3499
177
3950
998
2273
2001
2337
719
3005
3955
3157
467
526
3056
3475
3589
492
982
3687
3357
1218
3029
3124
739
3522
1922
1100
1966
1992
2504
2744
608
348
361
3036
3300
2773
2465
1868
624
4058
1336
3299
2044
3584
639
1975
4024
1154
3770
3365
1386
438
2090
732
3156
91
3716
2719
2178
3162
3460
920
2057
2073
2675
2341
2390
3415
3807
2039
409
1608
2466
342
2261
3431
3537
4088
1689
2011
2662
2503
405
59
1209
3144
1870
3225
1005
3353
3250
173
108
1533
2082
1268
3480
3888
1340
2252
1754
2447
1204
3459
2570
2327
241
1081
1728
3555
653
975
916
2244
451
3031
2015
2608
382
3324
1049
320
2135
4044
2735
1961
194
2310
980
86
618
598
226
1588
1058
2868
1816
1342
116
1060
898
2716
866
2069
2591
1278
1541
23
2220
1390
349
3509
1042
472
3928
2829
3201
113
2155
262
3511
154
191
2791
2302
658
3455
1456
3810
2316
1544
3493
1880
2206
352
3855
1982
181
1420
2285
3200
2615
1575
724
3165
2984
3754
3913
3255
1365
3473
2317
316
903
213
604
2975
1755
3349
3135
1565
3971
3544
3856
859
2529
2373
1976
1160
1361
3028
96
2322
990
1605
1641
2066
2648
574
3748
3837
1969
3531
562
2958
2807
3265
2272
2813
2957
4004
1953
83
1592
1170
302
1517
2381
2319
2054
3643
3894
3248
3425
2102
1727
931
407
2514
2732
703
2085
2221
3969
212
3331
137
742
1840
3100
1428
754
3375
3226
2677
3799
2070
1435
143
1898
753
1414
2350
852
3257
3965
621
2058
3011
3636
926
3290
3119
471
207
2293
3190
265
2428
3693
2980
4051
3586
1632
2168
1892
3958
968
1411
112
2959
1941
2839
3084
387
1514
2882
2869
322
2742
3066
1717
1404
3947
767
341
360
418
1438
1034
1149
2604
4033
3241
3991
1015
1022
4031
582
25
3174
1112
860
1272
1377
1598
66
3085
4070
1855
1131
2891
2287
469
193
2878
777
4074
780
3671
2473
1017
1634
78
3893
3869
759
2877
1807
3312
2470
14
3781
2312
2472
464
3644
358
2084
2857
1305
162
2023
538
335
3462
4010
1126
99
3317
2289
1586
1067
1248
2936
3306
3266
3032
529
3234
328
2203
146
1445
3657
791
1389
3854
971
3579
3070
1627
1220
1359
3763
3870
1774
1566
81
248
1936
174
2437
3394
1770
3277
3902
2704
3812
3627
3245
3015
2768
3573
3095
3059
3933
2238
1419
1486
1703
870
1383
3454
1748
234
2080
97
3542
128
3334
172
4086
1198
2583
699
1124
3697
795
1662
1613
963
3074
1103
928
1444
1094
3343
3623
3452
3634
161
3128
3565
2205
1029
1820
3972
3590
520
2331
802
50
2209
488
317
2923
3956
1777
2490
3164
3420
976
3722
2422
4000
1676
331
2416
3566
3600
3091
827
2496
3340
3332
3719
2596
559
151
446
2326
2130
1604
1144
871
197
4017
1520
2424
2745
410
3105
3929
3112
1
475
165
3728
2935
77
295
1352
468
2655
2260
3208
1764
2284
3737
2055
419
114
4011
584
3268
763
3616
728
535
1216
3311
4063
3984
3593
2622
2315
3603
3335
3676
1264
1343
1826
1502
1934
2638
875
442
175
516
1071
1222
3469
2235
4072
2072
2166
1395
3621
2976
906
2501
4068
2884
3875
735
1228
2414
370
532
2441
1549
575
1364
3612
2736
876
2550
1962
2126
2488
1285
1107
1944
1766
1670
2978
3532
911
2359
2769
883
1350
3355
2003
3449
1467
2035
3304
1935
594
375
117
1102
3863
294
3885
223
1251
3844
2402
2835
171
4081
3872
1321
2639
3832
2032
1841
762
3860
296
2853
340
1779
1819
1789
1313
2078
2668
333
2460
3373
3602
1302
2030
2396
3147
2507
243
3823
2281
231
3381
2129
842
3539
1716
3494
1388
595
2145
2817
2887
2336
3362
4026
2353
3514
846
1815
3822
4091
397
556
1758
321
385
263
92
129
228
3910
2674
1374
2621
4045
1412
152
94
3418
912
2837
3877
199
1167
3921
1229
3940
416
1833
170
1255
3278
1600
325
3114
1971
1539
1886
1118
2726
2767
1306
1573
830
1020
3258
1543
2413
3568
1590
2219
1004
3527
3401
1838
641
1950
230
156
3007
2856
440
149
344
2313
3595
1743
3842
338
2493
810
2269
1180
2760
435
1733
1763
2747
3932
2964
2521
70
481
4087
3977
1109
725
84
2088
1186
1603
3303
921
2880
1402
2682
3779
3756
2457
1327
3440
421
1530
1511
3563
3372
3659
1235
3269
2346
3694
1427
3342
2657
1537
3908
1023
863
2076
1178
943
363
3058
2939
1848
1134
2782
3348
690
1989
740
1221
919
3435
3715
1079
1762
1822
2199
617
90
3647
1082
1280
2210
2585
874
1943
1262
3188
3985
2873
2450
3867
3240
431
476
1519
3951
2187
2987
807
3337
3410
1463
3805
3528
940
2938
3274
3052
1441
1862
449
689
3227
1351
251
565
3152
1593
3285
2237
3945
1137
4047
482
2201
2477
3195
3817
1310
3814
1397
3108
3377
2929
1859
2191
2412
3295
3287
1185
485
3122
3796
130
150
934
327
1617
101
1372
2553
1239
3518
1403
1043
1648
696
568
345
2847
3183
765
1139
2448
1890
1773
3063
737
1809
1547
815
2330
2136
570
1429
2405
3536
1595
3389
1811
1525
2840
2525
2097
3223
3270
2611
393
2886
1795
1781
2365
2139
900
2814
3282
6
1224
3695
1128
1715
1227
1409
1297
1548
3543
2740
2643
1622
644
2449
1471
819
1967
3039
2795
1707
2933
3444
3848
1553
1983
4061
578
1633
1415
3672
1873
2711
257
2045
1652
2487
643
3915
517
3215
2842
1741
3172
1933
3313
2571
420
2969
1977
2627
1174
2048
1518
3821
1138
3168
3800
2630
324
2444
1568
3222
2930
3500
1834
1052
3596
2516
3358
1378
3680
3975
355
1142
1583
2499
3228
2728
951
323
1984
2996
1618
1024
1872
607
2738
3474
3508
242
4027
3656
2279
2263
1065
1995
2661
3530
3489
1347
1958
308
299
2909
1620
3041
2029
2382
1623
1237
695
1799
1818
2725
2998
904
3987
1189
681
676
1172
2181
1078
1253
816
646
3673
2567
1729
2352
3699
392
2283
1883
3185
2696
718
2328
853
2956
119
1596
501
1945
2345
1257
1730
2018
581
1515
2476
3553
924
1630
1765
1845
3738
3414
2094
849
3970
1599
3424
1324
623
704
3880
1241
2119
1080
2944
56
2200
3468
952
3648
1114
0
2520
2438
752
3155
2603
3471
2635
2707
2370
3784
1851
799
3309
1847
1505
2651
3123
1998
2542
4009
1332
2290
268
1298
4003
901
1965
4019
3145
751
1275
404
3374
3482
528
2776
673
599
3667
224
37
1577
1036
580
3920
364
2926
381
722
3983
2100
839
1861
1201
909
531
3037
1828
941
1214
1292
3765
593
2859
820
1398
670
238
3286
814
2031
2919
2008
1039
2478
2475
1392
417
54
3192
638
1504
3739
4025
1449
1749
603
504
512
2590
3110
3791
456
1616
2025
486
843
3734
76
3171
452
1053
147
134
3776
3606
3019
3000
3982
1200
2113
3898
2854
121
136
3761
3261
1405
884
2774
3845
2241
208
3830
2693
3060
2579
3281
1570
3685
817
3741
2940
2660
721
787
3336
1678
3229
3382
3706
1985
11
1736
291
3597
2565
3038
3429
3611
2464
1601
3461
2659
995
2133
3652
502
1897
557
1546
3798
2249
45
237
1918
2425
388
534
1929
933
2777
905
625
3892
564
4071
1115
2358
3163
1920
2022
3909
1972
1335
1823
3569
2053
261
2068
260
1140
371
792
3849
1076
413
1050
139
782
450
2759
2788
3177
1037
1075
2970
3319
2706
3517
2713
1684
1582
640
3384
480
2836
3850
4083
2709
3315
1664
1193
868
684
2247
2569
1349
3216
1069
2442
411
5
2111
3668
1940
2663
2265
1721
2374
1173
850
2948
3232
85
2034
1461
592
499
708
3813
1492
3911
612
672
678
4006
3534
503
2830
2943
3166
80
992
2311
2549
3466
3498
1635
2062
100
1551
748
2320
489
3496
1970
2266
1447
236
2605
