1766
3945
1134
141
2543
3048
2589
1042
38
1640
3272
3358
1544
3344
1728
3856
2460
854
2177
3501
1293
2899
2191
738
695
3691
165
1755
2213
3518
2497
2640
1704
3581
3311
3140
26
2120
3968
2296
1031
8
3668
2557
178
3166
527
872
3485
1934
974
3689
3428
317
2382
1845
1505
4055
839
1351
1048
2627
1571
1158
3466
1653
2043
1418
1075
832
1534
3315
2085
3851
2372
3959
1749
558
791
2603
487
2481
1281
1349
112
2505
2087
1441
202
284
2853
642
746
2889
2452
3095
3126
3087
3782
2156
1275
1557
24
1795
2207
1046
1129
3619
2366
2231
3529
2599
145
83
1399
4093
836
2966
2431
2694
191
504
1499
512
4040
2798
1992
3274
1988
1356
2223
3828
1216
2338
3838
3425
765
3974
1873
2434
2867
1999
1147
1579
2466
1901
3020
712
3768
367
2386
1124
967
2612
1659
2819
1103
1969
3266
3131
240
1593
689
324
467
2412
2183
3082
2388
2305
2150
581
43
3949
2393
3480
2014
2181
3607
3181
590
741
2105
4025
3479
2012
568
3925
1702
1783
863
1731
449
3321
2757
362
3499
1770
821
3059
985
2906
3867
1771
3966
1196
3769
1607
146
2348
1815
3853
2716
999
1945
3117
1739
815
2050
3627
3658
611
4003
3288
1464
4076
307
1043
2064
2681
239
3051
2179
1812
2355
3406
900
2034
551
1655
3477
288
1226
3388
1454
330
2044
2970
2529
958
514
3826
1712
580
2341
782
2330
2605
1191
2188
1433
2164
3107
2225
893
3708
794
3964
2243
0
2928
3902
3924
2857
1428
1299
2781
1014
1354
2375
3655
3919
845
2038
114
1987
2626
3793
2984
453
1570
2031
1221
2146
3354
2458
539
244
2764
2039
3121
2287
2127
824
989
3939
4017
32
425
263
3772
817
1896
3329
22
2438
90
883
3875
27
478
2550
1427
2161
3570
3447
1079
500
1253
2409
2417
1386
99
3468
3602
1786
2173
383
1474
1429
849
391
2969
2048
2804
1899
1278
2579
51
2436
630
2405
1803
3340
2256
2854
2163
750
2319
1032
1348
1977
549
1068
2831
1514
31
1448
3284
831
1868
1303
3743
752
2155
2869
2773
4030
1461
856
3421
1737
3812
277
3170
3442
2879
955
430
1807
3211
3990
2335
655
734
4024
2722
2472
4034
2667
1797
3147
2562
706
1151
3237
3758
1758
1480
4087
156
646
265
2453
451
4033
3865
2334
553
2789
4043
2391
626
1893
3706
3084
2882
1415
256
3578
1909
3149
1924
2600
1865
2222
441
2833
409
3951
2312
1869
1852
1817
205
2479
1137
3352
786
1993
2663
530
3285
1849
2468
259
3770
3799
2618
3795
2638
1345
3159
1169
2437
218
1174
2455
3151
3825
1462
458
1346
600
2900
2421
3304
1537
2739
1090
1780
350
1711
2485
521
2564
1874
1417
3678
2264
976
1058
3591
747
1097
1741
2708
2514
3999
3848
3687
384
847
981
3078
2403
3750
3115
314
1510
3429
1232
3677
576
621
2608
2796
2949
1963
3573
2492
3870
2399
1962
2024
3917
1545
1497
1383
2310
1125
3583
2459
2259
1994
1387
433
2523
4071
3283
1384
2232
2244
670
2849
1330
484
1762
2554
1618
3891
180
2615
2371
3580
3559
737
2814
1521
1918
3948
2307
3882
232
3403
2844
1358
2192
2046
3541
1966
1034
1482
1732
262
1185
1112
2395
571
251
3817
2373
2778
1660
1887
279
2500
1422
4039
1598
1948
2755
3
152
1687
2586
3295
2552
2919
3697
3460
1355
684
1925
2052
1126
100
3402
3944
3277
2665
984
1854
3495
2963
1024
869
2792
3050
127
870
867
3060
1245
243
1567
3543
20
3197
3586
2145
250
2628
1727
1532
3298
3101
2942
828
349
1911
2541
1494
2107
2647
1003
3698
3361
2555
667
3517
171
4049
3662
1409
3790
2582
4054
3905
2216
1683
414
2538
3154
1260
1200
3098
102
1352
186
820
578
3232
2265
2055
1078
1733
1688
1657
745
2740
134
1436
2162
1162
1730
179
3416
1197
4004
3413
368
4028
236
3788
846
3343
2005
1118
623
1582
1509
1862
3368
3053
2112
3089
375
3789
3141
2513
3144
3319
891
1119
808
1823
657
1101
998
1083
1329
1917
3910
2094
1038
732
3800
3478
1438
1763
888
759
3370
1015
358
357
1512
1060
1172
829
305
507
3715
1827
529
2922
2352
1492
1483
2703
648
3557
957
1777
471
3286
563
3971
3531
198
2743
1149
2827
159
680
1456
405
68
72
2236
2003
3496
617
1638
457
3279
3033
556
704
1164
3191
1460
1439
787
35
1708
3106
735
221
519
3373
335
1980
2134
2974
1259
215
2422
429
1477
3377
2013
2248
2678
1947
3833
3957
3836
2921
778
2832
3818
1529
3645
3318
419
917
2362
321
516
3185
565
1789
2185
71
880
826
1717
881
3695
2419
2042
143
1935
4078
2148
2077
98
1077
395
95
1105
219
3565
142
2063
2790
3297
2220
3648
2284
1123
3198
1411
2441
39
610
34
3339
2769
986
2591
2251
882
2702
1691
3598
1057
3728
2774
2609
1300
537
1265
3965
3533
1045
1153
1530
121
1257
1656
474
2015
2199
1721
3985
3859
1736
2648
3000
3280
2499
1179
858
818
3953
806
991
3509
3915
868
3535
3927
3528
1751
1794
3287
123
59
711
1768
2137
2369
1581
3850
160
4010
87
3669
3620
308
379
3013
1880
624
2457
1131
3673
2747
943
14
2682
1609
116
106
3338
3058
2912
3883
1220
679
2429
3797
1829
2480
382
1423
1292
3596
2897
4012
3411
593
1753
1122
606
1150
3049
183
3257
1430
2360
2713
1900
3492
3422
1600
2948
1932
4094
1842
2535
548
2118
979
4064
399
1556
3135
1633
1531
1445
3601
4074
3296
2695
3986
1286
3044
2941
3807
1624
3016
721
1465
2059
2036
3112
3854
3453
3043
1843
3734
5
387
2954
117
2547
1639
406
2930
3443
7
1385
3755
3827
3273
948
2363
1318
3032
3155
2367
3143
337
1587
2381
692
3757
2693
3802
3930
4057
904
2430
3846
2874
694
3268
4023
4066
3146
1508
1954
2979
2660
3845
1062
1102
1798
3545
155
427
2327
3676
1858
2106
3984
2495
3386
2075
2154
3701
812
2846
575
632
1270
3247
3012
1402
222
1132
3398
3682
3116
3763
3302
2113
1180
809
1519
3956
3992
4081
2895
939
2387
936
2671
1452
4019
4085
1944
149
3923
3014
452
853
234
1412
3430
3997
2940
58
3600
1982
2545
390
3217
396
2126
2130
534
2311
3860
2011
545
1279
1434
3502
2404
1580
381
2418
2471
1515
1979
423
1910
1440
2123
1160
348
963
3172
595
2288
2461
2281
3264
2278
2304
1984
614
1012
1163
2049
4061
1584
16
1501
2346
3519
411
2010
2301
862
1086
1093
3235
2887
3821
3646
2073
2944
1700
3593
690
2354
4038
372
282
666
2020
3556
1610
1748
1361
3384
2027
2571
2051
1076
1498
2411
4011
4041
3472
2069
174
1696
3963
574
1726
3652
1879
2736
2080
3040
1833
973
3434
3672
3461
1071
892
1857
506
2124
1353
1380
3333
2835
2791
65
3880
2482
2496
2976
3263
1620
3222
1605
570
2909
2690
1841
3401
2483
434
299
1729
3239
1397
3636
2398
2715
3225
3269
2776
1552
2273
1339
2901
1382
2574
2486
988
2558
3960
2602
705
3614
2617
2526
137
1785
2128
1364
1788
1250
1091
1520
1408
1026
1839
3751
2383
1596
4009
1536
2116
1273
3077
294
1937
758
497
438
540
641
2377
1714
4007
2133
743
1021
477
2573
3889
1970
1092
3843
1913
1574
663
1799
3777
710
1706
3774
764
2476
1224
201
2898
1877
4037
1931
2689
3611
3193
304
2158
3962
1526
913
1735
2825
1636
1154
3616
3213
2863
442
343
3551
3424
2515
3724
3378
3393
1466
1403
1576
86
3566
79
2205
3236
1471
807
800
2834
1306
3331
1378
50
2444
2079
1056
1420
934
1616
1186
2624
965
3153
1697
3023
3663
3674
2365
2066
1978
2380
3639
2174
1246
1759
2959
3357
1568
33
2254
1298
1796
2056
97
538
3355
3810
3109
2190
75
2029
1889
36
421
1802
3785
3128
2996
3431
2809
508
560
3876
708
2329
2666
3656
2521
1320
1435
3171
1671
4063
1775
1178
2314
636
946
3615
982
1699
1513
3989
1450
3487
994
3387
3036
2606
3534
1217
225
2241
4006
942
3804
1525
2636
1853
1643
1326
1754
2522
645
1061
1468
2172
3369
3878
3650
3079
2186
109
2359
3238
2083
3604
852
1782
1647
491
3038
2008
1251
4031
589
928
763
1255
267
1575
3855
3713
2692
2923
1592
2032
1677
1971
1964
3024
775
3282
2772
890
650
736
3857
489
1710
1391
2449
1883
3372
3885
3046
3587
235
78
2738
1713
1612
3714
2277
2808
1009
1695
3717
483
550
2710
2630
2729
2378
2958
3806
2876
3310
2336
3873
3419
3183
1215
298
1942
557
2595
699
2242
780
2621
2625
3250
1106
3018
3324
470
3432
2782
3103
2463
2674
3457
2721
377
1527
3995
702
1692
3718
3080
3740
1572
1413
3746
885
494
1703
328
716
2267
2324
543
2991
1825
49
3874
3819
1983
2551
351
4050
3525
4079
3550
2661
2450
1742
3423
1295
1793
397
1262
3979
2210
154
2004
1381
2021
374
2040
3030
2524
319
1373
1111
2829
3651
3136
1670
1950
3842
1088
3201
1350
2886
3187
1847
1569
819
1199
762
2750
4053
2406
2947
3521
1967
1929
1036
1155
44
1338
3982
469
1701
1218
2467
3624
1311
2848
2668
2683
3281
310
2318
3654
1960
2201
2357
3336
2279
2498
3113
1941
3631
3872
1296
2108
2629
3467
4032
700
2401
842
1475
744
3622
1237
2315
635
2313
2070
2730
103
1543
3498
2760
322
768
1516
1027
1991
2
1668
3500
3417
2576
2100
1104
1070
3234
1705
29
3100
3248
273
2885
703
2642
81
613
3008
488
108
1478
754
2462
3560
1622
2732
3244
2706
3390
3471
3005
216
1432
801
3778
2390
837
3400
1390
1986
3167
594
2598
902
3767
2939
3278
2971
4083
2641
4051
2633
644
167
1573
1394
960
2023
270
2019
1998
2658
220
193
2068
510
3326
1871
3086
1740
2883
1214
949
972
1747
2788
3644
2607
2862
4056
2084
935
2086
1882
366
1872
1778
4052
3837
472
2590
2933
1565
1654
3892
3623
2298
1951
3233
1791
1619
739
3506
2006
1504
2920
4058
2990
3152
1094
1903
3180
3327
1473
2548
3538
3026
1334
1063
162
1165
785
2569
3312
85
2799
258
789
686
2902
1866
3190
3497
420
1363
3096
144
664
1946
2727
1870
505
2258
1085
147
2168
1888
1680
1470
2913
1241
1875
1098
1393
3970
3840
3574
773
3483
3969
1661
1684
652
291
3445
3946
110
2198
1820
2817
683
995
2864
4014
3852
1975
3150
473
3182
3712
1396
3563
1675
2655
720
2142
1921
2091
2631
1956
618
1689
755
1001
2226
2175
1652
1332
1750
1171
1135
3451
3700
1100
1117
622
3194
3871
297
1528
2506
3494
104
3638
2797
3291
2135
3738
2982
1540
2339
2237
2614
2478
1974
2688
2652
2110
566
2672
131
3007
1041
1072
3448
3205
2937
3057
2416
3801
1828
1484
3010
834
552
1263
2125
922
1915
3933
2295
977
2517
3749
2611
781
1029
803
987
3589
1628
3162
1995
2322
475
247
3045
3199
2610
1059
3124
3994
1885
3823
3270
177
2530
3820
3160
526
2037
964
3972
261
2850
639
2758
3879
2986
3192
3111
857
1634
130
860
3261
3575
3254
944
3721
223
631
3922
2508
629
938
2847
181
569
211
447
1968
796
757
327
1981
1810
1028
285
380
64
585
2888
693
896
531
1175
865
2067
74
3839
10
417
292
3476
2396
3072
3169
1039
3206
246
3003
1405
3766
907
2803
2904
3488
2274
266
1051
2053
2143
2385
2280
1322
3456
886
1368
1681
2725
1472
660
1720
3548
2585
3899
340
3219
1781
1837
2875
344
1025
1037
105
1004
4077
2114
4080
2184
184
2448
1335
111
2494
1906
1344
3720
355
3907
1139
3436
1487
1936
3105
2098
1734
2165
3921
96
719
3696
1047
3251
587
2356
3322
2840
2252
2414
3941
1511
341
3599
822
1707
3207
2785
3258
3196
797
342
4089
4059
2218
3165
2368
2194
2103
2993
2306
3454
2238
1813
725
3164
1044
511
1053
3120
1333
2623
3764
1424
2081
1669
182
3122
315
970
2915
723
1227
53
3177
2413
2561
3536
523
2865
1239
41
598
2122
2054
3527
1272
4044
835
2157
1007
3554
3866
1360
1184
2532
2806
878
1127
1769
17
2047
2420
2536
3216
3920
2700
3350
3469
2719
92
1559
956
3967
1002
3539
777
353
3671
3208
2394
84
4
40
827
3719
1121
398
638
830
2575
1506
3262
281
3083
2109
1489
1337
1613
2989
3709
3246
2559
3379
573
1767
3394
1288
1760
687
2516
930
2632
3223
3440
2943
2266
536
1589
249
233
125
356
833
3173
3937
1319
3367
903
302
855
1050
3745
3733
2577
3189
4086
462
2193
2907
3062
2088
1996
3635
2289
3961
608
346
3862
69
1716
2866
2337
3047
3932
1507
56
1392
229
2826
1327
4022
3415
2784
2090
129
3727
3362
2195
2815
3341
435
1108
1642
3399
1667
3504
3649
2099
3893
2488
2858
678
1297
80
751
1018
1562
503
676
2092
2407
485
2818
2977
2217
1310
1744
274
1957
1608
1141
1577
2351
3526
62
2952
2698
1848
1831
2634
3741
2197
3664
361
2344
3780
2026
1017
3908
2751
2676
1938
1067
3371
378
2028
1912
2926
2583
3773
533
2787
2973
603
3612
88
424
2072
1601
3449
2534
1249
3482
3108
961
2424
2425
1005
1836
1008
493
2228
3847
3784
3981
2465
1923
1597
3490
3829
696
101
1081
1715
591
272
200
728
3877
3603
3382
1431
2214
2221
761
3625
3781
1630
1340
515
316
697
3747
4090
767
1590
2321
3520
2443
2035
2893
2687
1801
1400
2891
2397
788
3450
2956
1902
2775
1388
2786
2331
1855
615
3723
1550
1194
2119
63
3868
3510
2981
1110
1244
1187
841
1792
3916
3455
278
3653
161
3954
1555
1629
1502
2824
2946
1234
2263
672
2651
3987
2247
520
2783
459
2074
2560
673
3300
3634
2250
3226
370
1136
2884
2686
354
1611
3486
3104
2065
959
3313
3484
2001
1030
190
199
3699
612
293
1302
4088
2276
3011
170
2955
3088
3579
2816
2669
1211
2828
3243
3474
437
1323
3027
3511
2151
3074
188
126
1738
3618
3408
3935
3912
3515
1365
339
2873
208
871
1343
2777
2253
2765
889
325
915
1694
163
1283
67
682
1851
1183
2275
2353
2768
3444
1517
47
3035
1838
2916
269
196
2002
2675
2464
128
3351
2734
2152
1271
4062
57
3396
669
2202
3203
3200
701
2653
3407
2097
2325
1834
2062
444
659
3629
1850
2269
910
3303
4042
2749
168
3897
2604
2271
3195
983
927
3138
2349
2502
118
1463
1317
2616
3218
3942
45
482
224
2649
82
756
3006
268
3679
795
1252
3458
3025
2017
2544
3463
3031
3685
1606
2215
729
4018
3489
1518
164
2685
2203
3271
698
707
546
1832
1107
1586
2822
1985
185
1444
905
1248
4092
148
2131
3097
1927
1863
3756
1943
2813
301
1686
2910
2742
3188
2761
2968
3522
2104
3512
584
2753
3039
3835
3064
1202
3621
2925
94
388
877
445
1859
2117
407
271
3542
2178
668
1560
2983
1485
2553
3523
1542
1973
2960
685
331
3753
2709
385
3332
2018
303
192
1313
203
3775
3606
3834
709
3380
3317
3209
166
1926
479
2440
1177
3647
3861
3163
2696
3029
48
1421
876
2519
1867
2511
2836
528
3776
2333
517
2770
3759
2677
2580
1904
2234
640
1615
843
1522
2433
1113
2936
3309
2588
1603
1678
2745
4091
3659
3123
402
3571
3890
1554
727
2227
169
3726
1321
318
2041
1367
3034
925
2376
336
774
937
997
248
2167
3242
119
376
2807
909
309
4082
3252
3736
814
2810
3363
990
296
286
3754
628
2540
3779
323
3748
393
2650
1389
2962
2009
2720
1808
1146
597
2518
3299
1285
1235
313
333
2723
769
522
811
3156
3692
3991
1725
1551
1824
3811
1503
9
3705
559
3004
4016
463
3292
187
373
3729
3744
226
486
1140
2728
2890
2303
1623
153
2837
2855
1316
2095
3465
1972
3608
1287
2078
3783
476
799
2484
2182
3073
3507
3667
3019
2987
1959
901
2999
945
3901
3335
1324
2992
2567
227
1599
2477
1120
1826
1414
3395
1089
3805
3342
3742
3220
547
413
3065
2794
151
3791
2340
2343
740
3228
2917
464
1143
3125
1757
2645
1649
1949
2292
3900
2415
535
260
923
295
4021
3926
1846
861
3609
2272
3824
426
1939
776
2229
3796
1193
3438
1672
3943
2282
3240
2286
3470
3491
1961
2592
3383
3175
2076
2400
3996
1547
365
2549
1065
3903
1425
802
3427
2570
2456
1719
4026
554
579
1743
3722
338
3569
12
1207
3628
440
2635
3761
1690
3693
492
139
1693
3158
1096
766
1013
2697
136
2224
264
3978
2711
2410
1583
3567
3831
3308
1201
1476
2714
1806
3157
790
2737
13
66
602
3353
400
1080
3505
2637
518
866
1404
1189
1188
1256
1746
46
2308
1641
2309
138
3214
2972
532
443
73
2230
2880
6
2300
1336
3555
2147
3142
1491
2326
2504
2601
1458
2489
3374
1000
1342
897
1585
3513
2735
2851
1905
653
3376
3412
1449
3973
1447
3690
3771
2756
1594
3481
2283
416
2894
3808
1398
2988
3210
2691
2938
1274
2741
2136
3884
2953
1548
1238
1307
3947
1779
3918
1138
18
1230
772
1304
176
3605
2402
3224
969
1446
1225
1650
2082
501
1231
2144
4027
2759
3176
978
1359
287
2707
3241
3063
1632
2323
1764
1362
3681
1722
2918
620
2196
859
929
722
150
3433
2000
2593
940
1020
3385
2581
601
1115
2317
3212
21
1223
1876
52
3426
3259
3765
3118
1347
2170
311
1535
2779
1308
1604
2659
544
3514
586
2964
671
931
3993
2180
524
4020
2089
1294
760
3732
1416
3009
1776
448
2249
76
1800
2102
1772
3314
2294
1268
238
158
874
1116
3345
911
3564
3684
23
2129
332
898
1666
1170
450
3739
115
2978
1495
3641
2556
3703
3085
2800
813
241
3356
1709
4035
1761
3267
3632
596
2699
2927
195
2509
2200
1524
1558
495
1054
2007
1635
3731
3657
3590
2153
3307
674
197
3392
3139
3137
3076
1564
1617
1301
1040
3133
209
637
1144
1919
2662
3042
3075
2994
3813
1493
1282
2712
1267
1315
864
1553
3068
838
1908
3391
3459
1457
2166
122
3760
2525
1595
2871
779
3503
1895
3001
875
742
3830
3227
1626
2763
1455
1451
3904
3168
37
2361
3585
3397
412
2572
2733
3092
3305
3389
455
3562
461
572
1953
2531
3420
3041
3435
916
3508
1240
2187
3735
254
217
2493
1229
805
3886
2096
879
844
3366
2025
1821
1228
525
454
2101
1496
966
2771
1156
1488
2332
1374
394
921
2445
605
352
1254
228
1698
2262
3328
1022
1752
157
3381
2469
919
2235
359
3493
2139
2257
887
1406
3898
1305
3337
2639
2328
364
2801
941
4068
1673
3094
2680
3786
2291
649
3694
1787
3610
1578
3404
2537
4047
3895
2140
3568
3822
3364
932
733
1878
1192
2474
2830
480
3537
1930
1236
1006
688
1443
3276
665
2093
1538
1864
3255
1614
3582
2859
2594
2451
1064
124
1095
3863
2911
894
3670
2643
360
1437
714
2908
968
804
1625
2473
2975
3665
1366
555
2285
1233
3928
3737
418
3067
3584
2780
4013
3980
2270
899
1284
499
1805
214
884
1894
1419
953
3410
1258
3134
2379
3950
3330
1206
749
2838
369
1844
783
2870
465
2316
567
4036
2204
840
2160
3148
1357
3265
2566
3909
3365
933
242
4045
616
3099
3179
651
1130
1637
2731
3289
2364
93
2584
2030
1166
1375
1073
2268
2950
2206
3061
1442
793
2767
253
91
306
2370
2748
386
748
582
334
1818
3716
1167
975
3549
1665
1765
3553
3022
1644
895
2392
2176
3938
3931
3561
3002
1195
1890
1269
431
1277
2501
1566
3613
1
1074
3929
1811
947
2149
1426
1881
2805
3375
3643
1173
4001
1168
2439
2878
2842
2924
2998
15
2718
2935
2527
906
2169
2542
466
3409
1069
1976
3253
3858
1662
1266
3186
2717
2111
2350
3832
798
3462
2597
3637
1242
588
691
607
2673
3633
1203
1410
3145
2646
1804
770
2563
2209
2843
2793
3630
2587
2490
2408
3093
2596
2240
3594
920
498
4075
1219
1459
3887
3816
726
2470
3446
954
3530
2845
1033
718
428
1682
1159
2491
275
1084
3704
609
3988
4069
2565
1676
3306
415
2510
3976
2929
661
918
1205
2358
3894
1940
3231
2951
3532
1314
681
3688
3069
1997
1019
2903
204
1790
55
408
3913
3052
952
3864
1222
2877
2905
3881
1133
1176
2208
3983
825
3975
992
3349
3577
2934
371
2233
1052
3054
3256
3914
3320
1933
1523
2539
257
3702
2290
3293
3245
3547
3814
1645
4002
245
627
3178
2578
189
658
4084
2852
329
1280
4046
1651
1066
2892
1856
3055
2423
70
4065
4008
194
1830
1331
363
2442
3202
2520
3037
3464
823
2022
3174
3660
3680
3119
320
1658
1756
2856
771
2171
562
3473
3130
3725
401
1264
404
3275
1784
1920
2726
1369
3091
1128
1928
133
2704
3762
3911
1486
912
3204
113
1011
1773
1814
1897
1243
252
2985
2961
3028
2374
19
1549
1161
140
276
1481
1395
2342
2795
2487
3301
2132
255
1886
2932
1371
300
2261
1152
410
1646
2744
2965
3666
2684
1916
3452
1370
326
950
1010
1952
3869
1898
2802
1907
1990
2033
2299
3787
1822
283
2622
2159
1145
2861
2679
2821
1816
1469
3129
3021
724
3906
11
135
3707
3844
2212
816
2060
2246
2320
2475
3977
3132
132
1247
3414
1627
3617
3334
996
1663
2045
3661
2701
1809
1718
2724
2121
280
2255
289
625
2016
3752
4070
731
1377
422
1341
1685
1621
502
3516
1087
561
792
3576
389
2957
3056
2931
4005
2664
3475
446
2820
3524
2057
2762
3803
654
2389
2189
2239
2656
403
1500
3798
1723
951
3958
3546
345
1533
3347
1588
1328
619
230
3642
1401
1190
2997
206
1148
1490
1290
730
2654
481
237
3066
2503
1648
2058
42
25
1914
3544
468
851
4073
490
971
3588
1453
2528
1099
1922
3418
2512
1209
2426
753
2302
439
212
1035
1840
2446
810
2428
2245
926
1376
3595
2384
3221
1210
3323
3955
2115
2435
312
1291
1114
432
3437
1023
61
4015
172
1312
1563
1955
1835
2071
3290
4060
633
2881
1198
1479
662
2812
2657
3849
1958
2967
980
2347
784
2568
962
2345
1860
2995
1989
713
1309
1407
231
3896
107
1212
1289
643
924
3711
1884
873
3572
3558
3540
1679
3360
564
3081
717
1109
1142
3934
3359
2644
1724
509
1325
3127
2705
2841
1379
2507
1602
1055
3686
2868
2061
647
3249
1891
3260
1861
28
3184
173
2746
908
2872
347
583
1591
54
2823
1204
207
3017
3439
60
634
3640
3071
3348
3794
3730
3710
1674
2297
392
2619
4072
1467
604
2980
1892
1745
850
542
3325
1016
3215
2811
3815
3229
1276
3552
3070
1541
2293
1774
2447
2211
1631
2427
3090
3936
1157
4095
2546
577
675
3405
1561
1213
1049
436
1182
4067
1664
1539
1372
2260
3998
3792
599
496
89
2138
513
3230
1965
3597
456
290
2914
30
2141
2839
715
120
677
1261
3346
4029
213
2620
3110
3952
2860
175
3841
2754
2670
1082
2533
1208
541
1819
2896
77
210
3809
460
4048
2219
3294
3592
3015
914
4000
3675
3441
3102
3626
2454
993
3888
3683
2945
592
2752
3940
848
3316
2613
1546
2432
3114
2766
1181
3161
656
