2484
1403
857
3418
3968
404
1753
2115
3945
928
3839
208
1506
478
3075
2612
1458
1670
4025
31
2110
128
3284
3908
632
3150
3036
1607
1204
1159
3661
3784
3666
3749
2764
3982
356
3741
1938
3755
2915
502
1453
1254
280
3128
3638
3627
3572
3935
3902
2737
1227
950
1032
1976
812
2967
2735
310
1964
2569
3185
1485
882
3362
3372
2183
2534
1316
11
986
657
3003
291
477
1056
3748
1489
1418
641
379
2227
3486
2052
485
57
1973
4046
2040
277
2219
410
3660
2185
370
3255
3201
1737
2157
3742
1475
2526
3165
2673
1676
3499
2387
1635
2200
2198
2789
752
107
3732
405
1792
975
3047
2028
1855
4057
2490
2613
2514
2460
1659
133
3449
1024
2580
3382
1098
3503
440
52
1368
202
3205
1020
2113
3439
2395
78
2396
994
2310
3844
2274
1796
2098
509
4045
1798
3242
4089
2611
3708
3987
2173
2807
3577
971
3927
2192
1464
539
4002
1707
3590
955
753
1072
240
3545
535
3226
1851
1571
2303
3057
2739
868
2451
3182
3810
13
3307
642
2077
2733
1275
1457
3835
2238
3107
299
966
2413
2208
2082
2331
3686
2402
705
377
2788
940
821
1909
887
2566
2835
1847
2513
2437
2120
2206
1296
523
1111
2055
1030
2855
1128
2563
3139
2410
739
1896
1200
1092
3529
3467
279
2323
1035
2138
3801
364
757
4014
3612
738
1648
2798
2209
3049
2139
1962
3061
1389
1915
3794
1349
84
2315
3858
3179
3614
3995
1588
2957
1575
1911
781
1940
3743
1245
2374
1532
3159
2826
816
1173
2694
1599
2822
373
372
1373
2872
93
2803
892
1493
382
1582
1195
446
1158
598
233
3567
1112
130
24
331
842
2328
2511
3037
3214
2527
1819
1999
1824
2349
1319
1323
3910
1398
56
3616
2546
213
1281
1693
1528
105
559
2312
1174
1881
832
1637
604
1133
3903
2377
1988
2325
1251
3522
2745
1541
2595
1604
2891
3497
2476
3131
3694
1197
3425
2254
668
2507
634
1524
543
3272
2158
1006
2648
2719
26
2610
3151
3861
1578
3663
343
4072
3966
2925
954
2669
1944
3659
2388
3460
3918
2847
3736
3295
102
3558
590
2812
1814
3269
3390
3211
3883
2765
1985
717
2361
2783
952
3525
3488
2003
1077
3104
2428
1515
1454
3863
3624
3518
2668
360
659
1643
3274
2715
3773
679
734
2627
264
2459
995
4077
2576
3720
2821
1503
3948
3267
732
3257
2037
749
3017
49
922
3476
517
623
1277
2906
2656
628
4074
3576
3914
3805
1153
1419
2076
201
4083
1250
2945
1667
2015
2863
1224
3933
3125
1162
1106
4020
4010
930
327
1682
89
2133
3401
686
2732
2754
1495
3016
3705
2067
2280
2818
3236
3156
28
1129
3310
958
1376
1341
3252
255
58
1586
888
2297
1498
2030
2301
3597
1510
3010
2641
3196
643
1914
2032
298
3984
3605
3582
1839
1214
2487
2024
1924
2920
2657
96
2149
3145
2172
929
2316
1151
3637
1801
337
3756
2347
2101
2587
3072
2046
811
1527
1286
983
139
1280
1950
2147
144
3658
4047
3276
481
100
3887
3301
1424
3100
3219
4070
395
4043
2367
1123
525
1773
43
1870
3685
209
140
243
1612
1743
3432
3088
2755
3901
2581
3277
2867
1550
2436
3289
3396
960
1846
3931
2382
3979
2995
1335
1026
2833
3077
2020
51
188
1328
3042
2665
2505
177
576
427
428
2215
2365
1641
3820
3827
2486
110
1390
2506
257
1997
2943
957
2203
2773
2723
943
1668
1169
1570
65
2282
3407
2279
3237
589
518
1647
1031
396
3819
2568
2405
3342
464
1871
2874
3223
2112
2542
1408
1358
2960
1329
1739
2720
1127
2817
2283
2954
3822
2044
530
808
205
3424
195
1630
1080
1455
2727
556
1484
1666
2467
2327
2958
3703
1083
2948
365
314
3338
147
3874
2510
3767
532
587
1352
2703
2525
1449
2550
1440
2345
4093
4021
1103
3064
1680
2324
210
3138
2686
770
552
2217
3099
3187
3657
77
1351
4032
1912
671
723
1130
2224
3962
2586
2392
182
2655
3443
1730
2127
3928
769
1366
2722
387
3711
2057
3632
97
301
1466
2743
1361
2230
859
2729
2557
163
3585
1494
2298
2291
2897
2531
3111
1662
3501
3809
2696
1155
795
2126
3446
3404
3765
1347
1933
2474
2791
1554
1338
1951
271
1299
1115
1833
189
309
55
3297
3422
153
3520
1832
3879
3224
2893
3427
676
132
1891
1889
3265
70
2637
761
850
2062
114
869
3609
889
4061
2063
0
3692
1966
3905
1406
3065
673
1184
2774
1474
2128
2768
894
724
1894
1551
2306
900
814
154
362
2596
611
1360
3830
2075
3714
3229
3656
185
247
1018
3829
1934
1548
1305
3197
2117
2400
2190
488
1520
1978
3574
949
2937
878
3383
3015
3957
853
9
4050
2728
2119
1180
2462
1574
1374
3361
640
1900
1829
2453
1181
917
2666
3366
2676
1651
933
2260
3913
366
3563
2870
1010
44
2979
3161
2753
1354
1981
873
3416
670
3254
2854
2809
3865
1414
843
4088
3802
389
524
538
1533
3542
1734
3816
3318
32
712
3414
1995
790
3967
2272
3917
2166
326
3134
3173
3578
3025
384
3241
2302
3540
665
4078
2061
2533
3770
1144
2562
1927
3020
728
3895
2661
1781
344
3013
2099
1568
2972
1326
911
3251
2288
1526
99
3435
2628
1841
1623
1745
3702
1765
2457
2709
3678
1285
3629
1421
3581
608
667
2438
721
2830
1295
3456
1102
1774
3655
3155
2485
2820
1714
2305
1780
638
1952
1611
3330
1986
1523
2430
3604
1566
2878
2654
1632
3611
1865
4075
3055
2908
4076
3715
289
3234
3365
3512
4012
3397
1333
2725
347
3885
3986
1075
4011
2802
169
3259
198
681
3376
1984
592
340
3871
554
3689
249
1576
1916
1567
241
218
802
3051
3337
2266
924
2059
2970
328
1863
1400
1931
1093
2488
730
2031
363
142
3600
1779
4066
1188
1764
2797
3893
614
2193
2767
274
2501
1843
2471
338
2853
1095
3704
2344
1711
2760
914
386
3249
329
3485
3988
2849
1062
120
3554
36
3904
3618
1364
2685
2632
970
3477
2545
71
2578
3207
1348
3232
2771
603
855
528
1669
2747
2843
3324
2687
822
858
1145
656
536
3464
3619
2465
1014
2933
3461
3451
3519
771
3550
442
197
3654
4080
2749
2071
1279
117
3334
3817
232
2787
2784
1420
507
3371
3325
2018
946
2841
1628
2042
919
2896
1125
1697
2450
599
1057
262
833
1074
3203
2322
1132
1269
66
1864
835
3014
1674
2039
1226
1732
663
1890
1899
1308
3575
3740
1560
2522
2982
619
3866
1754
79
1618
3684
1759
2054
3673
2160
207
1746
1559
737
275
2502
744
124
1217
3823
1901
3098
3235
2448
3546
1853
658
1861
3063
1381
98
3693
3562
19
1201
2073
3896
2281
3646
650
565
805
2093
3405
3484
137
3999
3932
53
733
4065
2649
2990
206
3028
2221
4027
2414
3052
2912
1218
527
3323
1260
547
3647
3786
2592
3166
2997
3853
1887
3725
3094
1472
3385
1838
2355
3450
224
2590
2922
2838
3408
2589
3620
2554
1467
1441
3994
2308
3900
2111
3674
1394
1907
1661
1860
1429
3149
432
2016
3843
3872
2688
715
568
1383
3127
707
1263
800
2214
2752
3643
1994
4029
621
3423
3256
1175
2068
2556
609
2535
2638
3466
2609
1065
3613
3649
3472
385
1300
67
3481
2717
1517
3716
3495
2480
3949
3524
168
1022
490
2025
3293
3000
3001
3539
3746
980
2816
69
3291
2216
3350
2604
2464
1342
2944
3239
158
1996
3738
2104
2645
2690
3193
2483
3199
1432
2644
470
4018
1502
4094
3082
902
2810
3482
3260
2726
1073
3626
2552
3965
2406
1543
2952
1317
2713
3008
10
3054
1815
3445
172
2603
2246
1091
171
2882
3053
801
2078
3635
2940
1960
2973
934
4060
3776
2211
1844
3475
2241
3426
936
3455
939
2890
1770
2517
630
1438
220
1013
1655
1378
831
745
3429
1644
1772
3494
1624
2796
906
3878
294
1198
3608
4063
1590
1837
1190
3275
3633
1205
2372
622
636
2823
3845
1639
2670
646
3973
2326
1633
1956
2253
1053
3972
2759
1437
2412
2653
1247
2364
2524
3923
3808
1614
3848
3912
3978
1724
104
1160
1902
3348
483
2394
3584
3356
557
2804
885
1878
238
854
3943
3772
2965
3410
1859
2035
1393
1362
2001
1922
1558
441
948
1766
3183
3930
305
1519
3311
920
3309
2579
162
35
2443
3142
3826
2014
562
2051
141
1370
2624
4053
3005
1546
2956
118
2978
3262
866
296
3631
2675
3353
1388
3411
286
160
1980
1029
2935
3777
793
1785
1283
3862
3541
3587
1810
2426
1049
1028
2540
756
1413
1888
2953
871
1008
1622
1657
3146
1314
2103
1422
3070
2500
1257
4064
1683
445
2782
3926
2432
1104
3327
60
1242
1154
341
1320
3287
3285
2900
3096
391
3565
2213
2585
3118
2905
2492
588
3628
2004
837
3502
1446
870
200
1309
2780
3530
3158
1243
1879
2532
3152
574
1045
3891
2662
1119
1356
2090
718
1019
3888
6
3676
131
1241
2583
3672
1048
1365
2140
1790
729
2178
2179
607
1812
2716
3240
3976
2980
3271
1826
3045
1069
450
1782
2136
126
1589
1672
3208
3116
3313
3270
3474
2537
511
2684
544
2600
1816
1961
3463
3328
2777
2314
1805
4073
229
3938
3561
115
803
1712
2996
2000
1099
2332
3868
3764
320
932
1718
4035
2691
2482
841
1650
2444
2934
1631
1483
2631
1769
3428
2207
1291
3034
1943
2334
785
2801
1710
1430
3355
1858
3622
1923
4091
627
3507
754
2642
1050
2986
1043
3783
2683
2017
1625
519
904
1312
1708
4034
227
3744
8
2575
2472
3319
159
2022
276
895
2404
1353
2591
3807
2846
4005
956
3775
2233
959
3508
381
1397
719
772
1152
1037
3818
1704
2399
3852
3344
847
3724
1991
3793
3035
3769
192
1178
3838
3089
3023
2123
2626
1613
968
252
578
3758
1797
1539
1094
3856
3894
1605
1741
840
2966
3555
1545
1044
414
3143
3706
1238
3380
4068
2363
2639
54
1167
3602
1262
3778
444
174
961
1163
499
700
1811
3091
1076
1423
3352
3566
3511
3115
3889
1113
2134
2463
2234
3314
2495
2135
466
39
595
4090
2814
1481
2036
1034
1267
3409
714
4085
1868
3821
606
2066
3942
3124
411
1459
2191
3533
2572
703
1918
3268
265
1307
775
3136
2277
758
462
1998
400
3345
880
3447
1011
190
1402
3664
2416
2762
2549
2019
2577
1684
217
984
3707
2730
2255
3906
1645
967
1346
776
863
3799
4033
2521
1919
1259
1757
746
796
1064
4056
2985
2633
2359
3302
27
2095
2339
3346
3147
3681
2914
3444
1621
799
3880
4086
2286
3787
1842
3534
990
2210
1310
1301
74
436
905
3753
651
4084
910
1807
1486
2199
1025
3339
1261
3431
2161
1
2385
108
1222
977
820
448
2148
3132
2009
2165
1079
2293
2660
3911
1692
875
3548
3360
47
3364
3417
3846
3718
148
3800
813
992
2630
3869
2228
333
113
480
2369
829
25
1225
2599
176
2013
3022
3192
2682
402
1640
1054
3814
1122
3032
3228
1518
3170
1856
927
534
3498
4006
3859
1726
383
2478
644
3343
2831
4082
963
993
1355
3148
3921
3074
3126
2220
711
4069
2151
3882
3696
1231
3164
3634
1544
4039
3653
2825
3315
3281
3768
3683
647
369
3153
1783
3521
1963
397
86
4030
537
579
2384
2705
3781
3760
3168
2879
467
4022
3722
3828
1664
999
2664
2239
3970
1689
1885
1215
2159
3085
2994
401
1315
789
3178
2419
2859
2785
1747
1638
1813
3729
2146
3160
2941
3747
1170
330
2287
923
2408
433
2252
773
157
2373
1987
974
2060
1071
522
3200
1740
978
284
359
1007
88
3796
3538
1803
2439
3939
2977
2050
2917
2321
187
2027
3388
3067
1755
1617
810
2975
3797
2319
3335
403
1822
2538
1033
3644
645
3478
710
2520
2097
750
90
860
998
1954
1141
2987
685
3580
2205
324
1760
2262
7
92
2121
879
2100
3780
1675
1327
21
867
3292
2923
3398
1572
618
2652
2170
3018
2023
2574
63
2411
2002
62
3469
3688
1736
533
3971
1949
1748
709
765
2409
2011
2828
617
3378
1134
167
3553
2939
3615
4001
1928
1456
1906
2243
3263
2731
2570
2634
3333
3071
1367
491
1652
1609
3677
2721
2114
3739
424
626
2899
2493
3592
2427
3186
1752
199
1480
1150
684
398
73
1436
2299
1239
1893
1626
1884
3665
3700
2790
3697
3180
256
3299
2955
3246
3078
1232
106
2131
376
3109
3140
259
354
1610
545
3975
3194
809
2845
1536
3172
3110
2065
194
282
1234
571
3850
143
2074
2558
2584
496
731
777
856
1409
48
2962
3253
1282
1179
1070
479
1603
2424
3190
3915
1989
1744
3430
3833
3595
817
3129
2202
1236
1937
1186
408
1411
2880
3951
75
2267
3849
1492
2529
1202
3547
1399
2041
1522
784
3898
3774
2188
2285
2698
4044
2605
2047
3103
2949
3130
1598
2088
567
2869
699
3586
3606
321
1699
3391
748
1391
2680
2226
3680
2616
4008
901
3671
348
87
3305
3731
361
1168
17
972
848
2421
2868
3831
1542
3811
573
2245
191
1040
1649
2693
3806
516
2434
3415
3122
3588
3985
1272
851
1412
2455
1903
2971
2045
1496
2946
548
3997
2292
1337
2371
2571
1292
2679
815
2154
2012
3154
1233
763
2106
1082
2650
412
2379
2756
2748
393
37
4036
2741
318
898
1658
4028
1549
4059
1514
1756
1401
2494
725
1869
463
1039
1427
3
2597
2107
2184
1350
2718
3400
1656
1088
1324
4054
2503
1910
2615
1817
1209
3225
1802
2375
1060
3552
1199
2069
1182
3691
2466
2781
3043
1698
3996
2034
1357
1375
2776
2150
3273
1165
1176
3083
3950
2407
965
1334
4095
3189
3258
2449
2353
755
1425
3788
103
4067
1636
351
127
1569
3368
2431
101
1595
2006
3763
3448
3890
2827
1255
1002
2947
3886
1723
2950
2348
2659
1687
2294
1435
156
3795
836
2832
266
827
3535
476
1185
3176
780
1463
2757
2622
2296
2118
3825
2336
3946
2792
1946
2248
944
1359
1758
3392
3434
3261
1700
500
3403
2329
2021
3483
2651
434
1278
521
1795
1191
2366
3029
339
1442
2927
872
3669
605
3216
884
4062
272
439
2636
453
3286
2447
246
2481
81
3712
2904
2091
1431
2417
2919
193
2244
2186
178
3437
145
151
3593
1139
1776
2026
1471
1101
3363
3007
1136
560
307
4019
3757
303
2515
325
2477
504
1444
1941
2343
664
2799
388
2196
3897
3044
420
2342
1957
3493
2175
2029
1207
2145
1768
3393
2275
2258
751
3244
4042
332
231
1443
3322
921
1306
4081
2383
2092
15
2341
2247
2418
1330
425
3227
3033
3204
962
1223
2261
3709
1090
2560
2330
3954
3989
2194
419
1504
2273
2887
1565
2393
3500
18
1385
251
2229
155
2813
2425
123
2461
2182
675
3218
1695
852
2168
2918
2712
1318
3759
3332
2309
1717
3857
3062
2523
2401
406
2697
1917
3321
661
1311
3556
1382
3217
3617
1592
1288
285
2742
3531
3726
3080
3766
1386
129
818
979
826
1297
2983
3019
451
1058
1849
2498
951
1895
2541
484
1852
3884
1516
1775
1892
3728
2048
3288
4049
680
2084
3011
1452
2850
3876
212
4031
637
2951
2608
346
1597
146
1505
1876
4009
371
3601
1511
353
2593
1009
3377
2594
727
1004
1818
2512
3813
3998
2189
583
72
3188
3791
3929
1372
2635
792
234
526
3509
1085
2452
2468
495
2618
669
3504
985
1439
540
2708
3847
489
1462
3752
1219
3515
2403
1047
515
222
1012
3569
3027
570
1252
2746
1038
2236
3419
3528
3279
3050
1882
3941
1192
2085
3102
828
3919
1591
1877
472
3112
215
736
3222
1114
3024
3230
1556
558
2981
1143
1509
3487
1290
3924
3721
925
3944
586
2391
244
457
1208
1580
1763
228
2805
3220
278
3953
926
1642
1820
2884
1120
219
1340
3860
1096
787
23
390
1478
743
2440
2598
459
313
4052
1875
3113
3490
635
447
465
3079
3963
111
677
300
1948
653
2311
1742
3141
2871
336
2257
1601
1146
550
1827
1303
407
649
3133
1828
421
1041
1087
2761
1681
1371
652
2864
3652
40
1268
1089
577
1249
692
508
3465
2089
2351
2218
991
4024
3069
1646
1363
1216
184
1109
221
520
1883
3086
891
1302
1015
1078
1212
306
1063
1831
2793
461
1848
1331
2974
2144
569
357
3922
696
2181
2738
1097
3442
782
3191
1410
3864
2932
506
3551
34
2836
2304
2491
689
896
1806
3406
2171
497
59
886
2232
2313
3068
80
1066
1679
3114
2235
3076
2164
2458
1634
469
3564
85
38
1673
368
1148
2565
682
819
503
2559
3651
1276
2195
935
1874
2435
3097
317
1913
494
3961
3470
2445
283
1967
1451
1084
3394
1194
3457
22
2053
3117
4026
2333
546
3937
3983
2390
2033
121
1240
1396
1016
989
2866
2083
170
3221
138
876
3009
1336
16
3505
3198
1720
615
897
1479
226
3571
1235
3316
2898
12
1850
1970
1677
323
1688
2663
2911
1183
3687
2156
2530
122
413
418
4041
1000
1616
1166
355
1447
2678
3452
2058
1706
3536
2518
211
1965
629
3320
1499
3206
3369
2499
394
3030
1872
1834
1343
3701
2842
1426
1500
1983
3506
1230
2811
1256
3336
510
1105
2564
2397
3454
585
125
2916
297
1788
2775
487
3402
3751
2072
1886
2766
918
270
3389
2695
1428
2242
865
4
2858
2237
3438
666
864
2551
3040
691
1433
3453
2225
1274
3947
1563
3004
2910
1046
551
2751
3662
2268
1581
2647
2008
2808
1555
4038
2926
3059
3583
572
1086
3209
3306
2265
2621
1537
584
672
3992
2259
3668
2993
1521
1416
2829
3792
1482
3174
3381
1405
3375
423
582
3977
953
1561
1228
1131
1799
786
3367
1171
2903
196
3480
695
1156
1761
774
2441
1149
760
2528
2677
3675
2264
1137
1124
903
3543
1854
1731
2567
1313
2672
912
976
1696
1840
1702
3123
1140
367
1284
378
223
1691
1407
2711
4071
3374
759
701
639
514
937
3834
3248
3399
3038
2240
2180
1945
3304
458
1615
3645
304
3899
2885
1021
2169
2381
778
2105
1977
2038
2991
443
2942
1665
3090
1784
624
4016
1920
1653
1751
2504
2007
1990
2201
119
702
1339
3144
3312
3357
95
268
3841
2080
3298
1395
3458
2102
1804
3056
3514
610
1897
2961
3340
3936
564
908
742
20
2702
1196
3358
2290
2815
899
1384
3955
242
237
2124
713
216
1690
2276
1930
392
3991
1211
2539
1512
1203
706
203
2989
2806
1027
1529
4015
2607
1762
3250
3341
161
2929
3824
1975
3247
1387
613
295
2346
3294
3513
308
662
2620
1434
2857
740
498
1497
2692
2086
3745
3167
964
3815
3594
3873
2959
913
2320
1298
1993
1172
3523
3101
2795
561
542
64
1942
468
1821
1244
2263
287
973
3280
1513
566
374
245
3710
2081
454
3695
2862
2824
2454
3790
2497
877
2999
2573
797
267
350
2744
3798
3516
1608
2116
3699
2197
225
1118
3682
2640
839
2222
3855
512
2129
46
947
2892
660
3413
4040
1258
631
349
179
1620
3412
1786
1596
862
2087
881
258
861
3212
352
1587
3771
2125
1908
1206
969
1473
1713
1417
3231
2819
2496
3510
3589
563
422
3106
2043
2269
315
2840
1584
1969
593
2357
2602
486
3789
2928
2888
3761
741
1619
3073
1800
1161
3026
2380
4017
42
1530
3359
2724
2356
2479
2734
2433
1476
1081
319
1926
513
2770
1271
3892
2251
1629
1507
2667
806
1787
3870
1460
3974
1177
3496
239
3881
1722
2992
2865
2786
997
2108
1042
4087
2
3568
2335
2886
3266
3598
1248
290
3002
830
531
1470
2769
2249
261
2174
3169
735
3395
767
2122
2921
2689
825
1577
3303
3636
1600
482
475
580
1867
1660
1213
987
2212
3603
690
3591
2658
3642
2907
3373
5
1067
1501
3990
136
1791
2153
2132
269
704
181
2130
996
316
501
1535
2588
2699
3489
1594
2398
1939
2176
3559
399
2386
1270
3157
3596
29
1880
2674
1461
2889
292
1321
1715
2671
2852
2422
186
3958
254
2895
2902
1193
3006
2876
2415
3066
230
3108
455
1825
3867
2976
3981
3436
473
2988
3048
1777
694
2352
1448
1778
766
2714
2508
2543
2646
2547
4055
2446
807
1135
3384
1733
575
1579
1728
555
33
2064
1873
3537
3532
76
2337
2250
600
2137
3621
263
4007
1246
4013
50
2619
2420
762
1709
375
1221
2839
788
2519
430
417
1377
2389
1001
3785
253
3283
312
1445
3960
3039
3723
3137
3238
1147
2623
2968
2429
2350
1905
1972
3640
2070
358
3517
250
1564
2750
30
3837
3215
2358
1121
2278
1738
3387
3959
3468
1187
2289
2317
3370
1771
1606
1749
3993
1540
1750
2489
3441
2931
452
4051
1322
791
1266
1729
1508
1287
1164
149
625
654
779
2544
2470
1110
3762
2536
1866
845
1138
1404
1836
3245
2142
1469
492
173
2376
3648
1583
2354
4037
938
2005
982
3940
1059
82
1108
1857
1468
61
601
3162
1979
988
1237
109
3727
1573
68
3290
1719
431
3854
2141
2881
2079
45
1823
1061
783
1678
3916
3184
302
2969
1547
3690
2163
2516
2924
3952
1100
3557
678
693
2096
2548
180
3459
3670
1534
2861
2204
633
2601
1220
1562
2877
2155
2763
2704
3737
1369
1345
1929
1265
1293
3120
3171
135
2295
2606
2772
883
3964
549
1051
14
3060
4079
3282
4000
3195
2710
2894
3734
2049
3599
471
2456
1491
3471
834
4023
2010
2700
460
4048
2469
1671
2300
1968
1392
2362
804
1344
1003
1725
1703
726
764
2270
3527
2938
2758
3782
541
3920
1721
3842
697
2844
2187
3730
3934
3278
2873
3087
3473
3331
1325
1229
2555
1789
849
909
3421
3679
2423
1904
1380
945
1627
3544
1210
1379
91
204
3754
1947
2338
3560
798
288
2475
3877
1488
1142
164
2370
1553
890
2143
1450
3300
3667
3092
311
3717
931
1830
1490
655
1126
3875
1898
3812
3526
438
2109
3012
2340
2883
2800
3440
3084
134
1921
4058
1971
594
2851
2307
1727
435
2473
2629
474
3698
3031
335
3579
1157
342
1654
2231
1694
83
3804
94
941
150
4004
3840
3570
846
175
3046
1023
1052
3623
674
3607
2913
3135
893
334
3492
3308
2984
747
612
1304
4003
529
3175
3832
2360
824
688
3610
1117
3909
3243
2740
1332
2643
1663
1602
3650
1538
3095
942
1982
3093
2167
2909
823
2998
3719
1992
1974
273
2378
602
3058
1552
166
3329
2553
3851
3625
3639
3021
1959
416
874
235
2223
429
2617
3980
3177
720
1716
2271
708
415
214
2964
981
493
2162
3750
1767
1116
380
2442
838
2681
426
3630
3163
2963
2794
260
3956
2779
553
3549
1808
2701
2284
1107
2614
591
3573
3491
2707
1936
3105
2778
2094
620
3233
1585
3641
794
1415
1809
1955
915
2318
2848
1294
3202
683
456
1005
3351
1465
3713
716
236
2860
3354
3925
698
1862
4092
597
3969
183
1593
648
281
41
907
1953
3779
3081
1958
1531
2736
1477
1735
1685
2582
3907
2256
1925
3119
3735
2834
3296
409
2856
3041
1017
3836
722
449
768
1264
1935
3121
2625
1686
3379
437
3386
3420
1845
505
3264
3317
3479
1793
322
2368
1273
844
3210
3181
3326
2930
1068
1055
2056
1701
2901
916
293
248
3462
687
2177
1557
2875
596
3733
1932
2509
1289
616
2936
2706
3433
3349
1705
345
165
1525
1189
2561
1835
3347
3213
112
3803
1036
1794
1487
116
2152
581
152
2837
1253
