599
1850
3683
3606
452
49
898
131
2834
1980
2456
2035
261
2573
443
213
3199
1965
2087
2220
1063
2389
1162
1256
2484
3507
3612
4045
1000
2877
3654
925
491
178
2174
2967
2099
1250
3179
45
2620
473
1858
849
1280
2132
1577
3077
3712
3332
3493
340
1579
168
1427
1421
687
60
2420
2686
4002
1281
1035
1156
598
1924
253
2393
208
3300
3365
1514
3521
1778
508
1014
2709
191
3621
1420
2904
1005
3753
3541
1136
2949
2207
1707
3841
2390
1238
3703
842
2621
233
2047
501
3064
2900
1673
2180
762
3343
3289
856
1859
73
2933
283
3570
3427
419
3321
1523
463
27
278
3893
1339
2422
252
3291
2439
3010
293
3826
384
2335
1010
3339
1305
2619
1919
2189
888
1768
3763
2395
2308
695
549
3924
2403
2081
1407
1278
3835
3030
1816
2862
1071
1062
3767
951
1801
2016
2363
3464
1887
1037
2370
1746
3583
1592
328
3756
2599
3749
3113
1355
2100
2274
2794
2809
3225
3944
1638
496
953
2602
3258
1545
577
1559
2401
3221
3543
1224
2458
2362
3819
2730
1195
4004
1852
1743
2797
1589
2889
2416
194
3380
1194
1188
2318
3334
1650
91
2194
3196
386
3476
381
2929
1551
1682
805
545
1599
169
2973
659
2072
2503
2231
1218
224
308
2488
3930
3758
3153
31
3261
2562
4055
2581
2835
4038
3
2493
2293
486
4037
706
63
3051
2163
1300
1069
2245
3233
236
2500
2678
204
2358
3907
2302
940
3353
2391
179
788
2188
1353
3354
182
3250
3050
1333
1879
3083
211
998
1657
2894
3739
229
3812
26
3201
3965
945
2668
639
3170
1050
621
1474
2226
3597
3340
3267
3032
3524
3284
2760
2289
2969
766
2722
3397
1362
2246
3847
222
2379
147
3279
3027
189
2065
163
3511
420
3484
1896
2893
963
2579
1123
292
2758
1346
1715
1505
409
1781
3193
108
2713
836
2728
1575
2856
3423
2783
1623
3634
1911
2282
1920
1003
1676
3140
1443
1639
197
360
2843
3850
3972
2727
2324
1208
929
3231
1498
3253
505
3577
3304
2627
1358
3874
1602
3659
3946
1973
2438
3857
65
3801
4090
1028
1032
1863
3552
402
1112
769
820
387
982
3098
3666
2884
2251
2333
1347
3513
1995
3869
2269
783
2831
3877
3138
3078
876
780
2129
3502
2367
2033
503
2802
1663
3731
603
2920
1252
1114
2694
3607
475
2028
3764
1363
1456
1377
1828
2858
1026
3615
3939
2022
1692
2432
2397
757
446
2924
523
2476
1840
1570
94
2413
3996
2155
1460
944
2046
3529
821
1412
2447
425
142
3678
127
2179
1557
3821
2855
2699
896
568
1503
418
610
2559
1813
3454
3054
2951
3617
1219
1342
2229
2467
3933
3844
53
3662
481
437
440
3125
15
3655
3614
1554
1978
3152
4081
2651
2108
2305
2549
192
2317
2405
1951
1524
2916
1436
719
1017
1434
2222
3702
3557
3515
813
2665
1585
1854
2068
3391
2236
1588
1525
631
974
1848
3396
2648
247
119
516
2347
175
1912
2604
2272
2650
235
3656
48
3424
2885
2073
3462
2233
3806
3052
2102
1727
2361
652
1435
3157
1937
1157
3468
3778
514
3459
3685
924
1683
2271
3566
3958
2227
830
3828
1091
1475
215
919
1357
2385
1449
2445
2020
3766
2762
2587
807
4063
1731
3318
791
2005
1161
2928
1809
3720
1645
1964
3322
8
2923
3013
1359
1800
3363
1864
2307
2588
2247
3069
1152
2254
3603
826
1118
1072
2013
2147
3371
3160
2918
3342
1487
3106
3564
3109
2584
3809
181
2757
356
3601
3856
3637
3443
1537
2109
2596
93
3448
1479
1782
3964
3942
1868
3118
389
2377
3315
3916
2860
3308
1135
3137
33
1549
3033
3951
1502
3006
2945
2642
622
3540
1451
3984
1928
1268
1874
3859
2567
1485
3626
1659
905
1698
429
2787
144
4007
2541
2400
4019
1481
2219
3653
2591
2303
502
1243
959
265
3422
199
520
671
1480
3036
3260
796
350
524
2171
2412
3198
1605
3922
1725
6
2351
2259
3413
2107
2161
3103
2209
1289
3931
1075
1723
1382
859
3631
2300
79
3485
186
3906
3567
2778
4014
3463
3458
1738
806
800
873
1299
3748
423
867
2354
3532
1518
720
2110
2660
1303
3058
3932
4010
795
1703
2469
2277
808
3633
167
3404
280
1541
641
1987
2883
3863
3039
1507
103
4072
1741
1780
2462
3341
156
1415
3781
2712
3441
1843
2539
1178
1785
3775
80
1560
3473
3273
1121
883
2076
3640
3733
2457
397
1871
4086
2777
1329
1546
2938
1414
3161
3677
25
248
2600
1381
2025
1948
3861
1260
3903
1729
3166
154
3798
3184
2733
3745
1311
1425
1618
2682
1308
20
2334
3301
2749
2026
2284
1830
2593
935
2785
1527
1755
316
2829
2085
4032
2304
2249
3605
1619
1941
2015
1025
3936
2853
539
968
3867
763
886
1473
3229
779
3325
3921
2123
2037
595
2999
1530
1085
1378
2512
2613
1082
2683
1784
268
346
628
981
1397
2526
3494
3310
2828
643
2634
3085
1310
3287
2496
2645
450
3190
41
3290
1631
1272
1200
3028
2009
861
2998
3111
3212
115
3741
3789
680
615
570
2563
669
2250
2078
2994
267
2773
903
838
1721
2508
2146
3855
717
2836
850
1513
1080
3254
880
894
1422
2882
2348
449
1457
187
2780
3217
840
3471
190
3777
2371
3759
1327
2145
4018
3302
2679
251
870
2238
140
459
1788
2094
758
2125
469
1765
2703
579
2954
3034
302
3094
1667
1901
1687
1593
3990
3215
784
1011
158
676
4089
3723
2407
3976
1128
734
244
2822
3780
2070
3024
3804
2957
971
2086
3151
1100
1340
1552
1617
3970
2465
2576
1053
3558
29
1823
3719
2979
70
1957
3122
1614
704
1463
2770
2038
3862
2018
3595
3588
92
2298
748
3652
2842
2667
3394
379
2880
2461
2036
3571
1284
551
1797
3735
2786
3173
559
1769
3242
1046
1324
1930
973
1223
3657
1666
3538
3726
416
1990
1656
439
1985
1052
1611
76
3995
2585
3379
3746
2190
1586
2193
2270
926
1693
3395
4067
1079
145
3130
2808
2208
2869
369
1595
256
3283
2031
2105
1955
2987
2653
3455
2701
2024
3059
4022
3086
3811
3440
2030
2045
3765
3292
3234
1510
3274
3049
3312
1897
436
3248
3986
1799
239
134
407
432
4074
218
2057
354
1419
1042
562
2195
686
3445
2050
3056
57
1400
1898
3790
1094
1748
177
705
1491
2349
673
3123
774
262
2823
200
4023
1418
2253
2449
3831
2847
759
3708
3346
4092
1652
2394
2452
1468
71
3374
4041
345
2798
2671
3730
3112
2498
692
519
2560
1528
3534
198
2555
3009
1022
4056
767
1231
3408
1376
2182
2927
1488
3718
1406
2275
3665
1212
3124
3871
3483
1744
2133
3714
623
957
3399
1173
544
1226
314
2974
1291
484
3710
2561
2547
2737
1972
3314
3915
4078
1892
172
143
326
240
887
166
2074
4062
2865
1701
227
405
320
651
3548
509
2322
1365
900
601
228
2454
3842
3832
1448
985
947
2995
1163
1027
51
220
3189
3531
3647
1763
2857
2814
1582
263
1934
3782
3280
1433
47
3320
1522
3911
2553
488
3211
2663
3425
3041
188
674
3545
3040
3803
380
916
455
2150
1950
2830
3421
1734
1177
4057
3087
1626
1857
1354
2754
2203
2023
2040
2534
2680
1826
2261
3883
279
2152
3697
1836
1283
1702
44
2518
1013
2959
1735
1661
106
1915
3693
2522
4024
2988
1521
2048
4040
3238
3477
2130
2463
3449
4044
1544
2122
3985
3581
529
1007
567
910
1853
221
101
1209
1221
1832
3981
2187
2603
1124
2984
1464
2088
2941
2388
3969
388
1104
1048
404
1567
3961
1798
801
1508
2256
3732
3496
161
655
3998
2776
2404
2097
468
868
3834
3029
2248
1931
3392
3773
877
735
703
3158
1607
2012
2911
750
465
1538
1728
899
2181
1529
1954
3204
597
2537
2444
398
1004
1960
2473
2433
732
333
4009
2485
1078
2779
3830
2946
1402
954
2140
538
1279
1271
77
1367
2342
1344
911
203
1181
1051
2172
1059
2223
371
3651
1452
3983
1061
617
590
4030
875
3542
312
1276
2956
2470
1983
480
3135
3891
604
2622
2137
1685
3293
2506
1936
1894
1774
307
421
2080
2963
1810
1890
3940
4064
2930
2191
3589
3266
2677
1795
2640
594
3127
368
352
3526
1315
1627
3400
3561
3900
684
1437
1536
4027
697
1533
205
1869
3553
2279
2913
650
3935
3705
2935
2577
961
726
1070
1534
1878
493
1274
2138
693
3539
171
1792
107
56
2205
1716
2684
2870
866
3881
1408
746
2359
3025
2759
2649
3372
827
3715
3207
1875
2902
3068
492
2479
2118
1110
1398
583
3875
3265
753
1921
37
1222
1690
113
2899
1294
2128
1571
543
521
4084
3943
400
4029
2051
1393
845
2729
3795
1697
2681
2544
2879
4008
1261
3945
3361
1708
3115
1512
2148
1127
2345
3938
936
1791
2200
1390
1598
1804
915
3288
765
1906
3796
1767
3129
3846
2319
1077
2704
1337
264
2675
1180
2872
1095
1717
2631
2647
1369
3551
3099
1440
1336
1193
3352
605
1929
494
3271
3108
376
1090
535
3917
2990
3132
2670
3725
2716
3937
3546
2519
1023
3191
532
3648
921
1033
1855
3736
1242
1318
395
3082
3729
1217
1313
3347
1454
1996
814
1383
295
2710
3783
146
4042
364
2705
232
1189
303
3451
3224
804
2609
619
3419
816
999
2774
3920
2981
1713
1176
1290
471
1815
1441
1970
588
1705
889
3514
2871
2144
1205
451
3007
1493
2948
84
1597
3851
2330
2520
3144
1361
3307
3219
2232
112
2720
702
1490
1829
2793
2004
1248
2001
3918
2832
3503
4016
1621
2664
581
1501
3999
2460
2723
422
1908
1109
1835
3344
32
3169
1971
2533
2986
2264
2090
2744
2972
995
2652
1150
152
2614
1647
2491
1006
2296
2230
970
3126
2535
1688
153
1216
843
2149
1137
3497
2429
206
270
1680
733
317
536
3598
424
3727
1351
2225
3991
2084
1350
2748
1740
1395
2912
3681
3093
3836
3240
1636
1348
4060
18
574
576
828
3506
3316
2323
3787
1686
1364
1861
1266
3602
1831
596
482
2315
1821
1292
2240
2160
2636
513
1979
928
1842
847
1730
123
2294
1312
2807
1882
2280
1239
3600
62
3625
2021
1286
1155
3012
2554
3580
3249
1159
646
541
2580
2838
3141
1884
2151
21
564
3393
2111
477
3018
378
3055
1245
1811
3500
941
1678
1926
2441
920
1413
351
1253
1949
1018
3642
137
1345
584
87
569
4059
3902
331
3536
744
1568
3955
2943
3544
52
184
1643
629
1111
552
1504
2968
2153
4077
39
1968
2268
3579
1881
2625
3873
3870
937
4013
3378
2410
3386
1101
2901
322
3096
1041
1670
1946
2382
3195
1640
2039
273
2075
3000
2437
3833
399
2992
276
1275
1477
781
1171
3430
3574
3120
2052
2154
3675
4048
3757
1031
1756
3549
2214
689
4005
114
2495
2366
3618
4026
3973
2868
1277
1107
2228
3699
1478
2688
512
361
3435
1793
14
2565
2178
2143
3017
1130
3348
1384
1099
3882
498
1733
792
526
2306
818
1956
942
2455
3011
2098
3825
126
1726
3722
829
2386
2192
2666
3661
1664
1998
237
68
708
3711
701
1790
3183
170
1081
1825
3277
852
2450
964
2632
1169
4036
3689
3744
2861
1401
3079
630
1374
2513
2477
1573
1192
3638
28
1758
1334
977
2610
3162
3214
1103
3510
23
591
517
2524
2310
699
3695
1215
613
760
3852
1314
3364
3785
1168
4061
2329
939
2499
1572
183
3149
2126
1349
4006
1648
3461
3110
822
3669
2468
2527
2909
1630
683
1739
1722
11
3610
904
2658
2725
2551
691
3908
3489
3008
2283
2936
3377
3295
745
949
640
782
515
662
3728
1616
823
3432
282
3926
2504
1720
1399
3026
3487
427
1653
1925
824
557
1794
3097
2641
3164
2718
3121
3674
1654
4034
586
165
1034
638
3165
3128
1244
2960
497
3256
1391
2801
1465
4071
1139
286
319
1170
2698
1684
1977
2340
872
3884
2932
906
0
1332
1199
3929
955
3584
966
1945
1974
1851
3858
3244
2548
3520
1553
678
2299
1540
1144
2430
1856
996
2278
3684
2381
3868
3550
2516
571
1008
3005
3019
4028
2320
1819
1387
2511
2644
207
3465
3492
2752
2955
1953
1459
2891
1634
4094
627
3805
3208
4079
3456
565
1565
1049
1938
2121
3941
43
3411
3751
3919
972
2392
3146
1338
2715
410
415
323
1888
1067
2406
1409
3276
1214
2617
2531
3061
2517
1394
1148
2380
337
1578
1895
1694
2993
3692
3837
2092
2063
2971
3376
2922
3447
193
3979
231
1143
3818
2002
3367
890
1718
17
663
743
250
2719
3218
3761
297
2815
3770
1424
3046
1563
1404
2676
775
2991
1628
120
3953
952
135
2917
2589
1770
2542
2997
3696
3438
958
1711
2466
3499
3357
1203
3560
2434
1644
1506
2295
1126
4
4043
1009
554
3350
3754
138
3255
3197
403
3740
139
1060
548
59
3022
1753
3286
2041
301
546
3565
2863
3562
148
185
3578
209
2263
3412
2738
913
3014
3575
3104
291
3402
3317
611
755
3619
433
2291
934
799
712
2290
560
4049
3632
2643
4021
658
1426
1704
713
2135
3482
1445
1360
3481
36
3373
2693
3824
956
1603
550
2755
1073
1737
2141
1102
1999
431
4046
1321
3885
625
2839
2824
3982
1984
2242
1068
4087
3466
3426
2440
2374
363
855
2792
1020
359
1903
226
3755
16
96
3460
2288
444
1596
2732
688
1145
1410
1497
3073
2907
4076
1084
2691
909
1140
2572
714
3154
2734
884
1411
128
1962
4033
846
997
3994
3794
1001
257
960
2082
1431
1976
2775
336
10
2053
1486
3904
1182
2805
4058
2396
1681
3687
3537
948
1202
259
1396
854
3569
858
2583
3968
2606
2753
321
3309
797
1366
3682
3359
2464
518
3815
1883
1691
756
2983
589
1526
3134
3498
1458
2687
2415
2402
2845
462
3239
2552
573
3663
2659
2608
2243
1267
435
770
3405
2977
2782
815
2638
2136
2878
2624
2343
136
2427
976
4091
3734
306
2183
1817
64
3700
1907
289
2131
1677
1520
607
2472
1543
897
2726
3742
1695
3479
1417
1455
3331
978
3015
99
2210
1356
2887
1997
3599
401
225
1476
445
2497
2673
1029
2700
1066
3771
1807
69
3516
1517
2297
3281
2910
742
3114
1642
1040
1747
4047
3523
1235
1943
2255
2523
2398
533
2996
412
35
3370
3084
3909
891
1207
2818
2689
2096
1141
1296
3131
3329
3792
2601
731
1542
2169
272
648
2502
349
30
3947
2989
1254
3247
472
3349
914
3416
660
2156
3403
3145
602
2010
2820
4001
3259
195
2115
413
1576
3988
3993
2157
3772
1039
2953
1839
3592
100
918
834
1186
1325
110
2914
284
2185
2117
1824
3472
715
555
2176
1877
332
3814
2568
1519
3439
2895
3431
1295
1847
2309
1472
1773
2629
3838
1453
3063
3508
980
1500
97
2501
2766
2355
1087
3784
4012
3963
1012
3091
2607
1471
642
817
1385
130
3949
2486
479
2942
288
1416
1569
374
1386
1827
772
1932
2633
3635
1905
1106
275
851
2399
950
716
1865
3420
2944
582
1988
3724
1293
1227
3747
1282
1021
201
40
281
466
771
3799
3272
2897
1492
3442
1190
2538
2054
848
2841
456
2104
1484
2217
2800
118
837
1320
46
1074
2848
2365
3495
299
3176
1331
2926
3227
1609
3974
1269
3107
2558
5
2164
243
675
124
1158
311
3864
2443
789
2570
2575
3788
1719
1866
1438
3200
1604
3205
7
3959
2965
1696
798
3650
3957
1547
2337
132
1969
752
1939
522
3192
3133
677
1975
2197
362
3446
485
2095
592
1777
2635
3786
3774
3686
2661
3232
2756
3808
3088
160
664
2765
457
2806
294
3630
2866
3486
3429
2442
3820
566
608
1076
335
3860
1917
2735
417
3627
3296
3381
2849
864
2811
9
1581
2332
3623
2014
1933
1446
1706
3237
2590
3587
634
3854
391
632
656
1241
411
2646
1117
2364
1750
3817
2654
3409
309
3504
22
1302
3639
1213
3067
1610
2742
1165
2199
2175
672
575
1371
3202
681
390
1822
3978
3690
2262
2950
2170
3004
2799
2505
1935
730
1057
2127
223
3698
2276
2077
3053
2066
2867
2837
777
3298
3704
2826
3175
3270
3306
2854
2789
1249
2903
1613
725
1736
2071
1065
1285
2569
1461
2937
1591
1319
2162
3827
927
3914
3136
2213
3512
453
2350
344
2964
2639
2376
3866
2628
728
2978
1606
3071
66
310
3738
4031
1495
3898
1297
2448
3800
635
739
3590
2530
343
3174
1845
3980
3236
1641
483
1752
1994
1264
2846
3673
2697
794
2714
3210
426
2852
3105
1710
2387
665
2409
2982
3649
3057
4053
3060
2211
3948
4082
2008
2514
214
2739
3252
983
4039
1714
992
1439
3928
2244
210
487
3355
2159
1940
1712
984
1806
1849
3572
3518
1556
2771
3366
2069
2795
3793
2257
1335
500
2696
2482
3147
2905
1132
2459
2896
2311
3528
1923
682
4069
991
2215
373
2509
476
1307
1129
3313
3375
367
2003
1466
572
1764
3467
2331
657
4000
2881
2769
2557
3643
986
3016
1548
3178
2708
2167
2206
1134
3894
2721
3668
1927
593
1220
1392
3563
802
2662
2859
878
2061
394
967
2813
1225
2908
1709
2453
1262
2767
2952
1783
1812
3324
1805
3721
3694
2886
260
2352
3345
2056
3886
375
1044
2042
3080
2173
1846
3351
141
3263
2258
3839
34
3989
347
3414
710
740
644
1201
173
2864
531
1172
348
2241
2947
2598
527
1909
1776
116
718
3849
833
729
3150
1580
2252
3604
2089
670
2
3021
1600
3628
447
1649
2112
2113
72
3896
1669
372
1590
1343
1133
1191
1240
3608
3613
810
2000
2781
2265
2812
580
616
1867
2292
1246
2313
3330
679
685
3810
1197
2586
3257
1862
1742
2618
1757
3593
2237
3888
245
857
1444
3223
853
42
2507
2844
506
667
2375
2816
2546
612
1558
2419
2840
2788
1632
1184
1671
1658
530
2356
2471
540
366
3216
2487
2336
2934
2321
392
458
2605
1916
4051
1814
19
1893
3701
1287
3182
2428
3519
1872
2017
1
668
489
3865
2224
3251
4093
2103
3879
841
3760
1779
1428
3444
2695
768
3713
1838
3278
893
1625
2436
3554
2597
121
917
1880
2540
3385
2612
1368
3433
2106
723
507
1574
2312
3769
467
2763
1499
271
3148
3816
2357
1187
2674
327
2545
3282
3517
839
2595
2850
2360
2411
3527
1288
2630
1043
2873
464
2892
3620
1108
3285
1775
831
3186
385
2424
2906
3878
3268
2582
3188
3897
2425
922
3089
528
2431
3336
2707
2204
3925
3338
2202
4075
2711
3872
1211
3245
2475
1629
2287
2007
3177
3031
2980
626
1166
3038
2338
1511
724
1873
1469
2919
2931
1833
3389
2592
377
2119
3081
1772
1167
835
1142
2043
3505
1179
3102
1467
563
3326
3226
1388
3143
1442
3762
2543
3823
2019
993
1891
722
902
1796
1942
1255
3042
2685
2378
3680
109
1689
2116
1298
3559
1045
3358
923
1233
1273
117
3020
2239
285
1088
3509
3168
709
1259
2346
962
55
504
1116
2876
2791
1096
1918
3418
2483
129
305
1146
3002
1981
1760
3095
2273
3172
1594
3688
1147
3822
3664
741
4003
1646
832
1834
1913
3228
358
776
3950
1326
89
1019
547
3829
2266
3119
3547
2833
2114
3845
2067
2532
370
1151
2772
3101
1532
1870
2851
3457
1174
707
1787
1612
862
1175
3641
4088
125
1992
1210
3709
1064
2492
4083
2746
2745
3707
624
1328
3629
3676
2550
3609
3474
2177
1786
1306
3187
2372
3407
4066
965
3269
4070
88
907
111
157
696
2494
1462
1341
2062
2528
614
1724
3222
300
1038
3743
86
3062
869
2184
2692
1370
269
1352
969
1751
383
932
711
1470
1432
1899
773
3452
2339
2515
1113
3596
2234
558
334
994
1761
2958
3480
764
1564
448
83
1509
3573
2921
4073
721
2120
751
393
3305
3660
3670
2446
990
3813
325
3880
3776
2578
1054
3003
3997
3037
2817
553
1759
133
2328
2221
1093
2326
2011
1323
202
3912
645
1058
3116
865
3717
3535
1789
2566
3337
1803
3889
542
3090
438
1754
3100
979
338
3241
1154
2368
1989
241
1115
1555
258
3901
104
249
600
1633
690
1270
290
3962
180
1036
2218
871
3074
3180
1196
460
698
2611
636
844
1745
499
2301
606
3582
2706
3779
2724
3750
105
1236
3388
879
3398
1489
1944
298
430
1967
1910
2890
365
2168
3294
1635
3667
1986
1732
666
3139
4050
3768
274
1247
1622
3327
787
1229
355
3611
2747
2810
3428
2615
3434
510
975
67
1922
2702
3299
74
357
2049
1958
3230
1665
3843
1423
3209
3913
217
860
4065
1535
155
2029
78
219
3478
3311
3319
164
3470
315
895
2101
3876
1550
1952
216
561
3436
102
988
1991
3406
3556
1620
1672
1762
825
2939
1153
930
3737
478
620
901
738
3206
511
3671
946
95
4068
637
3453
461
3246
318
3142
174
1429
441
3691
2796
1015
3977
1372
149
2281
3840
1766
2623
2058
4035
4017
1097
3297
3967
3706
1674
3892
1802
1125
2196
754
2186
4080
1373
1515
2286
159
3636
3185
1494
1230
3491
50
3383
3899
1403
3066
3076
2490
1024
1959
1966
2093
287
2821
3594
1389
1993
4011
2341
2574
2474
2083
1562
3417
2637
90
3450
2966
4025
1086
3971
1251
2564
2212
3923
3890
1982
3954
1668
3533
2142
2764
2316
3159
2536
2373
3622
892
495
1164
1651
1904
2825
2166
2750
1317
4052
1228
1122
3644
3333
1699
2421
2216
2736
3646
2827
3624
2423
761
3797
1055
2804
1092
1232
1098
3853
2165
2743
3335
2314
3966
151
2027
3369
747
2875
534
3895
2034
4015
2325
3048
3356
1047
3235
609
912
2529
2451
1405
1120
4054
3163
230
2260
1083
556
1149
434
428
24
1204
1844
442
803
2418
2044
3910
3382
1700
1675
1105
474
819
396
1587
1818
277
162
1206
1482
296
266
1837
2408
2556
1119
2139
3927
3368
3001
654
1539
1584
2060
1496
2417
3501
3645
1304
1309
3469
2976
2656
1516
341
1016
85
3522
2940
330
454
2059
81
2669
618
2751
2819
793
3530
1056
3807
2803
1876
933
2055
2740
2525
2925
242
1963
3072
1749
3387
3905
3323
2481
246
1771
3390
3568
3220
3415
1198
812
1583
1258
1138
3092
254
938
3887
212
2521
1380
2657
3213
1160
647
1914
2874
1655
3616
38
1234
525
408
3802
3023
2975
1375
2970
304
3591
61
2672
3716
58
2571
1089
3243
2985
1257
2353
3401
406
1601
3956
3328
3155
1637
1185
2327
694
1615
2384
1900
700
1450
2898
633
3791
2961
2091
1961
2285
2344
3360
2480
811
2267
2761
2962
649
3167
98
2741
3303
3043
176
234
12
537
54
3975
2790
2489
382
414
1447
3194
1301
3264
238
3275
13
2064
1860
3065
3156
324
2616
881
2626
1265
3585
2510
1430
75
2435
1660
2383
736
196
2134
2478
2768
3488
2888
1263
785
882
2717
737
339
1237
342
3117
3075
578
3262
3987
2198
1820
3475
2201
3525
313
778
3658
3679
2690
1808
255
3410
3362
786
585
1483
987
1131
353
2124
3437
3047
2731
1322
3171
2655
3952
2032
1886
2158
2235
2369
908
2414
3203
490
1662
122
1902
1679
4095
1841
3848
727
1330
3576
749
874
943
1624
587
863
4085
1566
661
1183
3384
1030
82
3044
809
2079
2006
3672
3490
1885
3960
2594
3586
3992
1608
2915
3555
2784
931
1889
3181
1002
1947
470
4020
1379
329
3934
1561
3035
989
3070
1316
653
1531
150
790
3752
3045
2426
885
