3767
435
3156
70
30
3228
1445
2682
188
1825
2567
3574
1727
123
808
483
3148
1932
2521
253
2680
3350
3199
1730
1453
3495
1795
610
1489
3371
1002
3846
2555
2796
4010
2168
1064
1752
520
3629
338
3467
1461
751
2216
2692
3794
4001
1588
1887
1738
2901
218
3143
2357
152
1045
1373
396
1440
3675
1076
3556
574
2275
519
2411
678
3967
31
623
2506
3647
3836
3761
173
2810
2515
2740
1982
1130
1635
2759
3530
641
680
260
2039
2405
2806
904
1940
1046
1236
2657
3101
1418
3619
2939
1769
3563
1746
3559
1976
2271
3200
2614
2273
2183
2591
239
1886
2845
3367
1861
3225
2831
2666
1786
2654
657
1032
81
3857
285
3249
1876
735
83
4076
534
3056
3491
2462
1520
1787
939
1741
1812
1697
2551
1658
2608
1298
1382
622
370
1547
3541
3695
390
379
1318
236
1862
1878
952
2675
2465
3395
3718
3295
2173
3046
2661
3965
527
3567
404
662
1539
3384
2032
1073
1994
664
1927
531
1336
398
1726
4054
4072
1621
1853
2503
1348
1865
1468
2968
901
2121
1487
773
4060
3900
4090
3207
1204
1183
2774
2671
3502
1185
1891
2722
4073
768
1311
3755
4071
1695
2712
804
1642
402
954
1805
1255
16
2337
3618
1193
2738
2023
375
1791
1172
4050
663
2736
1894
1607
2859
1301
1089
2753
1109
3208
496
1216
3192
643
2303
2200
4046
3705
1710
729
2184
2886
1670
1922
2917
849
2244
411
2040
2919
1975
2629
401
2166
2887
4007
2834
512
2624
3589
1659
3893
2375
3615
481
1707
2615
3716
1158
104
2992
2853
1875
1595
3058
3138
2597
3723
1882
178
2459
731
1937
3583
824
2744
2091
1765
1959
1538
3074
2178
1745
1305
289
250
1534
2818
1166
1576
648
826
2122
2928
3112
97
1016
2135
599
3171
3021
2425
1603
1394
2198
40
345
280
3849
181
2245
2891
1774
2609
3357
1899
3729
1801
1969
3011
4040
2171
3937
1476
1682
3492
1037
3525
3600
1278
3291
1495
2189
2093
2966
3527
2640
2998
1078
3210
3531
3863
1259
3597
1219
1917
2568
555
1556
2250
2601
2947
3579
1192
1565
257
1378
3131
3635
2374
261
2333
303
2162
1764
1949
2656
1377
3677
2945
1203
1638
2227
1570
758
3943
3481
3848
3513
2535
2077
1802
2108
3886
1793
2350
3713
1149
1631
841
3122
3631
1449
161
1005
598
2627
2918
1199
1036
1942
3906
163
2113
3665
3920
1911
2400
3828
2474
323
358
456
851
3569
1242
917
1708
333
3649
510
3377
334
1757
3391
541
3018
1518
427
3908
750
679
1226
3039
1823
2915
415
705
3861
3813
3375
1050
1135
4005
693
376
3206
492
3220
3453
2088
1898
1156
1376
2662
2325
168
1208
60
575
1471
3799
3125
831
494
3479
2655
3140
3198
524
1152
2587
2603
2070
1901
314
3137
2161
1740
1569
3158
4068
263
11
3007
1049
1626
199
554
654
2393
1210
2413
2193
3412
888
3686
756
2294
624
800
873
973
843
1408
1944
908
409
2192
3938
272
1081
71
1702
580
382
3758
2252
3435
1358
501
1427
2186
2214
3273
2678
581
2769
3004
3311
3308
4030
1814
1213
1448
1924
2261
2776
1978
77
1703
1845
1533
1303
3407
3702
3449
2823
68
1366
1374
2500
1108
792
308
245
895
2247
3912
1159
3328
258
738
1447
1307
2546
806
1409
428
3324
3060
3664
1292
3234
389
2119
535
2180
1209
3242
3001
1123
2916
2225
794
3374
2159
293
3272
2509
4070
3303
4094
1115
3472
3259
3146
677
1198
2240
1100
2301
2653
778
1127
3985
755
2141
1421
205
3275
3929
570
3683
2602
1784
2143
3791
3867
1294
3922
3515
3693
3049
1345
500
3812
647
3726
1605
3213
1936
3454
3279
1742
3354
1132
275
1381
3672
3806
2160
2157
3202
2468
3632
3913
3012
1244
1895
703
3347
637
1316
3864
1385
235
803
34
159
3820
1261
2516
2984
3634
4088
993
2146
1785
2012
2432
1763
2694
958
3017
186
1548
2924
3754
1042
2617
2447
80
476
999
3117
1830
3389
2228
2836
3247
397
19
2151
3888
1939
3013
1245
1406
3895
2138
2808
2967
552
3963
3730
2929
3444
2131
3124
1282
722
252
618
3916
3113
4080
2111
766
2248
609
2340
577
164
1871
743
856
3359
2905
3753
3685
2469
3762
3496
2224
1833
3641
1355
1680
304
158
3532
2276
1933
3378
3448
1916
369
764
4012
3926
2569
348
3386
3274
1775
2253
1276
1091
2256
4087
3603
1423
1470
1617
3339
1717
2570
3671
2573
1754
3076
3992
1133
2861
2855
3463
2419
3333
709
617
682
628
894
842
278
3667
836
3493
2296
4064
447
3582
3461
3201
309
3766
3488
3800
3626
1573
1096
989
1997
3019
2599
3020
1438
2950
1306
2177
1646
1821
3353
2292
3731
295
3605
430
2983
1647
2416
1048
3616
13
3796
2534
1178
3850
2073
1272
2378
523
1388
2097
3446
2205
3674
1281
3418
2735
316
3535
207
839
2058
122
112
870
3373
373
675
471
2457
2714
2379
690
3917
1393
406
969
1247
2082
75
1779
2869
3026
828
2539
1941
3015
987
1463
1734
1715
2754
616
385
2044
1648
3163
117
1706
153
1407
1973
1187
2000
1546
2731
3189
1465
3162
198
1248
2386
2213
1542
884
1910
2625
3321
2116
1486
3091
3028
1756
3625
1061
2013
3031
1410
753
2026
3719
2583
1112
2430
3217
2798
1121
1750
2788
1806
2718
2381
3276
3868
2081
3505
2057
2015
2802
504
3268
3097
3739
1841
769
251
1938
2034
3431
1529
170
2658
2179
1481
3788
899
2750
463
1966
1277
4027
4020
2409
714
1006
2149
3036
2435
2429
1352
2167
2742
1946
1532
947
869
1177
2543
1958
3110
540
2042
1052
611
2117
3733
3765
73
4
1608
337
909
741
3576
2811
56
365
1195
1356
802
3837
2163
3706
3690
2085
2652
1441
2001
3811
639
1312
880
2529
351
2322
2028
460
687
1834
1651
3286
612
1512
3168
2344
2541
3991
267
3577
2242
3366
2324
3682
1654
2467
1015
1820
3607
2779
979
3429
121
736
2600
2558
1372
3334
417
1808
777
3681
204
3847
3614
1514
1637
3166
676
3824
2850
878
974
2708
971
3120
1173
2899
3617
3045
1594
1709
3573
339
965
2089
876
3793
2335
1124
1375
762
569
3452
3835
1783
2494
2631
2002
2689
3980
844
801
3182
210
2412
3455
3712
3064
3093
1012
3144
2830
607
403
3397
562
1107
64
1852
195
848
1879
3394
2962
3710
3881
35
1214
1732
1552
3304
1716
1749
2423
1098
980
1650
66
2254
1676
89
1748
583
1075
2232
3164
586
2717
2502
760
3996
4062
1460
2843
3372
2496
1387
835
854
160
1575
39
1004
1885
2766
2723
1923
2701
214
1308
1540
1667
3746
3764
530
2528
2512
1019
1240
2139
3795
2954
1026
3284
2420
1072
55
683
2527
1258
1867
2140
1545
2733
660
2952
2038
2669
805
2636
699
825
3866
3807
2771
2590
133
3678
2511
707
3860
2715
1228
2885
2144
2926
1571
2376
3289
2154
3915
2394
913
3714
2530
3590
4067
695
1420
1984
497
4038
3331
1239
3081
3503
3580
3821
3668
1207
3670
171
1148
561
72
1974
3280
2203
1018
3438
986
3229
3734
740
3536
3692
2513
508
1967
2592
2451
2548
3804
995
1817
1773
3240
546
3197
2295
105
2946
3652
1477
568
926
2323
1634
82
1284
1644
394
2612
484
1943
3062
2369
627
2133
211
1620
2371
3948
4058
3043
2956
2866
721
702
2936
3931
3747
421
23
772
3078
925
3471
2377
3653
478
2410
2486
2172
1353
2367
1116
3587
1229
3335
1354
3326
1437
1884
1114
248
54
2336
2960
2054
3892
2864
1609
230
191
1435
3771
3904
1739
1179
2421
1162
17
43
1517
3457
3482
2191
3945
2923
2021
455
466
277
638
3856
1578
3884
759
3650
1391
3292
2702
1290
2613
3483
757
3720
2011
3606
2848
3181
114
784
564
3736
3962
3005
578
1190
2249
2307
1344
3660
3432
2235
3029
4066
1233
3679
3263
366
1056
1035
3116
1033
655
142
305
2977
4059
3312
3102
3381
2638
3548
3623
424
86
3104
2585
1584
1788
503
1170
981
1341
2488
2408
462
3238
752
2188
2663
1827
1606
2170
1699
2668
3494
3030
775
3456
2584
1906
2879
1866
3390
378
1047
684
1342
3363
3051
2229
3270
646
2683
1781
2217
3907
3780
3055
3351
1379
3593
2436
1095
2317
2755
1289
1892
174
600
2957
1291
2008
809
3778
3070
1480
2025
3269
3330
2660
1323
111
1689
3282
4077
1104
3564
3883
3870
3088
99
2246
1439
689
2507
2549
543
2842
2330
1857
2475
299
1645
2814
1025
3549
3376
1113
419
1224
1419
3826
3950
140
1326
668
2266
1516
1147
1683
3086
3995
1349
2589
2730
364
2385
3105
1285
1816
1413
985
3586
1331
2514
1365
1950
1469
838
3129
7
2925
734
3657
1535
2036
237
179
1555
2520
1719
4035
2598
1919
1296
2761
1796
1544
625
3490
1840
1590
238
975
312
3392
833
1597
425
2785
3087
1735
1693
850
1253
1809
2659
4023
742
2100
1971
3188
1728
2257
2739
1990
2176
2079
2875
2471
2673
688
2062
3958
822
865
2644
3816
141
3022
692
2557
3934
1776
3111
2581
465
48
1586
782
3434
3226
2911
259
96
1143
1386
3853
3246
3596
2204
449
2132
4034
3986
154
2801
311
976
747
3534
131
2705
326
3400
1945
3307
2775
165
2473
619
576
2510
887
3851
3059
1206
2721
290
2588
2562
297
2517
3914
713
2958
1979
1457
1265
3239
1721
4033
972
2347
2824
3441
3388
3215
1060
2056
1856
2672
3627
2265
1040
945
1628
2987
1874
1701
1558
324
3135
2674
3487
1131
2876
2605
2120
2651
2862
1483
331
1363
2448
3248
3942
2319
3468
8
2128
661
3636
2537
3253
1338
589
486
3237
1287
961
1171
2071
3258
957
1165
928
2359
669
1370
1653
1696
694
2898
786
1632
1496
1126
829
2931
2856
2935
4032
3673
3235
2343
400
51
3814
868
3185
1319
2790
1164
2959
2439
674
2628
3518
830
814
1092
1270
3440
495
763
653
943
137
1218
2282
592
2948
2686
2105
431
1625
49
890
730
2414
907
4036
3696
2969
1160
1168
922
770
2158
811
208
3689
2826
2991
405
2817
3770
2772
2050
395
91
1484
933
3277
3901
482
2525
3212
1623
2816
1641
2182
2361
2724
2764
1859
2270
3121
3033
2941
3341
2667
4051
2547
2341
910
1604
3344
116
858
2339
686
719
1664
156
3745
863
2004
438
418
1790
2943
1023
3009
4024
602
1835
1090
2373
1446
2594
3451
2047
189
3027
2417
1074
2981
2565
634
924
1600
2064
2576
2352
2218
2033
2445
3544
3423
480
551
587
3361
1508
819
1106
4093
3379
1770
3697
2328
2505
2126
2318
1014
2937
1953
2851
889
3108
1250
172
1880
3550
201
771
2226
2571
1904
1988
3
3802
95
2944
1622
1713
3437
446
2938
2725
1952
1656
2368
1191
1666
2230
1723
1747
3232
1241
2732
998
192
818
3204
3411
513
886
2406
2870
457
3132
3825
296
2055
700
3245
2699
1230
3216
1472
2310
135
1
2017
3264
4081
44
2288
1639
3489
3707
2909
3760
2434
1596
1490
3413
2444
3301
4000
2130
3508
1999
3178
3445
3651
681
978
2392
1893
2145
914
3114
3433
1403
1268
3855
550
2703
2277
1167
548
2127
2710
3784
1494
3061
322
3540
2580
2586
2847
2129
1500
867
3955
3878
2949
3909
518
2243
1524
3196
3741
698
3779
2980
983
2384
3608
3421
2622
499
1921
2751
479
790
416
3256
1280
1915
477
3592
1528
673
155
631
3708
1902
485
3271
1566
28
3783
2989
2487
2398
3840
1384
1034
505
3715
12
2760
3098
1008
470
3000
2524
1996
1519
2650
2951
1141
584
3877
2018
665
1180
445
537
162
923
2269
3150
3100
3360
1602
820
3151
3142
1070
491
748
2260
2526
2280
1118
2679
3096
2647
2749
3976
2874
2066
1333
2052
3186
3911
1205
3080
2428
225
3401
2396
1643
1662
1351
977
1858
3757
708
528
549
2150
21
1668
1807
2438
1155
1694
3620
3688
488
1475
282
1543
343
3526
183
94
3609
2508
2233
1522
1864
1426
2006
294
2237
1328
1304
560
3180
3990
1896
606
4057
3195
1093
3221
1506
1169
2538
3154
832
3265
1577
1215
1897
5
3572
1322
1181
3209
3562
2142
3024
2355
1930
3972
3319
711
3068
1234
2175
2498
789
896
2431
672
36
3832
1257
2264
2401
2048
1044
3823
3079
4091
2155
76
1582
671
3694
3570
1855
3873
3785
3332
2353
2305
3118
3643
2782
1142
227
3899
2029
3480
2907
3123
3928
215
604
1041
1334
1279
737
3008
1120
216
1380
3923
2185
3953
2533
515
392
269
1550
3638
2815
361
2210
320
2289
572
930
3933
2118
2345
4075
3145
1957
1350
3944
1568
3160
1737
1711
3002
388
563
1563
2454
1488
2756
20
2348
74
2942
2418
1826
2020
1094
605
1881
349
3134
1055
1251
1211
1909
3642
1803
202
3141
3750
1799
4055
2306
254
514
3521
4029
3128
696
3889
3176
1087
2709
785
716
2566
475
3327
1267
1849
1013
1022
1031
3227
3356
3084
2964
2014
1430
2485
2136
2065
2827
3501
960
3266
3663
2973
3774
2399
3099
2832
1138
276
468
2996
2202
1436
255
2812
2781
635
1225
2010
1636
2239
1414
3786
968
3885
2883
185
1883
1497
3222
2424
1925
3251
1993
3817
883
920
3768
1473
190
516
3997
1980
2297
1729
2453
433
3236
3516
3700
2112
1655
3385
2470
1610
962
1062
2747
4047
1315
1235
1313
3947
292
2695
2619
1122
2711
3790
3903
875
3777
793
746
1071
3789
1935
3165
302
1084
2604
203
2639
4089
384
3961
3952
1585
2637
1663
3703
1851
1110
725
3044
2564
1392
3772
2819
1869
3792
1661
3139
90
2906
3830
3769
175
353
2115
893
3066
2458
242
2794
2389
3628
608
2877
45
2354
2762
2395
1587
1054
3845
632
1398
3744
3613
3415
325
244
949
1237
473
2884
1010
4082
522
3387
2697
1526
2422
701
2080
525
791
3065
4045
3810
2970
223
1498
27
3639
3819
2840
2787
1343
3546
3523
414
3798
2086
429
464
1499
109
1903
1854
1762
3262
652
240
2878
3459
3398
565
1592
107
911
3352
2349
1059
3305
872
3722
533
2974
271
2982
1515
4043
621
3340
3533
3728
2784
3349
2979
281
3169
3458
3946
953
1150
2078
1082
1024
3034
1491
2872
3975
2074
177
3759
1560
2104
2700
451
2351
3300
3630
2685
274
2554
951
3345
3684
1815
3704
1231
1832
3288
1599
3147
408
3941
629
1339
2688
1860
1020
273
3699
1989
3486
749
3420
1327
588
3956
2643
1186
1888
454
262
437
1837
3404
783
4061
2777
885
3475
127
795
1359
167
412
2267
336
1665
2677
3406
860
2522
1357
2442
3083
3439
3443
597
1482
857
3661
1399
1144
1954
2852
556
3052
270
4044
2933
1995
964
3040
3184
3818
2366
3511
1297
149
2031
3241
106
222
130
2632
2190
88
2531
761
852
2372
2463
2209
4053
3430
2495
217
3281
3654
350
2456
892
1264
1021
3427
2338
3749
3680
509
966
862
221
148
126
2060
4018
3152
2087
2484
2477
704
2873
798
1850
3414
3854
2053
649
1368
3921
2792
1733
691
93
3801
1485
3190
1536
3261
1397
1102
3428
3633
1767
3484
2332
3203
103
2286
1758
2024
346
1252
2321
2311
2544
2194
2223
3042
264
3565
1017
547
781
1926
232
2212
2342
3763
2621
2501
3337
2920
2820
1685
3604
3136
1029
3879
2854
2027
2789
1673
2035
1412
1792
2748
916
2618
1299
891
776
1157
774
1466
2807
3244
3077
3581
2713
1161
1964
426
3504
2978
2616
2804
10
1221
128
6
934
1069
3130
1083
2219
956
1464
2572
4003
367
1771
4065
2478
3554
3299
2262
2630
3669
728
2574
2763
3517
1134
2961
1828
498
3645
2466
866
37
2298
3646
667
2201
3724
29
2290
1369
2860
393
1907
3450
157
2199
3602
3939
903
921
1286
3477
1039
1657
233
434
453
3408
874
813
1068
906
3547
1722
33
2364
797
450
2238
2061
1981
2291
2095
452
1139
1188
52
640
3831
2153
1843
3640
1759
132
4048
2497
4002
3403
3655
3865
1077
932
1684
1789
2976
3648
2575
4022
360
807
847
4006
1918
1249
1364
1182
0
4092
2805
2965
2765
136
2365
506
2169
1591
815
3069
1744
1991
2476
1501
3725
3721
796
3571
2955
2009
2844
927
2174
118
4019
2195
1987
3310
2975
247
1411
2719
538
3054
410
286
1810
1416
490
1863
2698
1968
3464
119
2196
1099
2313
3561
1956
941
372
224
1443
3368
3984
4052
3313
1760
1003
1454
3442
900
3940
1324
3260
1390
2449
3740
1125
988
1317
3815
2101
2986
2550
3309
2993
2197
536
3598
18
2797
422
2231
644
4086
827
2387
2003
1598
3343
2263
2767
2882
1965
3419
2437
2391
3223
590
1842
2822
362
2106
970
1502
3478
2483
2041
3230
955
2137
3925
3566
2846
1254
2019
959
3852
2
41
459
3127
1424
3862
2791
3637
905
347
1065
2479
14
441
1551
1629
3834
1184
2768
3297
4015
2553
3987
3537
340
1630
1402
1220
3871
2552
1836
780
2482
557
115
200
1260
2114
799
2356
193
2757
3659
3306
2837
3959
2440
1347
1572
656
897
787
2388
62
2758
2829
1627
1554
732
1028
3611
3170
357
715
354
566
1227
3844
2895
1505
2881
2390
542
371
767
3827
2865
1011
1720
2912
2813
3218
3085
1314
1615
2316
315
3742
3897
3283
2181
1870
1458
63
2499
1405
3588
461
650
1780
469
915
1811
2922
3993
1459
420
1212
861
2490
3250
1960
1983
1051
1000
1431
594
2222
2123
2067
2649
57
2620
3522
2778
3973
1962
3417
727
601
2523
991
3159
3380
1562
4008
4049
2839
3539
1271
2234
3510
2727
2746
377
3362
1616
2670
1429
1320
3924
1509
212
1196
329
1202
3551
310
2152
1503
2308
1266
3781
443
1986
2773
3233
3743
3902
2022
3698
92
3063
65
3644
423
3809
3317
3405
1963
4013
642
2971
1873
1417
2326
3336
864
487
3500
3691
1111
1302
912
3072
2997
2068
2665
1511
938
1450
3318
2251
1581
1704
2327
1920
4056
1948
3231
3805
2532
3752
1309
1310
2452
603
2607
3529
877
1618
4078
1712
298
3999
2268
1972
853
1768
2561
2704
102
1564
2102
2279
1321
3314
2582
3957
666
3709
2560
120
2741
3520
1992
526
1119
243
3047
2059
374
3187
573
145
2480
444
3555
1521
3177
3485
1105
3971
3179
301
992
3803
2857
442
3016
3918
2148
3214
1217
300
78
84
3509
1346
1766
344
1455
1332
2134
3315
2481
1633
3808
2460
507
596
2780
1813
633
169
9
1467
3919
3932
2559
3732
3890
2995
3298
2786
539
2331
2985
3839
591
1295
2691
2633
2302
47
1675
2858
1931
332
246
2596
4021
1053
2314
1154
1510
3621
2220
2030
3365
3053
1335
837
1043
2461
138
3474
3014
2611
2304
3585
2094
615
1611
1929
2932
180
1557
1434
100
1058
2880
2300
3622
3557
3402
3157
87
1097
3115
1705
2103
1794
1872
108
3048
1201
2896
1527
2043
2045
387
4042
399
3346
1101
2450
3462
1669
4074
1589
279
2908
2645
1736
3998
2274
2894
3296
2536
3476
821
3969
3325
3658
2676
2069
919
859
3041
2540
881
1822
2241
166
2299
3966
1492
1189
231
2315
1928
1798
1128
3545
1593
1525
3370
3194
3106
1868
2990
630
2593
1262
871
234
3057
1692
321
2648
3624
1977
3994
2206
3426
493
4069
3874
1222
1080
3267
2096
3355
50
636
1908
2578
3369
579
4039
685
2871
2124
3584
613
1478
1652
474
1574
330
1649
2051
1275
436
2913
3891
1985
2893
125
1362
2693
553
3560
3507
571
1030
2334
1698
413
879
3978
241
935
585
22
3894
383
1146
1772
1137
3287
1163
3927
4017
3930
950
2443
1400
3797
3882
1839
3896
327
1674
3290
1724
4037
997
1462
558
3514
3006
228
3255
3880
1273
2489
440
3599
1688
1848
3149
3512
3174
2867
2382
2737
307
982
1256
3424
3558
2821
226
3252
79
724
1714
626
1117
85
2255
458
15
717
359
3469
3552
1912
2007
2427
58
151
2518
3578
176
3498
1063
2156
1504
2426
341
2664
3773
3738
2595
1422
3316
726
3193
3155
2914
2258
1624
3499
2283
363
1009
3466
1038
855
3067
3497
2799
3409
1777
4009
3875
567
1818
4084
2934
720
1743
2841
1238
1549
110
3833
25
511
3119
1559
3460
3612
2706
139
739
2999
288
1731
3842
3591
1804
1761
1672
3422
197
2346
990
2743
2383
2049
1329
559
1007
61
1844
1640
3553
1782
3910
1751
2681
3735
1671
2491
2684
2793
1197
2696
2236
517
342
1687
291
26
4083
1223
2577
1057
59
4014
2809
2404
2125
3568
1934
3595
1451
1367
2312
718
3727
287
213
448
812
3829
3293
595
788
1686
3278
2284
3756
3023
206
219
1601
3348
1200
2910
2320
2892
1288
898
1337
3737
2309
502
2099
3775
2903
2687
1103
733
2147
3035
386
1753
196
2063
2211
2281
3172
3519
355
3822
2287
2285
2646
1755
2849
1274
3211
659
4031
1513
984
2868
940
2642
1690
1998
144
697
1243
1027
1340
194
3219
3205
2046
2492
3416
3338
2833
32
2838
996
2187
3399
521
150
1537
489
1961
3575
3294
2803
1778
1129
1371
529
1797
3977
2504
187
3075
2745
209
113
3968
1360
1890
3320
3094
3982
754
1383
4085
2545
3425
2109
4004
2556
2293
1001
3869
3988
882
24
1456
3167
810
2207
1583
614
2889
593
937
1846
220
2076
3323
317
3073
2215
3543
1619
723
3393
2455
2623
3542
2441
1194
1877
3838
3173
3329
1800
2092
2770
994
2606
1136
3687
944
2415
1145
2433
3191
1530
1283
146
3594
2165
1415
284
328
4016
3032
3935
3107
2897
3447
147
1479
1442
3161
1066
2904
2363
2259
256
313
1678
1444
380
3981
1140
3473
2634
38
1541
1153
1614
840
2690
1395
1900
2800
658
706
2610
3410
2083
306
3506
1232
2098
249
69
4095
3989
3382
929
1913
439
3964
2720
2890
129
712
3090
3003
2016
2972
1404
2164
134
846
229
2921
1725
2358
2542
1718
1269
3358
936
184
2221
391
3898
2563
3133
2037
1831
2707
2370
3175
2075
2397
1838
2863
3787
3538
1914
3342
472
1474
3465
4041
1567
1361
3126
3285
3109
3859
3436
2472
143
1175
1452
2493
2641
101
2888
2464
1580
3711
967
2072
645
3970
3876
2963
2360
1401
963
2994
3949
266
1681
3257
1579
3243
948
4028
779
3183
3751
1085
744
3701
3782
582
3676
3748
1905
3095
3071
3224
2940
1531
407
544
1086
2828
1889
1660
124
2988
1679
2726
532
2729
3954
3610
319
2272
3858
1561
3038
2084
3302
4025
1947
2927
1425
2407
1300
3528
1174
318
1819
1829
2005
3322
817
3396
651
3974
356
1847
1970
4011
4026
3717
1389
4063
3936
3089
1176
2930
3470
2734
765
3025
620
816
3887
2208
3037
1507
3601
182
283
3254
1263
845
3364
265
942
2795
1955
3951
3656
902
2825
3843
3979
4079
1293
2380
2329
268
46
1325
335
670
3960
1493
3082
918
1613
2835
1067
931
53
823
3524
2728
67
3383
3666
1151
2402
3092
3872
467
2579
3905
3662
2278
545
2446
2752
1079
3050
2626
1433
710
3983
2953
1432
1700
2403
1246
1612
98
1824
745
3010
2900
834
2635
352
2107
432
2362
1523
1553
1951
2110
946
2783
3841
2902
368
42
1691
1330
3153
2716
2090
381
1677
1396
2519
3103
1088
3776
1428
