2906
3887
197
914
3426
990
2534
3669
949
475
1002
2608
1056
647
1810
2825
2209
967
3868
619
3077
3469
2015
1843
831
1284
3501
1513
3621
517
1528
2044
206
448
3742
1641
3351
10
3273
945
3560
664
103
3022
2124
2032
757
3248
2779
1546
1414
3989
1752
3632
2453
2406
1619
183
891
2385
3940
3714
545
109
3348
570
1784
298
1353
2340
3078
740
3581
2894
1905
560
2318
2850
1614
3833
2060
1403
138
1112
1989
2818
1406
3600
2297
1443
3134
3084
3100
1376
1321
1034
576
1786
1600
2640
956
3186
382
3269
335
3927
1130
3977
71
1563
2456
417
3577
2498
1444
2070
898
1731
2897
680
3597
3212
2260
2912
1101
506
45
1303
1851
406
2332
726
645
435
2345
3051
3999
2414
2884
3578
3874
1326
2969
3147
3680
2722
2012
2556
3375
3743
1530
248
1604
2619
3668
436
3296
1115
2334
3379
681
2954
3948
3489
2713
3177
2712
3963
140
1944
2869
306
658
1914
292
3156
2014
2172
2153
996
2573
1930
1592
93
1980
470
2129
2240
492
1739
3324
486
2126
2833
1051
3962
3289
128
1015
786
2612
1774
2751
3183
1237
2158
3000
231
864
2507
3407
431
3555
805
2756
2547
1144
3820
1588
1963
3704
1995
212
146
2788
1145
145
1773
2768
3673
1706
941
1229
3120
800
3490
2018
3907
1982
380
3966
2973
1874
4003
1518
2363
132
3135
1141
3693
2601
1330
2984
2936
602
548
500
96
157
693
1090
887
829
3432
984
3566
855
2791
2778
1069
1567
315
1564
688
1177
1565
587
2454
1163
992
2496
3124
2855
166
2121
2188
2399
3031
3803
3075
1670
3705
3568
2754
2853
3745
2312
2151
1840
950
1485
1911
3487
1906
421
3305
455
53
1992
3413
2106
1283
3429
1282
976
1366
2468
749
2591
4058
2837
3758
3717
1228
3558
3818
3506
2390
586
3909
340
3102
1401
3886
623
1645
948
2655
1168
2194
2841
2726
1063
841
1360
1660
925
3942
2458
2078
2328
2072
3328
3050
1855
253
1735
2848
660
1206
3441
2367
1441
1780
2038
3098
1173
2329
91
1337
3196
307
3783
1819
2714
903
1152
2282
3101
1496
235
391
1620
3220
2472
110
2925
4006
4057
172
1322
3076
2804
3853
3052
1961
2119
1426
390
7
1422
2967
870
2331
3812
2463
36
3729
78
3920
939
2798
930
3633
1412
388
1825
730
2644
2626
1848
1323
362
1835
2321
38
3404
4007
1854
703
1609
1599
2590
791
895
2245
1491
3087
1714
419
169
3318
745
3762
147
933
4011
1172
1881
2944
2293
3883
3048
2716
3056
3142
3967
1174
1829
3456
3542
1935
2773
4081
915
1700
2407
3005
3173
3028
372
2161
2577
3724
569
3971
1688
747
3257
639
2512
1416
3609
1147
4041
3579
1158
1125
2090
2288
2659
3573
1004
1535
2783
3035
2509
923
2373
2489
1148
4077
3972
3447
1827
471
1194
1392
163
2410
3080
3030
1621
1721
638
1386
1550
3688
411
348
3369
352
2484
1729
2259
1251
4
1184
3518
1708
2252
2055
988
2354
2880
3817
367
2369
1917
1831
3923
3314
566
3871
2785
983
2515
1222
2045
611
2552
2384
3355
3431
3088
2184
1717
685
2141
780
2177
2794
3247
1301
3960
358
678
3655
3828
1699
3036
2431
2932
503
3199
2600
2387
1189
203
790
3494
2283
1098
542
596
234
3240
449
636
263
3226
1638
1755
4004
2368
1531
3345
3903
826
1543
3778
3362
1055
3595
1081
3545
35
225
557
374
2679
1771
477
2530
2551
3809
1465
222
1053
2995
2723
901
3978
691
1138
679
3934
72
1748
3946
215
750
2665
1249
3495
536
2730
2222
2389
2162
3583
2603
4073
3587
1597
1390
2639
817
3897
1037
516
1160
1777
3845
1007
3346
2582
4048
881
4038
3661
1167
210
1863
2
142
970
3126
279
207
1381
3719
3830
3107
1421
223
3293
1656
3997
3341
2560
2896
3090
1079
2801
3964
3925
483
159
1207
3539
2371
361
779
2886
100
2899
2192
2473
156
3061
1523
946
2427
1270
2957
233
1753
2235
3402
3843
836
625
2292
528
2128
965
1191
1902
3701
394
2651
4091
1151
2110
1872
2335
2545
1994
3470
2242
3360
1824
3382
4054
731
2277
1086
148
135
1834
2441
2320
330
2813
2104
1503
2892
1642
1691
392
819
1221
284
332
991
1942
487
2460
1745
2717
1363
907
2075
2921
2811
1320
1627
811
2156
2970
1208
2500
2056
2879
2795
1276
3751
2099
3263
3529
2415
139
447
1466
3550
2624
1417
3488
1544
1024
2563
303
3386
3258
3700
3368
584
1111
1202
839
1498
3954
1953
1593
1522
1613
1704
3059
3049
2006
3081
960
3182
2077
3260
1916
3207
356
359
770
1008
1346
2338
1736
1718
2053
1017
204
238
1623
661
3899
589
1969
63
1657
1442
3981
3517
2447
1387
1553
3435
3723
341
3439
2137
4086
2704
2449
1630
732
3952
1307
2887
3284
2585
1347
1355
1103
2750
4001
794
2187
2842
4040
2278
674
2308
2199
648
656
1799
1108
1561
2152
1643
1876
3459
3941
3064
934
3562
1762
877
49
3640
3014
1539
3190
3509
490
3272
1946
1109
2503
1049
1988
3800
876
2946
199
2197
778
3365
1595
291
3357
3016
2520
2891
2889
723
450
3832
1903
579
2281
2617
1878
2656
3912
3358
2084
1792
1713
2587
3472
3728
3976
1329
2207
4023
744
2270
1396
1085
2757
1433
3109
312
2836
2812
423
2684
2802
3890
3315
546
3970
2221
2952
583
51
1649
529
2694
3774
3373
942
137
3152
493
3334
3497
1837
501
2294
314
2938
2254
514
2037
3154
3873
3594
3602
2504
1139
3420
2155
2175
1265
2937
90
2536
3233
2700
3041
2134
1431
659
465
184
1634
2097
2526
2888
1342
1064
1142
402
403
1549
2755
935
835
3703
1245
3608
40
2956
2968
729
3785
3475
2248
2353
3381
171
3137
3086
2030
1046
165
3802
4093
107
1534
2611
2800
2442
1723
3627
3855
1615
2195
3002
3206
426
3172
1439
2797
2275
3877
281
1816
295
738
1650
1901
3073
3508
3292
4068
872
2031
239
3556
3391
3150
3657
83
3922
1632
2025
4079
3900
2212
56
2186
4036
444
1277
3918
3243
1993
1772
2272
3067
2378
574
3854
458
2298
1583
1241
180
2654
3544
3414
3619
1823
2268
2339
2698
3266
2760
3340
3982
3193
2377
3505
845
3058
1428
1932
264
2103
4085
1286
185
385
1885
3641
3711
1559
3394
2539
3396
921
552
3359
3935
3125
2027
2814
386
494
1463
2113
3239
498
31
24
2851
1803
1955
904
1685
1415
1869
3849
635
1146
3214
2502
2710
2379
2050
4088
2931
3011
882
562
4070
3298
3533
1519
3930
3805
878
2180
1569
1411
1510
884
850
3108
3893
3131
2893
792
1484
3326
3708
1312
3399
605
75
250
3130
828
3129
919
1197
478
3905
3450
1520
221
788
2987
1059
2013
3649
3294
3787
1504
404
3001
2727
3797
3998
1028
3029
1445
2400
3055
1952
3343
1830
809
2875
3760
3309
2404
2953
269
1225
3198
1319
1200
3188
1836
910
1429
1892
1243
3652
3726
3374
1335
594
3736
2213
906
3588
194
1875
3973
1611
3310
3502
3551
3699
1140
102
3779
1023
2461
2168
1469
2628
808
4021
1220
2948
3170
1973
832
2907
3434
1511
1887
2204
4020
1864
1271
1169
1099
1683
3780
3159
2523
2022
1345
4095
4089
123
3204
2567
3919
676
1344
1305
2771
4019
3626
85
3458
3559
1136
2661
2882
2595
4014
61
22
2947
581
3552
286
2246
1324
3682
2620
2962
932
3968
2214
2000
3738
158
3752
451
3179
2909
1261
2565
3066
3806
2478
2674
3319
3496
1298
4064
3837
3675
772
938
840
1790
99
2950
505
588
1730
975
1608
2972
3861
1274
899
2455
1310
1203
3875
413
1671
2709
1122
911
2071
2310
2286
2336
2424
3163
662
2280
2647
1722
1596
2996
1195
2856
3462
3433
2356
1747
4031
133
3415
3393
1538
2019
1653
797
600
854
2173
1536
2185
2548
3419
236
2058
3733
2170
3691
160
2403
1527
1419
2685
1606
1882
2744
3859
3438
3406
2781
1857
541
1763
2695
1294
1707
3842
2112
3895
459
3161
4016
2826
912
351
338
1236
29
3563
2581
2337
958
1586
2900
837
271
1676
2258
1281
697
3547
2861
1334
3009
1746
3229
1088
2237
1227
2375
1575
1720
1807
3784
1584
446
443
3894
2255
124
1316
294
711
3656
456
1654
3342
2218
2202
4067
1134
1456
2163
980
3651
1940
2065
1798
3317
3113
2541
2225
2819
3057
3210
2171
3628
768
1178
3769
2570
1921
3947
875
1726
1570
582
1582
1054
3015
2279
1850
116
2747
2388
593
3987
3679
1692
2711
1358
554
3631
3647
2040
2114
3443
396
2098
368
1313
1233
127
86
2437
363
2250
2589
3157
1314
1556
2961
3201
851
3965
2251
1083
3727
2220
3218
393
125
617
1047
162
3167
3181
2324
3083
1960
1155
1532
1162
710
2434
15
2986
1934
1258
668
1460
2147
2033
2452
1091
104
1581
2372
3026
3654
2165
751
4078
3132
1226
869
1458
3715
177
1558
3532
3896
4066
228
756
2002
2676
3606
3148
3696
2924
2303
229
1841
3768
1859
3409
1516
3504
1275
73
2621
2146
1867
2092
3765
1603
3523
1768
2231
346
1408
3119
1996
765
68
715
2239
3953
3569
379
168
868
1132
3085
2506
1279
3384
397
1299
2774
3956
1689
2041
1919
3302
251
1296
1639
1
3824
1215
4009
1107
3356
3417
2499
538
2724
3477
3582
3872
64
2776
4013
3698
3
549
2933
1724
2150
961
2731
1067
2949
3354
3105
3959
631
1920
3465
2958
52
496
1677
3933
2095
1480
1842
518
2873
1210
2149
13
2413
329
337
1128
1325
305
3716
2761
1425
445
1761
3474
815
1343
822
3451
1815
2333
556
3168
1213
1087
121
2418
1490
76
667
354
913
2133
3516
2720
2985
2313
1375
1065
1474
387
3858
806
3721
1788
3221
2266
1062
249
985
924
3363
178
3197
2916
997
3961
2464
1545
3091
3687
3482
708
422
1468
690
3616
1794
827
282
3185
1888
4047
3605
3614
1954
2089
3333
2265
2007
3350
3165
777
2780
2918
1272
3180
3604
3697
1697
3213
3478
1436
1093
273
2667
1737
2391
3444
1937
3160
3670
370
823
2705
3892
2618
1684
3653
3725
1201
2941
2491
606
357
2926
43
2093
328
3352
414
47
3763
523
2443
2650
3974
3337
3019
2602
106
2762
2347
1333
1938
591
2597
3281
79
2877
1802
3385
628
1929
2349
1976
322
1472
3171
4069
1061
3306
2319
409
122
3158
2029
2913
1029
1340
3527
733
3574
1127
2488
268
2641
9
1348
1578
2497
4090
1828
852
2636
3864
2803
81
1601
2569
491
89
1157
3718
1255
2763
3709
2743
2810
202
2357
922
1350
2370
1409
2132
928
1805
3585
627
2296
2359
2511
2610
614
1295
2625
1943
4042
3549
577
2939
155
3823
3671
3914
3503
2844
2929
4050
1332
1862
3888
849
520
1913
3418
1890
1694
170
1577
716
334
2482
3024
1626
2671
3663
1897
2475
4034
87
2409
2026
1084
3740
3744
3421
400
1137
2311
1618
3044
3876
3227
1114
2838
1082
2652
1205
3118
3280
1644
3236
3885
2024
782
1372
940
2430
2878
179
993
2477
461
3986
1327
695
3322
2229
191
759
2513
1742
308
1647
432
3401
2062
2008
4025
2922
3094
240
842
3773
1438
3813
2176
272
193
3507
3398
3155
3795
3526
867
2091
1743
767
4032
3681
637
2017
2920
2474
2732
1579
1907
771
1779
3596
3215
2766
1010
1589
3211
3639
2775
3684
495
454
320
1040
1388
1020
2980
1385
3176
464
2490
3449
2439
979
3353
2790
3572
3625
4024
2645
98
3151
3590
3766
3825
3634
2066
82
2576
3910
1776
1044
2034
14
480
2395
1757
2405
2721
208
537
3416
622
2859
2485
820
2451
624
2305
2023
3187
3540
1945
289
3921
3254
2917
3985
1367
3347
580
2206
4002
4087
3928
4084
657
926
2670
1941
479
3707
3037
472
3316
325
94
2330
375
2273
3372
787
1106
2322
1451
2448
1866
2267
2471
232
118
3767
709
1470
2492
3589
1462
46
1292
296
1361
200
3911
3471
2840
1264
3938
626
1483
640
540
753
719
3408
4037
3023
192
3405
2538
55
1198
1182
3617
1925
4080
474
3538
3330
1211
4063
3222
2049
488
3936
3851
651
1733
97
3412
2571
3904
3613
2978
2927
754
1440
1738
2302
1120
2519
2623
2562
1181
2183
3256
4059
3467
3321
1171
1860
173
1783
705
969
530
1845
598
4033
1820
2605
3095
763
2421
2631
2715
3898
1050
3082
1185
665
2362
1889
1822
65
1625
2535
2566
1667
1452
2540
3349
3149
3099
27
1009
3422
3757
804
3810
377
3192
2238
2076
1248
649
3791
3285
2501
2510
1302
2481
399
513
1021
182
1648
1285
1336
3327
1124
237
620
4071
1506
2376
2915
885
2257
2046
2646
642
3944
4027
1908
2136
998
3857
3850
21
2417
653
1058
3674
1555
143
3427
682
1610
3423
2426
987
1665
2613
149
3730
3164
1856
410
1464
484
57
3576
3388
3879
621
1750
1673
1263
603
3452
1858
2630
2739
1605
2042
1123
3644
126
2236
1362
3847
1290
2977
1515
2118
1658
2799
2244
1492
260
2682
1576
2051
2048
3249
3110
151
2951
865
3232
2432
365
270
1052
1488
2677
1196
3325
4026
2829
1547
1514
2169
3191
2234
278
1204
743
1979
2537
1710
1394
3291
2043
1432
3042
3250
1502
3007
1219
2079
3032
1598
572
2287
775
88
3924
1991
1652
3749
3659
3006
2344
714
3072
2777
1454
1758
1311
1637
3917
900
353
1675
3949
957
1817
2725
3003
1754
3103
3241
3244
3275
3216
2131
1373
2895
3906
3908
3683
3584
2648
1356
2830
20
101
2901
1006
3466
1377
2295
114
3945
1379
3676
3128
95
3747
3262
3479
4075
2401
327
4060
2081
952
1267
2928
3710
3618
702
2729
1696
275
1868
2758
1651
3869
1997
213
1587
3060
527
74
2847
2327
3047
2666
959
1380
2542
1690
2748
3106
19
539
1759
2738
1149
2102
3801
2963
3013
1785
2467
1257
663
1420
3261
266
944
1687
440
525
247
3735
108
1278
561
2807
1529
2261
1018
563
2436
2558
1775
4028
2835
297
1663
198
2139
3428
1624
258
512
299
1013
175
844
1447
1880
44
2549
1554
1990
4055
42
2860
3815
802
187
4029
833
2702
2054
2528
3288
3580
727
1797
706
1254
4061
2009
2159
442
978
1740
3361
2998
3541
288
689
1877
3223
2796
897
3878
3277
1154
3951
2692
632
211
1413
218
762
1681
717
1705
2358
999
853
3021
2555
830
3092
1266
11
2241
2923
209
2815
1870
3530
430
181
1370
310
2326
534
1039
2858
3304
1025
1500
2862
974
2580
902
1262
343
1985
2374
3648
989
1352
634
618
1526
1240
1252
2660
1365
2734
3252
3301
755
2658
77
4065
3025
3208
3901
954
2276
277
2905
2309
3463
972
2770
3093
92
1430
467
415
1931
3984
1268
722
2306
728
1936
953
3636
644
3531
1247
230
1659
1199
986
1666
3630
585
3591
1633
3754
1291
2686
807
3400
2144
2546
2827
3344
2885
1891
4010
2999
2642
1434
1974
482
1473
2494
2271
2584
112
1796
3789
2228
369
2594
1904
1156
2205
2135
1459
2316
2100
1030
439
3689
1622
783
2429
1096
2088
515
633
2824
267
2157
2662
2191
1328
2483
1100
3141
1679
843
3702
3464
1933
2412
1038
752
700
1971
3870
3677
1898
3224
1230
2219
1948
2035
3313
457
1852
2633
1077
2764
2111
3748
2123
951
2867
2307
3308
331
2394
2143
1418
186
1214
1551
3811
641
3612
905
1744
2532
2466
2533
892
1727
2122
643
2675
1873
1378
612
4015
908
2386
2215
776
687
1450
3882
3746
287
1978
3235
2839
861
613
3425
3484
789
2728
1410
1812
214
1315
1405
1068
2525
313
3637
2397
615
672
3660
3844
3203
2028
134
59
2991
3033
2752
1590
2668
70
1950
3018
707
2140
1457
2148
3278
1269
3283
3603
1983
441
2959
1253
2247
544
2632
2868
3525
3237
3253
3020
1986
1164
3786
550
511
3287
499
2470
1153
3665
3792
3524
350
758
735
3955
721
261
1289
2753
4053
2898
1467
1899
2274
2615
2593
2224
3666
3174
2765
3238
1057
1778
3251
2422
4005
4092
1273
1922
3759
1026
3664
3138
1453
1591
2690
69
2080
3123
629
1477
1915
1962
1338
2068
1102
1494
2614
883
3513
255
1317
1461
2001
262
3096
2269
3290
2708
2737
1235
1628
1395
1308
3775
1232
176
1072
1749
256
1012
1865
774
62
848
814
3771
1105
982
3329
2216
2718
3557
3065
3246
2021
2976
141
2983
565
3371
1070
3808
654
880
720
1928
3499
2476
601
1957
2360
3734
2284
3722
981
3114
1489
3274
1287
3004
1066
1508
3062
889
2450
3821
1533
2074
2381
2787
429
3338
766
196
2317
401
1668
153
3521
1987
8
2823
41
684
1404
1770
2578
1476
1095
812
3115
3804
3336
3831
1709
3635
131
2495
3690
3860
33
1821
2120
1716
3268
2364
2086
3383
936
1560
3323
226
2527
1795
336
3534
217
2039
2993
1806
2352
2544
3788
424
2689
2849
1682
224
3279
3511
3493
311
3143
1110
1552
3610
2208
2145
2325
1121
1001
1970
781
1080
669
2408
508
1437
929
1949
2094
2382
302
317
3692
3448
1402
3891
1293
3116
1117
1027
1374
3178
1711
1900
1832
3436
955
2346
3255
3528
1719
1698
2253
1113
2629
652
3133
2445
2396
1116
115
799
2784
795
2203
2402
1966
2786
216
1924
856
2992
3969
1509
1493
3454
3194
3624
1309
1016
1814
481
1448
344
3070
321
136
694
3695
4017
1166
886
1427
2701
2256
3567
686
252
509
646
3200
3741
2524
2598
3144
1861
1725
2232
3460
1371
3732
1765
2653
3136
2919
2116
2178
3231
1839
3264
3234
3376
696
610
1927
2052
1217
3814
2832
3104
1150
3548
1781
242
1767
3145
2870
3737
1669
2085
1131
2196
592
1965
1224
2964
739
1793
324
2696
3040
1844
3498
452
3189
604
2683
3311
502
205
2063
1568
144
3146
3457
1048
3819
798
2529
2233
3829
683
4022
2914
283
1501
2703
1011
12
2687
2627
2067
161
3996
1701
2181
699
427
816
943
1175
2348
3852
2459
1789
2262
3461
3153
355
971
3937
813
2616
2864
4074
3395
3958
2289
977
871
760
866
1481
1693
366
1331
1959
1537
737
543
818
3217
1005
1756
3642
2342
1188
2383
1212
1853
3950
2586
590
2759
2816
4044
3622
243
1833
2211
1846
1703
2719
23
2514
746
2988
3267
3536
2047
3799
630
521
2903
1664
1734
2635
1209
2179
1384
3995
3739
2554
4045
966
3039
254
2290
712
2902
1585
342
1000
1499
2746
1304
244
1702
3111
1041
1573
1479
784
2285
3755
1161
1787
2190
405
1165
526
1661
154
120
3902
3097
3520
2365
4076
3202
1497
381
821
2508
1804
2876
1981
1674
1629
3303
3564
3836
1910
2881
890
66
2315
285
1223
2940
1495
1977
2223
879
469
1571
1984
3476
1883
810
793
2444
2304
3720
2669
345
2911
2657
1894
3437
2564
1193
326
3880
434
734
1043
858
1190
2945
241
167
1349
725
3838
1482
3387
1764
1826
2423
1397
2517
3667
3034
333
1548
1259
1216
3991
3491
1507
2559
2107
2575
896
2606
3554
2446
3781
551
3650
3079
3731
1187
3424
58
2831
1244
1032
3442
2061
1939
2154
2663
3242
3611
3195
1512
30
2960
1811
1640
2005
2003
1133
3598
519
927
2607
4051
862
595
2965
3629
2064
50
2314
510
2997
2550
84
1998
3571
3071
3483
1238
2198
2398
1646
2857
748
2522
675
698
1487
1923
1036
1686
3957
1617
1423
2531
608
2989
3271
3839
2438
547
3162
220
1368
3645
1076
3593
3008
3983
1035
428
293
1129
371
2979
3575
1455
2820
433
2568
2691
3117
26
2493
2805
1557
2057
2681
4043
3685
389
113
2351
1715
2697
119
3017
3662
1176
616
2706
1389
1280
909
1022
1926
531
2087
48
3535
2115
962
4035
673
398
347
2142
1231
418
838
2741
364
1300
4046
2935
17
1695
3841
3943
532
947
3339
670
3012
2355
360
555
1580
3364
54
2130
1680
1354
2943
888
2990
1909
2082
1234
3856
2108
2664
3601
1525
2480
463
395
692
373
1475
3286
3205
2828
2361
2486
2982
3827
1391
3777
1183
1094
3320
246
3300
718
2574
1517
1242
3307
1947
4049
201
785
1407
4000
1260
4018
425
383
3403
4012
860
2583
1791
3473
3468
2874
3796
1075
130
2693
3846
3586
276
2543
3770
2469
3929
280
3866
1813
3638
3840
1566
4052
2742
497
741
2745
227
597
2966
3807
916
1918
2465
3916
1524
1801
1541
1097
3480
2789
3678
1446
3074
893
3615
25
4039
3620
3295
1594
32
1119
1607
3522
2380
2350
1060
3510
437
571
0
713
2083
2521
1159
3389
3446
1521
2592
2749
2843
2201
2230
188
3010
3046
2217
2769
1741
2073
2638
3979
2634
1612
3043
2975
2392
2599
3713
2736
2733
1672
466
3994
316
2883
825
1364
1393
3089
2428
1967
575
2127
2871
3686
290
1574
300
1014
3867
3793
4008
761
3500
2852
1572
453
1143
2059
2096
3063
1766
3988
2101
1712
847
3782
189
2994
2649
3565
920
1351
2010
1818
1884
2872
3889
2772
2341
1471
3607
3068
3543
2300
3139
1751
3939
3931
3166
2160
1968
607
1728
937
3175
2688
1896
2109
3377
3643
1895
3121
650
1678
3646
3750
2011
2226
150
2189
1239
3140
2117
3822
3863
1126
3834
2301
3270
2672
1435
2740
3553
2609
4083
655
1256
2808
3053
2553
1505
1616
3835
2004
1964
4072
3756
1369
1089
2974
834
2643
34
2125
2908
1399
1104
3980
1847
995
2263
2622
3331
1732
3230
2588
2971
257
3486
2673
3672
1179
1951
416
376
3932
3561
535
1359
3038
3027
3570
1540
968
67
2419
1602
2821
1031
2572
219
769
803
533
2433
994
323
1192
1879
1849
3599
1218
1073
773
1250
3515
80
407
265
489
339
2243
764
3228
1808
3440
1288
3485
2420
259
1636
524
1297
567
2767
1999
152
677
301
1078
3764
2735
3761
963
857
164
2792
3370
824
2016
3282
3169
2579
485
2806
3512
3772
578
3546
3299
2707
4030
378
3776
3045
3392
3122
2227
2249
349
2822
553
2164
2516
1170
3245
2680
2291
894
2596
1306
3127
1400
3926
1886
3694
846
476
2182
522
1357
558
2105
3445
742
462
2193
2981
1135
3658
3332
3276
2930
701
1398
3297
1118
2487
3623
2440
3367
3265
2678
2462
111
460
304
1912
2863
318
801
16
1341
245
39
2904
3410
2604
2166
3366
2479
2955
3862
1871
2637
3054
3881
2366
599
2425
3826
2299
28
438
2942
4056
1893
1655
666
174
1074
3481
408
1383
3816
384
2505
573
3993
3990
1838
671
3411
2934
3753
3712
3455
3865
1542
873
1382
2699
507
2846
3514
2854
1339
2174
1045
704
3430
1318
724
2890
2036
1180
2069
504
2557
319
105
3790
1486
1956
874
2323
1809
2167
3706
3378
1975
973
1562
6
2200
736
3913
2793
2518
1972
2865
1424
1769
2343
859
3184
1635
1033
3219
964
3335
4094
4082
2866
3397
1071
863
1019
2809
309
420
1003
1958
2910
1800
2561
2457
274
2817
1092
559
3592
2416
37
3537
3915
1186
1631
1782
190
931
3884
3380
3848
5
3453
1449
3312
2845
3069
796
468
3519
18
3992
3390
564
917
2210
1760
473
1662
3112
2782
2834
2138
3259
3492
3798
195
2411
568
412
2393
918
609
1246
2020
129
3225
4062
3794
2435
60
3209
1042
117
1478
3975
2264
