1348
3832
2170
3779
810
3192
573
1054
1395
3780
2245
3538
1354
3023
1292
3833
3599
2832
2984
1512
2325
3933
2056
3436
2955
2815
2712
1581
3805
3353
208
1024
4046
1394
1440
198
1294
1434
4059
1589
709
3607
1661
2752
3718
2803
1681
608
1600
1609
3737
3337
3658
1285
1971
3553
871
1107
2214
3699
1913
246
1668
2300
2015
2698
1344
3387
4066
1370
1488
1271
2792
3434
1013
1924
815
414
3176
3
965
1505
3267
1968
2204
3874
426
892
3733
2665
3786
960
3698
1250
543
1537
3725
3041
4045
1631
1265
200
3450
2073
2231
1381
1023
1184
389
3097
694
2744
2933
898
358
1741
2681
3433
2020
1120
3623
2802
2797
2691
3082
310
1194
3477
741
1169
1098
2065
1105
2602
412
2074
1039
68
3613
3802
2756
1889
928
654
3277
281
1678
547
1357
1166
2649
1586
1337
3209
2255
3359
3772
515
1474
109
2837
2552
2742
1973
2392
807
676
2313
4048
3013
2704
607
2296
4023
701
2880
1893
1535
3299
153
1452
2584
2322
342
2009
35
3210
3407
955
3987
2852
2394
3663
1525
2633
1171
750
1499
4071
2156
908
3726
2941
1802
2970
1180
1130
2923
2334
1857
1479
922
2726
4032
1419
3561
3822
2040
2907
170
3136
83
956
3660
3504
2713
1420
994
3446
3549
2604
2208
1698
2437
790
2205
2477
1332
1526
1976
2297
849
1519
3441
2172
3609
3224
1736
1796
2259
2224
1237
3278
3403
160
2257
44
1601
3849
3451
15
348
3290
3263
2498
3557
3923
217
3522
1277
274
2784
2757
1785
1274
2511
917
3437
107
3782
2351
2523
3705
5
1016
1191
76
369
2059
1793
2512
2909
1636
3231
2626
3105
1937
2243
3486
1774
3094
159
1404
3521
3100
2925
2384
2468
2622
3943
3901
2818
3244
3942
791
2995
1029
124
3164
1560
324
834
2096
2751
2277
2977
3432
3221
2238
1459
1193
1703
3894
2182
2194
1776
812
3573
711
1891
1663
3114
3153
1158
1585
1509
2340
1451
1255
4095
1953
3619
4016
499
1593
1819
382
2490
896
51
131
2591
2738
127
3527
3241
1400
3297
1707
3326
26
3298
2209
3917
63
1975
615
1594
47
900
3781
672
2707
2628
1048
1321
1605
1111
2094
62
2503
1199
2885
2188
4085
505
3828
446
1583
1573
2043
4040
947
1867
3449
2931
242
1810
2021
781
3996
1065
2063
2710
2765
2439
3317
2589
1514
364
3654
3366
3611
3417
420
2776
3293
1758
1849
3556
783
36
3598
154
1674
87
1542
3075
4033
1372
613
749
3334
2561
379
3373
901
2590
374
1227
1730
2913
1669
2312
3383
2267
948
375
265
2292
2762
2982
1854
4008
971
3364
3188
1122
3047
1114
1121
3272
293
1803
733
1646
70
2242
935
1967
2151
1097
1179
377
2842
3274
891
383
597
3647
2902
3081
3430
1455
1304
1978
322
3107
2055
3031
1327
249
516
1743
529
2555
3758
795
3030
889
972
3575
1426
3005
3636
1046
2850
2288
3230
2682
3445
1799
4061
2586
3239
2615
3496
1672
2817
1487
3295
1428
1536
1809
3740
2368
2081
3109
2928
861
2000
1710
2271
574
2083
3753
2449
325
1614
2136
2321
1192
349
3808
346
1448
2442
3971
2451
3189
1032
3203
2846
1728
4088
112
2391
2893
1045
964
413
609
2229
1239
2077
778
2349
813
3750
2471
422
2695
588
3976
728
3670
2711
371
2463
2106
3520
835
1088
2950
745
400
944
3906
863
3101
1175
318
2121
3172
2308
352
3453
2026
148
699
2298
1493
535
3500
1140
2719
3528
2233
398
190
1477
2460
3627
3102
2773
473
73
2444
3608
767
2905
726
1116
1887
3571
3517
2706
300
3816
2573
3490
405
1423
2047
2860
41
3683
627
1405
1052
2666
693
3543
1461
1329
85
3882
4079
2374
2570
2028
2876
3713
396
4050
3438
980
3717
3774
3249
2481
2900
2458
1910
74
578
1762
2382
2479
1883
3591
3296
1981
797
3038
2422
2494
3800
3285
1840
766
2164
4067
1769
1571
4003
997
1042
1761
3493
2989
2687
3052
1202
1059
3913
2889
3959
270
637
843
3945
756
2733
3001
3735
1475
2831
673
427
2335
3902
1768
1865
914
1611
3935
3857
10
48
2113
1962
739
3301
3791
2608
2864
1101
1607
2237
423
2389
1894
3706
261
92
736
2680
3752
3057
19
1263
1033
2144
664
32
3638
3744
71
75
553
4055
2446
1445
1738
643
2016
4065
2679
3440
1545
933
54
2701
4027
3462
3120
305
2942
3851
903
3069
2383
404
532
2991
3910
435
3368
2814
2279
326
2806
1044
3062
3455
768
2574
985
2940
1578
1254
2400
1756
2123
4001
1513
3864
2874
2703
526
1441
1218
3384
2974
874
3382
780
2127
2531
168
2027
3847
2657
3046
1637
2731
3386
2278
3980
1288
1228
2993
64
3472
3146
968
936
3378
2990
566
2631
909
2429
1050
2571
3193
224
3736
3785
651
2799
2592
483
332
2307
3179
605
2100
3418
3275
2504
3012
978
1621
3131
3815
2986
3682
3622
3684
3428
3566
3515
1322
1683
3397
1869
1036
18
2275
546
614
3014
3481
523
2207
4078
1791
513
941
2180
3589
691
2553
2411
2613
4087
3633
2132
3423
581
1598
2266
1276
601
3927
995
621
668
3604
3649
555
445
3225
2988
256
3444
1602
3191
1948
2521
3931
1654
319
989
3665
3940
2129
1520
1970
1444
2263
2097
2415
1757
629
3381
3731
3392
3926
1442
3762
99
2363
1660
2414
3707
819
695
3380
2397
2303
2274
1982
3367
303
3509
1983
3628
11
3690
1410
2580
3754
476
1469
2068
2875
3812
380
1941
2520
3693
1343
1671
2282
4052
2217
1539
1002
2890
3635
1951
1735
1984
2258
2206
1075
2838
3729
1210
269
3042
1844
1498
3002
3165
3271
1817
2834
1650
1018
501
284
2398
391
1155
1015
932
3465
3583
832
1208
2480
2736
258
1916
421
1089
2036
1335
2500
1960
161
687
1291
3905
1496
850
3123
3646
700
2610
317
3513
879
3461
3457
3339
2295
3992
1185
172
2639
1127
2903
2367
3268
3896
2745
1104
2294
732
1262
2221
1131
2627
1531
2403
3749
3516
2963
225
2964
1949
145
311
2847
3708
2092
111
1279
4072
2324
3641
3019
4042
2425
3307
3696
3435
894
2118
1551
186
3319
4047
2431
667
313
2483
954
3182
2545
1931
1249
1564
2676
3787
1651
13
1198
2663
557
2660
934
1851
652
2212
2507
3767
3186
2378
2011
2930
60
3187
492
3963
2869
2861
3994
354
1363
507
719
1489
4021
2101
1485
2761
514
897
2105
1832
2672
2138
1205
3674
2717
2364
3071
2332
2894
775
370
2465
2086
1220
378
549
1043
1086
3853
2811
118
2438
628
301
550
406
363
844
527
3204
1929
862
3212
2914
572
3399
552
3770
899
2393
1289
2379
4004
2661
1986
1226
525
1486
2684
3530
671
895
393
1781
1627
2158
1797
3067
55
1466
3597
2696
2688
1362
1212
184
4019
1501
1453
2112
1378
884
1619
3526
2833
612
2980
1906
2489
582
362
1596
1591
347
376
3011
2146
3351
2966
1873
3664
2716
1993
2187
3734
2375
3506
2280
2529
216
829
3508
2090
2763
1908
561
3341
2171
3850
101
1069
1240
472
2201
1060
587
1037
3329
2088
1403
1047
22
1715
402
2033
1523
2167
425
4083
2725
3157
273
3499
464
2353
91
3475
2213
2501
2754
1818
316
500
1162
4041
2281
1957
2137
471
3703
3856
858
2951
1590
2822
1287
1629
2968
2616
2965
537
419
4018
3886
3162
524
3498
3039
645
600
2064
2618
2251
2786
2810
1014
635
1766
117
1790
2748
1524
1082
3569
2290
1667
2587
1157
298
1945
1188
3086
3178
2723
416
1648
2994
1555
2404
3408
1856
2464
2962
1582
3584
2
114
1935
395
2133
9
113
3993
3869
3108
805
1234
2301
3551
3655
2408
1926
366
1979
692
3466
2198
1798
1898
264
1085
1961
2126
1110
1994
3722
3838
2829
2115
3259
3398
1422
539
1835
1341
1084
696
1666
3594
2450
806
2499
2345
769
2617
438
1568
2130
1534
3612
3975
988
3982
1494
2969
3948
3629
1943
626
1324
496
1618
3340
3308
1308
918
23
3260
2922
1004
3863
724
1673
3676
1754
2176
204
1432
1546
3730
2445
1273
2656
3229
2310
1827
1073
3132
3406
866
2844
1369
3205
3771
2650
3914
2859
1197
4090
1195
817
3163
1006
489
2895
283
2160
3614
4089
961
3531
3710
56
1700
1502
2826
2959
1412
718
3242
2835
2348
3763
1966
1721
3280
1030
3743
1780
596
3258
2735
1224
2935
3648
3413
1904
4002
46
2600
1117
94
1624
133
2722
592
2746
799
3702
1695
3616
848
3909
3821
1965
1828
1938
3946
3219
211
3073
2405
2637
3128
466
593
1804
2488
3989
1315
3112
2655
1712
1216
2216
2447
3602
563
3254
3414
1238
2426
1051
3133
1025
4039
1151
4022
3044
3078
3489
4013
209
3817
2269
1928
1142
2979
2927
1008
2664
1510
1113
2358
1823
4086
1153
2562
3701
2753
1870
3223
655
4010
2924
632
883
1640
734
1283
344
365
2134
254
302
606
2454
3194
1256
3835
1038
2346
3662
838
1853
3764
3692
3247
4094
1548
1017
717
793
3110
2625
2366
474
1748
2417
3984
2153
102
1892
2939
201
2318
1115
4062
893
3343
1137
1846
1610
2705
4035
2111
3377
2569
2076
1872
2585
1351
2643
3840
1055
1492
2220
1604
2433
771
4056
45
2010
2534
3981
2149
1658
263
28
4025
3766
575
3452
2339
2956
3507
3938
1077
1628
704
1384
1779
1597
2760
3988
334
2856
320
3605
1745
2668
3872
1696
1209
459
323
1223
392
868
2642
789
3104
2119
3824
3156
983
1837
3681
3839
3637
509
1544
3545
2410
373
2976
1330
40
1148
1258
3208
517
155
2550
3810
1091
1431
2554
823
2319
3390
3757
2948
339
1009
3395
594
291
2609
2897
2783
3356
2361
3756
485
2576
630
877
3335
510
1917
3478
837
417
2851
1680
2103
3865
286
2407
437
3859
1833
740
4024
1584
1364
241
3065
1955
3837
1472
3784
1777
2202
4034
1109
194
545
3673
3495
2371
4080
223
95
3009
3181
1753
907
3720
1245
218
328
2581
647
3949
1135
2145
401
3345
1200
760
1688
458
3947
3944
1528
1807
669
762
3650
3715
146
3217
2078
1141
434
1083
1463
3539
297
2767
2595
2347
3862
1697
872
2749
2387
1905
1267
2001
706
288
1125
2190
3068
957
1921
1939
3147
1759
3134
2946
678
1163
3806
50
1170
727
2372
1767
2921
2017
3095
468
3138
3376
1801
2709
1888
350
2510
683
3458
3036
2192
1325
631
488
3149
403
3311
1480
2539
1632
990
969
1374
3795
3858
1247
3961
3643
2418
244
3921
3748
463
3315
1103
1868
2462
462
1746
3860
1504
3017
2560
716
1925
177
3678
2849
2089
2686
3855
1376
809
222
3903
2774
1587
1850
3912
3891
1704
3642
2186
1468
1317
2578
128
2150
2246
2506
3150
3962
1506
2772
3412
243
3985
876
800
3333
329
3617
3555
1478
502
3811
3801
1491
20
3439
634
2636
1716
3514
1187
2035
3426
3823
2289
3560
2104
3888
2470
3116
1232
3167
1229
1011
441
1392
1190
2070
3180
1010
3394
3409
1123
1903
3175
3686
870
591
3723
519
2142
3198
2564
2782
1259
2843
604
3026
1062
1070
1800
3098
4093
105
3574
3741
2124
2492
33
1214
744
3990
292
3965
2619
3273
2953
1360
2721
2116
2285
2373
816
1918
1284
982
192
2441
69
3142
3122
2362
1685
2432
3401
418
2380
2080
828
327
66
640
2820
1465
926
1727
394
624
1615
1359
3117
808
2044
3269
3143
3261
2370
106
219
852
853
533
2720
584
345
644
214
2157
1954
4084
3685
2326
1126
976
399
3220
804
1003
595
1164
1934
89
825
3742
1682
3877
2062
460
570
3586
3252
3790
3427
1740
2369
1751
1340
3544
1417
3129
2541
2972
1782
1729
1914
3310
231
2957
2985
3804
257
3385
930
429
708
3124
1877
2715
987
915
139
1298
275
857
3621
359
2567
602
1814
2140
3130
2563
3228
3803
353
542
1034
1719
992
1972
633
3066
638
2072
1563
3206
1783
1386
2651
703
3610
2120
3288
3416
2248
841
1556
1078
1947
3262
986
2466
1561
1068
785
2147
2841
1346
1336
690
307
3797
407
3532
4092
1940
451
3825
1275
867
1956
974
2599
3954
4038
3711
1146
3582
1930
2579
1969
2858
183
2218
1396
567
1204
2341
2469
1099
3402
2647
2265
2559
682
2888
925
2019
3709
3955
902
999
921
773
1702
245
3240
2095
794
827
2549
3236
1656
2495
3087
1570
3897
1161
3020
3793
490
3419
2006
1875
648
2177
2904
1876
2960
1154
3899
1503
2809
2045
3300
2304
3564
440
1211
2778
975
173
188
1409
906
108
1407
1845
2513
1538
4091
2926
2459
1511
1350
2125
2845
3588
755
1942
713
2185
1178
3941
2493
3476
3911
1530
3789
2729
2685
308
1152
2536
2759
234
1266
442
2091
164
3834
786
2174
3314
662
1933
3580
821
2669
1541
351
3276
2057
2497
2420
2872
698
3183
1301
3796
3043
3488
1552
702
1638
2737
2896
3675
2034
2548
2260
619
1305
929
697
65
1253
1778
685
3998
24
3421
1558
1206
2879
3174
3328
3388
477
1490
2244
746
1623
3879
1543
2530
3659
1160
2967
1462
96
3592
3558
2603
904
670
1866
2253
2526
3053
3907
3096
2069
2354
952
1377
2024
233
1825
2770
2790
3279
2919
1041
3375
1074
4037
3442
2031
77
3469
1989
3644
554
2487
2357
3533
531
135
2234
2117
1040
271
3346
497
3291
3045
495
3139
4082
166
3197
1592
1657
498
2700
1149
2050
3238
181
2051
1251
3565
787
1246
156
3159
3841
39
910
1418
2508
1838
1862
432
1579
721
3003
3570
142
122
3243
2428
511
1625
1408
1064
3700
1467
3396
1057
7
3226
3302
1268
1841
3135
2540
12
3294
3125
3704
3924
1733
1771
386
942
3391
1021
415
2315
2365
2542
1128
2525
361
1416
2658
202
2583
449
443
1132
1576
2079
3485
1436
331
2690
2634
2014
3529
1481
3289
1739
3634
4075
2528
788
3871
677
580
2109
625
2794
3025
1079
3956
304
4026
2674
196
1028
2273
2853
384
2522
3126
2918
2270
2184
158
802
2179
1645
3523
1950
560
4012
4068
674
1794
397
3173
650
3694
2388
2601
2162
3058
1752
2440
3606
3054
1812
1500
299
548
1882
2436
3056
2395
2936
1775
3567
2804
2413
2828
3253
290
2987
2228
3331
2350
3266
2565
1056
3937
3919
2012
2769
577
2222
3246
1659
2920
1257
1145
2143
1529
2671
2230
1071
1630
3680
1203
1565
1090
2862
939
3393
2644
3320
3454
3064
3049
3093
240
3502
714
21
3103
444
3712
3127
2884
2741
2299
3371
72
1061
973
4005
2505
3480
67
2007
3374
1944
1717
2975
2836
3809
1687
3878
1387
2796
754
1508
4070
1977
1096
3482
3169
2659
34
1213
1816
1100
1998
3235
3669
1172
475
17
3600
583
851
707
4014
2390
2727
3714
818
1770
3881
2906
1706
104
1181
801
1382
2467
822
1019
2443
2839
3603
276
748
1334
3972
2945
2435
1515
461
2003
562
1323
3889
338
3004
456
3492
2747
4029
2025
2596
2997
2871
1066
1622
641
2256
2128
3755
1901
508
2901
2868
1241
3920
1449
2163
3063
2547
1690
3852
336
1495
3769
3321
387
3119
3060
3464
3728
3342
2416
151
2683
1473
1932
2801
4043
1679
1290
227
3892
2276
1484
3651
3562
42
3370
855
1999
197
887
3883
911
1726
3738
3620
1858
1269
1314
2887
1701
491
1884
3846
1569
1705
2793
3953
2102
235
2780
3844
723
2060
3010
1299
2670
86
3425
3400
3202
1457
2039
2807
3831
1789
4076
1000
2865
3035
3494
2189
1186
2473
2714
2929
1963
98
2434
824
2840
2740
873
3587
4030
3536
2139
150
2848
1316
2532
1456
1566
1447
1772
1124
2327
2605
2692
2399
2594
3761
1574
2008
2200
1134
959
551
2402
30
1902
3237
3687
2344
3916
1831
3537
688
3170
3361
3215
238
82
3978
2624
1527
1922
467
3076
3969
4057
675
6
1150
2908
1724
2502
1338
4081
3595
343
1863
171
1
2509
890
712
3799
1714
3939
189
84
1168
306
3601
312
52
1784
977
2314
193
3904
199
1375
611
1805
2816
3363
962
3746
2983
3661
2878
4000
1366
433
1379
2777
3677
833
764
279
3213
1367
454
865
2638
1878
798
2075
984
1368
57
337
1390
1839
3970
43
710
757
836
2614
2678
14
1311
2268
3429
1689
3029
4060
3227
774
1339
3568
3151
3542
230
266
943
3768
1092
1880
3830
2675
1665
3794
1652
3460
167
617
752
229
2286
998
3578
2996
970
1907
1119
29
680
3185
195
484
1786
78
2430
1483
2892
1383
3250
2166
3422
3484
174
3895
3596
576
860
2409
2193
779
2195
185
1235
3861
1550
1580
3977
1815
2646
3115
1959
3144
1808
2161
1641
1201
2305
2916
1402
3559
2254
2474
2098
2543
3007
3152
1236
589
2582
2702
869
1821
1252
3540
165
1626
1129
2882
2249
846
2283
1635
1307
2517
3818
3305
3015
1507
2293
1398
2645
3287
2813
1899
2287
3873
3929
3257
49
3554
2022
134
2240
1811
1094
3479
287
2223
3973
1310
765
210
1095
1747
237
1388
888
2311
2338
3349
3547
457
3581
949
1686
2544
2854
1750
262
2482
3085
1737
2932
1830
1533
2048
1380
3283
2215
3618
3021
1358
742
252
3016
1112
924
2272
2342
409
1361
2768
3968
88
455
125
1005
410
213
2572
1834
3327
1393
3233
1345
1450
2516
2937
1886
2211
3867
3885
3645
919
1278
3074
4031
2789
436
1433
1822
2041
1691
886
61
658
3688
2496
1353
2947
2694
100
2066
1557
4049
232
1349
3826
1280
470
3541
586
1644
3995
3222
340
763
486
2054
3037
958
558
1824
3201
2743
3760
1532
3344
3160
2141
282
649
3576
1306
2087
439
2827
2049
1711
126
1974
1347
1995
367
1231
1773
2718
839
3154
1022
1795
2042
2870
3934
3510
2359
826
770
3325
2556
3773
2877
152
2812
2944
2197
1788
1897
541
747
2630
3470
1458
1708
0
1616
1007
4051
979
3447
2689
751
993
2232
110
3483
268
820
3656
1764
1333
4058
3245
1896
1859
776
2623
226
1676
3270
1521
2973
3721
3024
1923
228
1167
2478
3355
3814
920
162
3184
1342
207
2708
2693
3372
121
1742
2954
2485
2640
1118
315
830
3667
1749
1397
2910
1755
1031
2825
2448
321
646
1572
2029
530
1871
3900
3312
1731
3323
3468
1991
2421
4009
1599
564
2699
3876
666
130
408
1881
1391
1159
4015
479
3166
1670
90
2191
341
381
3286
3983
3330
1425
1559
1319
1309
3550
1421
565
1182
1026
123
506
2934
81
656
1260
538
1915
3324
143
3820
450
3168
3234
731
3404
2524
2978
3336
3424
618
3819
215
3932
2766
1709
1662
3487
3405
4073
1744
2067
2165
2653
2355
3950
1595
277
3348
2620
203
2152
267
144
272
3282
2788
3552
3870
686
1222
3199
2302
1725
1647
3431
1958
1242
2533
2155
1760
137
1012
2173
3626
2406
2697
3503
3845
1952
3304
2785
1261
931
722
2385
622
684
120
1312
4028
236
3471
3630
1293
881
2787
2148
136
3579
1987
2538
2183
356
1371
2629
3524
2241
1300
1399
3070
3535
1620
2013
1272
2866
953
1549
2755
1207
777
2352
3572
3051
856
2597
4077
80
1108
2999
3615
3171
1699
937
854
2360
3727
3689
2235
3092
79
3255
1401
3501
1219
3350
2377
1414
2632
796
2457
636
1297
1694
25
1215
2131
1429
27
912
2949
2107
1072
2830
2004
3158
3843
1988
4017
175
1385
3922
3991
3898
3118
2452
3248
3190
1352
738
309
2781
1518
3309
1295
1138
3264
3546
3776
1230
3161
2938
2992
3827
2750
657
4054
3306
610
1270
3967
1001
3195
950
2427
3639
97
2154
2037
758
1143
3999
3050
1554
3798
2250
3000
2912
3155
1612
1183
2824
3747
2728
1936
2284
2514
1920
4
1437
1303
1713
3890
3365
1067
927
289
295
480
3653
1732
913
3732
1653
149
705
385
2252
4011
3788
3960
482
2648
730
3196
3966
2952
3829
2961
2819
2135
2798
3964
2058
1081
2306
2376
3751
3625
3778
1516
280
1843
2821
3018
430
2771
187
3084
1476
3957
452
2046
2588
1847
3358
1763
1035
1286
2577
4007
2557
1677
2486
3745
2641
129
1189
3083
885
182
59
2316
569
2724
784
2867
3915
481
1608
3887
3369
3077
2227
3415
1864
1225
2730
2558
659
3632
1664
1522
335
3121
3534
616
1547
1355
938
1874
3936
1985
2401
2739
2052
3032
2247
1675
845
333
1919
2329
1049
1806
1076
3563
1439
2667
2775
3090
3140
1243
3338
1221
1911
503
1964
3719
3148
2823
2621
239
3207
1365
355
1909
294
3292
782
1313
253
1813
2210
1460
2018
3512
2323
1424
1734
2732
285
3028
2110
2082
1720
2343
2219
424
1320
2484
1177
1996
157
278
1053
966
2203
2099
2002
2005
2225
1248
571
3088
3884
3281
3474
3456
255
260
2863
53
3668
3986
1244
3952
1093
141
3313
3842
1196
2032
3868
3379
3695
116
1643
179
2159
3697
360
923
3232
3716
660
3079
1855
2519
3866
221
2598
1912
3089
2535
3091
2168
3059
1356
963
3111
916
2093
814
1639
1684
3177
3925
2333
1633
58
504
368
2883
1233
2114
2071
140
1139
3362
720
967
2331
330
3652
1133
536
3958
206
842
1693
2328
180
2262
3505
3216
1136
2291
753
598
880
1174
2317
653
1470
1264
3389
2612
1879
3284
2226
2175
568
3813
3106
388
3585
2673
792
3974
3027
2061
220
2337
3360
93
3033
3080
1588
2461
715
2758
3467
1413
247
3875
1792
2475
2546
1826
138
3807
1165
3048
3322
390
3979
3511
2456
3631
1997
1302
2779
2330
3099
38
1217
2606
1722
1718
1723
3548
1106
2320
191
3518
3251
559
639
169
372
1080
2805
1617
3525
3411
2981
4074
3997
3765
3256
1173
2881
3145
679
296
878
1567
1427
1482
585
1820
3443
248
1649
2635
803
3854
2943
2795
981
1435
31
3318
3640
2419
2971
3137
946
1471
864
996
1464
1836
3354
3357
1890
1454
3072
3200
544
1765
2873
4036
1373
1895
3491
3893
478
2607
3006
1860
2899
259
411
4053
37
3034
689
1562
1147
1848
2423
250
729
448
1156
521
2917
1318
3918
3352
534
2915
4044
1980
3316
3211
2568
115
4006
1852
469
1058
3061
453
1446
1861
493
620
2654
2518
859
3410
661
905
1553
2791
3577
2886
3671
2551
945
16
1497
1577
2264
1102
951
1282
2169
4063
1642
2412
520
2476
1842
1438
3657
1634
3022
840
2734
940
2593
132
665
465
737
3836
2808
428
3775
2958
1415
2424
3880
4020
1281
3783
1176
590
1655
663
176
2309
2108
3724
2898
205
3141
3759
2652
623
2611
1389
4069
3265
556
2356
3792
357
2038
147
2236
2053
3420
3848
3463
603
1900
759
2261
2199
3347
1575
494
1406
1606
2472
1990
2181
1787
163
518
2527
2030
3930
178
735
212
3448
431
3459
1992
882
811
1087
1946
1692
725
1443
487
1517
522
2455
599
2566
2386
3624
1331
761
2178
2537
3055
2196
1927
528
3113
2857
642
2396
2800
4064
2998
3739
772
1027
3040
119
2084
2575
3777
3332
743
875
447
2764
2855
3666
3473
681
3593
103
2515
3691
2453
1020
2662
1411
314
2122
831
1326
3672
2239
2381
3679
2085
540
847
579
2677
3218
3303
2891
3908
2911
1063
1296
251
3008
1144
1885
3951
3497
3928
1603
3519
512
2336
2491
2023
991
8
1328
1613
1540
3590
3214
1829
1430
