322
1113
2685
3997
2724
3804
197
1604
1031
125
3510
1502
2160
2460
3716
220
628
365
435
629
2202
268
1681
804
3022
852
3505
2822
2119
324
2825
565
1741
998
3938
253
864
1363
99
1903
2258
3057
2579
4070
2615
1913
1607
2256
1269
2691
1278
1629
907
2875
1131
1690
3772
1456
16
1615
2542
1300
56
1220
1645
2204
815
344
2423
3767
252
823
4057
1127
2538
1197
2525
26
2967
1368
1053
1879
1586
94
3994
2269
2986
279
2686
283
3908
386
3082
1984
2982
2091
2235
3546
2411
3835
2907
1646
2147
1718
1352
4025
761
3825
2956
347
3334
1647
3995
1350
1346
1057
1560
3109
1329
2217
2763
1797
2044
1083
3119
1659
1701
2900
631
965
3462
2921
3873
3469
2954
3718
1355
666
2689
2389
3752
3727
2961
2439
1938
3095
1581
3027
2594
2791
591
165
434
1373
2072
1325
593
1429
3277
1241
1948
3347
1392
2783
3696
2994
3849
1934
238
1810
3194
3148
795
803
2912
3266
1841
2144
1371
3360
2274
2700
3342
3422
1189
3024
1747
63
421
3788
3032
1289
1721
3331
883
989
208
2832
3170
148
2132
739
1500
1405
3389
3044
532
2123
3738
1262
2721
492
3
3426
3944
1248
566
1218
2997
2883
3654
2280
2524
547
733
3660
353
2111
3936
210
1444
2675
1574
1703
1678
2592
679
526
2518
3701
163
1983
1377
3394
2047
97
1843
3151
1569
4013
1118
954
2553
3684
3503
1908
2716
909
2463
3078
74
104
272
319
1393
3216
2173
1599
1861
2226
1522
964
3354
3811
1966
2381
3923
2922
2150
3004
2362
995
3927
1782
875
544
1010
2401
3455
610
1533
3680
1785
1542
2336
2137
2019
658
1017
2545
2195
3483
3416
448
137
4032
1594
3464
227
3698
2805
799
2382
1117
3802
1077
1688
30
2067
3498
3894
2227
2962
2434
1097
1660
3666
513
379
2609
3129
2148
3319
2090
301
2833
577
1247
3676
2028
1947
1583
1847
224
690
568
3940
2337
906
1245
1673
1431
1011
3378
888
2049
1354
1258
4012
1942
534
2898
1693
1761
3460
2610
1637
3043
361
1944
2882
3504
2732
572
674
2569
1372
1447
3880
1728
1968
2572
2757
1170
3073
2215
2888
2877
862
1885
622
1740
3655
2503
1039
1918
729
1992
3072
206
3079
3283
2240
3116
1963
3902
978
3214
162
1596
3524
3520
3246
2663
1991
2114
2879
423
357
1582
588
1426
2944
122
1759
1696
512
1394
2517
1
3166
2361
1905
2107
2613
3595
2770
3756
1061
3183
2893
1423
2170
1211
3398
1838
3547
4079
1603
1178
3448
3743
1656
1876
2286
3947
359
2936
511
2048
2847
450
3121
3571
1726
4011
2840
3451
636
508
2559
182
851
3815
2719
592
2420
3293
685
1004
4021
2692
3225
282
2796
1577
1318
184
3827
1046
2383
1366
3999
2025
1926
2531
3332
244
2350
3473
3247
2029
4051
4044
3385
3037
2252
2206
289
1397
3906
839
2742
2008
3373
1787
1176
4036
2291
827
69
204
1709
1434
1439
3077
2368
1870
3256
2577
259
2931
2860
2817
3725
2668
1281
1889
3253
1739
1652
2200
3991
3424
1924
2752
1103
1177
1541
1174
2429
2699
1815
2779
1796
1445
2858
1285
2294
620
3117
3450
2884
703
3946
3381
1166
791
2300
214
3937
2079
3431
3932
1326
2282
201
585
2221
2972
3480
1143
453
599
3443
2096
1381
176
53
341
3509
1737
3380
3231
2172
1084
668
3909
315
1571
2593
1141
607
391
1259
2242
3039
4009
816
3957
87
2928
1896
3591
772
2551
1731
1833
3829
3905
2979
4091
3542
2564
3187
3559
2703
2220
2134
115
730
1493
3843
980
2285
801
722
4077
2857
251
1633
1475
1376
3070
709
2844
1496
962
554
2660
2935
475
2149
1910
2394
402
3155
40
3172
2058
3033
3108
3141
2194
1075
2340
2938
3640
3476
3479
1081
428
2057
245
1691
10
1124
814
574
1892
3265
3242
2278
2959
3478
1875
3205
2459
3870
1437
1340
2841
555
1549
2444
4019
3218
3775
1453
2532
1901
3796
3240
714
2224
3100
2416
2711
2419
1960
3372
2497
543
1834
1794
318
813
970
3018
3427
2190
2399
510
983
3934
2863
321
1585
412
1950
2575
4020
1023
619
3848
1509
4053
595
652
1474
2659
2348
1735
533
3769
3002
3383
2347
4092
2277
2561
922
1723
1019
3608
2964
1935
3594
4088
2042
1689
2305
3013
2069
2088
514
819
866
2926
3115
436
3736
3664
2765
4016
3217
1150
111
693
3487
1298
3558
3467
3652
1862
3649
928
3219
2787
1074
1835
217
745
2696
3538
334
3239
1840
649
734
3918
2852
1234
3223
1584
2815
4074
2139
1859
3563
4043
3457
3963
1448
255
82
1007
2015
2452
242
1837
2605
2487
3976
766
1746
2766
66
1198
2124
1900
3592
2514
3110
2570
1460
1845
3310
3042
1769
1482
2698
3139
3847
2826
1240
2509
1520
3657
185
4093
2750
234
618
3198
1959
2343
2887
59
3276
3470
3189
3327
1511
1824
2244
452
78
2767
171
3626
424
2876
1525
54
1099
3669
3535
3723
880
270
3886
1670
92
89
2974
38
1129
373
3047
1015
2807
718
2001
3842
3759
1558
659
2823
31
3177
1809
2417
3493
600
966
3651
2780
2751
1621
3168
459
2655
1667
1510
3763
1587
2801
392
1470
2669
845
1791
2616
138
3403
1871
2359
939
1413
1208
3206
752
2245
1663
2118
1107
4000
654
287
2830
796
140
706
1925
2081
3263
3616
3120
1751
2909
3481
1680
3724
2018
123
613
3858
1609
1069
458
2027
2188
1989
605
147
2392
1185
1179
3026
3390
1878
2040
3136
2923
3869
2608
130
2012
198
1013
2038
3440
3351
166
2571
929
1455
2152
2861
57
3526
3605
1538
2868
1120
991
494
1389
3604
3820
740
3567
2415
2934
247
912
720
1125
2225
9
2585
3339
1144
967
3133
4052
133
3585
260
1342
1945
451
3306
2317
149
3992
3288
626
870
3969
3333
1684
3864
167
3382
4066
2865
1568
3358
2873
894
1772
1490
417
117
469
1142
211
2259
1855
403
545
1169
1554
3754
3421
112
2511
437
3329
2646
2292
2918
2988
3009
3561
1821
3368
959
838
7
2092
1658
1338
2505
2548
3956
243
1204
997
3728
841
1768
2914
3862
2370
2030
36
1290
4034
1998
4018
271
3597
1335
491
3951
71
986
154
1685
3637
1863
1187
2377
958
2662
2565
2250
4
1402
1893
3149
2614
643
482
2105
3977
3863
3290
3519
1771
2316
3536
1029
3192
2424
3913
860
2641
2574
1697
914
155
120
3662
1638
1390
299
902
3774
2290
681
4007
1858
2146
476
3150
596
425
1022
119
1408
2681
1730
2789
3513
1303
3715
3630
2754
3874
1277
3646
1820
3620
2897
873
3761
1307
3486
2556
0
3053
3326
567
1111
1162
3287
2602
223
1433
2315
2023
1183
2951
1650
3586
3615
1068
751
3552
3491
1988
943
3142
2624
3211
673
910
3371
956
711
2199
3760
3176
2596
811
258
1501
2774
3311
2113
1666
688
781
3521
34
3000
2053
3350
2021
3130
2232
1193
999
2209
103
1096
911
2355
2219
2549
143
2410
1410
4035
1849
2715
500
2438
1839
968
1986
186
2414
1066
3186
2005
3673
3882
2933
1597
3791
1252
3114
1829
2628
1682
2960
1537
1827
4063
3346
3353
1575
1497
3987
1348
3972
3234
904
1334
927
134
891
3613
1002
1243
2026
973
1359
356
3161
1614
702
3454
3268
1727
541
426
670
387
2746
557
2129
1981
2595
3779
887
479
1765
1651
2566
985
141
1344
96
3055
3081
474
2009
770
3846
3530
2895
4090
580
2710
2426
3965
443
3960
1095
2218
789
2995
3950
2684
1287
2045
132
175
1221
3280
1532
705
2515
2388
2237
188
2896
3645
3301
496
3423
454
3143
1316
3209
2843
1617
2886
1874
3978
2500
3152
1353
2781
1106
1140
843
2310
3621
1919
2306
3113
261
93
3003
869
1093
3258
2534
4056
68
3694
395
3395
1276
276
3506
1817
503
757
2802
67
3787
3420
3317
1238
2409
2046
442
971
2941
3197
1987
817
153
2477
2522
1109
2587
1830
2450
797
2000
2543
462
3823
1589
221
1778
3236
4003
2557
2874
4064
945
3726
446
312
717
742
1058
189
1547
3190
3831
3418
885
151
2171
1180
157
2480
401
3857
2304
2440
3085
2713
2867
2894
2911
2052
314
1565
2904
1079
4048
61
3465
3717
168
229
24
3749
890
525
1484
3850
1480
3097
3345
842
2135
935
1044
756
2331
79
2666
1102
3599
3154
351
822
2276
3400
1159
3488
1523
2846
1887
1946
1209
1323
1618
1485
2445
1133
1744
2591
3125
3980
2771
747
3966
2617
1284
1888
1085
228
931
1783
2647
1975
1341
1165
3291
1775
2112
868
4022
2702
3812
1866
994
1146
3566
3195
1225
2013
98
3127
2673
2620
657
1504
3249
2159
2727
2413
2607
230
306
651
1299
3678
1312
1906
3993
2977
3131
2363
3210
2738
335
3943
3686
3807
4040
2036
2073
1561
2275
1792
1395
515
769
3764
1094
3098
3365
982
3852
20
1773
1112
1548
853
3270
3212
3500
2157
3990
1507
3031
3052
3888
3438
4008
1126
3778
2987
1807
2268
4059
311
354
2183
145
4033
2375
2968
1168
1550
1657
2804
2838
642
2845
1082
1543
2050
3525
455
3468
2486
239
1421
235
2004
1136
3801
3911
832
1662
3910
2625
2068
1804
3786
1380
3837
429
1578
602
1508
3625
1562
2670
278
1980
2289
1613
1110
2205
2539
342
2095
3295
2024
1328
88
3384
2103
1436
2010
1566
2946
1777
1270
3413
3610
2033
1832
3672
3776
3568
1360
1517
2606
1157
723
2917
3492
727
2448
2422
3712
1936
209
2550
3570
2758
908
1212
1977
2993
3709
3494
689
384
2075
2976
173
857
2795
1411
1224
1012
3557
418
1100
1969
2969
1418
3755
232
2890
2996
3458
2528
571
975
290
377
3537
900
2955
889
273
2031
2513
575
2482
886
505
3596
2536
2582
2339
3314
2915
2213
1043
2584
2718
1257
609
3961
2829
2638
367
701
237
3893
660
2730
445
3745
200
2251
800
2267
1071
2612
1776
2385
3355
2903
2734
2483
2658
2142
3817
1954
1572
2989
2181
1138
2162
3891
859
1576
23
3251
834
1715
716
3434
1016
1163
552
333
732
1996
2128
1226
1790
948
2811
1041
91
2257
3407
240
3782
2367
3507
1789
3895
3813
2207
2649
4078
150
3145
3387
2236
441
3299
164
550
2862
3783
4010
2533
172
233
3576
597
1347
682
3899
4039
222
2512
1063
3437
170
2520
2082
2041
662
3789
1951
755
753
383
2077
3279
464
1641
1052
2094
3325
1291
2342
1625
304
830
2747
2682
2853
3562
409
35
675
1164
3444
48
805
490
1564
3872
3289
3650
2839
58
3945
4049
2654
1923
1953
519
3948
2949
3090
2958
3335
3252
3556
2981
3675
352
1274
1388
874
1962
984
3580
439
472
3343
564
1288
2208
2104
3300
502
2297
3868
3180
2085
1242
3970
2074
49
3962
1628
4080
3496
3614
2899
22
3926
2071
3840
124
2003
2733
1427
699
309
1559
2373
3954
731
3001
798
2323
1446
780
617
1556
1412
3220
1202
2164
336
21
2011
1001
3901
2966
81
2866
3904
3564
1515
3442
707
3612
3241
4082
676
101
3834
484
3352
712
882
1528
2469
520
1529
419
477
2799
3495
1051
1049
2562
2818
3770
3942
3549
1440
3323
2115
1764
2412
2376
1619
2126
3573
3012
2797
1592
3587
678
3988
926
2784
1655
3958
704
1994
1233
3711
2177
3584
196
3750
3235
3713
2387
2326
1487
1920
1400
3207
3748
2573
1454
327
1819
2014
3061
3674
1098
2502
1519
1952
3471
1167
2707
174
3685
1672
2717
159
3102
1687
3224
2567
1704
193
1668
205
1506
738
2635
1054
778
3619
3006
493
3261
3456
783
3974
979
4086
1264
2544
114
3330
818
2161
3806
2772
431
2704
553
1018
1964
2335
3296
160
2902
918
1978
3833
3690
1974
2066
2495
1546
725
2354
788
3593
3795
3340
1192
695
3529
3702
3955
3010
3572
1466
1873
3282
898
1175
1217
2657
2298
1539
85
3038
307
3925
2061
4002
1494
2196
2191
77
726
1851
1884
3430
183
614
2589
1902
1967
3054
3826
1869
2494
3959
3758
604
3516
1760
3578
2446
2185
3324
263
3485
1309
158
2296
1356
2474
2174
1181
1891
1752
1319
405
2688
410
2312
2435
3780
4045
4071
1883
2461
4004
3008
1812
1088
3735
3741
1407
3543
4006
2333
518
2032
3627
2891
2501
1491
486
1763
1026
440
1634
1038
861
2349
2106
499
1244
3836
4047
113
2554
2182
2925
1330
1286
569
3159
2633
2007
1279
786
993
3565
1367
3973
3401
2341
3588
820
524
2813
3916
427
1872
3986
2878
1459
498
1008
2441
1939
280
1627
2430
3971
576
2034
3243
1123
3272
2351
2764
3459
3435
1451
856
3404
2246
181
4041
2984
2812
765
2788
2806
398
2769
3303
2756
1401
1694
1766
3773
368
2433
3677
47
3618
3477
3768
1089
3238
3569
45
2476
1067
2999
881
2372
495
1881
969
497
2087
400
1955
2639
3871
3511
2437
3309
3996
430
1228
2687
1422
3744
2020
2821
2395
2991
877
1306
3262
3402
3832
3757
3167
3087
366
2366
3631
1842
1897
1743
3866
348
2293
1933
3202
19
684
2037
3417
338
744
3952
3178
2165
647
1311
2060
1473
1836
2314
2761
1461
840
385
2598
2136
265
449
879
2427
1424
521
1139
961
3877
1387
691
179
3692
1745
225
2478
3203
3700
2109
606
3099
3550
3375
3740
218
2656
1489
2529
974
1086
4055
1588
1235
1386
46
3656
194
3415
3751
80
1620
2563
3076
1937
2309
310
3611
923
83
3781
3689
1779
2885
1716
1800
3271
3575
3020
1005
2192
2063
3105
3989
3348
152
3313
1640
2990
3138
4058
977
2819
350
72
297
3193
3153
1671
638
2443
2568
3065
2701
3312
1420
1481
1032
1708
794
1122
3449
3798
1092
2455
3410
2320
470
2782
3412
2059
6
2493
996
11
226
3086
3475
1710
667
3112
4084
601
3066
2762
782
2712
646
792
988
2266
1450
2472
3405
3233
3828
1816
578
1676
2889
3771
374
3892
2913
768
3084
2504
3949
3059
199
389
3200
2248
1236
2
1442
2680
3710
3606
876
3308
3607
1219
1297
3226
3428
32
1982
177
808
3137
3839
3034
1151
1304
190
1327
2948
1698
3539
529
663
3229
1695
1713
3160
992
406
1265
2110
1795
1006
2588
329
1780
1441
3441
337
594
90
416
561
2929
1161
360
2234
1732
1700
2249
2223
3386
466
3721
3363
1973
2140
1498
3083
2253
773
1173
1062
1909
3058
4005
987
2560
920
2785
3953
1608
4072
1315
3419
213
2254
1396
1734
3941
1047
370
3015
1642
2307
896
2062
4085
630
871
433
863
1729
118
2540
1714
2760
2456
3393
2270
2479
700
1813
3896
3583
884
2201
2623
1767
942
1679
2776
1748
1706
2850
2360
3667
671
640
2597
3982
3164
1612
1823
3803
3050
3453
407
1171
3919
2002
3370
903
3244
3907
4054
1379
3030
537
2457
2731
2318
661
3411
3482
3540
501
1492
1115
3391
2578
1725
1877
1786
2510
3162
381
2272
3883
2507
3623
507
2432
4095
2396
382
538
2927
3793
3903
1339
3722
1213
775
3921
1155
178
531
43
1798
2810
3642
530
3884
692
3693
303
846
267
1021
4001
2078
3364
2920
4042
2260
2056
1555
759
1333
202
1512
1736
2193
3255
2642
3844
3156
1972
749
1664
212
2101
850
15
581
899
25
2405
2156
1854
2835
1443
3797
1622
2519
1850
3092
2035
3091
2492
393
3527
3094
3128
754
2470
3204
3392
2803
2872
3622
1654
3737
2261
308
1886
3602
2384
60
2901
1184
2153
3515
3425
3122
1145
1624
3984
3463
4024
1365
2288
3609
637
3638
2671
3005
2650
346
2120
3067
3688
4027
1253
2239
2303
3185
457
3577
3315
144
3699
2618
3629
489
4068
3967
3045
1611
1260
3879
1929
3025
2431
523
2856
736
2506
2906
2222
3670
1073
3036
785
2652
1707
1337
1065
4017
1971
1551
1639
1391
1182
3643
2099
3856
2299
8
2851
1186
3126
1868
1626
2809
2950
1273
3933
1188
1024
2167
1742
460
139
3898
2284
683
3321
901
2978
483
2965
1357
645
2330
4015
1669
4094
75
1931
2243
1814
1899
1536
946
2264
1255
664
1702
1249
1301
4087
1128
4076
1268
1263
1579
4083
2552
2971
2386
1132
1757
2017
2583
2321
1675
3890
13
2271
1848
1036
3171
3930
3337
2629
3397
3107
3705
2262
1724
3436
12
2778
938
1949
743
1472
1557
2397
73
2449
2357
2705
422
3367
3040
3322
1403
2369
925
915
3729
355
1563
3228
2849
3196
3681
3859
3935
2814
3157
2169
2464
1471
1308
471
41
254
325
362
3104
473
1028
828
758
2356
1154
3075
116
3808
1540
615
2175
2238
527
3517
1302
2794
2241
2631
2329
2186
2627
2694
3484
3320
84
2630
4067
3132
3328
849
2541
3719
1573
3230
277
291
3260
2980
3581
3746
3851
2055
2740
3014
3182
1865
3731
2116
3254
548
3135
126
397
411
3118
127
2726
207
2678
1755
2523
924
142
105
2908
2870
2626
257
2748
465
2141
2932
1378
1317
913
2322
1314
1699
2295
2753
1478
944
1385
2400
774
1237
2943
3021
950
3208
131
2661
456
2496
3071
2834
4062
2158
3257
1130
3062
1495
378
305
1280
583
2558
2006
517
981
2644
2475
1206
3818
3632
3245
3939
42
760
3396
461
266
215
2952
536
2425
865
2547
2842
3285
1590
1227
3697
1121
3924
1101
284
612
1521
1911
3889
404
1216
2697
802
3501
2393
2759
14
1310
326
1056
302
1530
438
285
3388
1251
1358
3528
787
2634
719
2311
3163
2768
2581
1503
2521
1137
1087
3248
2508
4037
3461
1636
2080
3406
1229
3089
1383
579
777
2378
2051
932
621
951
833
128
3790
1758
3179
3227
4028
1050
2100
1880
551
4073
1476
1940
1201
4050
2155
1890
3617
3720
1417
872
921
1404
1808
1720
1505
1343
3579
2404
2451
1283
2345
3275
376
3822
86
1070
2488
3659
3523
3734
4065
2695
3281
793
2728
3703
3814
1463
3545
1030
2230
2086
3359
1035
3369
146
394
1014
650
136
396
1904
3048
563
806
339
2848
3634
2216
3855
1928
1867
936
3274
708
3897
2391
1753
632
2098
2816
790
3362
275
3816
3414
3096
2197
2187
3199
375
3799
562
2022
3447
3016
1750
1469
4046
741
102
399
2725
1033
2184
4069
3914
1756
2352
897
3533
677
2864
3201
963
3624
3064
715
3917
3819
3472
107
3259
17
957
3747
3213
3603
2332
776
2334
522
624
2924
4026
2467
485
369
3173
1733
1781
106
917
3707
2138
3683
837
809
767
844
2880
590
2798
169
2214
1458
3981
2178
109
737
1831
2676
2604
1059
3429
2576
2737
3318
2664
3860
1580
653
3046
1860
1194
2043
1683
294
3376
784
3264
3292
2418
3278
656
825
831
2229
1399
292
1369
586
953
1199
3785
1313
3305
295
1321
1322
3273
3056
3023
1793
3374
100
2346
1336
1080
1055
1320
1961
1064
1749
192
3379
1717
1956
1048
1078
2621
3824
129
2406
1605
2203
1917
1722
2693
589
288
323
2127
2133
2121
2871
1826
2537
1205
1415
2247
3845
509
349
3636
1464
2777
1595
2338
1025
2653
1465
1601
3876
293
2836
3134
2255
3691
3794
824
947
721
1990
1674
2824
1332
216
1210
1027
1616
2163
1215
2741
2302
2586
3628
686
847
463
1488
2792
672
2603
3188
2102
669
2097
3502
2108
3964
3739
2283
540
1518
3215
468
3541
1452
2344
2773
2947
584
3349
231
4014
2729
256
156
2484
2739
858
3474
930
2130
1060
2070
1941
110
2992
941
1409
2117
4029
1922
3979
570
625
33
313
2720
1479
3356
2143
608
582
3647
2421
55
826
331
933
2722
2743
2281
2645
1802
2324
623
1153
2723
2706
2398
1598
1957
1648
2465
680
236
414
1895
3551
2708
2454
1045
1414
2179
634
812
2211
76
1921
2402
937
317
3158
3408
2940
1428
1384
934
3830
1719
3366
3998
340
1825
2998
390
539
3532
1382
203
3497
1230
2273
2374
3165
3069
2937
3534
1958
345
195
3704
2489
893
2749
2154
1324
28
3730
1172
2498
1844
2735
1000
633
750
3147
3682
3297
3671
3237
1364
3706
506
3007
1527
2930
3124
3144
3307
3445
2093
3222
587
2983
1214
3985
1643
1119
5
2481
2709
27
807
3841
1738
3821
2325
298
3600
2535
2910
1266
2371
487
1406
1246
1943
3432
415
3035
4089
248
2466
3679
269
3490
3915
1432
1623
1932
1649
1894
1072
3269
2263
1152
3221
262
2131
2390
2690
1416
2189
1516
1997
1630
3294
4031
1545
644
2674
1090
2640
3765
3049
2364
2831
2279
1200
2365
1965
3019
3051
1567
2176
2408
3853
3499
1916
1261
478
2526
2145
1712
665
1999
3184
771
2775
1552
2957
108
65
3574
3439
2308
64
1305
2555
296
2546
3912
1774
2837
3101
1610
1677
3805
3555
2622
3123
3060
3887
697
241
3695
316
191
1191
2319
3968
1686
2755
135
3140
3644
2039
2636
1600
3554
1822
180
3093
219
559
641
1207
1449
2869
3881
2180
3553
1190
467
3175
3336
372
3286
358
972
2679
2233
3399
3267
542
3074
919
836
1914
2600
1250
3875
1930
1296
2590
2975
821
855
2677
1042
546
2485
2210
371
1331
635
1222
3452
1254
3508
1037
3922
3338
3514
573
1993
1147
867
1853
1806
2648
2313
1995
330
1799
535
2580
556
2527
320
1239
2632
2407
1462
3633
1970
1419
2939
250
2468
3111
3298
3639
2125
2453
2793
1882
1912
3250
481
955
1864
3777
598
3181
976
3088
249
549
1477
1513
627
694
1976
2530
2599
3732
3753
952
2379
4030
558
447
746
1114
3063
1282
286
1256
1711
2083
3792
949
2436
1345
480
2619
1438
1361
3522
3589
246
2198
264
3284
4023
2168
2442
687
810
4081
1116
2491
2462
4061
779
2084
3668
1149
1425
51
1770
696
1705
2808
3663
4060
37
2919
332
2490
835
1606
1927
1632
3544
735
3708
1457
1351
1231
1653
3011
420
2800
2447
1294
1898
1644
1483
2963
1275
1692
161
3975
895
3357
2212
363
1535
516
3928
2945
39
1232
343
2683
762
4038
1856
2736
44
1665
1593
1570
3174
1292
1160
1105
2089
3931
2905
1349
1203
878
1852
2637
1430
52
3733
1156
3742
3878
1374
2353
1370
3653
2166
728
1158
2358
2403
940
2859
2953
1104
1544
3920
916
854
3885
2499
616
2231
1526
3601
1811
1148
2473
1195
3590
698
3900
3641
2828
1591
18
413
3854
3316
2672
2916
1223
905
1375
3103
3029
4075
1020
713
3361
1295
1531
1076
3341
2744
281
3598
724
2054
764
1985
1661
1272
70
648
3377
2380
1803
1267
3800
1979
95
29
3784
3106
1524
1805
2327
1818
2151
1435
2458
3409
62
1553
3861
2892
1135
3489
3466
3560
2265
892
710
1635
1486
1003
2287
1631
1467
1108
3929
1788
2970
408
829
3867
1907
2016
3661
1196
3658
2790
3446
1134
1754
1293
2854
3531
3518
1602
655
380
2827
328
3983
2881
528
1915
1828
3068
2611
2065
388
1846
3714
1534
432
2301
2228
2064
2745
1362
990
560
763
504
3762
3512
848
1784
639
1514
444
1040
2973
274
2428
2665
2820
3191
2942
3232
1499
3865
3146
3169
2651
3766
3648
3302
3665
3582
1009
187
3028
364
611
1271
1091
3810
3838
1857
3041
3344
3635
1801
3433
3017
1468
2471
1398
2855
2601
960
2643
2076
2122
3809
121
488
3080
3304
2667
2516
1762
748
2786
3687
50
603
1034
2328
2985
3548
2714
300
