2476
2790
2669
903
3026
2863
231
4055
2328
4036
1213
769
1815
42
2525
278
102
323
3528
1720
2158
1592
1355
1203
164
704
3787
2698
3743
3583
2133
3324
738
584
771
971
90
3448
2601
3622
3184
3818
1888
833
678
3325
2178
117
1400
3510
1921
631
1433
3292
181
2467
1481
3132
3396
2234
1368
3309
2895
1441
2691
3237
890
3580
3321
275
204
1612
4039
1911
3427
1131
655
3361
1984
2919
1374
1515
3911
284
372
3227
1150
519
1494
2896
2656
2921
2283
3477
381
2308
1947
3558
1671
1119
3581
2429
1582
2742
920
1493
311
4070
3417
3634
1053
3139
2625
1767
2315
2664
2311
2630
683
963
4019
2276
3599
821
3680
2848
695
1313
672
3526
1896
472
3909
999
1557
2111
673
1732
2661
3863
3198
579
600
450
398
2220
197
1142
3149
1378
1703
2611
1741
3789
320
3745
212
2131
3557
563
1106
1392
310
551
3896
854
1547
3066
1635
2197
2515
3157
3030
1754
106
918
1371
994
3261
2479
3959
3624
2923
3598
3133
2228
3712
1621
3955
838
2704
3846
3209
807
973
2668
89
3446
3620
1737
639
1398
804
1628
2085
2078
3126
2250
1327
2170
2055
2163
3191
1348
333
4011
1603
1435
2686
2077
2915
3036
3700
1843
1701
1443
4080
3279
2171
1199
2568
2381
732
213
1102
912
3013
3074
674
3913
1742
2591
1971
2107
1496
2715
3056
2956
1788
1137
237
2693
1973
1576
1691
3109
2572
1939
2786
1599
2746
3161
2682
173
2578
211
1283
1900
2485
3455
1253
1218
1318
2449
3275
2499
1676
1058
3638
3521
2314
3715
1997
1610
205
1381
2755
2784
2865
397
1404
326
4086
1543
3966
2683
2741
2939
168
1337
2445
1609
27
3709
649
2067
760
3773
1394
3562
857
539
3707
1296
1501
2985
518
2973
61
3136
3175
1901
2773
2727
2294
2057
834
1775
1420
2091
828
1259
121
2496
1951
2
2764
3962
4018
2239
2100
3115
1171
2177
3741
1886
3368
3897
2138
2778
1128
3653
2344
3406
2153
51
504
2341
3791
469
612
3245
273
3548
405
2181
4084
2500
2642
2662
2304
622
2892
1498
2243
2651
4014
3107
3204
914
3474
2387
1480
3875
3011
1202
2343
3587
1465
3761
37
1966
302
501
3358
1945
2593
2134
691
2438
1438
159
1322
1924
843
1620
334
3075
3144
2236
1278
2033
3106
1341
1189
3972
984
1798
2703
3262
1250
1156
842
2519
2204
2346
3736
3023
1255
1361
642
3855
2989
2961
1397
2785
3651
2180
3338
977
92
3488
3254
2488
868
3240
3124
251
448
979
3277
2847
335
1586
3465
2840
2734
1434
202
630
2051
1036
2804
2270
1799
3641
1686
3059
2813
3694
2339
3887
2469
1961
3461
954
1920
150
2353
2523
3560
3575
3722
2749
525
427
2172
1430
1073
1127
99
3248
1675
425
634
3319
1625
2575
2042
3194
3586
1940
3621
493
3009
4023
1083
2947
2965
1445
4079
3449
3460
403
3566
1319
1558
3731
3367
198
3334
946
3024
1857
3518
3172
1300
3858
2992
4083
2068
443
1444
3156
1555
1027
740
1795
264
3010
2543
1885
3332
698
646
788
3751
2017
325
3082
2040
898
67
1934
32
651
1871
1135
68
3070
2550
1930
47
3610
820
953
3288
2423
1520
2743
522
255
2674
2712
2565
3502
2120
757
930
2261
515
538
3333
3454
2457
2433
3969
3806
4050
3894
3810
3536
2522
3102
3976
2824
2890
56
887
4081
2014
3986
3040
1271
2137
34
722
3425
1546
2666
3163
3242
1391
459
1867
2757
1080
3489
362
3419
40
956
511
3808
2530
1004
910
2849
2208
368
2949
869
2432
2607
1258
2868
2202
3129
1781
2242
1980
3404
3702
882
38
1727
3538
2571
2203
2558
2502
3128
4029
4031
594
2455
550
3316
802
627
355
2647
1204
1615
2739
1340
789
1970
3779
3730
2622
1817
2287
1842
485
3329
1510
896
464
3608
3750
1804
1068
3629
2252
2337
3411
1717
983
2685
3798
1338
3487
1372
1416
185
3079
340
2960
865
88
1490
2495
1777
3469
1931
3926
1138
2404
242
2376
1812
2713
1349
607
957
282
3903
2692
2983
3964
1655
3995
3331
3862
633
2383
453
2792
383
569
454
3343
183
66
1800
2619
1597
1654
3130
3977
763
1517
1442
2531
3922
3235
1471
1032
2139
293
598
1200
3456
1144
1039
2147
1482
2354
1850
1917
3874
165
3357
2872
344
3468
387
1124
1685
3158
1989
2122
1359
1488
659
670
59
3211
2173
2437
2547
702
831
883
1207
3814
292
1292
2257
3522
3400
3405
2419
2026
417
467
1955
1462
322
3303
1447
3744
2980
1105
1132
3345
2486
1785
2799
3612
2829
2645
468
1746
2497
1077
3539
2938
2188
2340
2660
2093
2557
411
3199
3524
1136
1667
4051
1342
2176
1683
2081
1972
3101
2650
2363
3495
2393
3519
1981
605
1569
1130
2471
2759
1107
717
3423
1766
1388
87
3767
2421
2789
200
2564
1376
694
1021
1040
1866
3878
3232
2121
3508
2618
3809
3891
3072
3726
500
2551
1643
1549
3981
972
3
870
416
315
2592
2905
1860
2506
3867
2510
908
2521
3349
719
2513
1894
850
227
1028
3119
1548
2310
2696
337
1854
2223
1838
2439
2128
3238
3064
2679
923
3327
652
3823
3740
2426
2031
1731
3756
327
2275
675
1165
1118
931
2410
3563
3437
2903
2853
180
1331
2253
1246
1999
3391
31
548
375
3371
3069
3246
360
3613
848
2912
1243
2765
2459
1950
3483
3097
2806
2962
1938
700
2123
2058
797
1170
827
1025
2788
3351
3363
434
103
1045
677
3492
2061
3060
2684
1190
1446
1527
1623
3432
981
2037
1583
3572
3071
2442
2183
1568
3895
131
2422
615
3961
502
681
1163
3644
1779
666
1198
2907
2893
1459
3189
2284
2273
1114
1954
3019
635
1949
1988
2690
2481
905
413
145
1962
430
1844
3679
4000
2461
3372
199
3857
1790
4074
1312
2474
1450
2637
3137
2772
3268
2524
2395
1030
29
891
862
3965
4
1385
2046
1369
3395
1273
536
3594
3663
714
781
1256
1242
787
2117
1845
2864
1044
2282
2401
3915
2029
2859
3088
232
3044
2794
3860
3450
2079
495
2130
4028
1183
2489
1661
3195
2003
644
1651
1206
1485
583
3025
3606
554
129
3300
3600
285
2559
1864
2910
1545
1622
1311
3615
3835
4062
2249
3311
2566
1426
1116
1335
993
3475
1125
2886
3453
1193
1329
1248
1726
737
2335
3542
1887
36
3888
3291
2710
2027
873
3439
367
437
1217
803
512
2336
1636
1979
471
2588
373
3844
460
2751
3347
1851
1796
2319
1489
1182
254
1967
2636
703
3299
15
1574
2644
949
3588
2169
2835
3774
1936
3034
3762
1051
3103
708
3734
1022
3120
2146
1618
1908
3376
410
3224
562
2023
235
3408
244
3559
2161
4069
110
328
3877
1712
1147
762
3151
1539
4008
1476
2035
1382
892
4095
4045
1909
2509
2317
3154
2866
216
1020
1181
847
808
3831
2606
3963
2554
2307
54
93
3412
1241
1692
2796
2634
3578
2959
2281
1624
95
1224
1819
2754
980
2384
3815
2225
3295
705
2856
2526
1164
3230
2312
3445
3664
2050
2244
2494
1773
3381
1880
52
3273
3617
643
2195
3872
3166
768
1702
1805
798
191
2164
22
3692
2943
447
3004
1895
2902
3000
2869
2542
2490
547
3027
835
3797
161
2380
2832
1514
2347
1846
611
1937
3054
1358
830
1579
414
852
1956
3609
1619
2720
2999
2738
2667
1782
1002
219
3618
505
2480
517
136
2825
3506
3251
2875
3549
45
347
118
3173
3672
3043
3145
1038
535
911
100
1882
1468
3373
2356
2511
3742
1286
1214
1823
1998
214
948
2210
795
2677
1503
2812
2064
3320
3883
3768
1596
256
3567
894
3186
1173
3688
433
709
794
2711
885
1097
1771
2852
992
3673
2255
2196
473
2473
124
2628
2462
749
3766
247
361
599
528
1915
3748
2894
895
837
1639
2159
2904
1007
1222
733
2771
1646
241
1375
1047
1694
1026
1167
2675
2198
2602
824
2019
811
3482
1865
3359
985
466
4026
3803
2958
2950
1585
3690
1673
2264
3980
3601
3081
1794
1629
3604
3925
1483
1162
2357
2226
2901
2954
3720
3096
2119
2083
3247
685
1611
669
2364
3825
1919
2152
3729
753
1631
2391
739
867
2617
613
2199
2434
3676
1933
1321
558
2900
2687
3123
1719
3080
604
1791
978
2600
3378
1536
350
564
1770
2214
4001
1756
3259
3989
3284
1121
2332
3956
1191
16
296
1708
3033
662
1415
2074
3480
1607
2430
2394
1965
3285
442
83
3222
1081
1617
3393
2673
2209
94
3652
81
1089
1891
826
625
3007
1029
3340
2016
2931
3545
3794
3257
1526
1360
1260
3318
3384
1117
64
4002
3410
2456
3486
388
716
1377
3817
1907
3424
382
2224
2736
2444
3953
1274
2576
2065
3370
2918
2333
3529
2322
1573
2338
60
1334
3208
2631
610
2822
1063
1730
280
1757
396
667
1343
3932
3057
889
800
1540
3658
3871
1092
1046
2248
3490
3949
115
3493
3153
2528
3049
1126
3757
2802
2970
39
1332
2299
706
3014
2777
938
2878
3146
2385
724
1990
530
1282
2492
3265
4068
266
316
1314
1003
1553
210
1393
3958
3496
3387
3077
3112
3813
299
1467
626
2279
3087
3100
601
3258
767
3464
526
2814
1903
1724
616
572
234
1511
3037
1291
225
1422
2914
947
301
758
2390
2955
97
1963
2082
2837
1160
2127
1602
2714
756
3607
3028
449
3032
819
3148
166
2375
415
3579
1012
2633
853
575
2984
1380
274
2639
545
2168
3428
176
1195
2268
2329
2641
3365
832
248
2096
2908
2951
429
1071
2596
3047
1689
1996
2925
553
2801
157
2151
3431
3278
1365
1821
2541
2217
96
2978
1716
943
3873
1681
2411
2237
3633
462
1285
2567
1109
1486
1054
3616
2004
1177
823
906
146
4076
2418
300
2278
1082
3114
592
840
3870
2142
260
872
400
2697
3984
2318
586
2112
3635
2838
1275
2150
243
3772
418
3854
3380
348
3078
3639
638
2883
1859
2649
3882
836
3089
1186
1146
3512
107
3463
1870
3533
648
641
1281
1653
1407
2036
3289
2775
4006
134
3121
997
2653
1863
743
728
3507
3763
141
1535
565
881
1554
477
1878
1709
2929
3433
658
1466
2808
4044
3076
720
1519
2540
2290
353
3392
3362
2844
3947
3584
966
3062
2654
766
514
24
419
2688
3328
3046
2289
1229
1288
3476
2010
2504
1320
959
791
1052
2881
1174
2705
1944
3457
1657
779
2552
2897
568
4071
4052
2103
374
3921
1561
680
1858
209
1869
2858
2379
1230
114
506
818
1209
1379
3650
3499
958
250
2862
764
3555
2175
3305
1293
1668
123
1352
3467
2157
1424
303
1145
2460
3426
128
3382
1297
2118
1179
2503
3900
2446
1942
1
2259
2694
582
3630
1401
3397
2646
1017
1384
3447
3901
2663
1295
2623
3398
1414
1449
0
2006
2366
2059
132
2450
3682
3346
2538
765
3451
3216
3221
221
3298
2482
3685
3135
2129
2222
1512
2733
3505
901
2326
2114
1161
1169
3229
2770
2935
2952
2106
3710
1707
4057
2212
3045
861
3354
1048
69
3665
2056
190
573
1760
2000
2725
2207
2342
122
3582
305
778
2518
799
156
259
3554
2845
668
2758
761
3458
2070
2451
617
1528
1437
257
1695
463
570
3931
1419
140
3696
312
1504
2324
2927
2615
1831
3344
1035
1670
346
2327
3928
263
1245
119
3899
2609
1876
70
272
330
1711
3590
289
1755
271
3822
363
1960
490
780
169
1560
2582
262
2747
488
1587
2478
2533
1772
2221
546
8
2752
4054
3177
3954
1395
1154
3022
2855
2805
3632
2678
138
543
215
1571
2817
2190
3104
1015
3379
2590
3214
1696
1093
3982
855
1718
3249
3255
1710
735
3517
1305
1037
2192
2267
1832
2966
3678
736
3786
376
1575
2021
3623
3987
1608
1033
3110
2369
3213
3834
3383
3206
6
1231
932
1660
566
3771
561
2231
2816
3241
2470
3159
1733
2475
557
693
2092
1328
3725
1018
3422
4056
2483
291
2505
2620
2748
3293
860
1014
686
379
2724
1495
3534
3388
2095
3628
1078
3811
3643
72
588
329
2798
1873
98
1914
1373
3627
2233
747
78
1759
3243
2731
133
445
1809
298
3188
809
3695
2392
3015
4085
2861
776
80
2807
2971
3535
3547
1977
1011
30
982
1240
2740
3603
2695
177
2431
1750
3861
3294
3501
3656
2349
589
2263
474
2707
1247
3498
1563
2306
3441
384
2769
2579
3668
2613
846
3820
549
2932
1889
349
2417
730
1647
3150
3035
2345
3631
3660
3697
697
2219
3525
744
339
3462
3853
3065
3429
3386
1935
3127
2201
509
755
2781
297
1601
143
3147
2126
3267
4034
3568
2285
987
2867
2994
1910
888
3747
2443
3270
218
3389
3619
1941
2397
4038
3092
3500
3805
712
1987
1287
2425
2292
4030
75
4013
1304
3571
2300
18
220
2745
2076
1075
3201
2260
3975
3636
1616
1506
4010
3440
1265
784
944
2614
307
2378
817
1223
663
2917
950
3504
839
3168
1714
1542
3190
3675
2298
74
1317
3181
815
1735
2001
897
1532
2850
1464
57
390
3532
1793
2008
1344
321
3308
3470
969
2981
378
2348
3162
4053
162
3353
112
3336
2246
240
319
1290
20
2452
1697
2465
2330
3681
1811
370
1308
3098
3886
1663
2189
2052
3758
2779
624
3276
3544
1074
516
1566
2665
2148
149
3086
880
2238
3994
380
858
3355
3511
1839
1096
3907
4021
3219
192
3951
3063
3659
2140
461
3020
189
2186
3753
1818
223
3250
1141
2090
745
2396
3029
3625
653
1406
1890
482
470
2247
2877
2054
2534
921
3691
866
3008
3939
3012
1752
188
2184
3919
1918
1810
2833
654
4012
3564
2160
3141
962
4016
2946
3341
3843
2512
3637
4003
1591
2274
144
3160
408
1499
3614
2047
7
2113
48
3775
825
3784
1693
364
2028
229
614
483
1820
3434
3597
3444
2604
2728
116
1932
759
79
2556
810
3674
660
3274
3850
2944
4093
3541
3760
178
3048
2400
1469
597
3090
1257
2205
1761
2030
2362
2187
421
1267
1513
3113
3585
3099
3879
874
595
2987
3503
3369
2415
23
2797
2135
3812
2313
1067
1728
782
3374
1648
1155
879
1153
988
2555
3073
2553
1219
3645
2024
1263
1094
3647
926
2632
3826
1232
967
1110
1905
345
2708
1123
3648
65
341
1680
965
193
3051
2371
479
108
2372
1992
101
3253
2409
3263
4035
313
1581
3360
3118
1104
3472
452
576
3732
268
2753
1562
4040
3017
2043
3402
3105
2416
401
1487
1604
1590
2436
3016
1552
2358
3337
1633
196
1835
1413
1605
927
3851
2374
2924
3438
3704
3661
976
207
609
1828
527
629
158
1853
1969
1357
2750
1180
4090
1387
1518
521
4049
940
3576
1658
904
3307
3310
126
934
3315
3662
3375
2041
4073
577
2689
2976
3669
2407
3377
499
3927
2414
909
402
2213
1043
580
1453
3884
160
1143
2768
945
1551
3416
3058
1829
343
1115
2218
995
3420
84
428
884
3940
2350
1740
1463
1244
2783
487
3881
1715
1383
1723
1649
3602
3979
4092
1277
1959
478
916
1758
2795
2937
2141
395
3781
1072
2721
1706
1722
1736
446
1666
1492
1598
1205
2286
3950
3848
2115
3301
1326
1530
2652
2885
1294
2458
3197
2926
2011
701
1765
2501
1825
2291
1729
2819
3778
537
4022
356
3164
990
1802
2466
2272
1904
3561
2361
2995
2206
4007
2155
2975
4067
2277
226
665
2165
2084
3031
1440
2891
3484
1923
2104
440
1953
1065
1991
2942
2836
2089
1982
1151
2948
3890
3516
3935
2005
1279
2899
2854
3738
3134
3513
2447
2988
2990
3514
1448
751
913
2671
2701
1974
805
1196
3095
76
1166
3611
1306
2638
1946
3179
4005
1268
1364
531
3421
2584
3497
2940
4015
591
3573
484
2986
2818
3946
2722
899
812
924
139
2718
3912
1421
532
377
3287
1606
3067
3527
179
1912
44
3005
3565
3523
2087
1120
3689
2132
3281
2360
1774
3974
2145
3589
2657
640
2640
2402
2193
1705
3923
3724
2839
1713
3916
602
3551
365
2166
3892
3718
1943
2782
508
2537
239
1656
1589
2811
2699
3202
2898
2581
53
3570
726
571
2508
2857
3180
3304
2265
359
1763
3866
281
937
230
496
3865
2406
3053
489
1001
2355
3591
2659
725
998
55
1140
3983
637
1762
130
3626
3052
432
238
2413
919
603
2241
1456
1630
1522
492
2580
1366
3342
4066
86
2977
1778
2624
2787
3413
2154
2870
2726
1302
3596
2841
366
109
1874
3677
1439
91
1652
1252
3577
928
544
1301
1541
352
1284
689
2514
1112
2477
1310
486
1350
2254
3671
3039
3666
3719
369
2930
1423
974
1356
2520
1085
2821
2594
1747
3917
3973
175
1457
3210
28
3646
1637
1570
790
1975
1739
3785
2088
1500
593
772
1836
2549
1679
3430
2719
2309
318
3837
2331
3934
2529
1254
3930
2110
3182
2562
1270
3061
11
277
3733
253
2834
2730
308
2009
915
3550
1559
224
3711
1062
1883
844
3252
444
748
2860
2774
2156
4077
3649
3212
1567
2574
3041
2809
3002
4048
2251
2702
17
2266
3094
1221
3018
2957
1830
785
2709
1023
135
513
187
2185
3908
2842
404
1743
2608
2468
657
1698
1289
2365
3701
3117
2464
2507
2991
1704
152
2603
2627
3683
1019
147
1642
556
2373
1565
1816
2105
1228
3143
524
3869
567
507
2974
1813
3515
2732
2015
1632
3824
1824
1978
3050
2916
851
2398
1687
3306
922
324
2810
476
3385
357
1725
2060
3716
4091
734
3228
684
1744
3788
590
1952
3836
2428
438
3459
679
1669
423
3782
2516
2570
650
3187
1408
2025
3693
2969
3970
1057
1185
3737
2655
3266
2351
3728
1266
1898
3272
2756
711
2626
3801
49
1402
3093
3339
3657
1544
26
3401
3297
3943
1303
4078
875
1550
2097
1061
1152
2352
1010
2334
1613
925
1216
1780
2680
1226
2125
1409
1210
2941
3552
35
3335
2635
2174
1122
3091
58
233
2882
3223
1721
3705
71
4060
619
3840
4025
2909
3269
1538
1634
742
829
1333
3236
25
3021
3509
2972
3985
1307
975
4063
3314
3765
2888
1847
2108
581
1429
3686
1507
876
480
718
1614
2448
2227
3902
2359
3125
2560
393
1516
2830
3933
2002
661
3366
336
1837
3904
996
1363
3282
1645
1133
1103
1926
3165
1090
2101
435
3764
1000
2493
3403
715
596
2996
1031
2296
3847
3821
465
2301
3481
3171
3326
1184
2162
2032
3142
3839
1041
731
1684
1158
2269
2240
1411
2616
1868
439
3971
2532
3155
3769
3260
1479
3997
3802
796
801
3220
354
3783
3537
3957
1593
1070
2007
3466
1172
2435
422
317
2472
104
3543
3415
3905
1700
3038
1475
2911
3452
3473
1855
2879
3330
1994
261
1227
2831
676
3193
1470
2681
155
2569
671
1099
1079
3323
2498
2889
2167
3574
2022
2487
1827
1013
1280
309
1346
3176
153
2368
351
3296
1064
1928
2737
43
1390
1564
1436
1484
2827
1594
2038
111
4088
1797
3364
265
2405
2826
3322
786
3938
859
2302
3196
1477
2791
2517
394
540
1751
1059
4075
3174
1370
752
1976
3167
2325
1699
2053
1572
3442
3845
3390
552
2229
1211
2463
1638
2658
750
3714
3992
1474
2539
1814
510
386
3777
3906
120
3999
792
85
3889
942
2427
1336
2815
3185
2039
125
1849
249
2648
2527
475
3286
494
1497
729
960
4094
1925
574
13
1580
1753
2072
3721
3471
1665
3948
1460
3003
3218
1220
2920
3169
3152
2211
3290
1659
203
2629
1428
2964
3833
2073
2936
1315
2191
228
3654
3042
2377
3929
424
1233
1792
371
2258
3799
3231
148
3394
2979
1176
2389
3414
127
167
3593
1088
3727
1351
1738
4032
2144
845
1403
3131
1262
2586
2102
1347
623
2913
1066
523
2993
3852
1149
1215
1768
3717
636
1833
1688
389
1272
3920
3640
3225
4027
3830
3479
970
1454
1531
849
142
1389
2776
1983
1769
1734
1626
587
2071
2303
3998
4009
2179
4004
1451
2729
1339
989
2063
806
3849
699
560
1508
775
3687
2998
1881
267
3967
1050
497
688
2232
1529
3703
3068
2321
3407
1060
986
3122
1024
2761
3569
436
12
900
877
1461
1362
3793
1410
1806
2906
4020
936
3595
46
3553
3667
2388
1848
520
1276
1249
2484
2440
2124
276
3520
1807
2099
2583
2305
4065
2367
991
3993
1108
3945
4059
2843
907
73
1134
2762
2997
3348
19
1197
3530
2823
1157
682
871
1452
4058
3116
50
608
1913
2763
3215
1556
1664
62
245
1113
3792
2288
3898
656
2967
690
2612
2536
2412
707
2585
451
1578
331
3317
3443
578
1826
258
1523
1238
2048
2386
1808
710
620
222
3540
458
1367
1091
2245
606
3217
841
3832
1251
3776
793
3816
1641
3226
3942
1478
3203
3708
3436
2621
3746
3990
1056
3960
2780
1852
2599
2876
941
2200
1502
3256
2066
1323
3706
1803
1069
968
1577
1509
1324
217
1159
2399
542
3084
2382
3592
2049
4037
2717
3893
2928
1473
893
2563
3485
1524
399
21
3827
314
2735
283
3399
3234
687
420
2136
3910
2595
770
2598
246
1841
2271
455
2012
1787
1662
3841
559
774
1261
342
3170
3055
2573
2230
498
3937
2706
4061
1192
1764
2589
3996
777
2182
3655
4041
1148
2793
4087
2420
1521
4089
3876
1537
3978
295
1418
1748
2293
1049
1922
2013
951
1472
1188
1995
754
3491
252
1309
1822
1884
194
902
534
618
1916
2295
1076
2143
1690
2767
3670
1194
2672
3829
1084
3312
3183
1269
4047
3409
2069
105
2546
4024
5
721
555
1600
713
1678
3952
206
2723
3699
1893
3918
1644
2820
2062
632
1427
2874
431
727
1784
3936
171
1225
3800
1964
1235
294
287
723
1111
1840
3755
1425
4017
2545
163
1345
1789
1129
3739
2116
1201
1491
2766
201
3828
3924
628
3856
2215
1239
1786
2454
2982
4046
541
3752
63
1877
151
3271
2018
2610
1034
1640
4043
1588
3178
863
2194
2800
2934
3200
286
2045
3642
964
195
3302
2587
1650
3698
1455
3083
306
3968
1237
2491
1875
441
2700
2933
1412
3138
1902
3531
816
172
407
933
3885
1187
773
4072
2320
2424
2963
184
2871
41
878
1399
1801
1100
917
77
1212
2323
3868
2544
1386
3494
813
1298
3239
1674
1948
1417
2535
3914
154
3108
2597
358
1354
491
2873
2075
3759
961
696
3842
2670
929
406
2846
1906
3735
170
2803
33
3313
585
664
1993
3205
1405
746
3001
1584
3864
503
332
935
1672
385
1006
2080
1985
3192
2945
2316
783
1897
2605
1968
1431
174
3207
2370
3804
1432
457
533
9
2643
3350
1862
2020
2880
304
2280
10
2297
392
279
3795
236
1330
645
3991
1776
3111
1042
3556
955
3478
3356
270
1016
269
1316
886
1834
2453
3780
1095
2044
3796
3790
1458
1234
3749
186
1087
3605
2094
2235
113
1208
14
3233
856
137
1086
426
2548
290
3723
2098
1958
1749
1325
2744
3988
391
3085
2262
3244
3713
1525
2676
481
4064
2953
409
3807
529
82
3859
3754
1008
338
2968
3684
2149
2577
2716
1005
1396
1957
3140
1986
3770
621
3283
3352
1299
2408
2256
2086
4042
692
1168
1009
3838
1505
822
2441
2851
288
647
182
456
2922
1139
2109
2403
1856
208
4033
1892
1682
1236
412
3941
814
2887
1178
1783
1872
3546
939
1098
2216
1627
3435
1533
741
3880
1879
952
1861
3264
1677
864
1175
3280
1745
3819
1899
4082
2034
2884
1055
3006
1929
2760
1353
1595
1927
1264
2561
3418
1534
1101
3944
2828
