1470
387
453
2706
666
3489
136
3392
66
2358
4063
1447
3045
2335
1775
294
1078
537
1199
4043
1267
893
1244
991
3434
3180
3167
2372
2041
2451
798
404
2701
879
3168
2405
459
3544
3217
1944
1200
4003
3414
1009
505
2602
2330
3821
2508
1372
494
1414
116
3027
638
1331
285
3624
2711
33
319
2821
1955
1536
1773
497
768
3824
489
3729
3798
541
487
1275
2512
1196
552
1256
2910
428
3941
1214
2735
1711
1764
2129
1147
1330
173
1730
2870
1484
3381
1134
2847
2948
1006
1643
1988
2116
1642
1403
3077
940
1306
2903
1685
2409
3777
2647
1242
2920
1705
338
3226
1726
2739
1751
1036
3246
3108
2557
2543
1127
3789
3010
1354
2500
1428
2758
1869
1368
51
3231
2886
4078
3283
1818
2535
3694
2406
1241
118
4037
1996
3956
447
2265
1580
2614
1012
675
684
141
3562
2609
207
781
2169
937
185
3834
93
522
2076
172
1737
1811
2532
1961
1248
2214
3955
1277
3634
1606
1297
1399
1302
715
3604
1979
2177
3085
615
3156
72
1183
123
455
3504
1707
1097
3477
4085
585
3297
83
2103
1931
2693
2981
600
1527
352
3844
2804
3742
1453
928
1573
3102
1210
632
4040
158
3152
1142
787
3746
2007
1992
529
3984
699
559
1676
1167
1959
1852
3355
3442
1569
1656
2442
1221
1954
1860
1103
3057
456
658
3550
2558
2073
2707
2987
1637
1508
3875
951
4053
3452
3116
3990
2347
1853
355
1793
1151
2249
3538
941
2357
1859
861
3369
3771
169
933
88
2143
3923
2521
2104
2797
2355
3328
2728
3008
1177
144
1888
377
347
1456
3425
1494
2926
3878
386
3830
53
2813
2618
1160
2317
1185
1808
836
546
3952
2794
2124
104
743
3375
1367
1429
3481
525
2159
3706
3218
2975
2153
2083
1966
3582
1922
160
2608
853
4028
763
1620
635
1845
1729
1069
4061
2333
3120
1443
3221
875
3796
1265
2113
2896
649
1759
1678
2827
2840
1558
1648
2869
982
4054
3673
1760
392
1745
391
2067
3833
1788
1702
1138
3171
2992
3523
1264
1384
3574
924
3459
2854
1742
1293
1594
2544
3684
4057
3399
2967
2565
3576
2477
157
184
3614
2538
1266
1311
642
3241
1011
1804
513
59
3671
1005
2369
1752
167
3688
2626
2587
1379
1807
3736
460
272
2621
482
3641
1092
2136
2021
806
731
2922
2838
1768
3872
1234
3943
433
2152
1342
3983
2393
2994
3857
952
3871
1604
2346
1691
1983
63
3161
2310
3882
4081
894
2096
1390
759
3949
1322
900
3476
681
4093
3200
2489
580
878
2271
915
2501
964
2837
1386
2459
2379
2505
3722
1410
2133
1989
119
820
653
2705
3542
1091
3788
3524
819
3525
1925
3718
178
2010
126
2556
3568
306
3818
694
2980
475
1880
1189
1180
3648
596
961
3921
1703
1629
1106
1660
1182
2826
3880
2089
2090
4086
3850
1198
3091
2832
3393
3337
81
481
3814
2390
1903
427
639
1119
112
1664
2848
2665
254
289
2075
3676
3212
3960
431
3801
1720
73
220
1068
2825
203
1130
557
536
4095
2802
3811
257
2163
3121
1631
1391
3720
1776
2413
3793
864
2092
1524
2865
28
3020
724
2583
235
4026
1219
2072
3755
3517
1439
2382
1902
2100
3467
3321
4013
2275
2692
2857
866
376
3644
3461
795
2604
2672
244
3693
1335
1977
2510
1
1900
1990
2697
3324
1930
1152
300
3728
293
874
421
3376
1490
619
957
1846
3973
1290
1981
2835
1489
1294
2631
430
3315
3158
3930
584
152
2859
3511
22
999
4055
1084
2246
634
369
2193
3662
3620
409
1190
10
3682
1024
1945
1420
1628
3588
2908
2789
665
877
3438
749
4035
2480
1164
2337
1952
2027
2864
231
1532
2233
461
2764
1468
1099
776
2101
3971
1445
664
3557
2596
2012
2091
3342
3298
1758
1224
2410
3382
3795
3954
3554
2381
627
712
3703
2640
554
845
3188
2642
3665
2196
652
3132
70
2383
2198
2218
1520
127
265
739
2197
229
3182
2120
2339
3959
1634
2699
1824
2040
1120
2761
3312
811
3982
2210
1568
1279
3198
3039
3357
1016
3397
1504
1589
159
2438
1701
249
1207
3049
2584
1689
1105
788
3390
3902
1849
3096
3030
3153
531
3763
3093
3164
2733
474
2324
3936
236
1713
1884
3329
307
4090
2970
804
3032
3065
2376
1586
313
1673
1907
614
362
2892
438
3303
2762
1488
686
570
2365
593
2923
2514
2315
2062
3076
3719
1833
3640
1188
3894
3689
2461
1555
130
809
2149
1755
79
225
3616
0
2770
39
437
64
298
3060
502
842
3424
626
1165
2518
3162
2710
3780
3497
2232
2039
3560
3805
1451
2777
3974
2574
3899
1671
2931
1756
1822
3904
2877
2138
2513
2842
1567
3927
43
308
3104
2957
11
3585
3866
2117
655
3058
1601
754
1327
3823
2708
793
2014
690
2256
3072
1491
1863
1649
3507
263
493
3368
583
2063
2289
3873
854
1544
1934
2803
1968
3708
835
3743
3187
1754
3441
2421
153
2412
198
2356
2683
1616
3254
1832
2517
1599
766
1096
3239
2361
3069
1659
3449
1375
3493
2680
2622
2167
111
3769
1547
58
296
1626
1013
1886
2031
2894
738
2972
75
1195
834
3235
2026
741
3548
1512
582
1364
8
826
3590
3957
1132
534
26
959
1054
221
1964
850
2664
3820
3410
1501
1150
3000
710
65
4019
3762
4032
2600
3435
1450
3750
3471
1395
693
3631
2918
1847
2506
3087
408
1736
3406
2880
2299
337
2386
200
1438
1654
117
2300
1991
3101
3770
764
3372
3947
1039
3738
2242
3792
2158
1571
1868
3794
3265
2737
1682
728
2466
2322
1595
1057
3909
1848
305
645
3236
1913
752
2595
2946
255
790
3311
3103
286
1269
1581
2418
2467
3291
250
3330
2445
3292
2229
3224
3551
3259
1675
3843
251
1411
120
1960
3155
1434
1227
1838
222
2391
2389
2841
1789
2320
193
218
2483
897
3234
688
3405
2846
1243
1329
77
1112
2098
2962
76
3033
2414
3362
466
876
1630
1336
773
2703
3387
549
3775
87
3535
997
52
1291
3680
644
3698
3268
3685
1854
901
511
735
2001
1823
2373
2457
851
124
140
2497
3391
852
2048
3981
4084
943
3225
1407
1548
1816
1549
2550
883
903
3431
3852
3012
3215
1542
2319
3547
1735
2635
1049
1086
1603
3179
843
2666
3025
974
1316
3731
4049
1515
3247
2598
1610
1529
1482
499
329
3377
3944
1334
590
4083
30
1870
2671
1480
3448
1817
571
2729
2255
1144
3127
3683
921
3252
491
3478
860
2474
463
3888
2534
1624
1876
3787
3347
2720
3352
2367
233
1778
925
1197
3285
725
228
3714
2612
2791
1361
1920
1193
692
1351
4060
2019
936
317
2185
1139
194
276
507
3163
2000
3146
4039
519
1454
3989
1976
2881
1839
3643
3659
2775
2434
1474
862
3003
3939
1984
2524
1538
3781
3836
2263
3395
1722
1898
2240
37
3908
2278
930
528
1304
1740
3587
2519
898
2852
2252
3772
2187
2399
1359
2963
751
2292
953
2731
927
1728
2141
2927
1614
164
1059
150
3210
1550
3815
2568
1802
1658
372
2074
562
182
1320
2740
290
1328
1079
2306
3417
1517
641
911
2400
608
3040
2004
3014
171
3822
1110
3889
1066
3635
2988
4080
1215
224
473
2097
2830
2938
3238
3107
1615
442
2081
1772
3331
3323
2245
3937
1993
1046
1486
3901
3314
3940
2203
2371
2060
3351
3483
1303
1670
1058
3276
682
2350
3318
702
523
407
3977
1422
3160
3806
1582
3067
1415
2279
3931
3316
114
4033
932
3622
2053
3447
2995
2423
1800
1452
3348
311
3744
1153
2820
353
2643
2460
3968
1115
281
1162
3773
2936
1363
3553
183
3987
2573
1739
2982
3935
3222
1121
2945
2049
3086
2741
3713
2887
1252
61
2189
4046
1417
2858
975
443
3345
857
500
3766
2444
1029
3019
1539
4027
783
3512
1168
2077
3346
1564
2436
3627
3679
3881
3510
2228
3705
2415
479
3656
703
403
667
78
3757
611
1935
3967
2610
2225
987
1662
3910
3848
1107
3484
3344
1133
3095
599
422
2447
2765
2902
2978
1448
1466
3487
2419
2586
2929
3044
3123
3002
2800
332
2478
4058
2771
2850
2811
680
594
747
969
1140
1578
3299
2227
1828
603
3409
2043
2675
1332
1943
1617
2475
3532
917
1650
1912
55
2431
49
1296
2082
588
567
524
1308
566
4009
3917
237
432
2999
558
3636
1478
3505
3261
2236
3933
2779
2348
660
3578
1813
2613
812
2106
2966
2690
1175
3423
3428
1516
266
636
2809
3563
1994
3619
277
3979
3595
1893
3905
1027
1978
2368
3849
2396
2891
3501
1116
1901
3294
1235
1928
1514
2845
2873
654
2937
465
4089
1563
2491
1842
3752
420
217
2721
258
1585
640
361
3232
616
3360
1537
2907
417
1576
670
2833
3408
2952
1076
4022
2378
3986
1518
3536
2654
1324
454
1194
3213
1416
1485
3508
3205
1970
34
889
1007
730
3251
618
1216
2216
1098
1174
1731
4045
2426
563
1340
2828
3768
4088
331
3216
410
1611
2650
3819
677
2941
492
3468
435
2215
3193
2172
2564
4007
1136
2307
592
246
1263
3186
1540
3227
151
838
320
1026
637
3056
3942
3573
3240
1748
2632
986
57
2257
1998
981
2991
837
1579
187
2662
1349
1022
945
19
2727
1209
240
3206
4
3278
2301
1338
425
1035
1665
341
1237
2607
1530
2498
1382
2209
2973
3807
2023
1060
1766
3926
356
996
3597
3776
863
4000
572
765
3869
3042
2295
232
1956
1879
3197
3070
1565
2126
3951
3263
4016
138
2723
1905
3492
2291
817
2281
748
1171
1862
1890
2968
1519
995
2094
4006
2018
241
1326
1206
3928
3122
3022
2917
1032
2147
2463
1915
2392
2476
3609
3454
1499
1459
718
2095
3670
2488
3570
990
3895
598
3596
3896
2868
2732
2375
3615
3371
3686
1431
1597
956
858
3734
170
1492
2452
3715
476
1503
2541
2906
4036
1408
3326
2663
3284
3068
4066
1041
50
1025
3552
794
1686
457
4092
3196
3137
62
3092
3149
3358
163
2130
3054
801
2998
350
161
1056
1432
1600
1028
3098
2086
2805
389
1784
351
805
3727
335
3712
1093
1131
3041
96
175
3870
2540
663
370
1135
1861
3527
1986
2934
2387
1376
2616
402
512
823
3228
2288
3009
3111
1426
1972
1281
1181
3975
3687
4094
3692
3509
2890
1746
1481
1449
624
535
1521
744
2953
3996
1732
3048
3148
1159
1048
1299
1123
68
2182
1757
3335
1982
4048
2033
2985
210
1570
469
503
2341
2863
4065
1598
1857
3037
2790
516
3606
2651
325
1871
3194
909
3976
3110
2639
1038
2107
3907
2458
2171
979
3997
1933
3816
540
1767
847
2013
1914
1787
2047
2885
2487
633
3565
1500
1325
2888
1496
2668
189
578
758
3343
2528
4059
208
275
3432
1574
269
2302
775
3709
3201
631
2262
38
2231
3900
3995
4038
1031
517
1566
3613
2531
2773
2744
1866
1809
4064
2176
1104
3559
2898
689
706
3602
3701
2646
1534
1850
3660
3430
1088
367
1040
1170
1867
3859
2940
3608
3047
3932
2318
397
1435
2088
340
2816
2928
205
1502
3893
521
1528
2625
288
2638
4034
3558
1814
1560
2965
423
1535
3249
363
166
3506
132
6
3302
1126
881
3293
2669
1077
556
791
501
2684
3462
648
226
3920
3082
3203
47
948
1409
716
3610
630
1249
2205
2776
2416
5
1507
15
935
2615
891
2122
3519
41
780
128
3969
2109
3403
2191
967
2253
2829
2287
2151
1471
848
395
2781
3657
1323
3500
1261
871
3575
2484
2199
3325
3233
3289
48
310
333
3007
2066
2131
3681
3817
2539
2450
1070
3456
2866
1385
1460
1829
1706
1333
3036
1250
4073
2398
966
1285
1245
2722
2261
109
1388
1404
3118
577
330
659
2580
1747
1442
2876
983
3765
1895
2087
1476
2401
1796
888
1362
1940
2585
2989
3208
2562
2070
284
1575
3062
2785
2362
3851
2974
873
904
2751
3529
579
1072
3970
617
71
3055
3018
2034
3581
486
1765
216
3784
565
1830
2774
2871
1064
4068
283
2959
2464
973
396
1212
3667
1030
3332
1008
2717
3099
3140
3472
3151
145
3457
2402
3237
3280
1725
2139
3502
1683
388
2006
1799
1810
1010
2961
650
3379
4010
155
3378
719
1878
2311
2280
1463
2296
1638
1378
3482
3385
4018
1137
2889
2878
3842
2944
2546
354
3043
24
1572
3150
1783
328
3918
610
2788
1962
1883
3837
958
2655
3223
2872
2254
3953
3813
2248
2861
2718
2537
1211
1085
46
538
2150
1723
613
292
467
304
204
3730
358
868
336
2394
1203
2986
3339
3854
262
3307
4005
3340
3426
302
3131
628
518
2446
1202
2815
3189
3985
934
23
3876
796
3924
2178
2237
299
1946
3455
315
3760
1798
4004
620
1473
2606
581
1043
485
3577
1942
3903
2526
1761
880
607
2195
829
3853
195
415
2325
785
197
2160
483
2748
243
3737
2290
3569
374
2493
3013
2267
2694
3561
3929
411
2597
3642
3401
3253
1621
2747
2016
3144
2038
1916
2673
162
2629
604
1427
2099
2188
922
2349
3751
394
691
2005
2234
514
3134
2780
870
280
3486
270
92
2226
1639
2354
2548
3567
2667
3678
156
1794
3669
849
2559
2420
3526
3446
86
2659
94
3628
1831
1837
470
771
25
2032
2594
705
2384
458
2336
223
4025
2374
1371
3113
2175
344
2385
2849
468
380
3184
2824
3630
2509
1712
450
1827
2052
4024
2627
3826
3863
3739
2601
106
968
2743
2432
45
1222
2046
3803
3257
3125
729
2283
2080
2135
510
685
2025
1687
1588
3584
709
1258
239
498
2190
3157
4071
2599
1509
1217
3809
2798
1479
1957
2274
1347
3419
2194
2529
2481
3664
3749
2569
3270
287
2029
339
1220
179
4044
271
3317
1635
1255
3754
2977
393
2620
555
2472
3418
2567
69
1003
3799
1348
2808
3732
1533
950
74
3338
2746
916
253
2955
3589
3400
3841
2806
1785
2750
3543
985
406
777
2839
919
2943
3546
1239
1513
3031
2801
803
561
3367
1360
36
4021
1461
1531
1559
1700
2342
3094
3059
2259
1506
908
3004
3745
2064
3304
2778
1339
1719
2834
3599
553
125
7
1225
623
1161
3374
334
1166
2071
737
1356
1053
1577
3540
1790
2769
441
426
3209
832
2996
2213
1472
2338
199
3473
3867
778
792
1178
3661
1651
3464
818
3514
3879
3309
1321
3005
2427
3119
1889
944
1050
2121
1223
3011
2308
1052
3250
1557
2449
1370
1310
704
2755
2649
1063
2709
148
1618
2202
1218
905
3741
814
4001
1191
2363
3359
4062
321
1692
2162
3748
2235
2696
1950
939
3195
2679
527
753
326
439
1780
20
107
3353
3088
3695
366
1280
3437
2913
1405
2678
856
3433
2730
3073
1380
3230
42
3267
2316
3723
2954
446
3017
2042
436
2503
3912
1289
3114
3802
297
1997
2328
972
1286
907
1644
2799
1727
3846
464
2388
2111
2105
3488
14
830
938
1477
1169
3421
12
1268
4050
629
1619
3697
1625
365
1820
2441
1233
2533
3078
267
612
698
1282
2736
1045
1556
913
3591
980
2749
2293
2078
867
3090
3503
1782
3515
1646
1061
1741
1089
1094
3810
3668
418
3063
110
1695
1590
3273
3260
1230
346
451
190
2793
3858
2645
3654
1118
2093
1546
2726
3496
2115
3898
2238
807
2958
201
742
1927
2002
3963
890
2782
3211
2634
3890
2286
2551
896
587
1413
2935
2818
1283
2874
1803
252
1398
914
3835
831
769
2244
2661
82
3165
2470
2132
1365
2522
1074
2993
424
1259
3422
3336
4087
2603
3174
2297
56
1661
3440
1247
782
1543
3296
1498
2760
3248
2241
2125
2168
2591
1145
1042
102
1836
2
2689
840
1851
2670
1652
906
2273
4079
3021
2485
1226
2691
2220
318
1014
4041
1187
696
2588
2853
2230
1366
601
3945
3637
192
597
3046
2867
2164
383
323
1444
1607
2085
2523
1792
3653
4023
1985
3277
3725
2056
989
1307
2114
2219
303
1034
264
2570
3363
3800
3593
1750
1622
1176
2424
1693
1969
2022
1397
1401
2456
1980
345
965
762
2200
2552
1305
976
3266
2251
3105
2951
2166
662
779
1602
3650
1865
242
3028
2239
994
1313
1393
1770
67
2156
2924
515
1352
3663
324
3361
1908
1377
2009
3652
3190
2258
2204
1672
1015
1172
2759
3601
2015
1287
4070
1163
3827
2454
1679
1381
360
4031
3173
1696
526
3258
2712
3583
902
2590
2221
784
484
149
1081
2314
2312
472
3733
103
1387
2448
2700
4014
4076
3075
2681
1697
1344
357
273
3242
97
3126
2983
1932
1124
3647
844
1213
671
707
3992
2030
1858
895
1457
548
717
3911
2577
683
54
3275
509
2305
174
1633
1753
1897
1690
2676
1232
32
679
2589
3651
2340
2050
947
2247
962
18
4074
2492
1051
206
2657
1179
1125
539
3130
1909
978
2901
2636
1260
1948
3319
3598
1718
1065
105
1941
3856
400
3520
2566
382
2044
3301
3658
2329
3016
799
1483
3539
2326
3618
2154
3244
2277
3485
121
1253
2795
2819
828
1953
910
3812
2695
1926
1355
586
1963
2351
886
314
3322
605
4008
1545
1885
3645
3516
1440
885
419
532
1710
1111
1684
727
1487
3084
3306
1004
1493
1541
2051
31
2058
2422
2370
2496
797
80
3782
2653
1653
2979
2408
449
802
399
3384
3965
1458
3050
1317
3555
4002
3074
1973
3192
1095
1201
3349
1592
2554
2264
371
3288
2395
2181
1369
1704
589
1229
1815
316
606
2619
2057
2862
142
920
2201
926
3274
931
2455
1262
480
1717
2208
3980
1510
4051
3726
1936
595
3978
3491
154
2947
1433
3015
1300
2331
3310
1647
1295
2059
2469
1128
2102
846
2428
274
3774
520
789
3717
165
379
2430
3229
1071
1655
1044
301
2490
1424
1554
2930
949
545
2560
139
2536
1806
3625
4052
3629
3356
1951
3480
1122
1841
256
1109
212
3034
755
445
268
3396
4067
2899
1855
2912
800
1467
506
1100
3961
2024
219
1918
2796
1561
3864
3675
3495
1677
3617
3170
101
348
2303
2332
2323
1155
398
3439
767
85
401
3398
3696
2911
882
1881
378
3450
3828
2352
2404
1301
3938
3868
2309
3460
1965
3704
1001
2960
4029
573
574
821
211
678
816
1779
542
215
3458
813
2592
1591
17
3305
2768
859
3112
760
2875
1791
1892
2165
2836
1843
260
1947
1273
3716
1020
2011
3626
2893
1292
3838
1270
3494
1425
2440
1419
9
3334
3475
1495
3579
993
3845
2753
1278
1087
3711
99
714
2003
90
2686
2724
929
115
2713
3256
1272
3934
1640
1593
3469
1464
2932
2698
647
2575
3443
1406
3829
3922
1402
44
2471
375
504
2745
723
3474
3600
2916
1000
1526
713
1699
490
3038
2716
621
1819
3958
2660
697
3300
3327
2179
1971
855
2284
695
3281
1525
3373
3592
1805
327
3183
2933
2148
1801
245
3861
1346
1844
3181
143
3264
3623
1734
100
1158
3407
923
1967
2950
722
2285
1724
736
2268
452
3884
2783
1090
3756
3061
2939
359
1108
3906
1113
2212
2108
2658
3747
2644
3416
833
2380
1129
1744
1062
1596
1668
2403
3639
3531
551
2909
988
2572
4012
2652
1562
2611
3453
2186
687
3541
3024
3832
1192
2173
1663
3177
3089
1353
643
3498
2674
1455
672
2343
2814
2272
2037
2571
2020
134
2904
3243
3724
3966
3831
176
4077
1938
3556
2637
1674
3839
368
1312
2407
3051
2119
385
3522
2685
3388
1017
3916
1840
2956
3950
1114
2437
676
3272
1143
3808
732
1812
2222
4056
1924
291
343
412
137
2321
657
1080
674
1795
734
3129
2905
3166
1437
3001
3571
3753
992
1688
3380
2482
3998
656
3286
3691
2882
3991
622
1826
3586
970
3083
1821
560
3710
2327
1552
188
3521
2473
2270
3202
2527
278
841
3064
865
1446
1511
892
3877
478
1358
2942
312
3313
2545
869
3115
2553
1018
3865
2525
1937
954
2499
711
3897
3080
2084
3855
3919
1117
3778
1254
3133
3891
261
1721
756
1777
1430
1636
1681
1771
1298
918
3333
1609
230
2364
2704
1612
2578
1919
1284
3124
3100
496
2345
3886
1205
3006
576
3220
3219
3779
3138
2547
1033
1383
3534
3178
3427
3295
1774
720
4047
3783
3066
547
1587
2465
786
2900
3764
673
1708
808
3999
3404
1156
2542
971
2648
3415
3269
3255
3892
1553
1240
1551
3262
2582
3207
2915
1921
186
2752
3735
3549
147
543
1917
1874
3767
2984
1645
3883
1154
2174
3915
322
2061
3245
3279
1698
2334
4015
21
591
1021
669
2184
196
2266
2810
3451
1714
1149
2921
1523
3655
825
1666
1389
2504
2964
1882
3528
191
414
4082
2738
2883
384
3386
98
3633
3053
2224
2756
248
3632
3621
955
3825
575
810
1418
761
279
4069
745
1274
2682
3518
1875
2555
3143
1002
3962
2411
1904
568
95
3607
708
444
4072
3887
135
234
1497
202
887
1343
2897
2035
3993
827
3287
247
2976
3759
1023
1319
3479
3699
1047
3490
2817
3862
2494
1423
60
413
1318
1469
2112
1987
2180
180
1716
2304
3513
2925
2429
2515
3172
2763
2860
2715
2453
1019
1394
342
1667
3702
668
434
214
309
2520
2633
533
3394
3366
2823
3154
2605
1101
2971
3136
2734
1146
448
209
2008
963
1208
1148
700
2211
3142
1939
2486
733
35
2879
508
2353
1974
2856
942
872
3707
3175
1309
2157
2725
471
488
2443
3370
3097
4091
3785
2118
3860
2563
1505
1067
544
1715
1825
1436
569
1231
2298
2787
1288
2914
977
1400
609
1315
381
3128
3029
2360
133
1082
3139
3350
129
2127
625
3420
3666
2468
2294
3383
1584
29
1877
2183
1763
1873
91
295
3925
2792
998
726
3797
1910
1374
3052
1906
3412
1186
1350
1441
3840
2417
2766
3572
3204
1929
462
1743
1749
2641
3612
2243
3354
1075
2282
2949
13
1835
3638
3290
2831
1769
984
3465
3081
2065
1314
1896
1157
2269
2628
1864
564
3023
2217
2822
1899
1641
3690
2161
2145
1173
2969
4030
3740
2397
2576
721
1949
2123
2507
3147
3700
2767
3499
3079
2807
4075
349
1271
2155
3603
1373
2757
2884
364
2511
1412
2855
822
2079
1894
3402
2435
2359
3444
1238
1608
238
3117
2425
530
3791
2206
1228
1797
772
113
2260
2677
2772
108
2366
3141
2250
746
1999
3790
3847
3913
646
2045
3649
3914
3365
3530
3533
1462
2617
3758
2028
2502
3594
3545
3169
2656
495
2561
3946
1738
701
2055
3199
3176
227
3605
1627
2276
3035
2170
1073
2812
3470
1037
3885
2630
1246
3308
740
3463
2593
3364
3445
1522
259
774
3674
3564
2549
1762
146
3972
3646
824
1623
2843
1613
1257
2851
1781
1102
390
2142
4042
3964
770
3071
1184
3341
1341
884
40
3429
1709
1834
4011
440
2439
1657
3436
1392
1891
2207
3761
3282
2688
84
2754
3466
2146
3214
2128
1632
27
550
2495
2137
1345
946
3389
3786
1251
1396
3271
3994
2377
1694
1236
373
2530
1975
1337
2144
661
602
3026
3580
2990
750
181
2719
3611
1421
3566
2687
839
912
3159
2223
1276
3
1605
3145
131
1357
177
1923
1475
2110
3191
1141
2516
4020
282
1786
899
1995
651
3804
89
2844
1680
3874
3948
3988
960
815
122
757
2702
2462
477
429
2786
1465
2017
1958
1856
405
3320
213
1872
2479
2895
2623
1055
416
2742
1669
2344
3537
1733
2134
2919
4017
2581
2054
1083
2140
16
1204
1583
2624
3135
2433
2192
2036
168
1911
2714
2579
1887
3672
2784
3411
3721
3185
3413
2313
3677
2068
3109
2997
3106
2069
