1173
2874
3600
1454
482
3191
2797
1277
1578
3136
1608
2975
2118
3453
2861
680
4054
1803
2933
2638
843
3710
3071
1496
3985
1725
1920
381
2556
2190
1241
644
1825
1561
2820
2754
1512
3018
814
3863
4064
2443
328
70
2379
3953
3016
3440
3426
2679
496
2348
1716
3079
71
145
770
1606
256
761
312
2932
2961
50
3390
2455
2169
3617
1734
3591
1709
3106
1948
2122
1382
102
1704
3421
1461
4062
1982
377
528
722
1078
1753
497
3119
190
3481
653
2044
3042
583
3841
295
1839
3070
1371
1036
2127
3345
3815
3610
2506
4021
4011
2896
1640
498
3252
2880
2170
1888
3774
3188
259
3988
1424
1050
417
2788
3792
3749
3249
3697
505
3415
1436
633
3828
228
3399
2272
3103
2201
2192
1194
3777
1389
3346
867
2503
1204
1531
3525
3744
2571
3473
1037
1497
1448
708
2492
4024
3335
950
2976
1622
1471
1057
771
994
713
1140
2130
1242
2860
3529
1571
3587
1498
3032
1979
2486
2154
1986
2959
3796
2898
1000
18
1273
2605
621
2463
888
2517
941
1969
2647
1161
2211
869
1793
2459
1989
2362
2603
2905
1470
3699
1798
1250
1631
2897
1683
698
1668
3279
589
1443
283
1138
614
712
1291
899
1805
873
717
3234
2012
2121
993
3153
1856
1482
3041
523
4002
1062
1905
3461
1897
4026
4013
1876
1909
4079
2758
3648
3656
1559
257
2334
577
2244
3297
3105
3082
3503
955
4092
2222
3797
2028
1413
1239
4060
1677
3804
3583
3681
3694
977
596
1365
929
2
2048
817
3800
3715
2384
3485
2009
376
2023
3836
3126
3781
1302
796
3674
2402
3572
3635
2081
330
1127
759
57
3290
2372
244
1644
2377
2148
3790
1010
2968
831
2885
3339
202
2068
2720
3255
2580
2505
962
3708
1135
3638
1828
3340
753
1742
3773
1568
1229
519
170
3441
1834
3957
3827
3184
600
1060
298
2688
3880
2441
3336
3983
3875
934
2773
2005
1998
970
3741
221
2073
22
1673
3169
597
1052
3134
2707
3832
3003
279
920
2572
2743
2440
540
686
1872
3757
2540
358
1759
3720
1848
4031
3959
191
3383
2196
2422
2558
1380
336
1861
355
2471
714
615
656
139
1500
1121
3626
146
3752
372
971
3966
1610
711
2721
3768
1340
38
1494
3870
2765
149
3401
2332
3099
1621
1558
1405
1645
3845
2306
1367
3483
1661
1604
1557
1924
2844
4055
14
2435
2599
4040
3753
4053
3651
1452
386
642
2022
2958
2953
2072
1444
432
2735
3873
3197
3964
1221
230
953
214
220
2409
1286
836
2458
3036
3428
2158
3683
2392
337
799
1722
662
1629
3571
2717
2777
2715
3261
3444
3813
3926
552
1225
3496
1902
2611
165
1363
2527
1818
2188
3475
1643
575
1693
3423
2650
2214
3254
1635
3259
3315
2358
3355
1420
2292
571
3791
3691
3987
2079
488
1035
2607
918
442
1922
578
2849
1152
905
3266
2921
3094
1063
1788
548
3809
2892
3823
1615
500
3026
3205
2389
3063
3677
3580
2371
3999
2519
195
3670
3407
521
75
62
97
128
684
1297
1857
991
2850
2640
2282
2340
397
1689
480
1936
469
3319
2846
1139
1996
1819
1718
2425
3046
3377
1602
622
3198
320
3333
3534
2353
1453
1992
60
3193
2108
2710
1919
54
1243
1171
1333
705
348
4014
1699
989
2189
2502
2812
3977
3520
3027
201
972
1763
2053
1627
590
2887
391
629
2954
1198
2876
2993
792
3296
1985
3822
775
239
2149
1281
3630
2480
618
3784
84
1743
1001
1119
2421
1617
3159
3516
3839
3642
503
1929
1809
2027
3760
1800
247
2016
1263
1760
3547
2406
1014
2153
3267
3130
1957
1086
1428
2549
3311
2945
3731
415
3222
3258
1822
2538
1685
2851
551
2537
2129
3586
579
983
2564
1987
3123
3010
2398
1887
826
700
1676
2913
2547
1916
1600
538
828
1288
2750
921
3122
1330
3187
2677
639
2258
2569
651
850
1110
1632
2038
1502
3393
783
777
1298
3724
2040
1167
3607
1484
3923
1467
1910
3306
804
2323
204
457
40
3807
672
3293
3606
3075
1973
3443
2730
2229
1508
1258
3750
3500
483
541
3118
3918
936
710
3391
1756
1898
674
1386
489
1068
668
2116
560
2738
3944
2644
4065
2805
1126
1506
3772
3240
2355
2652
3846
2856
2436
2393
110
1647
3831
2378
1361
1654
1189
1687
2597
2238
3192
1941
3623
3000
2907
2722
857
1214
2991
2076
2002
3867
3492
3117
3163
2864
1586
2318
1540
236
647
1426
329
3248
3460
909
3597
2683
3531
2283
3109
2328
1322
3961
3067
2193
137
2479
1165
458
1556
613
3852
3055
3463
2045
209
3844
2872
933
3367
3769
2973
3663
2381
2452
194
2793
1354
791
2290
242
1816
416
1807
246
354
98
311
299
2583
2687
1583
1755
1869
673
987
1407
1671
1398
1415
2653
1782
1477
219
455
3465
875
2495
572
52
3883
1652
1459
453
727
238
627
1209
2390
2138
4033
1923
291
1356
2341
3737
1381
2835
2800
2337
1850
563
2789
3991
1660
2473
20
1787
3612
350
1184
2657
1403
634
1696
2179
1526
2064
410
900
3101
1046
1411
3712
1514
729
3396
1387
1842
3919
605
2087
302
3680
1993
28
3215
3309
3793
767
736
1736
2142
1107
1260
1026
343
3350
1656
4075
123
1393
2634
2000
3322
3727
2865
1492
1041
1400
3176
834
1319
3700
3637
3611
2900
2112
2220
1116
2828
2770
429
3550
178
1768
1238
439
4012
2909
2102
3838
692
199
94
1721
3723
1731
3541
3557
3577
3009
1237
2178
3398
3679
877
3882
2274
243
1093
2920
3238
2356
1738
887
2086
402
1925
3545
515
3543
3486
3378
2448
2927
109
72
476
3313
3799
3951
61
3802
3456
978
2525
2320
3253
1947
2613
2559
802
2801
285
2225
2829
241
2349
324
3052
1719
508
2648
3172
3095
608
3526
3916
2999
3622
2985
650
568
3634
2058
2824
1913
3716
3125
670
1431
1034
2533
3272
2352
3776
1147
3824
1314
1715
3110
3876
624
3789
2543
3132
2982
2566
3363
3088
1336
2426
2470
171
2015
1256
1692
210
2404
4070
1370
3230
569
4087
1284
1087
3704
531
1202
1027
495
2693
685
2855
2136
3458
1493
294
206
1927
840
3111
2144
3175
1327
4078
1479
1328
280
398
1624
2083
3986
2268
3840
1921
2595
1740
657
2753
2449
3291
2906
2162
2886
3860
142
3709
136
745
2719
4072
2375
272
1128
2521
3017
2285
338
3304
2598
332
1223
1252
407
2567
3005
3242
475
3295
773
931
2132
1465
2370
3217
227
3733
809
3560
115
2978
2151
699
3316
2217
3129
1106
3031
1346
1392
3649
1091
3318
2768
1675
3115
151
331
2749
3162
3631
689
1967
3351
2965
263
2544
1775
2051
2718
2656
3958
2091
2600
1051
3028
547
1769
620
3144
1626
2357
2986
3353
588
1720
1771
3554
863
737
2694
1449
512
1430
1309
3647
2930
2602
1801
677
3035
829
4093
2845
3448
1714
1912
373
2894
2949
3517
2877
374
2321
3931
390
278
226
492
1349
999
1257
3636
1038
741
1926
1930
425
1248
832
2477
3687
3879
3086
3817
198
1707
3170
864
1460
2020
1964
1796
906
3354
3566
2863
487
678
3364
760
3442
1112
2893
3312
3639
3795
3729
3087
366
392
3713
1810
3491
73
1077
4007
3787
462
1527
2983
162
3064
3917
1549
144
2124
2125
3653
2322
2215
2948
3890
2998
1249
696
2327
81
3160
1191
1928
107
1678
1341
1306
69
2157
1276
3829
1780
1701
3059
3477
1485
3495
3908
1144
2424
1295
2751
3247
4063
3938
2107
3527
743
2270
345
2294
48
927
1054
1505
1954
858
731
694
1646
537
13
1156
3544
2247
1073
3278
229
854
3058
454
2989
1499
2319
2766
1342
3980
2698
1723
1845
3693
603
3960
1812
147
2025
2464
1487
2174
2021
252
819
3536
1097
1351
967
2177
2026
1843
772
1988
2423
1299
693
3843
845
2133
2433
913
1634
682
2109
2250
352
141
988
2568
2584
1240
781
213
1072
2691
169
3618
2036
2185
923
300
3212
2839
822
79
2803
1613
2617
671
2387
943
3001
1530
156
2284
1894
3548
2654
6
4061
2043
516
1394
1245
1815
788
3323
2235
3282
485
3257
1020
3874
2461
1011
2842
1185
801
2054
735
3245
2085
1944
1680
3818
3370
595
1125
2249
789
555
344
1879
3997
3139
1532
2663
88
593
10
2681
2032
2739
3406
3628
420
1391
2817
1366
3596
4052
1228
3891
404
1672
2912
3927
253
234
125
733
654
3514
3523
2879
1670
2253
4008
2675
281
697
3065
2868
1745
3872
529
1892
2391
813
2207
2610
3083
2077
3057
1535
3450
4049
3228
1378
2848
1630
1043
3821
4048
1878
1203
2826
4010
2218
1813
3454
702
3532
3219
2420
902
2242
1765
2522
2029
435
205
51
3409
2418
1217
3225
4020
4050
1968
2208
2552
473
3387
3161
1117
1172
3826
860
1999
3935
3352
1348
1018
2950
2363
2843
973
2762
3982
2088
2760
3644
3786
3837
581
1959
65
152
155
1318
1222
91
1047
2779
2281
2141
2923
844
1195
101
1730
2508
3025
2616
752
186
2481
1597
1235
2099
798
2546
3673
2024
3509
1882
1132
3039
490
901
2367
1193
1464
2278
2970
304
3948
2553
118
821
3718
1289
3725
3405
1589
3632
1824
2120
222
197
1598
2794
3310
3684
36
436
1757
357
3472
3202
1806
76
612
340
3221
827
2069
1649
2960
2497
2573
316
3605
1425
306
2047
3521
3186
1700
3029
2716
3470
2411
188
105
251
2744
2105
3434
884
1658
2724
1118
2439
180
1708
1906
2504
2273
37
297
2767
23
2884
1347
177
2092
842
2037
1517
3962
486
1841
2080
959
3513
1593
3349
3754
965
4082
3970
599
2232
3468
2335
2033
3092
3595
3930
3929
4086
2246
926
3933
839
1150
3233
2011
472
1781
4003
765
1075
2804
3097
1674
1515
3008
3806
2712
862
3417
4056
258
1343
3501
3633
2576
3868
4032
2667
174
431
2847
944
949
3425
3785
2386
29
21
2956
785
1419
433
2060
3620
1867
846
4034
1641
856
2230
3507
1585
409
665
1596
370
3120
1109
786
3452
3424
3984
2152
3235
2494
2059
3599
3502
527
26
1657
3366
3904
3372
2195
3609
1871
3688
2586
132
1981
119
1567
1310
85
2126
1541
2095
1466
292
3236
1216
2633
1153
2915
564
341
1164
1399
466
1345
3365
1991
2994
317
3537
2925
2852
2094
891
1539
3166
1099
1236
3011
974
215
2551
2931
421
413
3459
3077
2689
1323
1854
1435
3552
1162
1468
2223
1303
3535
2163
4030
1059
2928
303
2514
3100
3902
886
1545
2202
3435
3921
2776
1937
3133
2104
3150
2575
2890
349
401
74
2665
984
623
3185
755
3151
1511
364
3746
1373
526
3020
3449
4073
3949
3950
3641
2888
1029
3805
396
3758
1958
2510
815
2164
3819
3558
3702
4019
266
3140
3237
2501
1752
3357
3262
3147
2062
3124
715
2672
2554
545
1572
2315
1447
3471
985
2937
1584
1686
3747
3972
2395
2019
3888
2056
807
720
3201
3397
3751
794
293
643
2344
1563
1268
108
1501
2061
2939
885
3464
3842
3270
3968
963
2697
2143
1783
1525
728
3206
3621
4094
1764
1103
3766
3901
744
2203
3899
1151
1100
1710
704
1058
4089
2469
440
1785
327
3489
3735
2419
1416
361
756
3307
1390
679
351
2854
1974
3512
3451
1616
478
3539
3183
3678
1220
2366
2429
1884
1176
185
855
3218
1534
3422
1148
2908
1490
2700
1472
2017
1094
1022
1942
1538
3156
3854
4074
3937
113
131
3657
1595
3579
1789
2345
3381
1946
2574
1542
1522
3559
1846
2823
1166
3466
1570
2360
1681
493
121
805
499
2977
542
1473
2825
3469
187
2857
2512
2827
1521
3368
3969
2312
3698
2399
2545
3661
1320
3195
2530
1548
2417
3553
134
1619
2608
166
3855
2974
1651
3851
3164
3303
1114
3044
3669
181
1761
403
2394
1605
3590
1272
2330
382
3703
3717
2119
4059
3493
4045
2110
2997
3281
2014
2006
114
790
687
2034
2646
387
1565
3989
1190
2191
2057
2234
2926
824
3374
574
806
250
1031
3143
3629
1552
237
3588
2796
3231
992
539
1179
2917
3992
3431
4091
1159
1995
1849
1070
666
3779
3412
2396
1880
124
2529
707
626
3907
3853
2601
2759
871
3770
2550
3037
1199
2626
3321
2408
2100
2437
3388
2003
4043
1711
2485
459
3344
2628
3446
2627
2031
952
861
3204
3084
2236
43
3705
2658
1401
2496
2728
1574
2167
2629
2101
249
2373
2267
2254
1623
3690
3897
969
3299
3849
1332
3174
1938
1907
695
2775
2382
4069
1418
897
68
2882
880
95
1255
3967
1307
930
942
504
3979
2811
1463
1833
811
1308
1089
3320
2651
1797
882
3433
1486
365
546
27
4027
1196
116
1984
1885
2405
1870
3672
2175
2302
2769
262
1950
1883
675
3438
1292
797
2139
2401
1019
1990
3847
2757
3555
3332
184
879
408
3885
2354
2741
903
1726
2808
3940
591
3107
609
2488
3665
2216
2160
1519
2078
2867
3662
2117
1438
2316
1008
723
2990
481
1324
224
2093
3400
464
248
1475
1358
2782
477
2226
122
908
2947
1096
1247
4041
127
1636
2582
3619
2929
570
2329
2030
567
868
1747
1516
3624
2347
2430
594
525
2260
2957
3040
1253
3286
997
1200
2901
1168
1290
2723
3060
287
1874
1523
1863
964
2987
800
2186
307
4084
3380
2830
3394
1901
273
1528
3515
3522
586
1251
1469
795
406
2581
2774
77
3782
3707
2343
3798
461
3012
1325
3165
1440
1457
2137
1143
3342
976
3287
1270
4083
1935
2159
1111
2604
3764
3692
849
3223
3981
2264
5
3061
1607
2589
418
2625
1084
1048
3051
1784
1181
3601
1811
3615
778
3978
853
1265
1335
322
2444
2528
1417
3076
1422
1124
55
3928
3177
1474
2680
1904
2295
208
2591
580
530
649
1837
998
438
3178
4076
1244
2577
533
3194
2731
1802
1423
3049
3581
63
2837
2237
2815
3942
1090
1030
2992
3936
506
1040
726
1455
265
3439
2940
1877
3998
2561
3862
1594
2412
1230
1582
835
2308
1329
3762
1211
2895
981
2067
510
1374
2536
3149
3229
3207
1603
1266
32
1157
268
3490
924
1446
3
2224
1997
4006
2499
3015
3884
3666
310
342
389
1637
3104
3582
3034
3146
520
3775
1005
878
269
2414
1092
2299
3743
1174
2428
1414
3542
830
3155
1662
233
3861
1175
3362
1213
951
1794
565
1282
637
277
550
1269
1372
1021
2714
35
2478
3327
2200
4068
3686
2065
2361
1006
3273
870
1659
1384
9
2941
1133
558
2891
2365
1395
3803
3814
66
2007
4071
2074
2752
2671
3268
1914
1706
1131
1851
3213
211
30
719
751
441
1155
64
646
1881
3181
2171
3289
1123
3812
2243
1750
2304
3224
1421
290
3911
1529
549
774
53
2969
2090
138
1033
638
1451
2324
1432
1316
471
2690
2476
383
1533
3909
3392
447
2010
2622
2635
1246
1283
2967
3570
747
825
716
939
1831
3898
2248
1160
2447
1918
3740
3598
176
1729
2350
1965
1321
3685
1855
935
1085
3211
2816
2251
2655
3976
1385
3546
2676
1717
2135
2590
3877
3410
4023
1315
56
3971
2834
1388
866
276
2490
456
474
509
1004
2988
3232
3121
2288
762
2515
1409
2984
1025
1491
1206
394
914
837
1192
1953
2637
3755
2746
2858
1823
2475
1778
2560
3214
2661
1795
3850
2134
449
2866
3510
1039
2181
2206
1612
353
1847
2786
1702
2821
660
1633
2460
4015
4046
3711
1083
764
784
2240
82
2180
1478
2271
3127
3080
2596
3437
1577
4028
3734
1679
1142
3834
3627
3996
592
4022
3002
2541
380
2075
2277
3920
968
2745
2168
1650
1821
2588
3925
2314
1835
2509
1976
4025
323
3277
1145
758
3761
4047
3675
83
522
3102
876
3189
3317
543
1524
2706
2996
1134
1169
1933
4018
3974
604
1212
2465
1331
1735
2309
4088
3765
3963
2836
3314
3373
2507
3331
46
2227
1177
3030
315
1886
3091
3816
2359
1866
359
640
1129
313
424
2442
1864
11
1080
628
2636
1961
1642
288
2123
683
2111
1136
848
67
1544
3533
2704
3995
2922
1149
2736
3589
1076
2231
606
562
1254
1754
2415
2593
1694
212
2585
1732
2784
2351
3905
335
966
3301
2783
532
1049
3292
2911
3145
1826
2966
669
1569
748
1095
3887
434
448
3943
3154
3403
2526
3524
3050
904
2641
746
2755
2742
2963
1178
3220
2385
1896
1537
270
3308
193
2194
2487
2806
1293
444
2570
126
3650
3886
2792
1509
2787
3384
443
1940
2831
157
3116
559
2013
4001
946
980
2018
3375
3280
3045
2374
1360
2701
422
841
3007
3361
203
385
3329
1690
3756
607
3745
1859
507
2726
2972
2772
1772
1875
33
2336
1045
2070
851
1688
3418
1481
1543
1601
400
3108
2286
4090
2331
3722
2592
2456
3414
1592
898
1899
3835
232
2432
2114
183
803
1042
945
2097
894
1575
3833
2106
2380
3285
2454
1639
282
7
192
3112
3457
1655
2001
465
2673
2904
1971
3924
2798
1955
3157
659
1278
793
598
106
3676
2446
2810
890
161
3856
2187
3114
2140
3947
2131
2303
2674
3264
1279
3952
2790
3564
4037
3721
1808
1317
1412
16
1554
207
1945
1301
445
3487
2046
2881
3004
2467
1234
1065
1712
2859
1208
3695
776
838
4066
1638
1581
1061
3913
1749
1274
655
1776
1703
742
3668
2531
2280
2620
1442
3131
2971
2621
2612
2579
2472
4000
1285
2266
732
3196
2342
544
2183
2213
133
3056
3858
326
1665
1975
1362
3518
511
1744
3575
1334
961
1402
2400
3608
3956
1082
2410
1551
1951
3078
852
2899
3085
1429
2403
3811
2431
1275
2910
1917
3759
2313
2870
135
3530
1016
284
240
2946
3256
556
1774
384
3562
632
3141
2364
395
3467
2103
3498
1259
1504
41
1404
780
3990
2562
982
896
2287
3021
2813
2692
172
255
3859
3912
3326
2368
460
2276
1458
143
1513
1146
3022
3602
1792
1705
1104
4035
932
630
47
1838
3325
1439
3763
1197
1868
231
2818
1053
1873
1376
3701
2642
3263
1580
1853
1369
379
1931
2938
2055
2747
996
1088
2668
3573
561
3810
1233
2210
3419
2233
2563
479
2245
3455
518
1865
3250
4016
2924
2995
2113
3945
96
3200
582
749
2587
3480
90
3298
3152
414
3227
701
58
2261
663
1032
1105
1817
865
502
3939
3696
1786
1098
1158
2523
4051
1579
3324
1462
2325
3429
179
150
769
925
611
3260
3033
810
3284
3158
3955
724
3432
451
182
910
3820
2128
289
2725
334
3511
2084
635
2914
1510
1758
2764
1188
2871
721
2740
820
2451
1829
318
3338
1350
3576
2176
1682
2639
553
93
3736
1226
3658
2944
617
1777
1262
872
3445
1207
636
254
1956
2474
1599
1943
3090
15
484
1102
1495
1313
369
1002
1653
4038
2252
1748
3896
1566
1357
3714
3069
1079
3478
3567
2468
2198
1064
1375
1737
3794
681
3738
3073
2199
892
1733
625
3447
1012
314
3436
1339
2878
2333
175
49
3013
3216
3592
4
3655
3906
3993
2606
3801
1186
1396
979
734
3568
411
2666
940
616
1261
818
1067
274
491
2042
3864
2293
2609
470
2795
2624
3389
874
1970
2221
1858
1536
2241
2555
2310
3569
2822
2516
2269
2089
2873
3371
1355
271
452
3404
158
4095
740
3274
2732
368
200
2263
275
2172
881
4029
3508
235
3497
2416
3243
3946
2145
1550
120
3430
1972
2814
3043
3614
1232
2071
159
3330
2711
2147
3142
3408
2049
3024
1836
3671
3528
3089
847
3893
768
1978
1312
2903
782
2484
3376
2041
3484
1483
2615
3892
573
763
218
2008
140
1108
1830
4036
501
816
3385
2256
919
2228
641
4042
223
2205
1337
2532
167
1120
1820
129
585
1507
17
3922
3878
1445
2809
8
3538
1074
1280
3369
388
958
812
1546
916
1697
2645
1434
3556
2705
2450
3358
3203
2317
2619
3652
86
426
2875
2397
428
286
1218
111
3288
3506
2936
3519
738
957
2209
1433
889
1294
1804
619
1017
1055
706
2791
308
3173
2082
2301
3689
1728
3616
2918
2631
1564
1862
2146
2338
3954
216
2943
2594
3179
419
3783
2955
3135
3269
103
1130
1667
2756
3594
4081
3226
1562
688
2155
3578
1891
1648
3239
658
2699
661
3047
1377
3664
2869
648
2434
2427
3275
1066
1952
3072
2643
1994
3379
2727
3180
937
362
2761
2165
423
260
960
3667
3771
1663
1488
3053
779
3549
1684
1903
1889
2802
399
1934
766
3593
664
2840
3561
34
3199
1790
602
2297
3585
4005
883
463
725
92
2004
3066
160
2819
1023
3382
2785
3276
2257
3334
1900
3048
2491
1359
296
1625
1271
2184
1779
3341
87
2632
1962
2614
148
690
3482
1201
2778
754
117
893
895
25
1609
1287
45
3386
2438
3244
2853
1296
467
1304
3748
2623
1353
517
2524
378
2305
1588
2204
1840
1137
1489
1611
3643
3479
3900
990
2518
2951
3780
99
3167
2916
859
3788
1614
2239
975
2962
1666
3283
2513
584
1799
4039
1746
1908
1520
1698
1573
2670
2493
3646
1480
1860
912
2862
1180
566
3411
1960
911
3246
2296
2565
808
3625
1
2662
1949
325
1450
2902
305
196
3540
2964
1628
1576
948
78
1664
264
3074
89
3305
2771
4085
1009
3068
1227
3138
80
3499
3337
1814
1890
2807
2535
2035
2383
1115
1101
922
2262
1751
1456
2063
1007
557
1215
3730
1326
2483
3895
1338
534
709
371
437
1003
1364
2709
2150
309
1977
2883
1695
3476
3209
3343
3915
1547
2734
1939
2781
1141
2096
2980
2445
1827
3113
2050
3869
2182
3348
1791
947
2660
2466
1344
2729
3395
3660
3706
1170
2259
3093
412
2520
2265
3910
3871
2713
2678
4004
2298
3613
610
1437
154
1028
3866
3356
405
2942
3719
3081
1980
2952
3739
2763
3808
1932
3565
1618
1069
1267
24
44
938
631
3190
1739
703
995
375
153
3347
2173
2489
31
3640
1724
1518
3604
363
173
4044
2981
367
907
430
3208
1476
3182
1762
750
100
347
3096
1669
2219
601
2833
2279
1911
1224
3413
2166
954
823
4057
676
3494
1300
2388
3360
1044
587
3023
2500
3474
691
3062
393
1590
1691
3038
787
1352
301
645
3014
739
360
3241
104
1210
3168
1832
757
1406
163
2291
468
189
3416
554
1013
130
2841
3427
2482
2682
1379
917
3830
1154
1383
3767
4077
3994
3551
652
1893
1163
2539
2684
514
3941
0
3934
2664
1183
1408
2275
1741
1852
986
1767
1410
494
2066
1397
3271
1122
3726
427
3137
2748
2733
1983
1182
261
1305
2889
513
2339
535
3682
2832
319
168
2255
3251
3654
19
1311
2630
356
1071
4009
3019
3659
1555
1727
1560
3504
4058
2649
1553
2115
2098
1024
1963
2702
3328
2618
3848
3054
3778
1587
1503
3889
450
1015
2548
2799
1770
3302
2659
1205
2462
245
2685
2511
1966
3505
3881
956
2578
3932
718
267
12
164
3584
2156
1713
2557
1264
112
3359
576
3894
2542
3563
2919
1773
3265
2407
4067
833
2838
928
2311
2369
2326
2376
1620
3006
2703
1844
446
2457
3645
1231
2935
1441
2695
3903
2696
1187
39
1591
4080
2498
2413
1219
339
3488
1113
2052
3742
3128
3728
3171
333
2453
3973
915
3098
2307
2737
3300
3914
2780
4017
2161
1056
3603
3574
2300
3975
346
3732
2346
2289
730
1895
3965
2979
3865
667
1766
2212
536
3210
3148
59
2669
2708
524
2934
3825
217
2197
42
321
2534
1368
225
1915
1081
2039
2686
3857
3462
3420
3402
3294
1427
