1170
934
2208
3610
3857
3111
3929
954
2040
1884
1218
2829
236
1964
2232
1013
1086
3426
395
1474
8
1115
2794
1752
1517
1409
567
1344
1594
103
3011
3362
2229
3729
2666
847
2670
779
2519
39
2942
570
534
3611
1104
3147
3119
3539
2499
3506
2286
750
3229
1516
1683
625
3206
2373
1148
249
887
3974
3345
3945
3454
623
1032
1031
2352
958
2221
1924
3318
2841
3479
3409
1781
591
3179
656
2873
3321
2387
3828
275
2569
2702
2314
1332
1953
3417
1553
3068
3648
1967
3505
2475
2679
3079
2129
2807
1116
3880
480
681
2878
391
1907
984
4010
2926
3762
2639
2335
209
1053
663
1069
758
3472
2488
3930
1718
0
1713
3110
3042
3026
441
2161
979
3002
1959
831
2093
1764
3806
952
1549
1746
2448
3596
5
3075
1901
3272
577
1993
2066
2685
1129
667
2296
705
3388
2184
1869
2175
553
2619
4
3165
1946
3546
2591
1211
1997
3522
3485
3592
668
3902
3162
921
608
3833
3247
2234
1799
2165
589
3203
1999
1385
3300
151
3391
576
2098
2023
1899
2402
3881
3480
1127
3817
901
366
3845
3376
1680
1526
744
598
821
2356
4041
2102
2529
1586
741
3890
1706
641
4030
2586
3871
596
843
3254
1460
2298
602
1584
1910
3920
928
2943
1169
845
3823
126
2940
3152
1504
3346
1963
1510
2623
2797
4084
2227
1120
3072
360
1700
713
3938
503
3063
666
2364
1894
420
812
790
1629
1291
274
740
1938
3568
989
1213
1981
1077
3242
2069
1107
1613
196
2652
2305
3934
1596
2552
600
504
106
2869
1109
3515
2583
3145
3364
848
3582
747
3001
2543
172
658
1657
1162
2984
1044
1405
3101
1566
11
444
3448
1285
2540
1632
1780
1728
3269
3475
1519
1675
2
3104
2560
3736
3204
2517
2228
3334
2771
1990
1241
2498
3903
1386
2439
3439
92
3753
2728
1817
909
2892
3517
377
117
3608
1123
2408
556
1689
225
1674
3130
1684
2969
1716
583
3534
228
4023
426
125
1136
2735
3150
2638
2141
43
1175
1353
2454
795
2557
146
3143
3015
2766
3330
40
1494
2704
2103
2653
2149
1686
3901
671
2078
2266
890
1969
3071
1495
176
2527
2423
373
3118
2034
3732
3994
508
2833
1352
3832
3180
440
2339
2546
3723
603
2550
1323
1320
2902
2799
3397
1702
1826
2277
1235
1141
771
1604
3725
2810
233
628
1401
639
2509
2863
386
3508
734
310
3462
2885
3769
116
3964
130
2029
1591
2627
3552
100
3198
2336
833
2726
1114
3722
2989
678
2482
2159
1034
3614
2168
365
1027
2199
2128
4018
1280
212
2854
2700
488
1004
638
48
3939
1338
2753
3518
2251
3468
111
3533
3815
1777
1828
4071
2067
2447
188
3496
1472
382
3665
3870
2347
3543
1095
2747
33
2246
316
3618
2783
3996
789
3123
2163
1608
585
2076
2950
185
2062
718
1131
3774
3216
2617
523
1470
3867
1916
3008
3127
1939
2147
2947
4049
3814
846
3278
1028
329
3491
3210
988
2573
3772
3219
1562
2931
2500
1962
918
571
3305
3099
1538
3967
563
1362
2705
2412
3029
646
1221
1143
2770
3271
1975
3419
1289
578
417
1146
358
1381
1486
287
1507
2341
1
773
3447
2419
2917
1650
2592
2381
350
2164
2170
3160
2215
3192
1508
4081
3951
1097
2082
3571
3600
2620
281
2397
1178
1743
1802
1855
63
546
3811
1765
938
2053
1714
2241
3694
3541
359
2466
2489
2446
4006
3014
533
2746
1295
669
1208
3138
430
1811
1133
1821
3606
2642
2396
3191
3575
1705
3458
1084
1525
1673
2778
1446
599
929
2880
536
375
1737
2786
2142
2463
2395
3425
1463
1071
1430
634
3615
3299
3800
250
3428
2789
509
3788
2959
3317
54
3114
1928
1534
2254
3591
2137
3588
2816
1432
3972
3944
761
23
1081
3149
384
2390
113
2875
1250
2514
2749
2403
647
3282
3289
3360
2827
633
3441
99
3514
802
2077
1623
2641
2845
664
1297
1155
1019
2110
1530
2070
3012
804
470
682
1015
2554
3630
1791
3599
3148
2219
453
836
3445
4057
3657
1220
1238
2493
145
1651
3260
1890
45
238
516
3380
3797
777
87
82
1703
2394
3077
3464
3349
2268
436
61
1290
3564
51
2024
3712
3279
1965
3392
2993
3215
947
3848
2213
1243
2595
925
174
1978
1719
3803
2843
317
660
2344
1784
3120
1678
2597
1228
1590
2481
2629
715
3250
1173
2862
1602
492
967
1761
529
525
2544
2982
3911
2038
1094
1225
2715
2106
3525
1601
535
1437
1431
2317
1854
2331
1063
2151
3188
2928
207
2275
2095
882
957
801
1346
2867
3174
3017
2683
2248
3659
1753
2357
67
2967
3620
1254
1858
1248
1873
4060
1569
3763
839
3754
2007
3639
3879
3795
2173
1794
2570
3658
2709
305
4091
2225
3593
2043
778
3034
2838
2562
1020
2150
708
2814
3352
3979
1619
3103
826
1984
3356
3677
3793
650
3868
686
474
4046
537
55
1329
1375
2467
466
2158
1234
2376
1531
635
3918
2830
3501
2674
997
3796
2515
1631
894
731
2124
460
3691
2216
201
982
3629
1442
1005
1415
1390
181
1229
2258
1571
2471
3892
2686
3681
2181
1258
4083
1919
937
3919
2143
932
592
3960
2790
1511
321
399
397
3961
1688
57
3009
3057
2107
2497
235
2958
2912
1896
3924
2293
2455
1052
3273
815
86
3078
2812
2319
2222
1943
1624
977
2918
1750
2483
3087
3580
370
2460
1568
1581
3316
940
303
2363
3640
1372
2027
1105
2487
2084
1929
3283
256
1270
4085
800
3825
2453
2312
194
2101
2572
1933
946
2576
561
687
2391
2309
3715
1484
2541
3363
1798
438
2056
2667
2938
1203
2772
2348
3717
1704
2692
3343
2542
2174
865
2530
206
3055
3661
3196
2839
2852
2256
3413
158
3776
3585
4027
1166
290
2089
3040
1181
507
2414
1026
2289
1356
3907
2564
1906
156
924
985
990
2195
3771
1642
3530
3497
407
624
3688
3783
3228
2235
530
3025
306
757
3649
3157
612
733
288
38
621
2850
540
2406
808
279
1163
4042
3202
3527
2581
2262
791
154
3894
2857
3824
3748
1857
1379
1402
2640
3097
3164
3523
2725
2718
1438
3115
1089
627
2901
1570
3404
2260
515
2999
180
495
1898
1111
213
2188
1477
611
1377
199
112
2647
311
2976
3310
1209
439
446
1119
3296
3474
193
1400
3319
969
2744
1769
98
2913
1047
2522
2114
1149
2650
1807
26
2343
3375
423
2194
2508
726
80
3759
3124
4024
2978
1744
2386
1944
2558
2637
4036
2536
2966
182
1421
2752
788
3069
3258
344
1003
2737
3953
1428
2555
2362
3446
2756
1936
2458
337
463
246
296
14
1194
208
654
1747
886
2675
482
16
2285
216
2593
72
3366
3563
442
856
2019
1926
3211
1670
3836
2923
197
2889
3786
1923
2823
3791
1471
2800
3037
2456
1140
3787
3212
1006
3006
3399
2861
3536
3267
1663
1905
308
3663
3667
601
782
3064
1864
1509
532
4075
1227
3344
1630
3646
393
2806
333
889
378
3086
765
3622
1731
3442
3457
2777
291
3190
1636
2765
1870
1875
1269
1853
3528
1296
636
3810
2375
4000
3000
3764
1863
3007
538
1733
610
648
3647
3982
4014
1776
1646
1303
28
673
1995
1260
4072
437
1038
3837
3609
565
3161
1314
604
545
1490
3384
3749
580
3962
3726
786
3159
3613
1374
2607
1412
1450
951
3163
1691
3041
243
1587
829
2445
1222
1455
1498
2315
1002
1433
1249
1783
2063
3239
1388
2842
675
987
2431
3213
1974
1150
3136
3339
2307
1567
253
1973
2211
501
2624
590
1134
869
860
2964
3834
1660
1957
2321
3400
165
144
1588
1025
3406
916
2580
555
2189
2434
3303
877
785
1312
2532
3365
1665
2320
2618
2739
616
3244
3842
1189
3189
3569
3018
3921
3742
497
1440
3893
531
2269
1380
1199
1068
282
652
719
90
2616
917
3631
2294
1217
3473
2245
1585
1687
3408
3781
2326
1849
3784
1485
2108
1059
3431
1813
3021
3486
2226
2154
2306
2545
732
227
2809
2893
2316
1251
1822
1117
1720
2707
1366
2760
4064
3650
3925
1882
2157
3687
1913
766
2060
3390
3304
2717
2643
387
1325
3048
1076
3567
1102
2764
3822
683
3718
247
414
3550
1200
3818
562
2899
115
727
956
945
818
2424
200
2223
3846
3963
1273
189
3502
908
2091
2134
2549
3849
2272
1180
631
2012
226
1554
2669
1607
85
3993
2916
3724
3678
335
3354
1655
767
2324
2125
1487
895
108
950
1759
1812
1695
3696
1100
1128
3746
3044
4056
3237
289
853
2218
1416
3280
1418
2118
3208
2132
3438
390
2788
1833
4034
1951
2577
2152
2915
135
2773
2430
3043
3076
991
2731
3430
1501
4021
2706
1711
3230
2178
2711
3407
2689
355
3227
496
3875
838
588
3877
2002
2323
2389
2780
353
1763
1007
3679
586
3415
4025
2781
3294
3940
3699
2432
1065
2209
3243
3644
1915
1948
2264
3199
3760
2996
2703
96
1350
1830
1988
728
2738
1459
3262
1506
3370
2941
36
3429
2721
584
1058
2212
2122
3916
1725
3628
1891
1808
3047
1456
690
1682
3348
456
1852
1717
787
2672
3459
3978
1309
2516
3107
2684
606
3033
1935
966
2994
464
1299
3801
13
2185
3200
2682
394
4048
1998
3617
3686
4020
3851
670
1563
3766
3385
1246
1144
3032
1932
178
1108
2404
1762
2521
1429
926
784
1976
1880
2680
3863
447
857
217
369
2267
1883
2231
2013
1542
4038
2727
2187
2259
1685
1671
2625
73
1766
1201
2496
4008
3476
1952
3182
2075
2145
510
2253
3414
1726
2762
3281
3635
134
3734
1885
3949
981
363
524
1465
3301
2714
763
2065
2894
2437
2547
2000
2979
1092
1595
725
2046
3577
1266
1008
955
3436
3373
3222
1672
2819
2559
78
3547
1603
2016
1729
1126
34
3223
1578
512
3361
1443
2462
3984
1544
1096
2528
1275
2820
83
1265
190
17
2512
3313
2628
2664
1436
79
374
861
241
1411
2599
749
3112
1399
2769
318
745
1954
513
2492
721
95
3450
223
1831
3298
3704
1529
970
3433
2104
346
102
1903
12
1512
2866
3869
1565
2724
698
1810
1179
3217
1862
1824
2330
120
980
2751
514
896
2177
1927
1839
1488
2371
1365
1536
1497
2427
3887
813
1653
2874
3987
425
3985
2960
2927
2354
2699
2523
433
3240
3905
4044
3562
1315
2420
2265
1112
3374
1547
724
3690
2658
1874
3060
2190
2041
3899
1559
2858
2648
2167
862
448
905
3707
2416
421
549
4007
2713
1214
2888
1893
1819
2337
3070
3904
3554
2146
159
1550
2197
127
3898
2987
1628
2444
864
1307
4043
3492
1925
1339
1767
2681
1795
1989
995
3778
1478
1677
2282
674
1518
3642
2803
2485
2064
920
1606
2504
2507
2279
2133
2368
517
3906
109
2953
3884
2290
251
3652
3177
1859
3220
3153
912
876
3022
2365
1176
824
3954
2910
1697
3891
2477
2663
679
1165
1300
2868
3036
2785
572
1424
4068
3802
2834
1605
1676
4002
3142
3706
69
3692
3290
1659
3551
1774
2914
3046
3819
551
3852
1055
2775
4089
273
1656
891
1363
1524
3020
74
632
3312
645
844
2083
364
953
2614
822
4032
175
2832
3632
2997
2479
964
665
3980
1690
2748
1941
1640
2908
3830
3066
15
3986
1851
1042
2988
2632
428
2742
330
1792
3133
3096
527
3171
867
2130
348
3586
3225
2609
1815
3574
2589
3885
1373
3478
3246
4004
3238
3660
1982
1054
2109
4059
2382
91
3636
71
3900
3627
1125
77
962
3477
234
3572
1481
729
597
4052
3331
3351
2537
2186
1090
486
1464
3581
573
192
3151
2533
2750
1845
3176
1277
1009
2042
1986
491
1947
30
2603
1491
2461
1247
2904
3597
2469
1823
722
840
1242
1662
3287
1404
2005
1367
3469
3909
2526
3403
3737
4074
3922
1232
2484
1271
3549
1480
1827
4065
3866
168
1745
3623
2370
1991
2140
313
245
3874
3116
1272
2160
2014
1049
107
3337
4012
2970
4070
2518
1473
1521
1414
914
2818
401
615
2074
3098
609
2411
2817
2758
2759
2378
799
455
457
1546
3193
459
3095
1751
1261
1154
101
796
2421
1635
3221
1083
2860
1681
3440
2720
2302
3481
1121
2563
613
3773
1467
2476
473
499
1448
4011
1196
3526
2273
2155
3358
830
1420
1561
649
1085
476
3252
3028
880
1622
3201
2071
3969
961
3710
2443
1073
481
3928
183
735
1970
3235
2505
762
1253
3841
2836
2951
792
2172
2948
2732
2582
2774
3626
68
2935
619
2826
2435
3146
24
973
2308
4037
3789
1318
3013
2051
338
2045
1202
1074
276
1348
2608
2003
2313
2963
1358
3807
351
1734
521
776
1142
3398
70
2055
810
128
3936
3490
676
1834
692
520
1971
2835
1294
2787
1354
195
2358
3500
314
2574
1960
3487
3669
1395
3265
2677
3465
1110
170
1740
1331
1598
976
2295
3701
141
2094
267
1879
2457
2907
1184
672
309
770
994
1533
3655
479
367
3970
986
2676
1897
1198
2099
885
629
41
3045
136
3545
1721
2991
3685
1383
2881
2805
37
405
3311
389
3461
2349
2977
2217
1865
1979
3074
2865
2350
1889
1949
1288
294
1496
110
1829
124
2044
2694
1838
1887
2556
2590
859
1876
547
211
694
2451
3256
3323
2203
132
2906
2096
2480
643
2981
4035
2176
1679
277
2048
3214
1305
3209
2502
118
332
1625
2261
1564
3566
2022
2919
2153
139
4086
4009
3792
3990
659
1543
3166
1514
2011
1103
3427
3158
198
1336
657
31
1722
371
1647
2325
3463
2249
1527
3489
1264
3889
872
2127
1304
2755
2039
1790
2297
431
2090
1645
816
2111
3359
4082
2047
3367
1556
264
2621
3975
2622
1881
3671
1742
2201
2304
2092
2144
1079
2486
49
319
2088
81
1130
1023
149
2270
1961
2792
2052
2895
3368
2633
2169
2126
626
2734
2156
1987
1355
3634
3109
2722
710
1138
1330
959
2407
2654
65
1502
1308
3989
325
4040
1921
3809
3735
3965
1922
1583
3540
2879
2688
2548
2887
27
1612
3714
2922
4016
2263
1425
260
1620
1872
1739
1185
322
3264
923
2036
3560
1393
19
1359
2033
1589
1284
3926
907
2743
4079
3277
752
2333
1453
297
3181
2513
3847
406
1283
1992
2729
3977
1216
2299
468
304
695
1161
3529
2001
684
3050
738
854
904
3751
1408
270
3730
2645
2636
2740
794
1804
1610
3306
2061
1712
780
400
3154
539
1835
1692
261
2565
122
2501
381
3721
798
3395
3253
1741
3912
2026
1736
936
897
2287
3883
1313
3941
2933
3207
59
2630
3524
2716
1029
1040
3839
4058
3347
1861
2360
511
965
717
841
769
3355
723
2113
3089
834
1043
210
3412
2204
3455
1252
3520
3307
522
1098
3052
1528
1188
1466
1580
2068
3555
3731
4022
3091
230
2292
2472
2399
4076
1012
2553
3672
402
203
2196
3768
1796
3416
2882
3232
2121
2049
244
2811
737
2924
3059
1735
3612
2954
693
1451
2992
1219
1256
1541
131
1204
419
1966
1240
3292
3656
3878
4073
1492
4094
3456
1609
4092
2100
3968
3997
1709
614
868
3709
2539
1985
3460
2898
701
1626
3604
2310
1785
9
803
3377
875
3135
873
331
2698
1233
3286
2594
2426
1419
3470
467
3752
2206
3187
1461
930
1016
2119
2837
1244
568
1627
1454
2283
3396
552
1190
3998
166
972
1333
983
3379
3933
3435
1837
2855
1447
1263
2182
3005
1444
2945
2244
1001
999
18
1182
922
1787
3831
2520
357
1183
2946
3850
4078
1153
1287
2086
3767
3861
3372
1758
3594
2442
3058
819
3156
4090
3519
3578
543
1732
3744
1637
993
1423
1205
2030
1417
550
1664
3125
2353
2566
1557
392
3030
3942
1237
1846
254
685
1757
593
3420
3616
2009
1912
2635
164
66
544
1652
1617
2754
1930
2631
3035
1866
806
927
618
2896
1615
1231
1118
2859
1396
3184
2429
2846
7
3178
475
1634
1328
3295
1749
1072
1427
978
1407
2847
3467
1522
3668
2017
220
3557
152
4067
3937
2284
489
3140
3932
697
2200
866
2525
422
3865
44
2072
1755
2575
1643
1306
883
452
1011
2798
3693
2193
169
720
133
268
248
3779
502
76
1226
1945
3105
2578
3389
1426
1397
1621
3673
1057
1122
3511
3995
1195
2661
3913
4062
644
2601
1147
2571
3249
2257
2921
56
1369
755
2815
2944
2791
323
3451
32
2080
484
1917
2693
1452
1599
2745
2659
2366
1398
137
429
342
1878
224
706
3387
3494
3261
1940
3576
214
1239
315
500
2673
3338
3950
2087
434
1840
2116
3935
2793
1696
582
3326
461
1931
963
3197
4028
2015
1942
42
1977
881
1080
345
2911
1754
1532
2438
3756
828
919
2425
2975
1010
2604
1797
3038
1051
2059
3708
557
3224
1582
3558
2668
2410
1286
3595
2372
1197
3175
3973
3236
2318
852
878
2965
1035
3341
1132
2135
3155
3743
163
2250
809
1803
1503
269
312
3324
3081
2719
2117
3992
3999
3444
1021
21
435
2123
505
2920
1268
4005
1694
1572
992
1537
3084
774
1848
3820
3516
2031
3532
1560
3705
640
2534
3122
2018
4053
147
3589
1257
2870
271
3493
906
2802
328
1469
339
3329
3829
2929
3274
1159
3245
493
4031
2243
2468
3092
1370
3827
1070
1597
3106
2180
10
3590
2962
2409
1278
104
1818
3917
3816
709
2035
285
874
3952
2579
2687
1482
396
114
4019
1611
3651
1782
1667
1174
6
3284
2615
3268
3248
1124
263
2538
528
2361
2020
1708
1909
1322
1850
1793
1091
3183
3383
2890
3423
2148
3100
3010
2510
2162
3531
1616
3782
2346
594
1575
379
2359
2452
2736
1342
566
3266
272
2278
3700
1281
2322
47
3948
1592
1934
595
3958
1158
2871
2271
1099
3471
2291
3728
1061
2450
129
3332
1245
4093
1343
3507
1994
2936
1551
46
2813
3291
3513
3988
3858
823
1900
278
3139
3947
3482
579
327
1088
2179
3169
1167
2822
388
368
4013
2131
913
1101
2301
3061
1045
471
1302
2079
3422
3170
2856
3308
617
3173
3509
1574
1445
3452
2220
2886
3325
487
1276
1324
1160
3619
630
2782
191
2004
1066
1048
902
2441
2897
2644
835
542
1378
424
3896
1387
948
301
3770
960
3873
1505
231
2825
105
743
680
252
403
3790
3327
2701
3570
3535
3090
817
3914
751
2274
3411
1600
2139
2495
3653
354
2531
1349
1316
2671
1661
3835
2733
2795
2422
52
3587
2784
3053
2384
1457
3437
2876
1644
3765
2884
138
1902
1458
814
1187
258
2824
2524
1468
2930
1050
1800
2998
3750
3394
449
450
347
1279
1738
637
1805
1360
1030
3854
1980
2695
3226
3895
3583
691
3322
2115
1523
2021
3897
2985
1958
2939
2210
171
1956
1376
3073
2413
1968
2741
1841
2428
1669
1724
1152
1156
1638
29
3853
1274
418
186
3128
3056
3888
2006
1778
2610
161
3882
575
3981
3336
4095
2449
748
1341
1904
944
1908
3357
3314
1856
410
284
2606
1361
1558
2494
781
240
712
2971
2613
3333
3195
462
1577
3855
1860
3908
892
3860
1886
1406
2986
1449
3624
1236
478
3641
1024
3051
714
564
3674
768
219
3675
2903
383
2600
842
1056
1087
1535
2872
3443
3234
3498
1786
893
911
554
2983
2383
3065
302
1171
4039
242
3689
2459
490
2853
2864
1868
3537
3711
3991
1666
1555
4029
221
2955
1836
677
903
2691
1649
3838
2252
2761
1614
3263
1844
2255
1843
3720
222
2956
2821
2415
2351
711
3382
661
2808
2207
1292
215
3108
292
3664
3499
3350
3270
3843
3703
3134
4054
3275
404
1267
2598
1319
3598
3049
2247
1321
1351
2952
2844
558
3
3255
2050
3401
1191
3062
2473
160
1041
807
2242
2596
3876
257
662
3713
3131
3503
3872
526
157
385
1135
3132
3137
2561
3512
704
4080
1151
1918
1441
998
1392
2840
3027
1654
1384
1317
797
2136
3702
3910
3676
2327
2198
2909
204
2010
3259
3761
888
3093
3966
2585
3251
716
2392
2032
2491
2401
1825
898
3971
688
142
2329
975
1039
4001
3544
3315
20
143
3449
3328
1422
3121
1573
298
1788
1036
1000
851
2214
1137
1867
3983
3740
75
3741
3840
1335
3023
1345
3421
2120
3335
756
2400
3957
3755
3016
2851
3915
2973
746
1230
3434
1548
655
915
2073
3510
2626
3102
205
237
2478
445
3662
2340
1520
931
605
1212
3418
2763
3738
2646
910
1639
3808
3943
2968
1641
3654
700
2634
1017
3129
3643
4063
1727
1193
1298
3085
283
2990
2433
2398
3561
1113
3959
1576
25
3031
2328
1701
1552
1413
2233
2054
372
2678
2611
2712
942
541
3369
3293
696
3956
2338
3573
494
1955
362
1476
2342
2192
469
3716
472
62
3670
622
3288
465
3402
427
1888
3946
820
3218
58
4055
2801
1779
2171
1820
2905
2655
1340
1499
2240
229
1847
352
935
3231
2374
1489
2511
2584
3758
477
3378
2708
1892
1775
3856
2972
485
173
2281
871
1078
3453
1816
2848
2605
64
1760
1648
1347
2369
153
3054
754
3844
1633
1545
1806
651
2961
939
2474
3205
1493
2660
1106
2776
2288
971
1972
280
2900
2465
3144
2058
3777
1983
3697
3757
3548
326
1693
88
89
832
783
707
775
2767
1832
1403
2405
3088
259
1389
3605
3799
1145
202
343
1771
1192
2097
2891
2757
1842
4026
2205
3483
4069
167
827
3859
2779
1914
3745
1062
2828
409
3976
653
3172
3747
2436
1037
2355
3804
2388
3556
2112
483
3621
2202
1479
3864
1710
3821
4077
1215
730
1224
3719
2697
506
855
119
772
2303
899
1093
177
1014
518
1540
3633
1301
759
1668
2440
336
2568
2995
2588
884
3185
3004
320
1255
2300
2345
3553
3666
307
849
2025
1046
2166
3141
1022
2974
1207
3931
900
60
2393
2849
2379
451
2506
84
3371
2957
2385
742
1164
140
2567
93
3798
3353
3082
793
2224
2377
2503
1814
1877
2028
1996
2237
1223
2238
753
4047
1515
356
22
1462
1082
295
4051
262
3826
863
2367
1911
825
4017
2768
3645
3466
2649
642
3342
286
3381
299
3309
94
443
454
1371
349
805
1772
2980
187
3484
870
3410
739
760
3565
933
2138
3927
4087
3538
949
3625
1475
1293
837
3680
943
2690
941
398
1067
3393
3683
689
239
2656
3386
2925
4066
1768
4033
148
361
50
1434
123
458
3727
1920
300
3923
2230
2934
340
703
2191
432
1579
1500
2105
266
3886
3067
2008
3094
764
3698
559
1075
996
2883
3739
702
324
380
1391
179
1439
3285
1282
1789
4045
587
1950
3638
1937
3780
1483
3024
1368
607
1259
232
408
1539
3405
2037
2796
3167
1593
4003
3579
3186
1177
415
218
3794
2081
3521
974
1513
97
3276
3194
699
2730
293
1809
2551
574
2464
4061
1357
3601
3241
3320
2651
2239
3113
3602
2710
3733
341
2587
184
1715
3083
416
4088
1262
162
155
3126
3257
620
3340
560
3584
3297
3039
35
3302
3559
1382
3775
1206
3003
1698
3603
1139
2418
121
3424
2417
2949
2932
2280
3812
1658
3682
150
858
3080
879
811
1801
2380
2612
1064
1773
412
1723
1618
1172
2332
3862
3607
3684
2723
1410
2276
3117
3504
1337
1730
4015
2334
3813
3495
2535
548
2937
2831
1699
3432
2057
2877
2470
3805
1210
2657
519
1756
968
1394
1748
376
3233
1060
1364
413
498
1311
2804
411
3542
1033
3637
2490
3019
265
1327
3168
581
1707
4050
1310
850
736
1326
2183
53
3695
2662
2311
3488
2236
334
3955
1770
1871
2085
1157
1435
2665
1168
1018
3785
1895
255
1186
569
2602
1334
2696
