134
4014
1852
4016
2443
1322
801
2898
40
1564
4090
2577
3694
3953
3623
2016
4057
2779
2181
3186
1897
3258
657
3537
2536
1191
2614
2664
3715
914
2216
1107
1052
3362
207
487
4049
2397
539
2236
1279
592
2751
3828
2365
2184
705
244
404
567
3049
861
3180
4093
103
1951
2158
104
1971
3662
432
1085
1029
3315
1284
3363
615
1650
1522
199
330
3896
981
681
2472
1824
830
2414
2975
554
3801
300
2943
1422
1546
792
1825
486
1726
2706
444
796
2989
3165
1552
1592
2615
3140
627
3091
77
3230
3115
2794
2407
3565
632
3717
2148
2454
1898
2411
2429
438
679
2868
1321
2553
547
3364
3099
3025
3737
1648
127
566
2773
1036
1398
37
1363
1055
970
1513
47
998
1593
3286
3087
3005
3240
697
1887
2636
3298
3608
1770
2851
2224
921
1942
2669
1462
740
408
569
1065
558
1314
544
365
255
1706
3084
1403
3500
2264
1826
472
90
447
3590
1153
3027
1649
1796
2324
2501
3145
3890
1022
4001
314
2756
2814
3422
4064
1985
2990
2427
2094
434
2912
608
680
1034
3153
2554
3445
3557
2656
2232
777
2893
818
2018
918
2505
927
2517
2955
2408
440
2692
2231
3507
3477
2355
1850
3245
2308
376
3427
2267
2795
2193
1369
1874
3351
3125
2806
2877
188
1134
2006
354
3210
2619
1586
3946
1031
1023
825
3491
1426
2518
150
727
958
2000
327
931
976
1259
2802
512
1900
1304
2138
779
426
669
817
2107
903
263
1392
2556
3184
682
3316
1764
873
1718
1179
1541
2801
3666
665
867
886
465
1584
1425
1356
353
2340
1049
2655
877
2239
782
369
2507
1778
2947
422
1375
2045
2529
4071
1879
3658
358
3513
235
81
1000
3670
359
66
1139
3989
698
537
2717
2240
3304
704
1180
3486
2882
2539
2039
1411
2128
3067
997
3860
2603
2202
3578
3387
1060
1427
2823
3734
2093
249
60
3228
3941
1542
3845
708
3297
68
2711
179
992
3501
3567
2679
1067
2696
1831
4075
2007
1746
1274
1672
1271
392
384
3320
2855
3997
2005
3966
2159
2403
2641
3068
1707
1628
1616
290
3308
1670
1771
571
3457
540
3232
1192
2312
1486
1476
624
3041
2643
2767
2477
614
3869
858
2178
2842
3282
2341
2167
2088
1671
2367
6
1518
4005
1140
552
2478
1656
4084
821
2551
973
807
1349
1744
2718
1467
1545
668
1177
2562
219
3619
3745
3448
3164
1923
3931
925
3996
4
1123
1307
2387
1092
443
3163
2393
2470
83
2266
2273
2054
885
1421
1362
3396
3481
173
3155
800
57
2674
3609
3013
869
542
3209
3889
2807
1909
3576
1919
4011
1303
1251
12
2927
852
310
1184
3333
710
881
2525
3403
3267
3654
771
3783
2753
441
602
323
652
3765
7
1026
865
3516
1679
837
470
3663
890
3102
2909
715
1585
1849
78
62
1762
3433
1980
1543
3842
2028
108
3787
2683
2778
3374
2861
2176
2426
2957
1642
3000
3327
1377
4044
3092
3306
1248
1287
3967
3317
2791
1547
428
3690
3101
678
3566
2968
378
2072
3678
2098
1577
260
726
1061
2886
3776
1801
3160
287
2956
2298
1118
4010
1580
3952
1438
2760
1058
1833
3340
806
1407
494
3178
1993
3428
2421
1643
3156
2932
2491
3410
433
1199
3399
941
4042
2021
2230
2277
1237
2145
2635
2920
277
2071
4068
415
193
1910
2327
3827
1013
1197
3548
14
2133
1275
3382
2316
51
4006
1963
644
1565
1554
2582
3831
2031
3242
2169
336
2579
400
1324
2135
2102
2548
3388
1984
1450
2189
1727
309
3733
3749
1202
318
4031
1869
1105
2747
706
3777
274
1223
1560
2194
1811
3020
2371
689
246
1640
2008
2201
648
398
2938
3506
3032
2058
3518
752
3874
3597
2334
820
464
3849
3612
2377
2190
3002
1705
1913
3556
2624
3812
3356
1116
2323
2929
3029
3867
3852
11
1665
1810
2433
2004
2100
884
2918
1001
1296
1395
3722
3460
3023
2781
664
1969
2314
2503
3922
1262
3384
1464
1163
3691
1904
1787
1581
549
2009
439
2574
1291
1922
2701
2931
3918
670
1080
1252
653
2385
2700
907
2881
74
960
2208
3724
826
129
863
1800
3544
2793
526
3117
1494
1040
3606
1696
3732
3391
3261
2571
2644
2702
2109
1104
1399
2066
3883
1353
2139
2843
3116
517
2549
1510
53
3807
3353
1539
1774
2984
2763
3499
2074
2475
4009
2073
1336
3569
2310
572
299
2737
1386
1948
2
99
3564
469
355
2446
2432
468
2616
3558
2550
1933
2558
1950
1225
587
3311
1288
2928
2590
3627
3819
3898
1931
951
1364
3956
1302
1729
2759
1644
2630
1497
662
3601
3692
3839
2647
3778
3408
110
3380
3432
3559
2405
1610
2772
1183
3762
3863
1345
2306
1374
2646
2261
3418
2708
2391
2638
2865
3780
1753
2521
3520
1987
2523
3547
1267
2961
3010
307
728
1682
373
2085
3191
2627
2543
1468
3097
2380
4092
1127
3990
3138
2099
772
1319
2487
2537
3911
1624
3515
1458
599
642
1406
3719
424
1655
265
929
412
1932
2319
1292
3206
13
3699
2926
747
325
3847
1814
167
3949
3073
1666
31
2966
1442
2179
3977
3290
4062
634
2768
409
1823
3524
2850
3136
1236
1708
2117
3482
52
2017
2029
1608
449
853
3406
759
601
3830
3616
1089
3642
1915
1338
1113
1891
3487
39
803
1781
1081
510
194
1175
3806
694
2047
1445
1549
3497
391
2463
1882
24
1347
538
3028
248
72
3236
3057
2396
1596
2634
3310
4055
3076
2292
1376
2228
814
3588
1813
991
4035
3294
3170
1016
1842
2095
3921
4070
2516
2628
1477
1777
3653
3064
351
3280
1803
2465
1498
4048
3793
1773
516
1702
2390
3451
58
2160
4056
3605
2440
1934
1976
1418
2173
2946
856
2936
1641
191
3344
4088
1469
1077
3916
839
3820
658
3339
1276
3288
481
2766
2992
3598
829
145
3495
196
1246
3774
1725
2716
3147
3322
2468
1728
1317
2744
3840
2090
2144
2001
744
3373
2492
1844
3272
904
630
3629
1526
1945
73
2789
731
3063
2019
1685
1742
636
198
3440
2283
3866
213
935
4050
2511
1263
1738
2743
3650
2621
1920
166
1661
3070
3752
76
3709
2864
3416
2328
3383
2587
2797
3707
2917
1268
254
3393
3553
2900
2734
1206
3932
2844
2349
2269
1674
2755
2907
138
1883
673
2125
137
3943
649
2322
342
2835
3024
3604
1300
3021
842
427
1924
2969
390
3676
2569
3613
3843
696
3489
2948
338
793
3048
362
128
4045
3814
720
3204
2848
1703
1626
361
901
3060
2944
1841
3420
1119
3583
2589
1515
1949
272
2963
530
663
2225
4078
1566
2424
3648
2041
377
2473
1122
2566
1793
1884
2400
3816
2520
2895
341
3331
2530
3905
3595
3800
836
3443
2777
311
2632
457
1482
3017
1475
1602
2746
180
2386
880
253
3954
660
3929
423
1511
2904
1694
3468
2642
3568
3301
463
2534
334
1941
3527
1193
3379
557
1968
934
3529
10
1069
2038
2451
2547
1496
4038
3169
289
1805
4054
872
98
3983
1896
847
2065
1481
3225
581
3577
1853
3150
989
1331
1441
292
1821
1548
999
953
2494
2531
798
2037
514
1318
756
2809
2639
352
2645
1912
202
3305
3550
1230
1429
1431
911
3154
893
1555
843
1326
4066
3584
1024
3266
3253
3171
1716
1201
3348
2818
2506
2821
2147
1200
2546
3647
1358
621
1277
2522
1211
107
303
2508
2186
3897
583
3131
100
3179
3283
898
878
3681
1757
2140
2945
1042
115
3439
2024
2455
1530
1712
3018
1143
2845
165
1240
761
2103
2831
147
1249
1393
2358
3963
3714
2317
1316
1752
1864
3538
3162
2654
1167
4008
3142
1204
1704
2307
1689
1529
1867
3174
1881
2686
3886
1328
1355
1531
3182
1591
2416
1135
2714
1220
1295
993
2833
1293
4025
278
3792
3944
41
3498
913
3372
661
3110
610
3702
2108
618
2837
135
764
407
2982
1484
2657
1415
2623
1028
2242
2705
805
3436
3562
3352
3235
1444
2120
3549
1961
1701
1074
3358
35
163
2336
3419
156
1478
1428
978
1572
995
4080
2357
3090
2172
2428
1865
2132
2609
401
3868
2788
1479
18
1142
3742
2660
1212
3190
3069
467
1492
1668
2480
1889
1943
824
116
2394
719
2113
3723
2653
122
607
1995
182
1676
2464
4073
2398
3982
3971
2726
2827
3001
3747
1830
1273
460
518
2805
315
2166
3466
1870
2592
3175
3509
3052
3342
1653
294
2602
2467
603
1982
2458
3222
2916
2435
2156
3925
1351
1136
2217
3319
1141
306
2381
551
2915
2564
28
1507
387
2512
1417
2352
3928
3700
560
1413
2305
2401
3325
141
1491
1730
3731
1382
3303
2723
174
3334
1901
3841
3628
3296
2136
1939
357
2247
2923
968
394
4027
3834
3991
1129
3640
3999
3157
1713
1519
3414
827
1789
2155
3574
3607
3264
912
2321
939
1400
1327
2040
2599
2880
3318
965
1098
3677
1866
1099
3563
2203
4053
926
3798
3596
2115
3219
693
3279
1306
2952
707
215
2101
1737
3299
3705
1550
2527
1677
996
2649
2301
2206
17
2985
1226
3661
2353
2733
2257
3098
2704
2949
3188
2287
2719
1282
3871
2617
2338
2600
2498
568
4020
3398
1630
275
1342
3417
1747
1222
3848
114
1227
1159
3818
4037
455
1999
2502
2670
410
3760
406
2871
656
2736
3781
2980
2540
1632
1639
3664
1483
2495
2729
1231
3902
1471
3768
692
2333
2607
1017
3058
1447
1954
3772
2752
1466
501
1508
2798
3183
2282
4030
3810
1266
2584
3392
3825
1010
732
3151
85
1903
3881
846
1928
2659
795
2601
2490
3620
3618
181
3725
883
3223
2673
3004
3337
2027
1829
385
2141
3743
1057
2913
1437
2754
683
1348
1544
3456
2335
3375
3865
2089
550
2993
3314
3728
3367
322
1998
3263
238
944
3809
2063
1684
3251
402
416
1938
102
742
251
2020
3424
2130
1627
1405
2555
1609
2053
721
1797
1720
3053
1582
3906
575
3771
638
2728
293
2198
2212
949
3788
371
690
1647
2588
169
2605
1698
2170
1997
1955
121
589
2509
1390
2076
475
1228
559
1487
34
1046
1082
783
2417
1763
3862
1224
835
3909
3651
3148
1893
3942
1994
1847
3453
91
305
431
146
574
1495
1788
766
217
1006
2667
3961
3042
2258
2780
809
184
2911
2378
462
3275
2902
33
3173
419
2127
3346
714
582
2395
915
3821
142
2620
611
3359
3241
3192
2856
1117
252
3535
2453
641
594
3985
1434
2834
1573
775
3785
716
3065
2087
3329
948
2967
1379
2813
498
1563
1651
4040
1158
1571
2832
3462
562
2151
44
3552
3522
2122
2713
1646
161
1888
1133
2978
2272
2064
3947
799
1473
709
525
211
2612
2500
1389
3111
546
2661
1435
3121
2187
2640
3369
67
3802
144
349
2015
955
2819
2687
2245
347
425
3756
2399
1091
685
848
972
2608
2533
2174
3611
2026
313
1182
228
3875
3935
1103
473
2153
1385
1892
1966
519
1308
2836
1323
2496
3389
2191
906
1859
232
2735
1448
3540
2689
3505
485
1195
1967
140
1588
1401
3824
273
3008
938
1051
1232
2466
3208
3779
360
1187
639
3430
3449
922
3637
1532
2291
2873
3014
216
2164
3870
646
1402
1120
3976
3751
2096
2872
75
42
3712
1894
543
508
2611
2347
2032
2014
388
1663
1062
3172
1391
383
2854
1837
3033
876
684
3455
2002
1474
527
320
1974
3469
1337
751
3711
2652
1161
924
700
1148
3284
2354
3959
3988
1014
1489
337
2878
1250
2544
712
2561
3496
2675
3748
2034
1538
3970
4051
1862
3338
3143
1207
4029
2650
3357
3998
1215
3912
276
2104
3602
1569
3323
1090
950
2220
3307
1453
2593
493
117
175
738
1166
3546
2887
3161
1190
1673
3738
1446
1205
2633
667
1741
3309
197
1354
3791
4028
767
966
722
1776
3995
889
2303
2485
860
3461
750
2207
504
3857
1416
2976
1004
1121
1410
3479
2681
576
3684
1693
2658
178
743
2622
609
711
2666
55
741
3586
2732
3113
2585
1021
1043
1078
4089
1387
2279
2874
3328
3833
2238
3919
3112
2423
1070
1871
1038
2691
2739
130
1739
790
1944
209
2934
1855
3904
600
223
2318
650
909
1460
158
4081
3109
2841
2221
1662
2233
3521
3158
2782
344
597
812
3100
2987
3442
1151
3665
2493
256
3503
3397
1372
1678
2618
1102
2757
483
980
1925
2373
3526
1194
3195
1512
962
375
1509
3589
3050
654
891
2142
1170
2715
3531
1735
2869
2419
1843
3054
2541
4069
1799
148
3591
1657
4085
831
3378
2879
2697
3343
3019
1456
1311
2215
1114
2457
674
521
2163
3347
1333
1992
1583
959
2790
1520
3127
1808
3656
1298
2684
1408
1137
3273
2434
3039
2910
312
1229
3600
2199
2524
3446
2812
1917
3072
112
3270
3688
2171
264
1604
3721
3784
340
2573
3295
1559
2651
3730
1490
1914
3754
204
3720
2149
2448
3873
813
2552
4036
437
1772
101
1208
2808
2069
1365
3644
2730
3285
3579
2180
3832
3893
2325
2922
1857
363
2483
535
1361
2497
2885
1597
3411
2960
3211
2924
1911
16
2444
1301
691
1054
3435
237
957
1760
3438
1906
1589
1297
3031
3892
1783
2815
280
2077
718
321
917
1156
1977
675
3082
231
2859
399
2055
687
1845
3571
1073
1719
2337
2460
919
297
1638
3599
1027
1397
3473
233
1680
3993
1759
1145
3441
3968
350
1798
3123
3268
3376
1908
3510
3716
1792
855
737
3622
1558
2724
2939
1791
1025
2219
1743
2265
2131
152
1
513
282
2362
2694
20
59
4091
2786
1093
3080
2304
491
2870
284
3759
3655
3667
588
2082
3955
3901
160
1233
1578
1652
1946
2513
2137
3291
2436
2921
3610
563
1352
969
3965
1625
1112
789
2991
2586
3075
1265
1007
851
2364
2631
724
3006
4019
3326
3015
56
2146
3980
2256
1868
281
2775
364
1619
787
2456
3152
3404
1590
2110
1283
2241
3122
4023
1162
875
1041
1245
1736
79
2770
1732
3775
3829
414
987
3964
3686
1178
1621
205
1216
3056
2914
3377
1930
2997
1600
3095
3480
19
778
1779
3636
2204
3227
3853
977
1350
3668
3354
247
1059
374
3434
811
3789
1472
1360
671
2270
2822
637
3669
1255
132
2901
3512
3257
688
605
1809
3234
2361
804
63
1020
1280
1731
386
2771
3570
677
131
1535
3992
302
2118
2575
1822
3474
1420
2234
1517
3750
1890
3212
2578
1050
2745
1858
1929
3978
1595
1383
845
3429
3643
802
3003
3927
1989
3205
3107
1152
1130
3790
1947
686
2260
2382
952
3402
570
897
1860
509
2570
616
326
797
3913
1556
2112
3336
4017
2479
500
1332
3659
3639
1761
3086
936
3248
3836
3972
956
478
1063
3371
3492
3130
1394
1700
2459
2445
585
1990
492
579
2046
3124
1587
1622
3135
1806
3400
3265
910
2826
488
1343
1537
659
2972
1033
442
319
1384
3226
1633
3103
1962
3277
65
3926
1011
339
88
3580
578
2329
1692
120
1315
3735
3167
2295
331
1209
1241
3366
1160
4074
139
1253
2919
1357
155
2452
2251
2209
1086
2281
3973
3083
1433
1169
2665
1722
1423
3696
3166
864
221
1576
758
1775
36
2129
3463
453
748
1131
3794
699
1838
2437
2758
368
1724
1854
271
3494
3176
2420
2977
1218
3470
633
3769
3631
3431
2596
2876
3887
3250
2563
1717
902
459
3532
3421
3215
3233
2703
1936
763
4060
1457
1551
1165
1076
4003
3838
2863
82
604
1579
3199
3951
2695
3034
2742
2450
1623
3587
1003
2557
2254
3074
3861
3864
1242
3040
3262
3395
1634
25
2326
2672
1683
2084
4076
3796
1108
2572
164
1611
328
3753
971
3313
262
595
3718
356
446
3324
545
2035
2372
3994
269
502
3133
1097
3287
515
1329
1344
1601
3803
2858
3289
3413
2999
471
2235
3386
2285
3274
4000
3467
1691
345
3444
1290
2461
695
2223
1096
982
964
2504
258
177
2415
3744
1956
2720
1335
655
2079
1878
823
1991
2410
2930
785
1419
1480
1681
3464
932
1688
3079
417
3022
1503
2315
1695
2803
895
1018
1037
2183
2271
2568
2668
2613
534
4065
1790
3710
954
3551
3592
701
3635
3229
1264
1380
1334
206
183
2762
2294
3957
565
3758
3012
1373
770
791
2229
208
64
1009
2685
596
2662
2351
23
961
220
3835
979
1721
1155
2799
1873
113
2581
3786
2738
3876
3815
2820
3108
2025
172
528
622
489
176
3685
3260
643
765
2677
1667
27
3561
2431
1607
1278
1562
2610
3078
1172
739
393
396
967
2648
1505
1540
2741
239
242
984
296
2143
3594
1088
994
780
3330
499
786
3409
1629
651
3292
3011
1488
4041
3687
96
2331
676
1780
3837
192
2606
1570
849
2284
974
2965
3238
1927
3945
2894
3224
3854
3903
1368
2003
2296
1553
479
1157
2275
3767
218
870
2488
3447
4021
2022
1455
1612
22
2604
975
933
988
647
2462
3958
2402
2950
2262
1150
227
89
3368
857
2840
3615
298
2376
1258
1047
3882
1186
730
3128
3517
5
541
2884
1749
46
828
2052
4047
1635
1106
788
162
1832
887
561
590
3813
2205
3770
1196
1861
2896
3026
586
4077
3729
1819
4086
421
1863
2226
640
1617
1964
497
815
2165
1504
3937
3920
598
617
1294
2067
2175
2080
1101
2091
3680
1210
1953
2356
367
940
458
2360
3196
1272
2369
1758
1147
87
93
1203
723
268
1110
1658
2252
159
990
1465
1286
3203
1470
920
1412
496
2862
2765
86
1637
3525
2243
2676
3822
3355
781
1221
1699
225
3194
580
3736
3572
1500
862
3426
3146
2185
3542
3739
2727
2545
1907
3071
3632
746
2342
1005
1171
2188
2097
3554
3177
3938
1827
3216
1310
4063
3660
3051
3907
762
1115
1493
2962
3220
3652
9
1528
3485
2177
370
1886
2320
628
2811
2847
1409
3575
1168
1002
308
2764
1144
3908
3915
1978
3134
3981
1459
2875
1256
3934
2246
2954
3181
2388
382
2036
45
133
3708
2049
3139
3508
1714
2998
2309
776
3698
1094
3425
729
2280
1986
2783
3394
882
3016
2499
1561
2838
3415
2710
84
3476
1970
1100
850
3475
1594
769
154
555
1895
3969
1238
1981
1872
985
1840
2302
3045
3038
736
945
2237
3706
3811
250
2313
3844
243
511
1071
1111
3332
2663
186
631
2682
3243
1525
3104
1710
8
3914
379
2051
346
3247
3046
109
210
1346
2774
841
3891
1675
2986
2776
3465
3856
3514
1880
507
1636
3407
532
1188
234
536
2474
2300
1574
1189
506
3582
1836
2425
70
3202
2528
2126
3293
3213
1769
1812
279
241
329
892
1261
2598
2278
32
1219
1056
3888
2192
3704
1686
185
2725
2011
4024
3878
2290
822
2200
332
2060
168
3695
3231
2846
768
1533
753
212
2769
2213
928
1289
157
3271
2671
1072
1502
3672
3899
3007
619
1877
1615
2374
2852
3795
1325
1937
3603
942
2253
3214
2580
755
3979
2867
2830
1711
1404
214
1848
840
1959
270
2626
3066
874
749
1815
3703
30
3536
1905
2983
3894
3221
2311
2560
94
2111
3149
2538
2081
381
1620
21
1381
1523
2883
3471
3312
2707
2168
1940
774
2804
1075
3693
124
606
3846
2515
3218
3545
2482
1527
524
29
3118
1745
3855
2889
3910
119
1213
1958
1834
888
2731
2994
3850
1935
26
2892
529
3037
1146
1454
3239
3044
123
3302
2597
548
1575
2484
2092
3478
2012
946
3960
2030
3105
2829
564
3254
2106
2384
1839
283
2413
2152
1973
3757
1501
3872
3472
3193
2042
3452
983
1960
1064
2849
871
4067
2062
1313
2839
2050
866
3009
1975
1044
49
713
71
1330
556
626
2359
899
2953
3633
3493
3528
3697
4004
4061
1613
3726
1631
3626
1599
577
3189
4018
1414
2348
2519
3933
2974
1087
3649
2121
1782
2749
3269
3701
1756
2937
3673
2070
4007
1084
333
2678
1766
533
1424
236
2297
48
2824
203
1768
2299
1786
222
3488
3671
2157
2476
3766
105
1371
1748
1606
3088
3879
2244
1514
3533
1733
3187
1463
3519
1138
1567
1835
4015
4072
816
2422
1359
2888
2526
2951
1557
1235
452
3727
106
3207
286
3689
3321
1983
3047
3764
2629
1388
143
1818
3885
3641
1972
1173
2056
448
2214
734
3244
285
3341
1312
1846
1709
2637
937
435
3200
3085
2471
2792
3484
2449
482
476
1045
1715
2263
894
1083
4043
3255
1524
3581
291
3437
1234
2698
3035
4022
1285
3541
1366
1367
3826
1723
2161
4082
2078
3511
1660
1239
343
418
3237
2368
810
95
2800
151
403
3335
451
4013
395
1734
1521
2345
1614
1645
3534
2075
3805
372
1461
2796
3201
2154
672
4033
1035
3096
2343
2363
3094
125
1436
3880
411
1851
3278
1916
2211
834
3405
2979
2853
4034
2810
2576
794
3132
3159
2750
3198
1804
224
4058
3349
4083
754
2375
2996
2293
92
3657
1243
2339
2197
3624
4052
1019
1257
2286
3370
2346
2583
963
1516
620
3089
3126
3560
3621
245
3
1154
3106
3120
430
2959
1008
2817
3502
3539
879
2988
2083
2595
1885
2559
1378
3450
2114
1068
1309
1902
2033
808
923
2567
2255
1952
522
2693
2970
3281
230
4087
1979
2857
2116
1654
2565
1443
702
2532
1794
1247
316
2825
0
267
2891
3638
3036
2933
2389
2439
201
3895
3877
2105
2740
2013
3773
3630
171
259
1030
1785
420
295
3986
1767
2196
3634
3043
3137
2366
2709
480
2899
69
2489
3345
2925
4059
4026
3741
1452
1198
3059
3062
584
2218
1269
943
136
3674
2971
2481
1816
1605
3859
2383
760
3412
2404
930
2748
1015
397
229
3884
3350
2905
3144
3679
573
3276
859
1149
2447
1659
2680
111
3984
2828
1126
2182
1176
1449
1032
3573
3939
520
1125
1988
3987
2289
1012
3543
838
1536
2250
553
3385
3458
1339
2486
1802
2890
1921
2721
3761
2908
3974
531
1066
61
4095
2344
3030
2268
2392
725
1485
1996
1451
2958
15
1875
2274
2222
3923
2086
3804
4039
1690
2406
1048
3361
757
3940
304
1687
635
1053
366
1440
703
2150
1281
2940
2542
3645
1795
3114
1270
1305
389
1918
3585
257
1164
2057
474
2119
3185
3763
195
2787
3808
1299
3381
126
735
3900
2249
3141
2942
593
2785
1817
2816
2469
3459
1957
3490
335
413
3755
226
3917
2276
466
2412
2044
1185
2227
2712
2259
3617
50
2442
2350
2903
1499
908
1754
1618
2973
1039
149
3077
1603
3817
38
3390
2409
666
623
868
3782
2514
3055
153
2591
436
4079
1740
3081
591
819
745
2699
2010
3249
1664
2981
1181
3713
495
1341
844
986
2418
612
2048
2195
1244
3252
1568
2866
905
3093
2059
613
454
3936
896
240
645
1807
1254
1174
200
1669
1765
3197
784
2248
324
1217
2162
717
3217
4046
773
2860
1340
625
3948
3061
1598
3675
1697
445
1079
3504
3646
2061
2288
484
3168
3483
3930
3365
2688
450
97
2430
832
3360
854
2210
1750
1109
1320
2332
261
4094
1965
3119
3454
3523
1370
187
54
3950
266
288
2594
477
3625
1506
2722
1926
80
1820
1899
3256
3401
2379
456
2784
833
3740
2761
380
2995
733
2023
1124
189
2941
3129
3975
1876
2438
190
1828
317
1534
629
3593
118
900
3300
348
1260
2535
2370
1856
3555
1784
1751
2625
3799
2330
3746
3259
4032
1132
2124
4012
2906
405
2123
2897
2043
1439
2964
2935
916
3858
301
3530
3683
523
43
2068
461
3797
3614
2690
1396
1128
1432
3423
3246
429
3962
1755
490
2510
503
1095
947
1430
3823
505
3924
2441
170
4002
3682
3851
1214
2134
