4006
2252
2480
1534
197
3248
3802
1579
74
200
1885
2608
3855
1338
2836
1773
2446
3995
3525
3277
3179
962
3348
2939
2788
160
559
467
2821
3743
3315
1315
1718
1337
505
2116
3010
3462
2709
511
1847
1725
29
2021
647
2161
2046
1195
3809
3225
1458
1906
976
1659
194
1790
59
920
3974
1662
2619
1093
1988
3320
3732
3243
2110
1064
626
3339
2904
1601
3757
286
1971
2722
655
2772
3800
3828
2529
3570
3296
1243
2812
1421
2986
3655
2850
800
1977
3468
706
2181
22
1025
2399
71
1992
3034
670
3872
2113
525
3841
3870
3017
1688
3943
4074
1782
2051
2182
2887
1379
1504
892
2044
2626
163
3728
3946
2810
1128
1087
1483
2337
2545
602
656
3349
2239
3624
4081
3062
4036
2885
1374
103
2483
2663
4013
5
3744
3305
1159
3480
2163
3316
1845
807
2095
3921
273
106
3270
720
3087
325
3727
3353
1674
234
1389
728
3
3018
1835
1756
1661
1741
506
1122
2283
3806
3850
1073
1924
2646
2136
2029
70
3649
2782
4028
39
402
3642
1722
363
1672
1517
2023
3197
1933
3582
32
2901
1272
2323
3646
3955
3768
1102
1491
2215
2421
1995
1841
2892
2188
297
2236
367
1566
3648
1526
3874
2840
3960
538
406
2549
3281
2533
1323
3004
3523
1460
1763
2193
2040
2387
2019
370
3043
2055
3601
6
2145
838
2375
2476
204
625
3012
2519
1202
3629
4077
3844
357
3327
2065
1199
1048
3011
1896
178
2661
2547
936
2133
1764
2975
52
1993
1310
440
395
65
394
2831
2753
176
1099
1373
452
999
423
2633
2512
942
2611
2920
1585
3965
2106
3725
3857
3082
3428
454
988
2309
1794
3301
2866
2674
1278
1253
3157
3893
3378
458
2736
380
1117
1874
2672
2532
3928
2960
1026
716
705
73
1362
1143
1593
3374
1470
3238
1241
3868
459
993
3127
1327
2616
3176
2184
3201
779
1753
3138
1883
1111
937
3966
1787
2909
240
2011
425
157
393
2577
2381
4032
214
1455
2735
1443
2105
2503
1998
635
872
2592
407
703
1927
1387
3999
1595
1273
2552
2127
2243
1420
3610
2673
1736
2180
2052
2
2902
1142
4005
4003
2799
3692
320
1982
3350
1755
24
3255
1855
972
2881
2424
457
1301
3183
3772
507
2464
280
3260
2944
2938
2203
2726
307
3030
164
3972
1365
2862
2350
3009
2993
229
617
2371
1518
1872
1985
456
3054
2704
1145
1884
2931
1581
2388
3071
4001
1531
1897
1868
3450
3751
1312
3673
290
2232
3291
2778
3328
802
2769
3687
1198
591
2658
1714
1572
1792
1567
1290
1279
1888
3836
3951
3788
3901
1552
1252
2135
1759
2604
1811
89
729
603
3029
1441
2079
2965
2228
783
2818
1137
879
983
2453
1038
590
3377
1686
3312
3814
2115
4055
2601
3244
224
2496
1277
2436
2112
3989
926
3340
2654
1852
659
2614
491
2567
1677
3780
1435
1656
2962
3427
2074
4058
3735
1496
946
2015
283
2443
1804
3066
4080
1118
3360
195
1147
3789
3979
138
2842
3140
165
1515
2208
2053
364
2628
1205
337
4061
2389
1511
3505
2076
2978
3149
1348
2257
1437
3130
2402
3495
1340
3161
323
3696
1157
3121
2751
897
4017
1809
2817
3615
1789
1475
1547
1954
862
1177
2688
3812
3162
1950
692
1734
95
3968
2372
4023
3026
3583
1596
1269
1813
966
799
2473
3790
1239
2081
2149
2660
210
3755
2907
3950
3216
1457
788
3051
2412
2231
3473
678
3371
1902
3364
640
4093
2056
97
3703
2225
1623
598
748
1640
3654
1322
3824
3531
3267
2824
428
2733
3166
1249
919
3329
1934
3785
644
2407
2263
1580
258
2995
1871
3981
2316
3536
2882
2804
1014
1882
331
295
1996
909
3180
1185
1361
1690
110
2783
893
1645
3838
2569
3173
3566
2482
3165
1820
3726
3426
3171
1633
3292
1233
3797
1679
853
3792
3803
2977
2061
124
3919
1772
1664
845
822
3041
3627
1408
2141
2762
333
3444
1797
890
2324
291
2306
1304
764
1396
3626
3031
174
2747
1009
3671
2406
2657
3539
2792
1275
3293
293
2880
3694
2048
2338
778
3761
2312
2417
512
390
3174
1613
2652
1058
1444
2408
1438
2440
493
2504
3148
3540
1075
2906
3823
1307
403
943
1262
793
717
225
2590
3313
461
2973
3958
2230
2644
2905
2413
509
985
62
117
1901
3307
3645
1842
122
1649
371
3572
3177
2605
3702
2580
3006
2876
1663
3390
4022
3551
4007
1148
1242
275
1212
2190
3600
3504
4030
3131
589
479
405
482
4086
588
1542
1636
978
3845
1319
2794
2213
3164
3718
2815
990
642
797
2249
2327
2677
2641
2244
1697
2090
1793
2126
2013
2740
816
1937
139
1770
4044
193
3614
3799
447
1474
1495
88
4035
243
700
2550
982
641
1209
2465
2830
2922
1151
1371
876
183
1530
2273
3396
2846
1040
1191
2537
2811
1685
974
3324
3048
2650
3864
2014
147
1154
2003
2057
156
3065
246
298
1536
737
1952
1639
2893
586
1090
3342
1463
3306
1385
385
1914
650
2526
3455
381
1126
1571
269
1478
1702
3811
1161
114
3152
2570
2418
3736
435
987
2499
2760
980
2362
825
1413
2169
2837
826
1668
1555
3625
153
1749
2548
3418
4040
1344
1621
1866
327
1537
3417
1614
3754
691
220
2889
1600
1092
3032
2637
1267
1750
4070
1461
1867
1844
2748
4095
2819
1484
3516
56
503
3859
2926
1935
85
508
3474
1456
1056
481
417
873
563
2647
1545
3413
137
2917
2873
2006
304
3303
2559
1895
929
1620
1564
168
1574
3508
2515
1730
863
969
260
1587
8
366
791
1525
1162
3302
400
1839
829
3628
2680
2963
3061
373
935
313
698
2724
82
514
1129
1029
3368
2109
667
2130
308
2142
3110
3808
3791
3903
775
1465
1222
1404
2718
1083
3686
3545
4085
4034
3560
3359
2075
453
2486
1565
886
1439
431
3046
1127
950
1292
1248
4068
2024
4048
1176
2025
1313
413
3877
2255
2741
1390
2587
3280
579
2556
908
249
3886
3443
382
2360
3289
2251
1627
2707
2510
1325
3234
2770
911
188
1284
2347
3357
1603
1320
954
3606
1488
66
186
443
2994
790
733
2913
3367
3748
2683
2117
753
3060
2438
3869
3910
1080
2349
3465
2976
84
1709
489
3708
292
3982
306
3102
884
814
3830
3078
970
1642
2382
2568
1850
722
1597
1370
539
1834
2694
4024
2217
10
2336
3567
1926
2534
3948
155
963
3697
3083
2739
3106
2177
2787
76
1399
1757
2351
116
1943
1283
1481
2218
77
3042
419
2744
596
2517
1100
3709
3927
1919
3206
1139
2597
1646
3599
471
1833
487
3118
2786
3199
2205
3553
4075
3826
480
3186
1822
2883
2865
1230
3142
701
3852
45
342
3885
1192
191
1719
4076
1743
1769
3442
3119
627
3713
3740
682
1767
2313
1968
2991
2950
1543
2266
1723
104
3335
167
3258
915
3356
2776
3086
474
3514
2554
1958
3133
3739
3262
2419
1305
639
181
3228
1244
1013
3705
858
1358
2594
3333
3918
1388
3405
2159
233
2099
384
2008
759
3773
3437
669
3380
860
907
2369
303
2773
2618
2140
1428
1047
3431
2639
3227
952
3611
2807
2500
1328
1851
2816
671
238
3787
1476
2814
932
841
2738
1318
336
1976
2558
1383
1760
2742
3846
3055
3605
3665
412
4065
654
1115
917
1261
2784
1163
55
3759
3578
3741
4015
2912
3690
3493
1380
3372
1953
485
786
1171
1303
1880
902
1429
3273
601
2530
111
3278
1264
2398
533
542
623
426
3510
2289
811
3271
3090
871
3573
3059
2621
2292
353
378
3092
2795
2588
96
848
2928
662
3430
3745
93
2566
3104
2685
2151
3524
1692
450
86
2209
2364
1556
544
772
1149
2441
2468
930
3449
218
2488
1079
1369
1062
2256
1964
2344
2929
127
2796
3530
581
2490
2705
697
2595
2877
1778
180
2317
1060
1795
2684
1911
1357
948
2356
708
3932
609
251
1131
3205
2864
3457
3513
1957
1256
294
1376
2462
519
3548
2856
2935
2743
2511
1449
1838
2455
341
3200
2171
592
2575
2949
1104
2536
3961
1120
16
2219
510
1929
72
2520
1776
2952
715
629
369
3613
2308
3501
931
2615
1959
2990
724
3220
1334
1501
3175
1498
824
1368
4069
3571
3188
1220
1466
1054
441
523
131
161
3247
594
3084
2343
1207
2522
2635
2664
3541
1165
2585
1771
3863
686
2259
391
329
3936
3385
1583
3256
2179
1777
3520
1238
552
755
3126
3406
721
1774
3209
3496
3276
3546
3297
2341
813
2012
136
3931
3892
1720
547
850
1110
997
3873
738
757
3008
574
808
1141
1931
1218
2295
1402
397
1877
2729
1268
1188
53
1360
12
529
2803
4004
261
2678
177
2714
401
1108
3586
3343
4012
2386
67
3603
2643
3973
2651
3980
3499
2702
3314
2898
334
1671
2999
2746
2050
1169
1468
3401
1113
1913
1783
3409
1890
414
1174
2985
3460
1352
1288
166
1193
2104
2974
831
420
3967
3494
149
3139
4089
961
3904
477
1886
1806
3459
1747
2478
1986
2600
3337
2288
4019
2034
2896
2689
2423
1019
631
2297
1921
3630
1200
1024
2224
478
1069
3952
680
747
1345
1635
2954
1705
223
162
2623
209
1862
1657
2009
2450
1837
3915
2207
3351
851
3810
1691
2416
1652
3336
3957
237
2435
1711
3839
2333
3816
2625
3832
3576
3916
1453
1666
694
3358
3325
2186
3438
1112
2124
1136
2823
856
2763
1873
1282
2261
2302
2602
1364
3379
4
2790
78
2451
2780
953
2315
3742
2241
2849
3194
2878
768
2363
2779
2097
687
3182
228
1800
301
2004
1717
1551
1558
422
3346
2111
2267
3232
2539
2027
1607
1471
1003
365
658
1535
2501
3419
3027
1082
3483
1095
187
2471
1870
2968
2491
1673
3103
2237
2800
173
1704
2275
2187
3045
1180
3239
1689
1250
272
1027
730
184
1791
2586
3391
1846
1979
463
2903
614
3275
1949
3672
335
562
1386
1875
1829
3397
1951
1948
227
666
910
1317
142
2430
2291
3446
1294
3882
2271
3416
3387
3825
3518
3195
3014
1234
3676
3363
3666
2339
1072
3922
646
1451
355
2984
912
3040
543
709
575
3321
3820
3498
2087
44
3994
3992
2638
143
2260
1582
3481
182
882
1042
3593
3865
735
1630
551
2508
1049
2366
643
3760
865
756
1366
2576
27
3467
2066
830
1190
58
2745
2212
1425
2961
1203
1130
622
2332
1486
2775
3749
2971
2551
33
3187
1039
3354
2269
1341
1423
2404
2918
4027
2854
4043
569
607
494
278
2771
3384
3077
1302
1427
23
3497
3070
3471
820
64
2150
3075
3089
3170
231
3095
2725
3025
3063
844
199
2667
2173
688
585
1452
2668
3580
3637
2708
4066
1667
1628
3154
2980
2456
2774
437
3894
120
1150
3636
2498
2373
3298
3911
2564
2114
1900
2728
3047
2125
2655
316
2475
818
2603
3784
1274
1928
1182
2447
3831
1987
580
3398
3815
3184
2859
1194
924
1446
2068
2153
752
2457
3058
3488
1898
1033
3236
1619
2082
2242
1502
2755
3804
2017
1909
2129
1266
4087
2886
4057
2805
2624
1651
1878
973
2433
3221
3144
2033
3568
1814
4009
1434
2957
1219
1944
2900
955
531
1211
2759
524
282
1696
2998
2103
2016
1430
2715
3777
3579
2765
556
522
476
1229
681
455
1528
2560
3097
3683
3775
1023
3986
573
1665
2629
2531
561
1724
2206
3326
1400
3454
2801
1401
2953
3005
518
1479
3752
3976
3577
571
2411
2002
3240
888
2825
2196
250
2868
2070
3241
2888
891
3020
3235
1050
606
3352
356
1002
2867
1680
3332
322
1155
2409
3907
2094
201
2405
634
18
2932
1765
3143
2632
3763
2172
254
3257
1448
1512
1181
2612
94
3093
1196
766
2307
3283
3362
2277
311
1187
392
2238
2869
2466
1748
296
146
3434
901
2384
433
2037
3977
3765
3181
2394
48
451
1321
379
302
1945
175
107
558
3658
3107
3996
711
2959
3388
3631
2469
1550
2509
2348
271
3675
2555
1922
1708
1412
3441
995
3120
3502
3906
3122
2452
923
1045
1016
121
119
2622
2028
484
704
2563
2872
2001
274
1638
3880
4054
25
2609
2665
1602
1433
3848
3652
4094
2826
3796
1707
1245
263
663
2175
1594
567
3136
1462
1355
604
3132
497
2285
2636
3128
2086
1037
130
1899
2474
3470
1960
2997
172
1622
235
349
2933
3044
836
264
2711
3410
975
3155
960
2934
1616
1586
1201
3990
3591
1485
2863
2299
673
1071
2264
776
2703
4052
1265
2041
3290
2395
1247
1678
408
1939
2589
3592
284
2645
2059
780
3472
2178
998
2322
665
2847
898
68
1532
60
449
1647
4014
3407
1766
624
3939
880
3203
3439
141
1
3185
1807
377
34
2396
123
918
1214
3331
4092
557
43
2240
2268
3758
2072
3643
749
3853
1817
798
3554
2246
3001
3766
1297
3322
4041
3056
1524
3693
1699
2828
620
1701
144
842
3584
495
1011
2921
2365
3533
2734
945
771
4010
1577
7
1519
2890
2524
1827
3807
885
1346
3618
2789
516
1418
1086
1494
2128
1653
770
2690
1109
3633
2937
2146
1119
2265
3944
3489
4002
2390
4039
1121
2598
3641
3733
2662
3542
3575
1559
3829
189
4033
1331
1107
81
4025
429
2420
3202
2391
3862
660
1856
3487
3091
817
1353
1975
2214
3503
1392
1713
1213
1578
3294
3347
1768
1270
216
2320
4082
129
207
883
3617
2835
3550
4063
2392
2591
345
399
3408
3667
448
4011
725
633
1726
1347
2229
4088
3588
46
213
2461
3251
3679
2951
1156
3057
1422
1228
847
712
2879
2064
1715
3834
1682
387
3867
248
1746
1624
281
2700
2682
1246
2379
2756
3069
1063
3231
1445
2727
582
3978
1000
1146
2797
2730
2839
564
3318
947
3242
354
344
2131
2979
276
115
1539
2848
3632
2833
3604
3887
2385
2155
1520
4083
2134
3464
3753
1738
3714
742
4062
1510
3926
2546
1068
1860
2460
1021
1124
710
3214
1561
3172
2274
1076
3860
159
2300
3016
3819
372
3114
3895
2541
3223
427
1780
2148
3590
41
2479
679
332
3619
439
868
326
621
230
2919
1223
3674
1059
1721
4042
578
1031
1324
1208
3544
2749
1604
515
287
2311
857
418
534
3719
2827
2970
4067
1499
2211
1416
1426
54
1405
1981
1333
1879
1164
13
1326
1417
1178
1848
2200
2221
965
1761
1271
1541
855
2706
2088
465
4060
861
1796
2137
2851
3731
2314
2737
2752
265
1997
2085
125
3612
3035
2426
3159
1629
1731
2844
3969
2073
2123
1123
3662
1287
3511
2634
2032
1700
949
2458
42
3640
3688
2434
2439
2891
3191
61
555
1372
608
3394
1034
3068
3940
490
3929
3913
1240
532
536
3402
3691
36
460
743
1004
3975
1742
941
1085
1592
2272
1521
550
3272
321
3756
2656
3515
1588
1576
2132
1394
2036
2083
1035
1999
1568
1407
2571
1584
1281
2967
690
2165
3108
3730
887
2370
1631
4045
2168
2304
236
1798
744
1893
1554
2092
1752
1514
430
3037
3738
1001
300
1257
1745
99
979
3557
520
2695
90
1258
774
3537
866
3486
1803
2477
3212
584
352
1236
205
3953
1947
964
833
2069
3769
3254
4016
568
358
3798
1610
3461
1615
1036
2502
3207
648
3261
1553
109
3369
4021
1969
492
3770
1865
1611
553
2442
2767
9
1824
3549
2908
3587
3935
577
3268
2516
2583
3678
2195
1168
3589
348
3651
3581
3064
2936
1918
2808
1088
3942
2444
3876
2841
469
989
3801
319
1936
1132
3274
2294
859
1335
3100
211
652
118
762
2989
1210
1962
1007
4020
1905
299
2286
2279
252
1728
2223
3429
3500
1751
470
1055
1930
3193
3421
462
3698
1894
2809
3109
1330
3596
835
521
2617
530
1096
1329
3466
3717
1183
1923
2054
1375
3492
2042
944
3015
2376
2284
3013
3389
3399
1644
3286
1339
1781
3528
3366
3623
693
1955
1480
761
2084
3781
1703
347
2720
3317
2492
3700
1946
3049
2981
368
1295
2401
2318
2330
1061
1012
3842
1391
1276
1477
3237
3543
2969
939
889
3490
1684
410
1497
806
3934
26
3432
2671
739
1788
1544
3403
2374
2553
3779
3888
3710
2947
3817
1876
3211
2063
3535
2270
2927
3988
1994
2077
3634
285
3556
3776
2717
676
436
1808
852
3621
3905
1973
415
1255
1869
1106
2107
2838
2915
2610
49
2383
1990
219
1932
87
2574
810
1915
2696
438
4037
1648
4000
1557
1816
1343
900
2666
537
340
922
3949
1098
35
869
1378
3774
2091
1599
804
2234
2400
1634
3704
4029
3532
3253
135
3167
3230
751
2403
587
1854
1101
1081
992
3559
1609
638
3463
895
346
3878
805
1589
3840
19
268
1172
2945
1166
4059
2982
1170
2593
343
2045
2487
3843
1314
1227
959
1660
483
2154
309
1472
3682
101
2485
3475
3345
611
3233
3930
2158
1022
1965
1698
616
719
2359
3783
3657
1643
2319
208
1739
2202
1298
1832
843
2640
338
1381
3151
3711
1235
1251
2599
2829
190
1306
2226
3985
2345
2156
2687
3881
785
360
784
612
2253
2874
906
1799
610
726
572
3435
1296
2201
63
1473
3866
3076
232
3849
432
3229
3729
3259
3440
2494
3822
98
1316
21
545
4078
1815
2596
3664
4073
925
3720
812
1046
1382
2282
927
498
1431
1464
1097
2010
1103
1538
3723
2777
1830
2523
1384
2627
2484
2581
151
3552
3647
3141
2108
3564
967
3622
809
1978
940
1332
1891
2448
14
1285
1801
375
3264
3585
565
1398
3635
1077
956
3033
2204
416
3168
3300
359
782
1626
464
1831
971
468
3098
1286
3433
2955
409
3249
3052
1590
3451
1175
202
1299
777
1575
2422
2038
3028
4047
3117
2992
3722
2518
3479
2731
2857
3547
221
2679
2247
3304
3706
3288
1889
1527
2005
2573
734
3669
92
2377
958
1084
1254
913
3073
328
1598
1044
446
3716
4018
1467
526
2233
3707
3036
528
2397
1863
3908
1617
828
1632
928
388
3125
3529
2642
2521
2119
619
1406
1263
2670
3656
2454
2923
4053
1507
3764
2189
3677
2162
3190
3519
4084
2870
226
4031
3458
840
2845
1695
386
3250
1858
795
310
2721
3456
2018
3883
466
1606
1810
1053
2914
2732
2493
3101
2701
3361
781
1125
3933
112
192
1942
1018
222
411
1903
2428
1758
37
3521
803
3938
672
685
1160
3762
746
1419
2089
2822
741
3383
645
2262
615
2368
3847
3945
170
1562
2281
3668
984
3964
3650
3875
3821
1066
3081
2525
2198
1513
727
1469
2489
3644
3971
554
2895
632
1415
3160
376
51
2899
2948
3284
2467
3019
1912
1980
3392
636
3123
1785
796
1260
2806
3252
398
2358
3899
3002
1989
2813
877
1637
1424
1403
2071
3414
1683
3522
3721
3997
2353
2248
938
1414
1887
894
2192
3984
3998
903
2174
2167
1189
266
2754
994
2582
1509
1094
3724
1729
1028
827
1089
3111
1487
3022
3598
854
905
3382
102
3158
3746
2157
3024
3534
2719
270
1605
2497
3287
312
996
3074
2988
2194
1972
4026
374
3900
3445
3105
148
2578
1735
3663
3308
2164
38
1032
3507
1523
2884
1907
1917
570
2060
3695
1350
1041
245
1974
3067
1828
3684
1008
3609
2414
2940
3712
1215
57
2757
2342
150
2176
3146
1612
1070
2860
2293
2160
1546
549
819
1569
3482
2429
3954
3854
241
2122
473
2334
2096
2798
3923
789
475
769
1549
1226
2361
3266
145
2820
1490
1067
3660
2692
1500
1516
2463
256
502
3884
1591
2296
2793
3453
361
846
2723
1442
4056
3295
1489
2380
3902
1737
1687
1232
3670
1116
4049
262
185
736
2199
2781
2310
3137
3767
2031
3734
2043
3226
3793
2357
1135
2710
4071
171
4038
2506
1492
881
244
1727
3699
904
1354
504
267
2535
499
3038
2138
3178
158
2758
3912
2712
3053
2098
2220
3737
3115
445
20
1655
3222
1570
3311
674
1138
3423
981
2924
3685
2210
1133
1393
2544
1459
1206
2470
2843
1849
3937
2925
986
2078
2761
314
661
2630
2565
3991
179
215
1857
2693
3215
1681
2620
3607
1152
2785
2170
867
1786
765
684
916
933
899
3412
605
773
2118
3805
1505
1716
3072
2020
3198
754
2030
2987
3924
3224
113
2278
133
1961
2606
3113
4090
3469
3538
2513
4072
289
3208
1991
2007
823
2910
3150
442
3947
2305
1167
750
3925
2276
2964
2943
1802
2911
2047
3422
1216
2035
3282
3000
977
206
878
2346
2459
134
3962
203
2258
152
2321
1454
2235
2972
1654
3088
1762
1411
1821
3477
2543
649
3689
675
1540
3890
3970
546
3163
3124
1363
3344
702
2916
3509
3555
3983
2681
1134
279
108
1641
3218
1349
2897
2326
3837
1676
389
2080
362
618
3786
80
1291
3386
154
2378
3023
30
2676
3565
1359
2649
2093
593
1970
1078
1840
2561
1005
2698
2254
1186
3355
2328
3941
2852
1548
3715
2331
2139
2335
1184
3818
1920
1043
3003
1030
541
3851
760
714
3381
2481
1670
864
801
3858
3794
1675
1503
2572
2750
2691
1908
1966
1140
2431
3485
3827
315
2713
3425
3309
713
1015
1114
2329
2648
3116
696
0
2355
3245
613
2354
1963
1818
2427
91
3192
2942
3701
239
3595
1450
2143
732
3771
2152
794
69
3079
2855
2445
2472
3638
3959
3833
2352
1573
212
500
3639
3085
1669
1397
2631
3871
2026
79
2222
2875
3007
3404
1732
1225
921
2966
2764
3750
1289
3506
2958
792
1967
3448
501
2528
968
3562
1051
2716
3323
1144
404
3491
3597
1916
444
3341
255
3909
3050
2858
699
330
486
3914
1861
1309
677
1784
1217
1694
1308
870
3099
1010
3653
4050
1956
1744
3476
3897
3478
1925
535
1740
767
4091
11
576
2102
3156
707
683
1204
1231
128
3112
4051
837
1395
257
1179
3813
1941
3561
2166
1006
1259
740
3310
40
1825
3879
1779
834
4008
3210
2675
2432
758
2766
3213
513
100
2144
1775
1057
242
3373
2791
1522
583
689
1712
3856
2861
424
3447
3204
2894
597
3680
2514
1017
2067
1440
132
1826
1409
1280
3134
1173
1864
3395
1984
664
1618
2495
3376
517
3917
1506
2527
3602
2540
2062
1158
1819
1367
934
317
566
3189
3269
2325
787
2505
1493
2367
3594
3147
896
2996
1904
2538
1224
2557
3608
3661
1853
957
3080
305
2120
3217
31
3778
1356
2000
2449
2983
3400
2197
2653
914
350
2802
3129
832
839
2542
1805
198
253
1336
875
1983
2832
821
1693
1091
723
2287
2303
2101
1940
196
28
3169
2768
3334
1237
3517
2183
2191
1608
2607
396
2584
1710
50
2280
718
1311
1221
1377
3920
2245
3527
1843
763
2058
3096
434
2039
3279
1859
1508
3415
815
47
745
3039
695
2049
169
1892
1812
3563
3558
3424
2613
2301
2425
3370
3330
2250
3021
1153
3375
2340
2298
3265
277
3574
599
3365
651
849
2659
3246
1074
3393
874
1300
1938
595
3153
3420
3319
1447
2941
657
1733
421
339
2415
2699
1065
3569
2100
2147
2686
3896
3452
3512
2669
3993
488
2437
3299
1625
2290
3135
3145
3861
4079
3963
3891
3094
3526
630
548
472
324
2853
560
2507
668
140
247
1197
1351
1706
637
2697
2410
991
351
3285
1105
3782
3987
126
383
1432
2871
217
496
2185
2579
3616
2022
1881
3620
3338
2121
1836
628
1658
2946
4046
1410
1342
1650
1533
3219
4064
3659
1529
1563
105
15
3898
3795
1754
288
600
3681
3956
2216
951
2956
318
17
1482
1560
83
1823
653
75
527
3196
2393
1436
3835
1020
3889
1293
3484
2227
1052
2834
3411
259
2562
1910
3263
2930
3436
3747
540
731
