791
3589
1462
327
282
2235
1524
3492
1563
3879
2496
1741
3705
3640
1675
1215
1818
997
934
1492
1547
1033
264
2675
2603
2674
2176
2430
1643
3320
724
1020
3759
512
80
3824
700
2844
3196
1298
2259
1995
1465
3955
2358
3680
3314
335
3720
2391
1822
2426
2316
614
376
4093
1514
2832
821
3661
1006
3231
3560
2104
4019
3995
707
1624
785
2585
1574
2655
900
1506
58
748
555
3926
3883
3788
1990
421
476
2626
2164
2219
636
3575
2001
192
403
796
3540
316
2221
2296
2695
947
1113
3541
2506
1931
1956
2388
2268
2385
3457
1859
2482
1222
1527
1764
1817
1291
1591
3970
2789
2281
2917
931
1744
423
2773
1823
3085
1159
1348
302
2726
2542
2466
1487
1040
2045
1847
2042
2777
3258
3749
2582
1844
24
568
3053
2510
144
1168
1971
1948
1437
109
2389
647
3973
3875
1421
1000
3777
3534
370
3801
3041
3916
2996
1107
899
4010
523
466
2507
1892
841
2845
2393
3408
1845
2616
2249
2663
134
1761
2717
3484
1342
2785
3964
2128
478
2487
1339
3494
3306
670
3042
2492
2028
3833
680
1160
3989
1720
987
429
2667
2977
31
2625
3811
3290
3012
3019
2771
1381
1633
675
1464
797
581
846
812
3351
2595
1877
132
3330
3961
915
3643
1512
2839
3107
199
1072
3362
3033
3247
1722
1051
3882
1625
1813
3657
330
1116
3886
3400
2472
2366
1627
2414
2456
676
1425
3537
2868
571
98
649
3241
2752
3578
461
3742
259
609
463
226
2069
3637
2807
40
2480
1305
1592
3057
893
2350
1247
3551
2588
1226
742
1967
1376
1888
29
2580
2070
3693
602
1836
2730
33
1415
4025
415
2513
2557
692
2536
76
3008
471
2409
3499
3510
2010
3716
1835
1344
2166
746
3347
739
1690
3414
2737
3252
3272
172
3134
522
1124
3365
3089
1855
533
3460
3902
2317
1830
1383
3569
163
2215
721
4008
3726
1002
1287
1889
1267
2135
2035
2289
2402
1499
3701
1570
1024
2055
426
779
1702
3929
3825
1368
2887
4095
2307
2659
2181
2486
3939
1398
3361
1345
1829
2476
1828
1010
3798
4000
2370
1045
2341
2617
1839
2630
766
1881
2429
4067
3440
1699
2046
3439
3663
3966
755
2265
3542
1808
3464
1986
30
2252
912
1616
2091
308
584
3704
3459
3934
2736
3415
2533
3892
3096
2242
4003
1082
986
1142
2310
661
3212
2927
353
2744
1784
1382
2106
3113
2618
1884
3557
745
1728
663
1667
3080
73
2427
1258
1659
1973
2223
2948
2086
161
3851
3447
2408
3043
1700
341
2921
494
1175
1805
2812
2614
3078
3157
1359
377
3889
2775
0
3619
1361
875
127
382
1148
870
2681
2403
1132
800
3207
4029
519
1354
3301
3731
154
2561
2801
2666
3573
2797
1349
3317
1256
1223
1531
3676
3603
3770
2172
3291
1
2014
3393
1081
685
2714
1787
2422
2687
3796
3751
2382
1510
2460
1912
3787
3402
143
1703
2979
3482
3572
2669
1984
2545
1448
1118
1958
3760
858
454
1239
2683
805
118
4055
789
1979
1733
2995
61
50
1900
2973
72
1792
468
1429
517
3225
2040
2873
3495
3011
509
859
1883
3524
1164
3688
569
889
3208
2499
1098
2087
2133
1763
2347
619
51
2866
806
3099
3782
787
3553
3624
1965
1683
3522
576
1878
3999
4048
188
3717
1274
3789
3668
3767
709
3677
3455
3878
213
1599
1389
185
2110
1263
440
3781
777
4088
1867
1882
1042
352
428
738
3710
214
646
1371
262
1194
2715
578
291
538
2711
95
3919
924
360
3319
2332
3968
1372
2413
6
2609
3797
2641
392
3444
1640
3468
1915
2684
2137
3764
962
953
3327
3250
147
1934
984
504
1807
89
1936
1325
3480
4009
1947
736
2627
3109
2676
457
3729
234
3703
1031
3971
3154
2136
3805
1919
3486
3376
1656
3353
788
3310
1136
1297
1838
2369
3500
2759
2671
3601
4083
2534
460
277
904
4005
2245
634
3599
2956
542
75
2783
3060
792
3024
3342
483
2810
20
2794
1341
2576
884
3391
2359
599
871
3366
434
3505
496
2097
1952
2606
3644
3
1485
1960
1416
1536
808
1757
456
2885
110
1600
2187
3858
3127
2165
1714
288
1172
2607
2056
1391
1584
451
3730
3980
409
1863
937
2928
2013
1535
3912
1147
544
274
2888
2827
778
3430
1497
1112
3123
999
860
3081
1615
3863
994
100
2515
1569
1715
1865
1224
2918
728
969
1589
94
4078
1522
2859
681
3138
3032
3409
1942
1989
4074
270
3293
3874
1778
1352
2335
878
3030
901
1963
3396
1545
2831
1046
137
650
3645
200
1111
1930
142
3880
1901
966
1023
2640
3832
765
3633
252
3822
532
2120
3502
1420
1185
3322
459
823
1695
473
2657
3826
913
1755
3773
2727
2530
2981
1682
1451
4014
1272
3820
3282
2032
3148
2865
2052
139
794
3772
2270
2842
3369
2575
3005
558
1423
196
2058
2622
3139
3184
597
2814
2483
2142
4004
1708
3634
2248
2238
2983
1944
3115
3298
659
3925
2171
1477
536
2971
3399
498
3183
1439
3790
232
3237
1270
178
2018
1430
1163
2738
3528
1975
967
2941
3725
2805
1879
712
2849
2942
1387
3325
37
3165
3922
1586
1277
2818
2340
2007
2959
996
596
2953
553
723
3088
3390
3355
1759
57
490
3590
2260
2060
1604
1827
2938
885
2227
2043
2685
2914
1286
4018
3550
3370
3426
3155
666
1281
2925
2495
3245
4050
3752
1926
2598
1840
3762
1495
582
3339
2023
869
1419
3958
4065
2140
564
682
223
2710
2072
3406
2244
1610
1819
1760
2132
1717
1078
2361
2199
2980
1650
1501
744
435
2987
2972
464
2516
1517
1319
2882
1630
3862
3213
2336
3711
575
1240
2398
3215
3604
1520
2899
717
761
379
521
764
1130
1403
4026
752
1278
608
3104
3678
1208
2939
1084
3935
1122
902
1785
2756
1008
965
1367
1004
2579
2709
3417
399
1595
1837
3943
3110
1157
44
48
2889
2220
3436
2988
222
119
8
1324
4034
3481
1055
3997
3120
4068
1692
2761
2148
3648
4046
4056
3536
416
3162
2061
3336
780
481
133
593
2795
255
141
160
562
2745
2931
2088
1301
41
2648
1209
2189
3713
1265
486
1606
3911
180
3097
2821
3564
477
3345
3219
325
1178
1620
396
2998
3831
3960
427
3775
1727
1852
148
957
1508
2026
1011
2945
3947
829
384
1532
3174
405
1987
2374
2328
882
548
2654
801
2301
3384
595
3861
1058
1088
2353
770
941
3917
1279
2160
1663
3741
3158
617
340
3852
1057
1910
3977
2762
3905
2116
3848
2813
3471
1997
3223
3068
1769
1549
960
2932
1395
3422
513
3102
4037
1005
3520
3490
894
3175
1781
1751
1179
726
2694
1701
758
2908
955
3504
1402
1384
2620
3150
235
2660
1424
1562
1154
3984
2543
3357
1493
3585
2891
2919
2354
2809
803
697
1106
1019
2976
1117
3487
2747
2175
911
2746
1177
299
3724
293
1335
1296
3467
2680
2111
910
1405
2288
3194
2994
64
3261
3558
2689
1158
1411
1188
1242
2966
3392
2902
3670
4044
3064
1094
1976
3228
565
642
1598
2992
3136
3809
909
819
843
168
3133
2960
3069
35
469
1796
2590
361
1428
2240
4072
3377
2
413
1213
1851
1750
2121
2793
3786
2644
3302
3533
2732
1848
689
898
3478
1811
204
3755
737
1634
771
2702
2884
3529
518
3411
2698
417
1567
2343
3655
2034
1109
1721
247
3841
1635
2134
2214
60
2835
1767
2412
2551
940
1083
70
495
1786
2459
1713
743
2434
2965
3271
2306
3038
156
729
991
1533
3443
3249
547
2990
4027
1494
2149
184
2122
2095
1070
1293
2386
2376
395
2559
295
1723
2984
1066
963
1358
2697
3632
3273
3897
3254
1453
2407
1964
2475
1573
300
2210
1217
3479
128
1605
3210
2144
1317
3743
3356
2448
2890
487
1350
1587
817
2158
2338
2356
1140
9
208
2031
2224
3509
970
2143
4061
1825
1507
798
1880
1414
820
1557
1099
1902
1928
3295
3445
3791
329
2501
2352
3108
1457
452
2955
640
485
524
2893
254
825
2185
1530
883
1552
3101
3332
3985
950
3515
2944
3062
3388
2057
1705
15
1230
3963
1266
3579
3220
888
22
3512
2903
2416
3988
3842
3292
2084
121
4015
3021
1935
3193
281
1306
1929
3360
1097
3075
2670
2068
386
287
3389
1253
2719
1332
975
2829
1353
2728
265
2375
1777
2033
2989
2462
3211
1571
1503
981
594
699
1128
3757
1151
1793
1528
1412
1743
890
3146
87
2273
2445
3816
3750
1338
4002
13
572
1422
2707
3723
3596
2970
968
2162
3201
4013
1921
45
1716
333
3333
563
1677
753
3358
1609
1310
1138
2514
897
3281
2322
3321
2863
475
3035
3278
306
3587
1850
3412
4021
3855
1992
1134
2867
2645
3449
2399
2879
861
3802
629
3821
364
711
1434
2344
1800
3403
1943
2828
1758
2550
2682
2213
4036
1662
3284
939
3937
993
2313
2152
1302
2819
1854
107
3507
2024
604
2743
1283
4007
1993
839
3171
3736
710
42
3178
1849
2571
613
3818
3346
2437
2583
545
3556
3659
220
1868
2906
3992
3539
3501
4028
1049
971
1897
2262
976
2512
3608
1184
1076
3111
442
2326
1691
1709
1104
3613
811
2293
2300
2237
961
419
3602
2005
3367
1167
2584
826
2174
2299
4001
1170
1343
3838
3401
1249
2178
3009
853
1749
3227
3530
1706
3037
3040
783
3715
2817
1809
1471
2566
3381
983
1041
3286
2815
59
3103
3629
3698
3586
3631
4051
3028
2129
3952
535
1582
3503
2119
2453
146
1085
735
733
3429
3118
612
3638
790
2080
116
2000
2329
2406
2696
3714
239
500
2321
1466
979
2856
3548
554
3950
3843
225
1311
1119
2063
834
3149
2798
2170
1894
3940
585
1399
606
2505
2665
1890
3597
620
2059
1375
2538
1090
3352
2039
3117
3636
1740
236
1056
2611
3202
944
3143
3061
1327
2282
3054
1444
1651
2250
1554
2384
3130
283
2323
1162
1626
56
2291
2342
2169
641
3606
1907
3854
2093
1579
3277
3853
1858
266
1994
373
1983
2851
322
3846
2029
1360
2180
3128
1581
3583
2464
3689
1856
2843
1236
2724
2755
54
124
2373
1977
3708
838
1103
1150
2076
2230
1026
607
774
923
1613
3614
3364
3137
422
406
151
2628
2610
27
867
3082
1214
2521
2650
332
1583
238
135
2246
2677
731
3287
3045
1742
876
1922
2605
2002
1364
2915
2895
1534
1553
2253
1468
3243
3263
2184
1542
2280
2946
2703
2443
1173
3186
4038
3003
391
1526
2114
315
467
1186
46
1374
2643
305
3182
3279
767
3884
2802
1631
1394
3297
275
359
1292
3100
653
2222
2836
3163
3566
2078
3161
3437
678
1336
2017
1454
3280
3105
1261
534
3031
1243
2883
166
2792
1603
458
1898
863
2691
3948
408
230
2387
868
4064
3337
2632
2954
1735
506
3065
1245
206
2600
1638
3692
2325
2277
687
176
3780
378
749
508
2404
873
3740
3159
1408
3622
2923
2085
949
2869
3476
2193
3092
784
2860
3349
673
3793
2958
2947
1664
3641
2594
3810
2779
2308
906
795
1386
3538
3270
3876
3308
1370
1861
3084
3312
363
2145
4023
2964
3996
1698
1032
1304
3187
3071
2433
123
2439
1665
2465
3246
74
202
1322
3188
2015
3076
1427
3169
53
263
2909
1323
2048
3611
550
718
1550
1842
334
832
317
2392
3695
472
2099
928
2520
4089
1063
1707
228
639
2105
1441
3803
561
1917
2589
355
3962
2646
499
727
2473
3242
1259
1988
2468
2284
4040
2081
2544
497
3662
1123
4091
713
2568
207
4086
1060
2969
2075
668
2776
1028
193
1896
2840
567
3144
393
1891
3257
2239
3956
3685
2531
1537
3410
1772
1328
424
420
510
3129
3974
768
3022
2769
285
1513
1231
3734
3087
4012
3493
665
2022
1521
1373
840
2314
1190
4039
2073
11
3230
2642
1093
2569
1438
1726
662
3307
3567
489
2848
1334
1273
705
2092
926
1824
3933
2563
3582
1225
3387
3904
2599
1331
1432
929
750
864
1095
191
1146
635
3975
3438
622
311
530
3827
1153
2276
3800
97
754
3954
1548
637
1102
2701
2469
1645
1546
3635
2564
3485
1955
2549
3380
1765
1131
830
3300
2090
2094
2635
484
181
4
1275
2592
314
3142
1673
375
1330
2287
667
3405
3983
2379
3189
3446
537
3160
3981
1260
2634
357
3718
3072
4075
3315
1137
1303
1003
3313
3747
3453
2723
751
273
245
175
2020
501
1833
1925
2467
397
1470
3206
3185
1689
2621
3448
209
19
2449
648
380
2952
2236
3616
1409
2912
2089
4066
557
2062
2269
973
2053
1282
1831
1918
1469
1770
342
1515
1397
2463
3359
211
2877
2381
16
2484
4054
78
2700
3469
3746
2191
1467
2591
1607
2074
174
842
1820
63
865
3839
2098
1013
3348
195
2825
2257
1181
3190
2742
2613
3316
3506
1001
1909
2774
3140
2126
3074
2781
1655
2907
3834
2021
2100
52
3274
2107
284
703
1155
2346
354
1617
3010
3034
237
177
1012
374
2901
3305
2527
2553
2705
2491
488
3268
2333
2629
1254
775
3588
2266
1456
198
2633
3094
4053
10
3649
3753
1795
86
3156
1161
242
2411
3903
762
346
1269
331
3840
2862
3433
2150
3153
3248
1121
2208
136
2722
1378
1518
1940
2151
3532
1932
2834
3091
2558
1326
1227
2562
872
3577
4059
1356
81
1018
2649
2748
3373
2420
2004
570
989
3428
2757
2997
3516
3511
260
1176
715
2065
3737
1096
539
1676
438
2847
1559
908
3621
152
818
3168
96
4022
1745
958
3331
3976
122
1885
2651
1189
1182
3570
2372
1961
155
2192
158
1802
624
2421
1923
2233
1169
2699
3684
3531
1696
2481
887
730
3864
3979
540
2784
131
201
3394
3015
1009
1860
734
2397
2751
2183
182
2349
2731
3397
303
2872
714
3256
658
3691
3425
90
3176
2079
936
1939
3135
3179
3860
3513
2201
3244
2982
2327
2258
2573
992
782
3418
365
1756
1938
3783
165
3758
3055
2303
2234
1312
3086
932
760
3276
296
2461
921
3765
3079
2875
3235
1257
447
1089
1210
2780
3609
587
28
1262
189
2228
1393
4060
3877
2647
3776
1746
394
807
3048
4006
2886
26
1346
1801
679
3238
3374
638
1449
559
39
674
3941
2854
271
3296
2560
1473
3023
18
2218
3965
414
1488
2565
3626
1234
3982
2920
1219
3544
2283
2636
104
3047
837
3335
514
3895
2450
3817
4071
93
3591
1355
1313
2159
1950
2937
2488
267
610
4082
601
1091
4090
1887
2524
3709
2109
1363
1053
1316
1872
2447
1156
3794
618
1972
1490
1086
3814
2278
2377
3265
4011
2936
3200
657
3106
1539
401
187
520
3804
552
505
1642
2791
4033
704
2436
2428
583
1509
351
3229
3328
2741
4031
1478
105
1481
1899
4017
2254
1565
3872
4030
2526
2446
366
854
1052
3172
1712
828
3294
1782
3559
3145
2767
3066
3885
945
62
3598
1145
2290
2194
985
2597
3552
3304
880
1400
2383
117
2574
2706
3660
2202
2540
3681
1608
531
3554
877
217
655
3945
810
1653
1566
2500
3141
356
2363
1120
3915
1927
4069
1237
1941
2267
1672
2115
3639
1039
2205
626
1841
3124
2729
3517
1914
2154
3465
1498
844
88
2766
1347
2782
851
1779
1731
3612
2229
171
3702
716
654
1871
1426
1945
3205
2271
2930
410
1869
2968
3046
1876
1791
1670
688
4020
3951
927
3267
3288
2615
3870
3112
1611
3914
1797
69
3546
1067
2661
2292
3199
4092
344
437
2619
2824
3721
1686
3001
694
3475
2604
3036
1110
2255
3938
3419
2572
2008
3967
515
216
891
2432
3899
3450
2103
1966
91
589
952
2036
92
3216
2712
349
1799
3563
1064
3907
3441
1068
368
2602
2637
943
802
1406
3592
3181
1472
1025
2405
3761
3052
3029
2251
1054
2806
3859
3679
479
1668
418
2038
3236
304
2586
1299
3607
2225
3413
2870
205
3151
1080
2608
698
3627
2803
3416
2881
179
3491
2051
3191
1141
615
831
2951
1500
1555
2799
3451
3343
23
3131
757
2857
1433
1671
2006
2961
4024
2304
722
959
1436
1460
2735
2319
741
1636
759
249
112
1991
1596
3924
719
2417
470
2548
246
3994
1660
2394
2153
881
115
2554
3675
465
2734
108
2768
1268
2117
1774
804
1252
1318
3812
611
2479
732
1834
2692
2019
2261
2993
2503
1218
2733
3792
2924
2772
1212
1870
3756
1981
3707
286
850
3867
3424
3778
3959
2940
3987
3672
388
3125
339
1911
1957
978
261
2197
1065
660
1476
1968
1479
2339
2264
3303
1895
3920
2962
3209
1418
1044
2639
1999
652
3017
1475
1461
3813
2489
630
1351
3658
3571
215
855
1776
917
71
1126
2933
1674
36
3259
3581
309
2182
3488
616
1034
1251
3771
167
1903
67
1866
3285
3900
2523
3745
337
672
696
3341
2808
169
3847
2096
1982
2047
3652
3477
34
2823
3565
1893
2401
2440
502
404
3434
3568
1489
3932
2371
1491
586
1071
3654
381
2528
2285
2519
1228
2077
4087
2049
1648
3594
2511
38
3978
1618
441
651
1788
1235
111
2587
3748
2474
2256
445
625
400
3222
3180
1100
3420
1166
1752
2753
527
3311
3000
769
1480
140
2054
3226
3269
276
256
3927
3283
272
1193
2179
3344
3059
348
290
2816
2498
1048
218
2320
905
1558
372
982
2226
847
2541
590
2367
809
938
3368
930
3006
528
310
1693
389
2934
1016
3435
1621
3462
591
3407
3891
2593
632
1504
1734
4081
3025
1511
1629
1538
1285
1431
621
3098
3386
669
956
2871
628
848
1577
3489
2556
439
972
1754
2754
369
2146
385
125
3580
2441
1244
1483
3682
2796
3013
1953
1452
130
430
918
3371
2967
3969
3275
3340
1732
3218
387
2041
231
1874
1307
2601
1021
1385
82
3890
4041
3519
1220
1688
443
2874
631
2763
633
627
1379
1768
605
2490
3224
1826
507
3382
1601
17
3549
2974
690
425
1221
3696
2529
2147
3865
2852
3944
1459
2991
3547
1704
2418
2030
2778
816
747
3835
3866
3234
65
3198
1747
2167
1144
1736
3363
3026
1446
1200
1047
1697
1171
450
1780
1974
511
1087
3122
3483
2324
1980
347
3712
974
258
1196
1789
3385
2950
1783
2279
1920
1271
2904
371
824
338
3044
1753
2570
1652
3990
2986
1523
2247
1525
2198
3998
543
1037
3442
3686
1206
3508
324
3350
4077
1505
49
925
229
573
3690
3623
294
289
623
1396
1666
2508
2396
3326
1413
3993
1115
3946
1711
526
664
3664
2442
990
546
1685
1561
706
3496
1201
1681
3795
3806
3114
1951
3167
813
1843
491
2713
1017
951
1015
301
1135
492
1954
1798
3555
3763
3090
7
3049
3051
2535
3928
3173
2892
1294
83
3378
827
1333
756
1904
2112
1077
3372
2720
1290
2334
1739
644
3722
2913
3918
55
3329
2395
1022
3056
3217
836
3921
1255
2410
1694
212
3077
588
3016
3574
2985
2011
3728
3427
244
1417
2522
3986
4085
3849
279
1440
1576
362
3671
849
2083
1832
3121
3881
1916
1637
1062
3605
2044
1905
920
3887
1280
2337
3674
221
2518
2118
2431
3894
2552
3431
1450
1794
3666
313
2351
2577
431
2949
1377
2596
922
4084
1035
3871
114
2494
895
1815
3620
2853
1211
3177
138
3526
103
1585
2656
1678
1340
2003
106
2547
3953
4042
772
1541
2493
1474
2740
77
948
2749
2452
2108
3421
3020
343
3170
695
159
210
3735
1314
1771
1246
2212
2537
292
2690
2770
866
2130
2788
1737
2525
227
1264
933
3618
1027
2311
1933
1623
474
3856
3815
3754
1232
383
2704
4045
2999
323
2504
1970
149
907
2066
2312
3253
2355
1149
2911
3669
307
4079
2435
2305
449
1108
3324
3545
2477
1165
2272
2188
1730
1321
835
3868
3472
3039
645
280
3630
2458
85
1962
1687
2739
129
3050
493
1575
1445
3239
444
3733
257
32
2978
3647
157
3214
2050
1315
998
3562
3719
2186
822
2896
1075
1806
560
2502
916
2263
3543
3646
4057
814
183
964
954
1641
3739
3432
3164
1442
2390
2168
2400
815
4076
2900
3665
740
3893
2331
2664
2532
2286
686
600
2380
3584
1572
2275
3642
241
3466
2067
3683
3470
3067
3700
2302
219
1654
1502
3423
1846
3309
3799
2894
1337
1857
3474
3255
1646
1061
3260
2957
3018
2478
3774
2274
4063
3930
3910
3784
2203
3873
268
2750
3338
2673
1556
2156
162
1602
3828
3625
345
3808
1959
2721
549
1114
318
3931
725
2155
1250
2880
3002
1590
1308
1362
326
1366
2423
3473
2679
1946
2539
3398
2916
529
2943
2125
2897
3836
4043
1913
2124
919
2232
2071
879
3221
2497
3152
1632
1593
3600
2765
3166
2631
3845
1288
2294
1804
3901
3535
2141
432
708
243
903
977
153
1073
1329
297
2718
1198
1766
874
1661
3807
2672
2345
4073
857
1649
693
3769
1007
2567
1191
402
1519
2297
2127
942
1435
358
2693
3744
1229
328
2207
1216
320
3738
2330
3514
1125
720
2725
1551
1614
2623
4016
3785
988
4049
1390
3768
113
84
3593
1204
2850
99
1069
2163
150
3289
2157
2454
1043
1529
2209
3525
1612
2425
2082
3913
411
1864
2161
1597
1248
852
3957
2131
833
574
3203
1014
781
398
1183
1284
4052
980
1357
2190
3523
3727
3909
2926
233
1628
4062
14
43
3857
3266
2200
3694
677
2668
1996
2368
2855
2217
2838
773
1447
3004
321
2826
2555
1658
3972
2787
1949
3027
253
3070
1038
482
886
2037
1369
2898
1639
1029
3610
194
4094
1937
1404
896
1207
2195
2929
1030
995
3829
3830
2820
892
3732
1853
2216
1195
2804
2025
1202
3653
3498
3923
3844
1050
2612
3837
2438
691
170
68
1594
3264
298
1139
25
3063
3233
3497
3615
164
3458
1908
1174
525
4058
2204
1392
1748
2318
1540
4032
3232
3888
2012
1924
1773
592
3197
248
3240
1647
1205
2910
776
1564
3461
1622
1401
3383
551
2113
1036
3823
2841
2206
3518
1644
319
3463
793
3204
1455
2365
1978
2241
1482
1719
2451
1803
1725
1187
1580
3697
1679
2102
2837
2139
1486
2471
126
1079
1092
2624
1484
2348
3850
2064
2652
1192
3262
3195
336
3007
1101
3942
2027
1544
1619
1289
3354
3147
683
2364
2424
3667
1241
3083
2833
1180
2211
763
2708
1810
1463
3949
436
186
1738
1276
2455
1203
3561
1729
2415
2009
1814
2509
1496
3991
446
856
2177
2858
862
412
946
278
3452
786
2786
1710
2935
3898
2295
2686
3896
702
224
480
2470
3379
2101
3687
1657
2678
2830
1875
3323
5
3132
190
2196
1197
3395
3699
3906
455
2662
2016
1790
3628
390
3908
350
2581
2822
2811
448
1233
2716
3073
2688
2243
3651
1407
2173
1543
1300
197
799
203
3251
2231
684
1998
2362
3656
1724
598
503
2309
1458
3456
47
3454
1152
3375
579
251
2758
2653
2315
3521
1443
2846
1985
3299
2517
2578
656
1127
3318
120
1775
3093
1886
2800
250
2378
1074
1862
3334
1906
1133
914
1143
3595
462
3779
66
3192
3650
1129
3014
701
580
3936
671
2658
4047
1105
1388
3869
453
407
2123
2975
1762
2764
1578
1199
2138
2444
3819
1560
3673
603
3095
4080
12
101
3766
556
2861
935
1821
21
2298
433
3404
577
2922
4035
2360
1568
1238
1969
643
2485
1873
2638
3706
516
2760
1680
4070
1816
845
3119
3116
2864
2876
2546
145
2419
2878
2790
1410
541
2905
3617
1718
3576
79
240
1295
1380
1812
1588
1365
566
3058
2357
102
312
1059
1684
367
3126
2457
1309
1516
3527
1320
269
1669
2963
173
