2483
1433
1572
2776
436
1078
139
4020
2226
2190
162
326
3959
3089
122
2714
3729
3330
4043
3924
1070
3609
3753
2315
2295
710
2179
2822
428
3216
2680
1539
3998
460
2292
2443
2612
350
1007
976
3762
86
1868
1033
229
2628
4011
2655
1909
1747
3661
528
622
1108
12
3733
2707
605
1753
280
2517
1214
3519
2989
2625
3692
598
3270
2895
360
3984
3267
8
2019
4051
2931
2157
3212
828
392
1435
3307
4065
3672
3073
2693
2038
1651
2656
3915
3019
265
2131
234
587
2824
962
1455
1537
1721
2469
3153
3395
1710
1065
1734
2859
3591
3142
1773
1668
3083
3460
3510
1133
255
3338
3380
857
1404
3449
2841
373
3131
2590
2774
2224
904
3727
2247
3680
1483
3774
864
3108
2161
909
3975
831
521
2937
3274
4087
1424
1829
1931
3835
1534
3828
722
3648
1009
486
2126
757
2826
4027
1486
2545
1277
1685
616
1582
2002
3883
2034
2368
1697
275
2382
2252
1600
3891
2798
1465
1546
3932
1942
1748
3050
882
2518
668
2713
1737
548
1472
403
3650
3766
3133
659
3218
1431
299
3803
1100
221
1434
688
3601
3447
3420
2330
4021
2877
1097
2309
2164
2286
2026
1165
3720
1910
3151
2183
1082
1166
1167
2492
3927
2438
1763
3327
3295
2863
3262
251
1056
256
2338
1237
2883
994
410
1408
1704
3048
1817
636
1366
3773
538
3783
93
577
635
4017
1387
22
3735
3748
469
2761
3947
2045
2853
425
1157
1663
4069
143
1013
3546
3916
1148
3191
2255
3914
2908
1835
1340
2833
3539
2905
1583
2385
48
2451
2030
240
1402
3177
1964
2510
3751
213
1968
1406
3784
2580
1700
1822
3268
292
411
2310
1511
3043
23
3972
1090
1421
2550
3258
3971
1260
2400
2411
623
2515
1051
1578
391
3826
1436
1055
2061
3585
2508
3885
741
1360
1257
712
3204
2363
2112
3715
1820
693
760
3288
2099
3238
1137
672
3832
3628
3333
2274
94
1652
3026
2477
2710
3291
2397
1709
2115
2167
3621
2927
2668
359
159
2817
2726
1298
2954
797
3556
361
3455
2923
2892
1073
2548
2291
1731
1956
1003
261
788
811
1892
3494
483
2976
1520
3055
1913
2649
2588
854
452
3215
1430
1180
762
1107
1656
3229
1245
1231
906
3690
536
2466
4010
83
1929
431
430
1197
899
284
3553
990
3491
2575
1611
96
2413
2135
1476
2614
3508
1419
1620
4068
3269
2686
2806
2694
3161
2184
3996
1445
351
2044
2887
1428
3018
3871
2596
798
570
1175
3302
1355
1163
67
200
1771
1044
1320
1103
1693
3381
61
2040
595
1172
1495
556
2304
1975
1831
2275
2974
2271
1922
609
824
1686
1627
2064
1098
780
930
3886
2746
2896
3462
412
207
1605
1394
1786
3294
2219
3920
3408
3887
902
801
3467
3209
1215
3643
345
3086
1443
2232
204
815
2078
624
1253
2587
3815
3847
2484
871
495
2599
523
2600
1
2719
231
2804
1083
3531
2166
24
1630
4066
1714
1966
1159
1707
2820
582
380
3488
770
1252
439
1904
293
3749
3079
599
929
1894
3516
1525
216
2424
1039
1675
1061
3132
488
427
3414
1521
3042
3112
1880
3097
3923
2114
407
104
1799
2094
658
3150
2715
3384
1371
2881
3228
1575
2151
717
1391
481
2632
1412
3763
3739
189
2951
318
3876
3065
681
230
969
1018
181
2581
1369
2402
2345
2569
3581
2910
1625
868
477
958
2036
4075
2990
466
3470
772
2871
1544
2393
2946
1550
562
2936
114
3897
1375
3981
3246
2172
2684
1716
1019
2353
2864
2079
3685
648
2689
1042
642
2203
1793
4095
1970
1504
279
620
709
331
1973
51
186
4036
1195
784
2502
2523
663
1787
565
3466
3957
2351
2378
393
678
1122
918
2618
1834
2006
386
1241
3172
1076
2762
402
325
1750
1341
1925
3550
1946
1562
989
922
3582
1797
584
3352
3379
956
2647
3107
1171
3564
3951
1798
2687
343
2158
2123
911
3820
1518
2542
1845
3907
1093
1248
445
2404
2783
2928
566
3523
3843
3537
643
3195
3377
961
3418
791
382
877
3024
3801
3401
121
1811
1857
3371
2472
1531
4034
3249
2299
3994
4083
1377
3968
3827
1152
639
4072
3096
4044
1584
383
2331
1669
2991
2089
1950
3694
232
1029
2957
1738
602
4045
1647
1224
1458
1198
1372
3054
3284
960
1953
2047
3756
124
3936
1222
2441
2828
3039
692
219
1446
2419
1266
849
1708
15
404
1900
3700
228
2636
1470
0
680
1597
2909
2651
2547
2930
1035
1736
1489
1335
492
3867
795
2576
2941
740
4002
151
2054
2336
3743
2497
3374
1988
1310
1607
1049
1321
192
1568
1004
1170
1475
2879
1951
2609
652
1328
3893
806
4057
2110
2261
3913
1526
1154
667
1599
2791
272
249
303
2287
2724
2117
2308
769
3937
1587
1558
4077
3207
3603
1460
701
901
2969
450
1177
2985
193
3691
619
1836
3308
2643
1730
405
1279
518
2174
752
47
1503
2962
2427
3164
1839
1118
366
3966
1759
3514
244
3289
1329
3256
1068
180
113
2737
3106
1768
3961
725
836
101
3006
1194
3776
3105
875
3606
2702
3422
1761
946
1021
2564
633
472
2811
3928
2890
84
1991
1422
4013
2727
1612
985
291
2280
390
3072
4088
3060
1849
2098
344
3310
1746
3895
3970
1711
3454
2356
262
3448
3243
127
2840
1957
3934
1990
1207
3633
3180
1878
1805
2073
1378
2642
3709
3512
2392
2260
1553
1613
1739
3369
456
3737
1066
1727
653
3912
3515
1333
945
205
3074
3287
2792
3217
3905
1646
2365
3016
2035
2046
3070
3390
1999
1819
3901
773
429
704
575
4064
270
2278
2902
1514
4092
147
494
198
948
26
812
718
2145
3036
1855
1556
3740
3892
931
727
2015
2431
268
1985
2540
1838
3168
903
3386
3044
1772
3250
1386
1020
3300
3336
2279
984
1318
660
1723
4000
1766
2570
590
1781
3533
1580
1989
257
102
247
1807
3642
3459
2850
2013
2606
552
4007
1938
610
3922
416
3976
803
2088
852
154
2312
3899
2934
2952
2107
3569
839
2208
1285
694
399
3423
3144
3081
2348
1523
459
2318
245
608
1619
2120
3884
4024
2690
2017
657
54
3501
2907
307
4093
844
3730
920
3056
4055
1792
3275
3521
2465
3962
2221
100
3536
2474
1362
3563
2063
3955
3509
765
1081
141
2536
1696
2344
1532
3162
1800
2242
3978
354
2077
21
1228
950
3102
1858
3627
2399
3337
2373
3604
1498
1032
3482
2556
3724
3676
2604
2944
39
2371
353
3902
1586
3696
1047
1099
2352
1325
650
2682
2793
3548
744
1001
2490
3354
356
2874
3280
2293
1875
3985
3615
921
1392
3382
1883
2256
719
3394
3434
2361
398
1508
1995
2188
2878
2228
37
3261
793
2343
1041
2106
2435
426
126
3713
1502
3956
3020
777
1854
2177
400
2297
3792
968
4005
2323
321
3635
2439
30
649
3964
3479
3506
3567
2623
2339
2258
2764
2367
3949
943
2683
2214
1229
2779
1006
1980
239
923
3136
2418
3167
4047
3507
1169
1666
507
3565
3588
2605
544
3497
396
809
246
504
80
3438
1217
176
33
112
612
1921
1821
2720
2100
2122
1290
3578
3066
2461
1632
940
324
1030
3114
106
1928
381
2899
2223
821
286
1247
2405
465
1144
2736
874
2479
932
3040
474
3298
2218
3363
498
2598
1715
2852
3989
2884
843
3481
3286
2795
49
2616
2770
1092
3595
792
332
2009
684
1902
2748
1361
1506
327
3833
2935
2335
1181
370
165
1249
1305
3877
2
1943
1326
81
3580
2000
1871
2870
2153
2155
3790
2156
1692
1291
2597
1873
2422
335
2572
2790
1955
7
3110
1026
97
520
1448
3326
2052
1146
3618
3227
2964
513
287
949
1450
2128
1579
2384
448
1462
2206
3942
1120
2717
3138
1944
3332
1540
3061
2473
2152
1515
1908
1289
2420
2010
3686
2008
1500
4074
900
1306
1357
690
2347
506
2213
10
2051
938
730
1262
2090
3560
1153
2186
3910
2093
3344
3370
3597
2666
4014
2096
1134
397
1331
2391
1356
2042
3725
2316
2827
3127
625
3230
388
637
3159
3918
1866
3278
294
3821
2640
2487
529
755
3430
1239
1364
3617
558
1614
1864
3653
449
2629
1281
241
3356
167
957
3807
2530
224
1672
2459
3173
1992
2860
447
2955
3808
1825
1742
728
1850
2697
3965
1064
1110
3997
1609
347
2350
3251
1770
1570
1564
136
2227
2755
3247
739
967
942
592
3875
1735
3348
2814
2539
2043
2409
3974
1196
3620
3349
842
2091
3000
830
2033
1645
3091
188
896
98
856
1261
4049
2268
65
1109
25
573
973
865
2577
2178
348
2673
3478
99
568
983
1961
2192
2659
17
3174
3708
3879
367
833
524
3279
1016
3458
689
185
1106
2231
759
1485
3239
1176
2775
1484
959
3014
2633
4039
2854
3764
3605
3137
3909
2692
1492
300
677
2039
91
4080
3657
2390
1560
3917
2362
3703
1776
3547
3702
2904
2003
32
2037
647
711
998
1385
1996
2243
273
2555
2334
3038
2359
3624
1886
2698
2125
1469
2127
1499
1689
4022
3752
2265
3163
3456
2886
3561
4076
1270
1917
2262
142
567
2257
1258
2121
2942
3415
1687
1322
157
2445
3840
669
4081
401
1203
2585
2743
995
3919
330
2988
2620
1062
1461
1869
3397
3770
1420
1005
2771
3077
3198
13
846
767
3517
2834
2566
1346
3463
1141
3244
3113
1702
1844
2389
2679
1596
55
441
3171
16
3343
671
2364
1441
3644
2048
3979
1074
3290
2132
1724
1243
1444
2920
2551
1292
1803
115
3693
2701
1676
4042
3750
2457
56
3874
3033
2915
607
2856
1280
3194
2229
2568
2140
2760
2200
2648
1728
3231
253
1299
2812
3526
3031
1089
2097
2025
4054
2524
2065
2670
3681
3925
490
2282
1986
1974
3186
111
2728
1179
3638
337
1555
3376
1028
3292
2205
3747
1965
1274
2233
2705
3187
764
2300
2160
501
2501
2029
2401
2225
2442
2425
3831
371
1610
881
796
1683
3309
454
2317
2980
1343
1240
1191
2070
168
3816
2285
3443
1785
2732
2611
3047
1623
2847
458
1912
163
3613
2916
3260
1275
618
3303
626
2189
116
3988
3543
1939
1814
783
1608
2396
2650
999
3464
2780
1852
537
1846
467
1151
133
1893
2997
473
1111
2567
3881
2809
988
3841
910
2950
3538
464
1223
3857
2198
1264
1585
3631
290
2797
3245
872
164
72
916
140
2800
4061
3717
1287
306
3800
574
2437
661
2266
2288
409
2301
3866
685
2641
2467
3583
1219
1801
2068
3671
3170
35
3046
2514
3851
1522
2423
1918
2369
1071
2372
2759
3082
1040
3276
2799
2730
3889
3428
3571
1774
2844
2898
2869
2921
736
119
3156
1024
1827
1496
820
1987
3684
3035
545
1848
3659
3993
3080
3838
2579
2143
1491
3872
3649
1617
2832
1302
2665
46
3226
3809
935
432
2784
3281
2168
2087
2066
807
1398
3757
161
3980
2489
1437
863
3953
3001
2963
2816
1205
2933
3574
1919
3589
2527
3626
3005
2311
2011
2185
1512
1390
2613
1962
531
243
3213
1806
1948
1216
4001
682
420
2076
2240
3683
1395
2480
1183
4062
3351
3192
2163
505
790
2211
2207
4008
462
675
1143
1633
3385
2116
2234
3141
810
2634
829
3383
2608
3315
328
3149
716
1933
3346
2744
2925
3219
2945
2471
3493
1548
295
64
979
250
3468
3030
3221
2416
1160
880
2290
3064
2601
2754
1654
2327
2986
683
214
1528
3427
4028
1782
925
3093
1368
3203
170
1411
816
3432
3834
2138
2718
1872
2264
1187
2248
2136
2182
2538
2250
2738
3277
2703
2617
320
3782
2644
1788
1168
118
3220
732
2058
2289
182
540
3850
210
841
3121
1565
2845
3674
3196
2134
1211
3854
2733
1691
631
886
289
3629
982
3655
1567
2470
375
2273
3559
3439
3722
2082
1409
2731
4030
3486
3529
3705
934
580
3323
1661
1898
3058
2891
697
282
1125
220
88
2763
3586
1059
2162
3111
885
3673
3441
4046
3407
2561
2978
3983
2660
3088
3769
1235
933
3890
3549
1236
446
2486
2794
1861
2709
1230
149
1129
2516
2193
822
1959
2024
2882
646
3687
145
606
117
2456
1382
3741
2503
1940
1158
2865
981
748
3451
1342
2383
2341
2154
3865
3388
3214
4025
352
2654
670
471
1674
2354
4033
862
2434
630
3331
3069
645
581
3311
14
1698
1877
1949
3530
2139
3457
52
1688
4050
269
1760
2875
2053
2846
3836
1784
2704
2652
1022
2667
2708
1263
2591
3500
4006
2637
73
3347
559
3904
3811
1694
374
2448
3176
1036
2452
2584
1011
3732
3139
2507
3178
1865
1740
3254
108
3350
1927
160
2966
2340
1155
1906
1577
3593
3403
706
3707
2175
1348
1926
217
2276
2573
2319
1657
260
1442
775
756
3365
1212
1958
2014
3450
947
3825
3723
2253
1185
1220
3587
2534
237
1529
3819
3931
3199
1507
3502
594
2716
2843
3318
3404
782
3967
1344
3002
1027
3584
785
3317
336
3855
3647
870
3210
2245
2246
3143
304
1566
3760
1272
2454
3688
3817
363
1145
172
78
2050
1631
1363
3941
1895
1764
1002
3554
3389
45
3
3541
987
2745
3200
549
2645
1762
1332
2302
1643
1543
1384
2592
2360
1754
1473
3699
543
1621
1426
1358
2808
2984
517
2075
323
1891
123
266
2376
2894
223
173
329
1826
125
1000
3496
2267
3864
664
211
2663
3991
3896
3092
2118
2342
1374
132
944
2417
1856
1173
3282
1038
1690
638
496
406
2918
2476
1317
2142
3798
3490
696
847
2695
4035
1978
3034
814
2215
550
3652
1124
3197
3906
3304
3767
3272
698
1314
1015
461
2838
3568
3495
2032
1479
2675
497
3610
3469
288
3483
379
1717
1637
926
2410
150
1923
1046
3123
1815
818
3419
278
60
259
1206
4009
313
1998
508
2377
4067
1635
2119
2321
2254
3476
2149
3067
2586
2961
2768
2562
2482
1336
341
236
3665
898
600
3935
3579
209
2197
1337
576
2839
3598
4032
845
966
3022
2810
2734
2913
2971
2919
2773
1790
1530
2328
1403
2216
1451
89
1429
912
2777
203
1626
433
1201
2995
1440
90
628
3041
2007
485
1094
794
2739
3852
3475
1677
1334
3232
3987
3745
254
2639
1641
2069
3359
470
3360
615
1981
2998
3712
70
954
453
2849
1091
3387
1178
3859
3716
11
3078
263
3771
134
3128
3555
2421
3433
4048
3660
2303
1924
1400
44
907
2696
1967
1324
187
1226
1077
3320
941
1242
827
4040
726
2752
753
3759
2081
1087
993
978
1648
2658
2835
3799
2747
3662
3098
1304
2284
1993
3511
2953
376
3087
1225
2965
2729
3616
2520
1282
2236
1297
3252
2823
1380
742
1184
2202
3158
3025
2802
3882
1796
92
627
1416
2109
2781
4063
2664
2144
3122
3599
215
579
2446
2403
2217
258
2450
3411
1296
4085
3678
1954
861
2669
686
876
36
2325
1135
1795
487
3861
202
2171
601
438
3095
434
1354
3785
1417
3726
2977
1644
3822
1389
1718
3211
2055
3677
1510
735
3637
3402
3099
3622
2440
1634
107
1952
2868
1778
3719
1488
971
3063
77
2458
2313
2379
1791
2888
3442
3544
3939
3636
1338
3900
6
1733
3062
3634
3328
802
1010
2105
1936
2272
1075
3285
53
557
199
1457
417
3710
691
3314
1941
3301
1741
2108
3484
2104
3283
3823
1393
2412
2004
2494
779
3938
362
2615
2196
2522
1755
2631
2858
1930
3557
2947
3995
408
2332
41
2861
2753
3160
3894
1712
503
4015
1323
1373
1881
1131
662
525
3008
603
2563
109
1164
3670
1315
774
2813
917
3312
5
551
3071
3325
3639
1113
510
2049
1123
3444
144
175
2210
703
1916
1273
2062
2914
197
3364
369
873
1238
1932
952
3409
3175
2578
1593
3011
2630
1841
1561
1359
476
2749
1810
3437
3960
1729
1639
3697
1590
563
2170
2700
128
889
3115
2095
3165
1192
714
1732
3297
3435
1034
424
1678
1897
2433
3666
2552
3930
2560
1563
799
1542
4038
3522
1115
1130
1454
1984
3154
3398
3399
3179
2370
3116
745
3101
1202
3619
2982
3528
2244
3701
3824
2830
1210
887
1383
1720
3094
1088
1301
2209
2326
156
131
3973
3848
1057
169
853
2488
3335
965
493
1867
729
1903
3778
890
1199
63
2929
1934
629
2181
1487
3542
43
2674
1423
2554
1467
3124
218
3728
634
3734
611
2478
227
3015
3844
1095
1174
1313
2298
3562
2767
4091
654
3498
3704
2574
786
1142
763
1156
395
1576
130
1459
2259
3534
2495
1794
2735
2165
3461
2021
2546
3668
357
3558
442
3611
604
1351
3933
2750
3675
3068
2449
419
915
1884
190
3234
1367
225
3007
3265
2146
2124
1779
1311
2337
644
534
597
1671
2821
1896
2426
1726
2005
754
3029
1765
3166
3977
2462
2819
4053
771
1588
3731
2296
1480
1874
3656
3417
3789
834
858
1227
2787
1397
1960
3664
3945
338
509
1899
3804
1513
4086
3169
3368
1769
526
2028
1060
1259
1682
2491
3378
137
1117
135
3004
516
3779
85
155
3184
1832
3868
1887
3155
1452
2949
2463
3921
4071
1830
2873
3480
3532
514
1221
3059
4031
208
2349
3120
2086
2996
3787
2662
333
3640
3474
1218
3412
3513
2307
500
894
1706
2195
3084
897
588
79
222
2366
738
2493
68
1200
1054
2056
2880
1997
879
3777
3406
963
1552
355
316
2187
4082
3911
2464
387
2900
936
2204
1379
850
695
3152
1660
975
819
1915
3372
1136
3148
2212
939
2504
3573
1783
276
1189
1516
2237
1050
1870
2722
4018
9
1432
1935
1816
1048
3342
4004
443
3958
532
1559
3632
277
2012
322
1295
2788
4003
1439
3860
2113
1254
970
2430
2815
3429
673
3944
3499
1067
3135
2979
1209
3695
103
1308
2241
3943
489
2333
3805
2602
3948
1767
2387
349
2676
1705
4029
3373
1945
3313
1743
737
937
1086
1208
3858
62
1589
2453
2742
3999
2672
560
3248
2801
3477
58
1591
2141
641
342
3856
1536
3182
2688
3520
3630
1971
3471
365
413
2842
924
3527
888
3590
878
1963
1535
3793
743
2901
2023
2509
572
1058
4052
2885
206
3366
3421
2857
838
3780
1680
1775
1808
3862
3570
1744
4079
3645
1843
2559
3592
808
1937
3797
1824
1863
3145
1312
283
2610
1969
2468
1468
178
2103
1592
1598
781
3768
1604
1008
1330
632
3742
569
1524
364
3134
1659
1014
171
1813
2603
319
746
3225
4019
2485
482
1353
201
3027
2083
195
817
2803
3869
1204
1983
3242
2031
1052
3986
1193
3667
2968
1447
3053
3305
152
512
1017
414
3233
720
2622
869
1045
1890
1213
1072
1401
3837
372
3736
1695
974
986
3201
3236
3473
3540
655
3306
2993
3813
3669
2269
3109
2987
499
3525
2595
1162
3898
977
463
1802
2537
3646
3023
166
1541
1670
571
2320
1947
3188
3222
3950
1370
1554
368
2428
2060
82
2960
491
2414
3017
4041
3293
1471
2607
153
1037
1752
3393
1407
1251
1557
823
2092
3049
1127
3654
2375
1350
1842
1271
768
3842
1256
3489
110
702
3329
1101
2922
1482
27
437
2635
1828
1031
1624
2582
3614
301
3341
835
1977
475
2867
3608
2381
3926
522
591
1699
1616
2270
2415
3100
105
3413
1388
480
310
2386
2912
3577
919
2102
3492
3193
3185
1493
3908
484
1655
4090
274
708
1466
2018
1719
2137
1278
2398
980
285
1453
233
3596
3849
267
3130
3888
3880
146
1595
1606
3711
2740
1268
196
3076
1463
2444
1823
2460
1232
751
2277
3206
4037
3045
666
1638
892
3845
3718
1079
2305
2511
789
3814
832
3392
3781
1757
3721
3240
158
3576
2513
2067
3264
3788
3839
2169
3566
3551
302
859
177
1972
955
3426
1012
1905
418
1642
1414
1601
3396
296
578
1132
586
2041
1837
3990
3051
2805
2757
1804
2646
1053
1449
3367
3075
1862
440
656
867
50
3425
539
749
3575
1316
340
148
1649
3032
2970
2926
3205
3625
2027
2627
3982
1789
640
1758
3829
1085
826
515
2897
3873
2796
3129
2263
1138
2657
4094
2505
1023
2583
1112
1618
1901
1653
1190
2532
972
3345
1879
1128
953
1667
1594
750
4084
884
951
384
2147
2150
1188
38
2395
297
2059
3602
3663
2394
2406
837
1084
2346
1269
74
2525
1233
3746
3237
19
3146
3416
1914
511
3903
2111
541
1149
2180
1517
1490
2500
1250
613
2072
2481
2358
3472
2786
1415
421
2789
2903
1840
389
194
3321
617
3651
2938
535
2818
2959
2983
191
2958
3253
2533
2956
1116
1911
895
3445
1405
2230
3266
1664
138
3189
3552
3358
4078
1505
1574
2948
2829
3503
1456
3452
2653
1673
776
1381
2016
2499
2173
3612
2741
3714
2766
3057
2408
2357
927
1244
2475
242
2671
3431
2981
1234
3658
2940
3623
3021
2917
2506
2758
2661
2528
564
3339
3299
3954
3117
3754
2677
4012
1150
891
2778
317
733
2825
4056
804
699
311
334
2324
2529
3524
2721
1889
2071
778
1139
2994
1519
928
2549
1920
468
1722
1833
57
1126
2889
1603
415
4023
212
1581
546
1294
20
1478
3794
1102
248
1859
3446
1571
3012
3125
3806
715
3545
308
1701
3296
2201
34
2866
2837
1703
2943
3255
2429
2756
71
3355
2020
1681
451
3992
3052
2535
1615
3952
3465
3818
4073
1267
3802
3878
1464
2526
805
724
3357
298
1119
1549
3706
3738
2706
455
2924
585
3453
479
2199
1533
1636
2407
2235
1399
1628
2133
651
346
312
4089
2589
1477
502
848
271
589
42
866
2544
2130
3607
1063
3003
800
596
3641
1812
3104
1303
1679
1096
31
3786
1665
1300
1286
3009
2085
2001
707
705
2531
264
174
2251
3241
1413
87
1288
1885
1104
3929
996
1907
747
1629
444
3391
3755
2498
1713
1809
309
2712
3353
1494
2626
1851
3791
2519
2751
3257
2862
3518
1283
1780
2283
1497
2691
1140
2101
1284
478
4060
69
2848
1882
2699
75
533
991
2521
1352
2380
3410
2432
2080
1396
314
1327
2975
3375
561
2772
1025
1650
2388
3157
1573
1345
1982
2685
851
3504
2294
3772
2176
787
3271
2057
1818
676
2725
3796
3361
3405
1182
3183
3224
700
734
4016
1547
3594
1255
2973
3969
1376
913
1551
527
3235
3505
184
840
1438
2621
235
3940
1569
1246
1425
2972
2638
2239
1751
964
2831
1418
3037
1509
3436
3795
3424
2314
2496
3400
226
1662
3103
3010
3273
1147
2932
3846
3963
2999
665
908
29
1069
2939
3263
2306
4059
674
1602
385
3679
1725
3340
66
2322
179
883
3485
315
3698
2374
2541
3682
1501
1427
855
2851
1319
2455
120
2447
766
2238
3316
2872
3812
1640
1276
3487
679
1186
1888
18
435
1545
3190
3181
2355
1538
4026
4070
3689
3744
2148
3202
2329
992
1349
1339
95
1474
2557
2893
4
3090
2074
358
129
3028
583
2624
423
1410
2191
1745
76
2249
593
3535
2855
3334
2723
3946
3322
2911
2785
2765
519
3126
3119
547
305
2565
3572
1347
761
614
1994
1658
1080
555
860
238
40
281
3118
687
1749
1684
2571
530
2876
723
1622
378
2782
3147
3259
339
1161
758
1121
3765
914
1293
3319
2512
4058
2619
2543
2678
2022
553
2281
3223
2593
377
713
28
813
1365
1756
457
2129
59
2992
1043
1114
3830
1105
3085
3440
3810
3775
2222
3863
997
621
1876
825
394
731
905
2159
1307
1527
721
3870
2594
2220
542
1265
1860
252
1847
3761
2553
3324
1979
2711
2436
3853
3013
1777
2836
2681
2769
2906
3140
2558
1481
3208
1853
1309
2194
1976
2807
183
893
3600
422
2967
3362
3758
554
2084
