2522
2820
3444
2645
3885
1833
1074
1261
202
2452
3050
3159
1582
1747
3673
1300
4018
466
3556
2342
2473
1146
1550
1895
4038
2205
1597
56
3043
1996
669
3696
908
2339
471
3891
172
1194
2562
3636
1791
3503
1006
2009
1106
2732
615
3810
3569
1391
1899
985
74
1932
3481
3977
3395
3667
3176
1088
1574
873
2090
1137
4013
554
1753
2922
552
3950
3384
1756
810
2257
4053
2104
2813
849
537
671
1936
1988
3458
276
762
3787
1071
1623
2005
1453
1779
1765
3054
781
718
1023
3850
3013
3145
2025
2317
2441
233
3369
248
2967
783
3052
1991
4016
1402
1064
2997
2161
1659
1250
1153
1990
1308
1294
2685
881
755
3935
2957
59
2657
1185
739
434
3971
2959
1160
1890
1198
843
2700
1973
2358
3567
3836
1122
2086
3752
4061
1540
845
992
3599
676
412
3084
2831
2209
1212
3404
1244
2594
373
1282
2429
3883
4030
1876
2709
2752
2646
2599
2270
991
3519
167
4017
3487
399
949
505
2939
1100
3095
404
218
1078
2662
2926
29
1871
2470
2692
2898
2905
622
235
3724
2540
3466
3790
1717
3264
679
3035
798
2730
3970
1371
1539
3600
2006
1507
1085
3725
2629
4051
2611
2381
3549
34
741
2300
1843
3546
111
2667
1839
1708
2988
538
2158
3821
1846
292
3201
3559
3775
534
3572
1199
2587
3379
2448
2486
3553
1283
1170
3360
3843
3439
2704
3397
1674
3428
629
687
1806
3407
610
3236
4000
2842
1572
1888
308
3814
1583
2574
2415
1382
900
890
4047
2790
1233
976
950
1144
2577
3433
1940
2780
1534
369
3909
2401
1383
3879
2206
3974
389
1873
1299
3263
1263
41
2915
956
3298
1430
2301
449
1549
1040
961
1771
513
2573
2307
489
3889
3477
1585
2717
869
3408
2854
3648
3736
351
3720
734
2904
3743
1542
1903
731
384
3987
2781
3887
3014
2204
2935
4090
3038
2033
2919
2765
561
2312
2197
309
1459
1362
3756
681
211
2977
2095
2440
1135
599
2504
1822
780
1126
1378
751
3387
1394
1705
1974
3009
1606
3679
1112
1166
2742
2837
2783
2337
1875
1565
4019
2895
1318
258
3505
3455
1627
1255
3493
1999
265
2972
1407
1994
656
3849
604
2454
893
4066
1554
1109
1548
294
3348
1668
1768
278
245
1609
2392
2722
2768
2956
3219
2491
2680
3226
3310
3536
3996
1035
508
3591
1807
1840
1701
2565
973
2533
2891
723
2178
1977
1584
1104
84
2287
1809
4071
88
2274
281
1220
1291
3654
14
3833
606
1202
4025
48
2757
547
1082
1426
4
3061
2778
3902
3509
787
3592
1694
952
1642
3325
3354
3194
2368
2558
3582
4058
3500
2887
914
1615
1336
2034
591
1133
3517
318
3604
269
2137
1219
730
200
1445
231
575
1041
2620
3394
1481
891
2291
2740
3598
3691
439
2315
3706
1251
1201
3695
2133
614
2096
3805
3797
2369
573
3057
3616
733
401
1111
2147
1366
3820
901
3778
2123
2140
923
19
2580
256
192
526
2628
3117
3100
3090
3454
3812
2903
1043
670
3167
3740
1419
1050
1808
3655
46
2220
1578
306
1770
4036
2986
2130
598
2571
3302
2613
3287
328
584
1794
2712
3596
2975
372
1689
3502
1018
3940
1656
1989
748
2224
1175
532
763
2606
3329
3136
2512
2727
2240
3595
987
831
1225
2800
850
630
772
57
1162
2965
3829
803
3490
2370
520
454
3376
2308
784
3197
3514
1492
1121
2684
1380
995
2207
3769
3179
1754
3261
442
4015
953
1125
1163
2047
1442
782
2978
3671
3491
3657
3049
2001
1924
2682
2909
480
848
179
1646
3773
3991
2375
3249
1269
1577
1760
1242
899
1893
3947
3327
3357
2192
2875
1663
2195
3119
47
3199
638
3772
1205
2839
1911
2485
1551
566
1259
3880
2900
3494
3034
1363
2654
2719
194
1947
2636
3056
1662
536
424
2817
3669
3440
2796
2801
2323
4037
2464
1726
93
2627
2040
2348
2583
506
917
398
1115
2879
2582
1813
2388
499
2894
18
2149
1002
2652
2614
3486
237
4079
2458
2289
1645
922
3936
1818
3694
2395
3221
3135
867
13
3339
64
2237
206
2766
4087
178
3855
4032
1863
1108
7
1879
2912
842
2634
2043
1761
2482
2462
3463
2505
3817
362
2777
2
715
2132
857
2112
110
1186
946
2403
2509
3580
2377
918
3661
1917
2014
3109
955
1527
160
912
3957
290
286
2531
1181
1334
4014
3962
1412
3400
3734
649
1385
1405
1472
3540
3002
1030
2734
2872
3046
1235
1684
565
21
2372
528
288
280
337
3154
348
460
2374
1910
1504
227
2803
2603
1942
533
2445
1956
2199
2668
851
2079
2714
1696
2416
3811
323
1608
2193
1579
1648
240
2774
3291
2644
3684
3209
2420
464
3687
1853
3229
1305
1758
3300
2851
672
905
3472
4042
979
118
336
2029
3766
10
4076
409
2131
1055
2437
1816
1849
1156
3646
82
3064
1436
2455
2121
2322
1340
1241
4065
2256
2695
2422
3204
1864
3813
1409
2254
1361
2265
898
2078
3699
551
2166
291
2762
3985
3351
2517
187
1370
1150
3868
1733
2689
3622
586
1239
2101
2846
427
2218
886
15
1965
2897
2260
1070
1353
2979
2456
1152
3723
3852
3239
3147
1894
3594
3256
1138
3127
2408
2925
1762
3982
1959
226
2427
2298
3303
1107
728
3163
1784
1321
1561
546
1757
647
2564
3080
6
1970
146
1290
3116
3389
3799
3904
1898
406
2146
1176
2272
9
2082
214
3411
3479
4029
2263
1946
937
426
948
549
3953
2077
2949
2157
243
3316
2076
1446
938
246
419
2015
3508
2543
878
3633
1418
2924
719
2729
2502
1192
3532
527
444
128
90
859
1066
896
3072
642
929
3482
1537
2228
3094
1749
3265
3510
3924
1052
1823
3037
1580
3488
3217
3912
1755
3793
664
50
3143
2233
1907
2933
1558
911
2264
1404
939
854
3443
1395
1482
1095
4006
636
1337
2595
2976
3457
1826
3665
864
2489
4091
2850
3030
1590
1842
1161
892
1767
942
2046
655
2829
2350
3623
3156
3729
2022
3675
1182
2433
704
696
3104
1517
1443
3707
2144
2349
3554
2985
902
2196
2920
3083
3585
2529
2631
1653
1614
1502
2591
3558
2943
3270
1471
503
767
1372
170
491
195
1691
2581
2059
3462
445
2487
228
1359
558
3417
2251
1024
152
824
525
1901
80
435
3988
756
3612
2390
3973
959
1248
975
155
1641
1003
2179
2825
1594
3663
1236
2386
2932
963
1379
879
1686
2548
1935
1742
415
3309
2968
701
1091
1746
3613
654
2271
3784
2557
3893
519
4002
3994
3899
1979
674
3003
262
1494
469
1389
1314
2189
2864
2821
3022
3898
1438
2321
3774
1154
3551
2366
1650
3777
2670
2849
590
2576
3449
3430
2812
2601
3370
582
3187
2763
2547
117
865
2280
3830
3435
2431
1496
3942
3320
2859
3906
2621
3495
994
2360
500
2592
2275
247
1484
2676
740
438
3164
716
124
2010
2430
1834
3307
2050
594
3925
1038
3728
1581
2863
2767
3297
3583
173
2108
271
1131
806
993
3632
1424
134
144
196
3999
2118
3882
1467
866
3544
1330
821
1193
2247
2698
1474
1093
3831
3750
965
1273
2756
1530
1019
3686
2884
1799
684
760
3374
811
1752
1790
2168
453
1812
2834
1528
1518
1183
1384
3011
3406
635
1369
2914
2749
2037
465
320
3429
2678
2815
2412
2744
3071
432
1470
3779
2116
3627
3703
754
3460
2604
3721
1588
205
2286
2259
1454
4012
1962
3120
69
775
2579
1342
3516
2156
380
1027
2955
2421
3955
971
3483
3427
188
862
3099
3063
601
2277
2411
1984
1509
1954
913
4073
2527
3568
2706
2212
2958
1480
2250
209
3815
2219
2934
2267
1267
3700
3520
3146
2910
3733
3192
3365
3739
1264
3344
287
1489
3191
3436
3844
2946
3241
1865
4049
3735
1293
3424
712
1672
4063
1859
2694
2916
1928
3412
2187
1143
2984
2802
1628
2739
1877
67
1634
2516
295
4095
858
3398
2806
305
2520
73
1306
3246
2659
941
773
977
736
3918
2316
2282
3697
2285
1141
162
2715
383
1157
700
3547
964
3231
1187
637
1604
1349
3593
906
1319
462
1358
2471
2331
3917
4005
2169
2245
888
2479
2630
3419
1441
2514
2165
1526
1598
1814
2450
1312
3000
1595
1621
1271
1739
1491
3869
1868
2126
1214
476
1302
4082
2314
2031
1769
1132
1541
592
2394
174
2998
3031
2789
2075
1997
834
3747
4011
1148
301
983
127
58
1695
1848
2679
1073
3744
224
1536
3946
1732
1356
827
177
1712
3088
522
3903
2773
1920
2490
1613
3421
3130
3788
2425
1007
2017
1324
3989
1034
2669
3964
3762
1129
1611
3058
2615
3385
1552
970
1413
613
410
2559
378
2330
1949
2089
3349
2885
315
2852
1014
395
3418
1164
65
722
1079
55
2164
3745
1715
3317
1329
3848
1234
3153
1089
216
2320
166
3867
2434
2355
2273
1506
3293
3250
2639
3628
2750
1439
2779
1042
4060
3447
1600
1444
75
2122
1919
1501
916
709
354
2755
792
1966
198
2080
675
3530
3584
1087
68
2182
2495
1403
516
3001
2877
2064
3183
1860
2385
1021
1828
1725
1902
809
425
2135
3890
2584
266
1783
2083
1546
1485
1268
3166
1335
909
2143
1316
3913
2881
2508
1065
1469
3033
149
2999
2302
3795
2497
3864
595
33
3475
2235
1167
3021
2249
3498
293
1360
1697
4086
3306
386
724
658
3410
45
3786
621
3828
277
3446
1679
2457
1711
2511
2737
2995
2578
1004
443
680
2892
175
2093
2305
757
1992
3804
517
119
3115
3678
3358
666
544
2269
3032
28
3101
2391
1119
3531
2150
3545
924
3676
3305
3515
1781
602
1945
1619
1782
1986
1332
3518
261
3603
1968
364
1051
1918
3203
3578
2035
1897
1817
1142
2151
2702
2384
2794
2758
2963
3019
2723
2952
3073
2379
2111
846
2293
1904
377
699
2155
1062
3353
1625
1564
1616
3783
3841
3207
2771
2703
1172
3255
2344
3645
2467
2061
2748
507
497
3238
668
3347
735
1449
1803
2181
2908
1786
3319
3333
3621
835
951
3160
2404
3066
4075
790
2213
2720
1151
4041
3124
201
984
3618
3609
1232
2811
408
1723
242
326
1098
3619
3098
353
391
2468
3087
3895
2970
2691
1386
4050
2172
193
3933
3571
3861
2876
1265
1631
1296
2810
3299
1081
2396
1206
3423
889
3915
140
2227
990
483
3225
2711
141
2483
2869
126
4072
2683
3651
619
396
2705
431
1262
2570
3168
3111
874
1487
340
797
1874
3761
2024
3340
2944
31
3315
988
334
3934
1020
2238
1077
2741
1638
3069
1339
3465
1490
535
159
2937
569
1222
1425
1211
812
693
3871
3334
2525
1097
3383
702
3751
3277
808
3234
3140
388
252
1408
1174
236
2243
3386
1417
925
2340
3845
1736
1047
1710
239
3714
2012
2347
3995
2553
1464
3311
587
3709
774
436
4008
1626
2060
3659
3658
502
1128
4081
3415
2073
397
1916
1049
3768
1190
2190
3008
197
2724
2792
2772
1832
2336
2492
3742
495
706
539
385
2534
3409
3202
2284
3501
2969
96
213
966
749
169
1938
695
2889
3042
3067
578
1629
2343
2153
2222
244
1866
1274
2515
2731
2597
788
3881
1983
2128
1905
2738
3405
3131
2618
311
3992
2883
4080
3759
2477
2406
4067
2248
1177
1535
3652
3343
608
1450
2105
1545
333
2830
3834
1008
2641
3326
895
1270
998
2327
1243
129
2070
3206
2822
1284
2049
3381
3764
275
3525
1885
1114
1780
2496
25
1200
2056
563
1881
3630
37
2074
3758
3122
3858
2242
297
3681
1745
1538
1961
1657
1775
1124
1836
1830
1805
3391
2494
321
1529
661
3730
3016
2184
593
279
3134
1247
1707
1515
4034
2982
2449
509
825
3873
3954
3539
3866
3474
2687
1687
2880
2484
147
1955
3840
805
1603
95
0
2612
360
494
303
186
1328
3856
350
1845
2054
1169
1276
4055
2775
3103
2115
969
210
3338
63
1392
1188
253
2120
1987
204
122
3078
596
393
2878
3919
764
1941
3522
3198
609
1473
2500
100
1858
1354
1338
4040
2605
3137
2793
2832
3524
2053
3666
2753
1957
107
4003
3126
3931
2052
2303
220
3794
2328
2874
2042
456
3897
2252
3689
3371
3074
1414
3586
313
1852
1931
2931
3007
1952
1982
3753
1415
1909
2098
2994
571
2918
2414
1716
322
2136
3731
2418
418
164
3710
2953
138
61
3456
2893
463
3983
3923
2253
1304
4088
3233
145
1466
1921
2225
2003
743
708
1260
2589
2675
2535
1571
3121
3941
779
3972
3227
470
428
4059
2069
883
329
2930
30
804
1981
2442
3114
3240
3106
1348
2736
3060
819
2288
1998
1637
1060
1664
1951
1044
689
980
3363
1570
1292
3485
1117
3128
1778
1286
600
871
2020
112
1567
3161
570
38
2217
3827
1311
583
473
3377
861
3588
429
20
1569
729
2180
2139
541
3853
3028
3294
2472
2860
2255
2048
2127
2241
954
3746
1622
4062
2964
3577
2754
2868
1728
1519
1819
1158
550
4024
2782
3683
3476
1980
3748
1764
3581
2039
1099
3188
1092
523
3905
2413
1624
481
1460
1750
1277
3975
43
3175
2294
2701
3372
1943
2788
1178
3791
577
2655
86
1680
3195
484
1692
3281
2913
1422
2980
1933
3943
1724
264
1883
2733
120
4074
1495
1944
524
3825
70
2672
2761
3041
2843
1031
3290
3738
1824
375
2549
2183
839
1486
2545
1661
694
2862
3403
3682
3434
3170
823
3275
3892
87
1681
3922
3304
2081
3537
2735
3388
2841
1075
2871
2389
2873
282
1557
645
1325
1882
2461
3193
411
4054
317
381
3330
2940
4064
217
2159
338
1355
3727
1145
1465
725
3079
648
1173
2588
3026
1953
545
2419
3097
3798
769
3441
1719
3563
4057
2718
830
1059
3393
273
450
2446
1036
2345
2162
2882
3979
2510
2532
1676
148
4069
1773
2917
1406
479
4026
3605
3837
3258
3010
945
2279
1179
1498
3189
2835
3781
2993
4043
184
1976
1673
3966
1226
3292
40
2088
2065
1729
1636
413
2861
1913
3690
3809
83
2556
1531
1352
1410
2637
4078
1587
1675
1127
1204
768
799
2071
3284
1346
1216
4044
4083
289
943
4039
2109
3916
3442
2198
3243
2435
3378
2950
2674
4045
490
3859
2044
104
2776
356
3504
1393
618
1635
1067
1416
498
299
91
1209
374
1655
437
3965
3907
3968
2171
2697
3838
51
4007
3901
2188
1735
625
2295
3468
1503
3375
1841
3141
3186
904
1180
89
251
298
3157
3118
2346
1068
2927
2007
3257
2364
778
1462
2690
1985
2537
3737
36
1045
2216
1714
3102
131
1599
2310
448
23
1461
1493
3382
1837
2363
3998
3770
2211
3208
4084
422
3139
2960
2142
2747
1278
1295
688
3178
3237
1559
1130
1677
3155
3660
3295
94
3597
1654
897
2795
3702
1397
3796
4068
2677
2055
3432
447
4009
3355
3951
182
2091
3948
2417
2538
2177
3832
3921
3279
1497
2215
3005
2890
928
960
1682
1960
35
3081
1660
2094
1456
1327
3235
562
1511
3647
2708
2373
1000
1972
153
324
1975
2954
1759
2673
98
3835
557
3181
3352
1159
3301
2990
2480
3453
2513
1596
3024
1039
863
1727
97
2828
4020
1307
1011
3938
2716
1617
3543
1322
518
2176
1500
1452
3926
1476
2268
2503
3726
2907
875
3896
1844
1520
1851
3816
828
2466
3800
1249
2276
1644
3093
1576
662
3367
624
2167
1140
2426
3878
1776
2423
2764
1287
2186
2899
327
254
2066
2460
2928
3589
2032
1971
492
2987
1184
345
2653
657
2836
259
3332
4022
215
3634
81
1475
4070
795
3900
2699
3920
420
510
530
1139
423
540
1025
3978
3314
796
316
2234
451
1197
2906
2785
1317
3749
3196
3664
2819
2476
1699
2000
856
1922
3086
1488
4031
3125
1083
2833
884
2638
793
3910
2623
3350
3151
461
2622
572
2632
2036
2607
2707
3267
103
2973
1313
3631
143
1886
1341
841
3259
207
3020
3278
2942
2296
1479
2648
2693
3685
158
272
485
1605
2428
2865
2745
2443
1589
2230
4046
2791
1722
1772
2124
3023
3528
588
3173
2304
1618
225
1573
3422
580
402
3760
3224
123
92
3048
85
3944
2338
3402
2936
3253
27
678
738
745
2561
2018
746
1368
2028
2444
1398
3471
1365
3451
1891
3205
860
3273
2506
260
3286
3638
39
2236
455
3643
2647
3152
2099
66
343
3561
3523
753
3222
283
2544
2797
641
1165
22
2572
868
646
2474
1737
2991
2827
1741
1669
379
1787
3538
1289
968
3550
3266
2787
3807
3039
2635
2552
2590
1811
2845
930
3242
789
3313
2106
2760
2383
102
3337
607
2362
2148
121
2929
2902
2051
1610
1298
3566
357
1643
903
611
3252
190
414
3771
199
2921
430
1458
3129
1448
2057
1240
3956
3629
2002
441
1063
2063
222
3862
2072
1792
2901
1856
665
1939
3611
3318
1698
553
3450
3555
802
332
1709
3888
2447
3324
3542
742
1632
2651
2951
747
1191
3342
2888
1685
1431
1110
2062
3928
4033
1237
2855
1072
1388
919
3361
3908
2103
60
1730
2125
2608
617
2844
2586
3132
2185
3047
3356
62
2521
2223
296
673
2826
698
2551
3214
628
2262
2728
1810
1777
3169
221
3312
2696
2499
1001
3606
2299
3763
1734
3822
1706
3211
2459
1867
3927
3362
3
3614
999
1703
3497
1522
3698
932
2947
1925
3212
78
3754
1227
844
3059
3499
2011
1958
113
3017
3701
1103
1252
543
2523
1427
3526
1344
2399
3860
2202
3335
1591
108
870
3464
3716
472
1434
3015
2400
3620
1084
2809
99
1373
3296
3692
2397
3986
1351
2598
2624
1375
933
1054
1086
2175
997
807
1281
2945
3110
267
1831
2134
3268
2376
2996
2536
2432
2027
3068
1381
934
2203
3218
1820
1215
2847
417
3322
1795
2436
2824
2332
3557
3366
2923
1323
2319
3484
2292
697
2616
2640
1010
2541
2838
2311
579
2200
3285
1345
3040
1713
2113
3245
2085
1123
3244
263
2807
1887
2102
1658
3875
1870
3765
3280
1026
2858
786
1995
2619
1796
77
2352
2424
882
1923
616
1969
2681
42
2671
2160
2041
284
3336
133
967
488
387
1347
344
3346
274
605
3513
1683
816
576
677
3232
761
416
2361
168
1900
319
405
1788
3980
1513
3529
3967
631
3085
2313
2194
1934
2585
3945
703
2261
1116
1678
982
1612
3574
2911
3819
633
2563
720
3070
1258
3373
1120
234
548
3846
2713
623
2649
3960
885
721
3452
2068
132
3617
1508
711
3874
3459
3065
1553
486
2026
2214
3216
3062
927
1774
1797
3674
3328
3123
1700
1155
1505
3981
1838
3425
1523
219
770
935
367
4035
644
1915
3565
421
2138
1309
1437
79
2297
1012
2038
1048
1556
314
1688
2602
3276
1667
3649
3215
1802
1015
1223
2725
750
2642
1224
3390
705
3792
3755
1560
1061
2318
1069
3478
894
1516
3741
203
3150
1927
3445
3527
726
3399
2759
487
3884
3416
3610
815
1256
4085
1964
1357
3133
1374
2465
1029
452
2886
777
737
732
3426
3075
325
2290
2354
171
921
3082
1647
515
232
105
4004
2816
1835
2333
2045
2799
3806
2666
920
822
3886
1056
3914
3413
1850
710
250
2016
368
692
3693
3670
3053
3105
2278
2710
3635
4048
2770
3932
3894
3076
1105
2407
3872
758
1102
4010
2438
2356
1285
568
366
2067
1101
72
3573
3711
1367
312
838
3552
910
2823
1288
3260
1633
2814
1022
2387
2721
2084
1303
1203
3780
183
1428
270
2989
3396
154
1245
2660
1483
3579
627
3230
2746
3018
1702
2244
1350
1789
1171
331
2371
229
3321
2938
3220
2983
1800
3223
1884
560
1854
114
257
142
766
3877
5
1451
2663
589
1046
1113
3368
2961
2600
3876
2226
2626
1257
1228
1630
907
3570
1032
433
714
24
3331
208
161
3144
2478
446
3637
1950
2378
1037
352
1914
3541
3535
2266
3782
1825
2246
106
2357
3469
3036
1433
1721
3717
691
3247
1566
151
3929
2152
2380
2114
794
574
349
1275
1028
181
1189
855
3162
2962
529
130
358
32
3380
3824
640
2324
3521
3639
3854
304
1149
457
836
346
3112
652
3420
1869
663
972
1937
832
3272
1855
3662
1053
2507
1423
3823
341
3480
776
382
3113
3248
2107
1926
3642
3044
1908
880
639
3732
3802
1670
3177
71
957
3993
241
249
685
771
1331
1401
2554
813
1514
1547
475
634
1666
302
1525
1326
3213
3785
2857
355
833
400
765
3323
496
2786
947
4028
2335
2058
2405
759
3705
2530
2518
1640
1320
3656
3228
931
2971
3148
3029
17
1555
135
2469
3492
3969
3961
1568
3414
2848
826
1738
974
3184
585
814
785
3489
1743
2550
3107
2643
989
1731
2229
339
1815
958
1399
3607
3533
3562
157
2840
376
653
556
2021
3818
2283
3004
1512
2353
3091
2974
2818
1880
76
852
307
501
713
4001
2306
1009
3262
643
4052
3473
1376
686
564
837
212
2966
2493
1671
727
2409
1080
1665
2896
3496
1586
2367
1297
468
1948
2191
3776
3200
3608
3984
3506
1090
1744
115
3713
2866
3025
3269
191
1785
2163
3704
3534
3626
1532
2232
944
3930
310
2633
3283
2097
2542
2439
2610
347
2870
3182
3976
3142
3826
555
54
3165
1429
1421
3210
1147
2004
2325
238
2117
2359
2568
1310
597
2596
3564
2805
482
1639
268
2210
49
1411
3470
3092
1016
3345
392
1387
3401
801
752
659
3939
1575
2119
2201
2569
3911
1221
1499
940
1343
2309
335
1218
1963
2751
1400
3560
4094
3051
3511
2688
2382
1602
1477
255
3461
2019
1057
514
1521
996
3089
1766
3767
1798
478
3138
116
2784
156
3847
12
2208
511
1978
682
150
1533
3254
3680
603
1620
2726
2398
1751
2087
1896
1
4092
1872
3952
3668
185
2575
650
3863
3027
1005
2528
1544
1207
2092
363
1134
3870
2030
504
3288
137
1857
2539
872
394
2560
2231
2856
2867
1168
4021
3077
2501
3857
620
667
3757
2941
2023
1704
3842
467
125
3653
2221
230
981
683
189
1690
3803
53
2488
512
1094
3715
1748
3185
2013
2567
707
1033
2329
1763
1510
717
4027
2566
1793
1230
3644
2661
407
1740
877
3672
2555
4023
176
1390
559
3801
818
3431
1217
1693
1246
936
1906
3712
2475
2948
1076
1652
2546
3289
3437
3851
2410
3688
3677
1118
853
3624
2804
1435
1229
1829
3708
1593
3172
3045
3548
493
3958
2656
2393
978
1377
800
1254
2498
690
403
531
2258
371
2351
1543
651
3364
817
1930
1208
285
459
1929
2451
2664
3949
1468
3959
2463
1801
2526
2100
581
1804
365
44
1364
163
1601
1315
2173
1967
1136
1892
3650
3158
632
3719
3590
1195
3392
2992
1463
3963
3507
3438
1861
1231
3055
1238
4077
361
1651
1827
8
3640
2110
2519
3180
440
1457
2129
458
3448
3282
1280
3359
1333
3174
926
3625
3587
136
3006
109
11
1210
4089
1447
3641
1563
1524
2593
2798
1862
390
2239
2008
660
847
2453
1592
1396
3997
1478
3171
3190
1718
1912
2141
3601
2170
1649
52
521
2334
626
2617
744
2524
3341
300
1455
3251
1440
359
2481
3865
791
139
1096
1432
3722
474
477
876
3839
3108
1821
4093
3096
2326
3602
3990
1889
3808
1272
2174
820
101
1253
223
2609
3512
180
567
915
2981
330
962
2154
2365
1279
2341
3308
2743
1993
3274
2769
1562
3467
1720
3149
3615
1058
2650
887
1607
2658
2853
1301
840
16
1213
3575
370
2686
1266
829
2808
1196
1013
2145
4056
165
3012
3718
1878
2625
1420
542
986
3789
3271
3576
3937
1847
612
1017
342
2281
2665
2402
26
