3368
2003
3809
1589
1725
3674
1002
144
1896
533
3410
510
1254
2694
3805
2840
2687
716
3372
38
2549
3182
1296
3615
1250
3555
3917
3967
2863
545
1972
1644
3898
668
1748
1344
2579
2334
639
1514
2186
836
2663
1122
3345
3101
1488
2597
897
1457
1142
3183
2763
3411
2900
406
200
3552
3828
2603
159
307
856
921
2792
280
2458
212
496
3634
1364
2478
331
3701
3913
518
1683
781
3924
1393
2948
2407
72
2796
1941
317
13
3759
1195
2759
2126
309
3425
4050
1632
1137
2060
1092
1863
258
3958
3329
1643
649
677
1769
392
194
4025
3606
1911
1635
1937
990
4010
1620
2492
1282
3658
2351
979
1990
1696
4001
911
2073
91
4044
1824
1194
1429
2735
688
1005
594
1105
1645
651
1245
1702
3851
2111
341
3074
2708
4039
163
3235
3
550
560
554
3061
7
1758
1151
1161
2960
3801
761
3980
509
3332
2604
3026
182
1902
1019
1349
2853
1569
2328
2662
2847
881
2320
425
1757
2368
1384
1755
2470
1539
870
119
1366
2910
695
1086
1533
1663
1263
996
928
3199
575
3940
1283
1100
134
593
12
3330
1916
2770
2274
3836
2378
3926
558
3703
2618
2905
3191
3476
1919
1169
1859
3631
1183
2390
1752
1721
3067
254
3876
3331
3839
1260
2946
585
2717
2252
161
3817
879
3178
3790
1955
2718
1026
1878
1289
1594
515
1480
1471
3409
3102
2699
2935
832
3160
809
3823
1231
2638
3417
3030
3276
2615
1217
2243
3671
2250
4012
1321
2776
1342
2021
1434
1841
196
3432
2190
1966
142
2196
3832
3482
2118
2245
2020
983
903
1707
1493
678
437
114
2661
2997
2261
483
676
3934
1473
2249
3391
1288
2408
1310
2337
2058
2128
397
2788
2605
2673
2206
135
3551
145
2624
2045
1982
3645
3936
301
2917
3230
3889
2141
365
222
477
1235
2906
637
2101
2817
3360
3988
1604
3935
1322
841
2201
1224
2655
1047
696
3895
4056
3564
3782
1222
1035
2537
1775
4082
214
332
3663
2523
1244
751
3881
2764
2731
3616
3569
58
1661
227
1046
1621
2683
1208
220
306
464
1710
2401
2804
96
129
399
2146
1524
1886
726
2745
525
1564
1167
1003
2028
415
380
1993
1147
2422
1474
84
4057
2369
1052
17
713
2248
3641
480
2211
465
1766
2826
2403
1168
511
3455
3621
2622
290
3750
236
2617
918
2635
3033
2660
1823
2502
883
1056
1751
1037
3502
2148
3768
2039
1672
855
1667
2247
2829
3822
1362
4077
1506
2017
837
3436
3412
2462
623
789
2090
3005
3754
456
2730
2681
472
3075
3277
2802
462
3588
2710
2402
1198
846
2095
408
595
2501
1830
488
684
1160
1433
2476
3356
4013
2517
2217
2396
3537
633
807
3170
3819
1509
1595
987
2076
544
3443
2030
598
3202
1189
2091
1938
3046
670
49
741
3954
1996
2078
3640
936
2383
3788
607
2290
2160
2527
3441
697
3708
1612
4033
2953
1541
3437
1676
2562
2036
2975
3529
712
1133
3251
1378
3505
213
1082
2031
831
2116
3494
579
1834
2025
3258
727
3386
420
2757
1948
1917
2510
43
1115
2303
2563
1204
2535
2409
3626
296
3892
107
10
2256
583
901
3642
1987
2697
2754
2489
3302
689
981
4006
1230
359
2278
1011
1885
3808
630
793
3323
866
457
3871
691
94
854
3995
1298
2782
3565
1226
3712
2283
1704
2952
1519
3347
3775
2954
816
1180
2180
2623
778
769
2557
2287
204
828
2740
1894
1965
2033
287
3313
862
250
3985
2777
3794
1335
1729
2727
2154
3630
657
2869
2553
924
3073
2999
2783
2353
2961
243
1517
2937
3129
1949
1191
3324
1291
44
330
3870
916
3307
1
1634
1400
4062
3570
2487
2365
574
2026
3389
3660
479
3266
1300
2354
2149
2011
2428
3970
681
1017
797
3095
3083
1954
1079
587
2650
3678
2343
1348
3186
2460
3058
1712
1538
707
2737
3284
1522
1356
153
632
1337
2432
3688
3698
3686
556
2889
1665
674
1451
1801
3670
1842
2155
813
3766
1545
2037
1662
3300
2387
3883
2921
646
197
2666
2581
658
616
146
3350
945
1445
1016
2773
21
2014
4055
443
1126
3554
3100
3909
3132
640
3710
542
3463
602
1125
2734
2326
2695
2907
381
2443
413
3669
3614
101
2339
967
2188
3045
2469
1666
2002
3353
1301
73
2798
2363
3610
4091
1947
351
2411
3423
3336
217
3118
1785
474
79
3109
2982
3776
743
3962
3838
2322
3991
2916
1060
1858
2157
3932
45
3943
664
2305
2415
3561
1771
636
1051
3439
3497
1049
1286
2824
3591
3125
2870
534
300
1124
2682
2860
3107
508
2850
3684
4076
3535
1422
2177
1368
1421
3798
2404
1905
1567
2455
1887
3098
2341
1249
2749
1058
3850
121
2867
1555
1944
3916
1792
3354
2087
3414
3627
2522
3321
1680
3259
875
1950
3987
1237
229
264
1173
466
1247
2113
1156
1637
136
1140
1134
4095
3231
1476
1373
3090
2721
3510
2264
1419
468
2488
3062
4088
3575
1740
2301
3112
2361
2768
279
3216
679
2127
1350
2968
667
1358
3087
948
3734
1891
2851
3720
958
1423
1068
925
240
3196
2108
531
447
2329
748
3542
271
386
3271
4000
1243
3829
1369
1424
3770
383
2842
111
2114
1292
1534
2912
1952
2419
889
3733
3446
3550
154
3408
2271
777
3873
2911
4028
2981
3961
794
1521
3420
3219
1851
3531
2690
2238
773
1706
3803
278
170
2275
1790
2137
2448
3294
2367
2685
3273
969
487
1149
115
127
1682
3303
1001
3726
2998
441
3407
1020
2903
1331
277
405
2389
1074
2631
3525
2208
340
729
46
1921
3142
3927
2752
2879
2709
1622
322
2309
1636
1912
523
1572
2864
779
3104
2676
555
1794
3397
2641
2670
3380
2295
3337
3846
1144
2582
2398
1603
3192
1034
994
3877
919
3999
3866
3442
3834
3875
3899
1255
1417
187
3976
1211
3154
2762
2100
557
3355
1617
2289
1265
283
3507
3541
3143
1227
1531
2591
618
1414
1284
2212
1215
2642
1154
3338
1837
1455
2239
2457
950
970
1850
88
812
4080
3481
1532
2781
356
934
3577
3902
370
3352
2393
3853
1314
3872
1093
1010
270
2940
2614
47
430
3960
850
418
3897
3556
2493
559
2811
1848
103
1940
2592
944
3013
2629
568
1570
747
291
705
1573
3707
74
1976
1958
2053
2015
609
51
2467
2551
2791
3114
2665
294
1540
3624
1442
2813
1380
3280
3304
717
2317
2227
1013
780
411
3633
1890
2005
1722
3468
1688
521
3151
205
1437
908
1568
1036
3224
2548
2412
1094
3856
470
195
3308
517
2022
2032
3227
2766
577
3194
2536
1112
2692
2024
232
857
2925
1143
3874
3248
3578
805
3159
3825
3911
940
1875
1556
2464
1686
2793
2621
1711
297
2544
3890
3990
760
2821
3365
655
3522
3763
2324
1343
1428
262
1304
3108
3460
3719
191
1895
502
60
3748
1239
151
1273
1518
1946
2634
1899
402
1213
975
885
1670
947
905
2945
3717
929
4
2809
2006
2297
3683
3204
3994
495
1776
343
2696
2391
2047
3968
647
469
2044
3777
1293
2056
3643
133
1553
1490
1246
3509
1953
1067
1385
1669
3547
844
1943
3065
776
3099
1520
3188
87
754
1805
3093
2856
2048
1153
1482
97
1789
1127
2785
346
3314
1101
448
1308
1928
106
1503
4042
835
393
4074
2723
2560
3826
1427
70
3053
710
2626
461
3484
1184
3111
2680
1888
3269
1185
3134
372
2866
2679
3652
3818
62
3676
305
2236
1788
3545
1527
3504
3291
1926
33
2440
2453
1412
1004
3732
3040
1650
3077
3625
3716
1655
1709
490
2439
1042
993
339
3168
1535
820
3543
1860
1507
2885
690
501
3433
2628
2719
1791
2871
3725
1481
1416
1006
1277
2437
3305
744
3394
1228
995
2814
3297
1494
3115
4011
733
2129
3587
822
1377
1372
2170
166
3041
1236
3424
1668
3705
2088
192
756
3440
3574
2947
2977
1731
770
1869
102
1128
2519
3835
3348
50
1443
2659
3847
730
1379
1190
4009
2370
2964
3281
3784
3765
3930
1660
2720
2691
1269
1642
3869
1396
3169
1192
2712
2878
3915
539
2992
1590
2896
786
709
3232
519
986
1580
2862
2414
3020
1365
3301
1546
2000
507
3582
1458
2920
935
139
3328
1460
1718
818
1999
110
2210
2586
3486
1446
486
3861
1765
3647
2471
202
1495
2174
1084
2639
561
3124
762
638
2966
1110
2171
2451
475
3500
2833
504
221
3149
85
686
3388
1903
1285
40
823
3596
3639
737
1186
680
3576
890
1942
3444
2767
3859
2671
1563
3536
1138
845
4030
3945
4092
410
2153
3377
2106
1922
1910
407
663
3635
2372
4005
3905
2075
1852
1754
1566
2545
3306
3008
3084
888
3657
653
2276
619
1206
1866
2640
2040
774
1551
338
2951
698
582
2742
239
3722
3373
4047
3471
584
2346
328
1808
3335
1319
2646
2482
2915
1216
2386
1359
946
3974
2399
52
3113
1897
81
75
3900
3374
2103
1075
2987
2800
2877
2163
2203
1340
2958
2834
2506
3401
1763
1238
3489
261
3760
2822
2035
203
1795
1485
1749
3773
1904
719
3601
3795
2799
1631
3749
2611
3533
2023
1605
1597
1873
1562
302
2590
367
694
2963
3173
1061
2327
3089
2688
3292
2739
827
915
2143
3571
2294
3018
3145
1614
2018
2747
1381
78
2233
2273
541
2280
1927
547
2125
634
113
3516
1431
3736
3264
2132
2241
1009
1397
3367
2815
3695
902
3792
2894
2012
3491
1383
4020
2084
3451
1152
2955
3592
1684
1065
435
526
3780
344
2158
3757
2
2109
1270
1107
4063
1924
3629
199
3814
2928
2899
1552
566
2541
3139
1598
2357
2449
2576
3272
3618
481
1653
1044
736
3027
208
2996
3797
1554
1102
600
2418
2756
1467
3195
2612
1697
1015
3250
2199
489
2632
3742
864
36
390
55
2689
1328
2089
3977
3341
3996
3152
15
2222
3921
811
715
880
2480
3998
3036
1295
894
65
3553
570
2316
1780
661
2179
2070
2933
3213
2300
3774
3155
3589
931
2806
2051
1606
1838
802
3986
2969
3585
1103
1727
3659
3004
886
2861
3937
615
1338
3997
117
2323
2520
1007
3034
109
211
3247
3562
1770
842
4075
2854
1088
1778
1179
968
2891
2571
30
3144
2901
1735
1054
391
974
1600
956
2567
1865
1370
3059
1700
3544
2394
286
2637
2260
3918
1762
2657
3513
2774
3393
3978
67
3517
1619
2284
2382
3907
930
3638
951
2932
1640
3662
2967
1055
3512
2647
3982
1012
1430
3184
1601
546
1925
3295
3908
98
6
1276
2939
3110
1760
2362
492
2786
1290
3135
1698
3893
1073
3028
1447
285
3557
174
198
2643
2052
2675
2224
610
2207
1318
3855
2818
852
2828
522
2123
829
1413
1571
23
414
2667
3526
750
175
659
318
2466
1038
2311
314
2769
9
2936
233
3622
3690
1889
2790
2176
2381
1525
4083
2515
3103
1083
3473
3207
1257
2713
1804
1870
955
360
4069
874
3508
2677
1855
569
2883
927
3127
1201
1537
1743
1694
3492
2890
2077
759
1048
2270
3015
3842
323
3514
642
2072
1739
2855
1616
4090
3122
1040
3279
3467
2445
2213
3315
920
861
319
3419
2908
3667
401
1542
2572
665
455
3603
1116
976
267
1872
3201
2173
1835
3001
3928
3519
3955
4040
2505
2185
2010
3283
2848
2219
3532
1608
1806
1207
3252
3358
2993
3048
497
2191
3477
3679
3524
246
1831
188
1750
788
2538
2350
704
3609
1994
551
3215
2215
808
3351
2593
2216
3772
1626
4018
3919
873
603
2119
3831
3369
1334
1977
1353
2761
3730
54
1900
1234
1618
3971
2942
1106
245
4015
2360
1141
1871
3060
1459
998
1119
2400
2429
3359
2857
147
3229
2477
1782
1374
2794
3854
3530
1962
1918
3138
3415
785
1200
333
140
904
3453
611
2526
24
3390
3434
2991
3904
3070
1997
2102
2349
2986
962
1148
2194
1132
1309
599
1316
621
3946
1095
375
1882
2120
1615
3711
843
3912
3666
1528
3821
3007
3738
2175
2220
3403
3969
3396
2135
57
3322
1728
4070
4085
1867
2561
3357
1713
3137
3989
1130
143
2293
1584
2514
1935
2540
1929
3416
3080
1098
2221
1639
2115
92
274
39
2812
3992
3076
1468
1857
308
1000
3590
1267
1355
226
4071
2069
3361
989
428
2182
1989
3384
3878
3715
2019
960
1336
1405
3864
1992
2425
1907
1846
3429
1908
3002
1973
2054
4079
790
2105
3422
4073
1829
721
999
2707
1323
3503
3430
3290
1027
348
3056
326
3479
325
2753
1819
1536
4031
1212
1730
1898
2352
2333
3673
446
451
2569
912
1951
130
3426
1057
1320
4036
1678
2456
395
2565
1135
2043
535
3449
2094
3069
973
4014
2656
128
3236
2304
3714
1510
964
164
1264
3487
3862
3136
1351
3310
2706
1980
2441
3920
1279
1892
16
3600
1266
2122
3807
1767
2144
4017
1478
3068
3267
186
1787
552
1746
3177
1278
3771
3490
3448
3079
2725
1491
2859
2543
1574
3972
1410
3063
1062
3677
2192
2875
3623
2625
720
982
1274
450
473
1302
2110
817
1209
1515
3950
2356
126
2268
3418
589
148
1961
1406
3340
2223
3172
2930
3948
2668
3458
513
2131
3270
1096
3694
3092
242
2965
724
29
910
206
2481
3824
1409
2307
189
3406
1426
3205
2237
2306
3254
2152
478
3049
427
1470
1741
3648
3953
1253
1299
423
2596
3086
412
4024
2253
2459
1633
3580
311
3845
795
1714
2164
95
459
3051
578
1832
2483
336
540
2881
3237
2819
1225
48
926
1879
2588
25
2983
137
3339
1182
3421
1129
3162
2887
2099
215
2474
503
2345
442
224
1256
201
1111
1157
18
3981
2042
2810
1840
37
1745
1679
1756
2995
4008
972
3263
2778
3198
859
3050
327
3745
3208
3364
746
2950
1906
41
3649
943
3511
3085
3179
2841
1939
622
1188
388
2066
1311
3014
3879
2578
3472
3602
1596
2568
3289
2447
734
892
116
687
373
3605
3197
1050
1411
276
491
2566
2189
249
765
728
1934
421
2277
3709
1162
1893
2664
1772
228
3249
3706
2716
644
2080
3802
293
1991
1388
3121
3209
1099
3395
3043
357
2065
1043
436
3654
3246
614
685
3811
241
978
422
379
3081
1166
438
3973
3965
2846
3713
3841
3131
3285
2496
787
3923
612
171
225
230
2416
588
155
1816
815
922
4027
1315
1475
458
3852
376
178
3568
652
3646
2750
252
2371
840
2430
1165
895
1649
3427
1499
3496
645
2518
3779
3009
3312
1170
1072
3244
2027
104
2888
2202
2267
321
1032
2772
548
1341
2698
961
2218
654
1549
2318
1675
172
2658
1233
3222
169
385
1599
4064
1241
1845
3697
3540
877
4016
804
963
711
3038
2552
2570
183
1720
3882
2410
364
3362
3527
3560
718
988
3867
1063
2242
2200
1821
1486
4022
1550
2413
1477
3572
1575
516
2744
3021
1420
3275
1876
2990
3520
3190
3888
3381
2972
3223
3942
2166
2336
3901
2226
1560
1511
1932
162
3382
3039
378
3480
3906
3604
3082
4094
3256
3613
209
768
4038
63
683
2979
3157
3611
2193
3963
580
1843
3181
2312
4060
4002
1159
3723
2674
2956
2511
3064
1251
3405
4051
3054
3887
417
1736
3148
3006
2071
1484
2895
3116
64
1059
2971
2760
471
2585
2672
3022
1809
1039
2816
1501
3221
1936
1464
1847
1685
3445
3327
173
3474
1391
2082
3743
3228
722
2831
2980
2254
1674
1064
2559
1647
90
1120
2231
3747
992
3342
838
2314
1687
2700
2904
3287
237
3220
984
3689
3316
860
4068
3167
2587
3880
141
1435
782
2117
3153
1448
352
2062
3675
2315
2693
3687
1561
3796
2733
2332
3787
35
953
1078
3180
752
1818
1462
3088
2630
2808
1449
3282
244
263
3885
3931
2009
2913
2771
2616
1465
123
2902
735
700
1820
3483
431
2729
505
3785
605
1139
2281
937
299
3506
2503
1862
1077
2197
1677
1588
1964
3607
1933
1963
2159
3752
957
66
409
662
1708
1497
1759
899
571
771
2499
3692
1849
3549
4061
3452
1196
68
3366
3894
1803
1466
1305
445
2555
1826
3091
2513
289
562
210
1347
2181
2868
3376
3296
3387
3810
2976
3668
2081
2147
2669
2347
1041
3193
2943
1827
312
1202
2074
1329
156
2257
3072
358
2931
2736
1469
324
2820
268
1646
1681
1354
2452
1306
1487
766
1240
4072
810
666
2839
3727
549
3939
2703
3260
2465
1259
2067
959
536
3470
949
1339
847
629
0
3799
2292
3884
3597
3636
573
2959
3037
3724
3126
1085
1242
1332
3833
2530
1995
2055
2296
313
682
1559
2168
2302
1978
2423
2229
1877
1081
1502
3464
3746
3783
3141
1913
256
1761
1158
2340
1444
2420
3239
2490
3964
2484
165
1914
1530
2884
2424
105
3012
2539
1628
2608
3044
374
826
2050
590
4048
3010
1387
1611
3343
527
444
1901
1781
882
941
2882
1199
606
1022
2172
1069
3499
2214
1402
1346
2751
335
2711
1287
2678
2342
703
3019
1281
3016
3914
3966
2255
699
2732
403
342
1602
2405
3735
223
764
1613
839
819
3700
1959
2684
2598
3399
1327
1408
2627
4007
1280
792
3171
4037
1807
2136
355
597
869
3164
253
27
3485
248
3628
851
4059
3518
2836
1218
2741
1307
848
3106
942
1205
2550
3163
2529
3130
3651
3751
2765
255
2702
394
1523
863
1272
273
1529
3764
2269
1440
2609
1856
2654
2941
160
3174
2613
1610
1691
2178
1915
3868
2169
3721
3000
1403
1974
2653
1258
3379
2291
2583
2985
3226
2547
3385
985
2167
3857
1583
939
900
1777
3128
2880
2463
2574
3827
563
1544
1945
26
1695
3608
613
3066
1625
238
1861
1324
382
514
966
3242
3778
1297
1439
907
3848
991
3055
3767
3595
2092
1071
1070
884
432
284
702
3559
757
3210
2504
3781
2335
1868
303
484
1773
1108
643
2927
3011
2366
3938
1623
1828
2533
3257
604
207
433
1229
2803
3739
671
3849
896
1483
1452
625
3804
3744
954
2330
3840
1461
2938
2195
1053
1118
2775
1658
814
2724
463
801
3619
1438
3755
1395
2926
1219
1382
2377
3200
2008
235
2258
3758
1967
775
1401
2442
4054
799
1150
980
624
758
3812
80
219
453
1998
185
591
1664
755
1210
2384
3650
4058
3599
2525
1796
3952
692
3120
1008
150
3586
3563
2061
3211
281
2704
2924
1558
1909
3105
1357
3737
2266
2978
2426
753
1738
2498
282
3035
4003
2528
4053
2124
3656
2016
2187
673
1742
1367
1799
2068
1814
1723
3253
965
932
4049
2107
800
1764
738
3865
1516
538
400
3655
298
1833
656
3573
3456
1983
2240
4034
1693
3786
454
2872
3286
1822
3150
112
1021
3495
2962
1171
3234
3567
398
2970
772
2251
2923
120
1193
1145
2929
1576
2715
596
3583
247
4084
59
1526
2162
2651
601
3017
933
977
2041
2433
2495
3538
3521
440
2649
3097
1968
3699
493
2876
914
4078
1592
1294
3844
4065
3620
2838
3133
3975
2374
345
693
3793
482
784
3333
2974
4043
3729
3413
2832
2298
1172
1496
1920
3903
2599
1648
2805
3438
1262
2512
82
1931
1371
520
1703
2161
1492
3672
1774
1303
4046
714
434
906
1505
3370
500
1630
2232
1313
2321
1844
3769
3363
2331
1386
2748
177
1472
2795
2358
2013
2755
592
118
426
572
2064
1117
1783
1717
3740
3344
176
22
834
2376
76
1399
3094
3665
1854
2589
1970
2705
3262
891
3241
3398
586
2139
1979
2758
3501
2034
1146
3789
353
93
3317
2934
1248
2554
2701
2573
2494
2542
3593
2282
377
362
1724
2984
86
1029
3925
1779
2726
1629
1326
1737
315
2636
1317
1176
3664
1175
565
1733
3813
2827
2602
265
878
1104
4067
2473
3320
3466
1232
1734
3929
3806
2994
1030
648
132
1418
2743
1432
3243
803
3704
576
824
4029
3217
1984
1018
3185
2038
2600
61
2355
2450
1066
2165
337
524
3454
3983
3450
1123
1197
1187
1815
858
1797
3165
4023
1581
3187
363
218
347
494
2973
1692
42
3274
3298
1565
2645
1174
2205
3696
3682
1275
3032
179
2397
1014
2849
77
2344
2468
3447
167
1312
876
181
3042
2722
1352
2388
1812
1883
3728
3800
1985
19
1163
131
3325
122
3255
2575
3392
3534
1489
429
865
8
1345
3078
100
1114
3278
3175
2444
295
2145
1512
1659
384
2198
3378
2085
1376
2151
2479
334
2584
2380
893
2183
1076
1591
89
1203
2516
1252
1363
3176
3461
2556
20
3431
1699
2244
2112
938
1221
1220
2497
4093
567
853
952
672
3003
997
3548
1587
1673
660
4052
2262
3261
2988
3029
923
731
389
1732
1028
1375
2620
3566
2272
2500
3693
3993
3096
3475
3334
3910
2873
1557
1325
2648
1654
2228
2472
3245
3680
2886
2892
3462
1874
2209
320
2521
1181
266
1811
3024
1853
3311
3156
260
2310
2286
2417
725
740
1261
1638
2509
2130
529
2359
2914
2138
1547
528
5
2142
1504
2299
3158
1454
259
1394
4035
830
1031
31
2385
825
3957
1033
1689
3371
2534
1113
3644
1136
99
180
2096
3891
2852
3146
749
3594
2524
3023
3465
449
310
553
3349
2288
833
3941
3166
2438
498
1719
4087
1463
2395
34
543
3863
2265
2475
2610
1624
3459
2601
1641
2279
1404
3318
3123
3830
3493
1671
4026
2845
3404
3214
1456
1024
3617
913
2784
3375
1747
3478
69
2486
2797
1543
2421
2313
3071
3265
3979
2004
3528
168
1744
871
3741
3140
3691
1836
3896
1988
1513
1651
1975
2595
292
1025
361
4081
2594
1864
4004
1361
617
2434
1089
476
2738
2379
3612
371
234
2865
763
1593
2079
251
1956
2787
3858
3147
1155
124
3539
2364
3346
1087
3383
2619
2319
14
2531
1579
2532
530
1825
149
184
2874
3820
2564
3944
3288
3240
28
608
1701
56
2801
3025
11
3637
460
3922
2057
216
2446
3753
1627
1091
2104
2086
3584
2325
304
2577
4089
2897
3761
631
2348
532
404
1582
424
366
272
1479
275
742
3685
3326
1453
1957
2204
1214
3558
2246
2121
2830
3293
868
439
138
4086
3843
2644
3238
1971
2140
3309
157
2779
2263
1441
2083
2843
3653
1271
1178
3949
2049
3598
650
152
2461
3579
3718
1716
2944
1330
564
2063
190
1268
3515
2234
158
1923
3702
2507
1981
767
1360
269
1656
1884
288
1578
796
2259
2491
3469
675
125
4045
2508
1969
1810
3435
1726
867
3951
821
4041
2406
1415
32
3956
1425
1389
2807
4019
2046
887
3161
872
1768
1223
2728
1164
2922
1177
3457
3546
628
3189
1798
354
1817
1023
2858
3400
387
4066
1586
257
2134
3959
3488
1398
2686
2093
2435
2909
4021
2546
1109
2308
1090
3428
3886
537
3632
329
2844
917
2558
1131
783
4032
3731
2746
53
806
485
2431
2835
2001
368
706
452
3031
2427
2375
708
2373
193
3402
1436
2059
3498
1930
419
1450
1881
83
3218
3947
2949
316
849
1609
3299
798
701
2893
1753
1097
2957
1121
1585
3791
3052
2823
971
1960
2454
3523
1607
108
791
1839
2338
467
396
2837
1577
416
3212
2918
2436
2133
2230
2098
1784
2097
1392
2780
1080
2225
2789
3815
3762
1498
3816
3225
3860
1802
506
3206
2652
499
349
3756
3681
231
2007
1333
2633
620
745
1045
3047
3057
635
3661
3119
1657
739
2184
626
1390
1715
3837
2485
909
1793
3933
71
3581
512
2607
641
1786
2235
1652
2580
581
2150
1407
3203
2714
898
1813
3268
2989
350
3233
2285
2606
369
627
3117
723
3984
1690
1508
3319
1986
1800
1880
2898
2156
732
2825
2919
1705
669
2392
1500
1548
2029
