70
3277
3740
738
1110
539
1879
2723
2851
2158
439
3444
3066
838
1460
3820
2165
1254
2240
1947
472
1833
1284
2681
2039
2048
2442
4094
553
2096
1909
1226
1799
668
1585
3992
2381
3208
3679
3243
1490
452
1509
828
2893
1416
1829
240
1502
1943
4074
2669
2138
1645
1666
746
58
1961
674
3388
228
3690
3154
499
3469
2996
3722
1573
1198
1821
934
3876
2777
3955
1772
379
1677
2724
1974
1208
2359
2707
3500
1037
2367
3199
1162
3671
2298
1221
2947
596
689
3708
361
400
1102
1085
3558
858
974
1718
1656
1890
2046
1960
749
3839
3843
1352
1103
1991
2692
144
3019
1105
960
2558
2369
2311
3361
2060
3179
415
1288
3332
2854
324
1225
354
1596
3737
101
61
624
3321
3053
1554
2308
3562
4081
555
3416
1907
2927
3729
3832
1129
1086
1392
2955
2156
1255
685
1368
593
958
4095
2570
3910
3795
4024
982
1682
1241
2122
2875
2559
1101
3789
3178
366
1282
2902
1339
2266
1637
3993
3387
395
1366
3015
2750
269
1588
939
993
942
1562
2124
360
3627
3386
2914
3468
1635
1458
3105
3311
3538
371
1020
3827
857
2409
1218
1571
1161
1825
3785
3868
3954
1281
346
2900
3840
1859
3661
177
2982
2810
3803
4062
1265
813
55
1021
1608
167
790
2205
2129
2582
797
1697
964
1851
512
1357
2590
2393
2566
4033
877
218
3012
3161
1523
3011
3999
970
243
895
1504
3344
2552
833
3239
4052
2512
4049
1937
2181
1763
594
589
141
3925
2454
1856
342
786
2180
2148
273
2706
1252
3578
3960
3215
2946
1108
2103
3157
3608
3031
1019
2379
1328
1127
1679
1953
3375
3656
731
740
3513
3131
3403
2391
3593
2744
3134
3792
793
2886
2923
3734
2881
811
1253
2155
4084
628
262
3686
1427
149
1831
849
2300
466
3911
2349
601
118
3544
2501
330
3875
714
898
518
1234
1759
3775
184
3736
397
504
2487
1072
3501
2332
2114
2841
767
288
1283
2116
3496
3099
3502
3242
1404
1079
1842
1891
1873
885
1026
2045
3943
86
2549
481
3711
2610
542
3284
2284
2885
2527
63
1978
1130
2696
2495
2928
4
2215
2813
3490
2858
2530
3140
2615
3908
2189
1237
671
3928
513
16
3182
2849
3914
2806
1756
1543
2726
3194
3466
630
2136
1849
613
2115
3614
3399
2739
1175
2113
2855
1946
965
2701
2537
3238
3130
3574
1476
443
1074
4079
496
4036
1068
3060
56
1259
3846
3250
3480
85
2086
3328
4085
3850
2896
3051
2431
2759
1365
3616
1120
1488
3958
1793
2563
1954
2909
476
1261
1936
64
2844
3035
3220
1692
2429
304
3973
2342
3964
3922
153
729
2351
190
424
724
3913
33
3819
3147
1304
1816
2091
2633
4077
309
3698
3078
62
2729
3531
338
3537
3026
1264
812
3569
1343
3261
1820
1970
2217
150
2564
1663
3230
2624
1018
4006
2380
2538
3989
4039
3642
2041
3024
454
1166
611
1067
3933
1194
3894
1520
3663
642
3739
2856
51
2837
3808
1749
2475
936
861
3016
468
3818
11
1230
3830
2448
2459
1485
1949
1950
2257
2132
1626
3751
1043
411
3372
1808
3895
2819
1285
2796
3602
3498
3866
437
3723
3252
1396
1134
973
2728
2602
1349
3582
874
2224
1976
3849
3856
3348
1156
4051
3889
216
673
2967
2176
2363
464
4035
2398
10
1433
1600
3754
1827
3962
2812
1930
3062
52
3624
505
2572
2327
2052
2270
1530
2209
1206
4021
47
3681
2993
3390
1604
2151
337
1903
1291
406
449
3115
754
2662
963
187
3505
586
1178
1461
638
340
112
21
1273
2998
3521
2990
3232
221
2231
1768
2042
3127
3525
1823
852
2926
3022
2171
888
3052
3539
1013
1965
3703
952
1723
1216
3251
122
578
1069
3083
1482
217
2689
2976
3126
2336
1378
3692
3205
3093
313
3065
300
117
3755
15
3561
3931
860
2971
582
1391
50
229
558
36
2147
3084
3049
3216
3841
1802
3038
373
3635
28
1542
3961
2665
3350
955
1664
2059
3091
169
1634
3414
2303
2434
156
2686
602
704
1442
3506
1967
3835
4059
383
4093
3900
2208
1403
4078
3831
1866
2668
882
2811
2137
1886
1835
1642
718
4003
625
1501
3768
1589
3184
2933
2839
905
3702
3836
3497
2897
1705
840
1801
1587
3940
380
1847
725
1408
1619
1779
769
2732
1506
1462
3670
2937
1575
194
940
3454
1614
3580
2575
3565
2092
1345
2175
3770
737
2455
2
2088
2397
3097
30
3072
1446
2221
835
27
3945
3465
3797
2961
1260
1212
1806
3568
3982
485
2065
1496
687
2493
922
546
1647
3100
1300
3092
482
3552
1999
929
2676
2167
2509
3213
390
559
4015
708
3950
4070
723
881
3522
2104
2427
1275
1381
3279
2022
2579
3571
1533
2919
1623
2214
3834
1739
2047
139
3312
4042
938
3969
529
3560
508
991
497
2179
785
2827
2476
1762
106
2671
534
3142
3674
3710
3055
1107
3923
2631
1250
675
205
1683
1598
3694
3588
1195
1384
721
2263
2772
823
1962
176
224
3813
2801
1207
3224
1791
692
1393
3297
2857
3683
3271
1630
3534
2917
1
629
2318
2288
1556
1126
1451
2464
2197
1576
887
1689
1670
2477
4091
222
1400
2533
1557
2705
2304
3144
1938
2504
1989
1001
1348
1034
516
235
623
1315
500
1286
2832
3214
2141
3655
607
2193
3094
2055
207
3526
736
2720
257
148
3235
1073
2465
531
4089
3809
3805
665
157
3510
2362
1484
883
362
814
3971
136
220
1109
384
1024
3195
1933
2700
2002
1217
3198
759
764
2864
2347
2049
1080
1536
3926
2496
2562
1205
1270
1319
39
562
1333
2920
3896
1883
1853
845
12
1314
2492
2401
238
3790
291
486
1893
2607
3369
1839
921
1667
532
1280
2162
3927
966
2254
3183
2033
1153
639
2908
1721
3665
259
3540
772
2944
1951
1147
385
181
277
510
1511
45
2036
2514
2450
1794
2024
879
2085
3371
265
1977
2152
1867
897
1135
316
3806
3880
1952
841
2639
1997
4075
763
1784
2439
999
1224
1329
1813
3381
802
2066
1769
1399
789
1176
3766
493
2879
2992
2469
2556
1612
1570
2190
2139
102
3688
2337
799
1035
3810
1766
3419
2352
1681
796
26
1220
1963
3916
3366
2408
899
1233
3845
2821
1375
2017
1292
1239
1440
1330
432
2862
549
2023
2242
2109
2792
2505
3664
540
3005
1780
2965
981
1245
3633
2635
1680
2995
3666
3720
407
1731
1757
3573
1627
1741
944
192
2166
3113
2302
490
1092
1432
588
521
651
3532
2651
2790
1778
915
3165
2172
1159
1980
705
357
990
1340
2931
2249
195
618
1863
2457
1036
3211
2568
1125
2467
1336
2072
2760
1323
3132
666
133
2997
2309
544
1510
2952
959
175
3463
998
1558
369
3128
1715
1364
2161
3583
90
2488
3793
3637
3815
4009
3893
1524
807
742
1143
2446
2213
3342
2220
646
3996
3148
1075
2940
2319
3514
2128
2203
2244
3741
1824
2212
3897
717
3163
374
1099
3334
1959
111
1676
2015
3941
1958
864
209
3437
3363
614
686
1897
285
223
110
577
1406
2664
2767
869
1007
3728
1807
2267
1922
1737
1231
2755
3209
2636
643
3112
1386
2918
1942
2612
3905
244
367
3241
2415
409
830
2340
1214
421
2942
1475
3668
3744
894
2592
2372
1539
3812
3519
3280
498
1775
1445
2719
3907
3869
3402
1420
1736
2727
4080
1565
2761
258
242
622
892
1027
399
479
3043
3966
3141
1046
2963
783
2539
2526
3749
301
815
3881
1183
1688
1084
1360
213
2775
386
3331
74
880
1032
3494
2613
3726
1435
2644
1219
53
3457
3343
358
3116
2892
3305
3984
603
2417
4014
4016
3590
405
105
3930
76
1423
2863
2328
2350
2009
1706
2030
3824
3253
3609
2907
2861
2650
434
3600
1500
266
1777
1837
2877
2653
2825
3303
755
2638
2387
2394
1659
1514
3319
1002
2377
3777
292
3981
4060
3004
2395
3753
2752
2843
2695
4064
3382
391
1971
1016
1471
1861
2912
128
2123
1552
3226
2713
2679
773
3394
2344
1657
2587
3162
446
2725
1063
3918
1655
1398
2943
2697
1990
1599
1412
1841
3995
3877
2869
1257
3290
283
1551
3586
1172
1397
3735
1574
1180
3292
1911
3249
4054
2093
2691
1350
1703
3541
1774
2321
113
3453
720
632
3714
2456
4008
3455
1733
3294
1846
1910
3056
2670
1924
3619
573
3659
3443
1248
2906
3119
1797
1995
2272
2117
2847
1625
80
3951
1149
2699
713
1415
2717
3967
1684
260
2108
3433
2690
1177
394
1057
1354
3822
1088
280
3273
2297
566
1513
3071
3346
31
507
225
109
2312
2056
988
1553
3135
469
1765
2101
648
2850
2419
3852
1470
3487
1732
2426
803
1179
3137
1753
2674
2008
3210
4034
3821
3695
1189
3826
3963
821
3267
1249
108
3324
3248
3489
1591
438
1359
3136
2714
3392
1547
1306
1382
3081
3618
703
1881
1880
2791
3068
403
2905
1215
1830
1168
1044
819
1294
3477
683
1387
3180
4029
2765
3781
1290
3269
2565
440
2517
3032
3787
1452
2924
297
977
859
1247
2648
2102
1279
2828
2216
1932
1858
2985
1568
3411
2601
3652
2058
1665
3158
804
2126
1529
3069
971
2887
425
1385
1707
3662
3118
3952
2473
1155
1956
637
1522
1309
2958
580
408
818
2324
1478
2185
635
1276
3476
447
3173
2702
1139
2972
3418
3186
2481
2329
1370
1857
1098
1852
2962
1639
382
2520
884
2889
3697
2274
779
1341
3929
3511
678
1531
2134
352
3309
548
1050
2916
1422
3528
1569
3270
1426
492
1798
3234
3769
2835
353
2040
2642
480
3424
975
565
334
1583
1243
341
314
1269
2576
2779
179
2031
2120
1631
2780
3151
1964
2853
3258
1347
2617
282
388
592
3087
1748
2411
3823
3763
3782
2110
1796
2410
2225
155
3474
1361
95
232
3123
2816
359
1491
2112
3169
3871
3648
2268
953
2600
2399
2195
3264
3170
1900
2230
2341
3853
2808
3322
2984
3088
219
2386
2658
3902
570
656
1197
1494
1669
3693
917
3355
3743
1262
2035
983
757
3705
3185
2974
1066
4071
3441
3543
2472
3783
3367
556
4066
900
2555
2070
1624
2569
3440
2567
2899
541
3189
3553
3709
387
1864
3939
3200
647
3299
3563
1616
1144
3716
1810
3037
719
2978
2585
1138
1191
3058
3844
2597
530
1056
3974
3979
2554
3515
1786
146
1620
448
1450
3102
3867
132
2177
627
2957
3549
1429
2489
29
1137
3308
2524
846
253
114
3994
1593
274
756
3731
2979
946
3863
1324
3389
1277
2833
294
3622
343
2044
3631
2133
2910
2544
626
2334
3172
98
2763
528
2543
428
1010
747
2413
2316
2034
3767
3046
1274
2416
250
308
2385
1140
1983
3146
3814
1165
1783
2743
2358
2673
1028
791
924
40
2655
3171
3401
2445
2786
79
709
650
688
701
2826
3288
1611
3947
2915
2468
4037
3164
3407
3310
3254
1100
3634
3738
186
44
1187
1507
3460
2173
752
702
2478
1747
2756
3640
1601
2317
798
3617
3607
3638
3606
1327
1151
3397
3493
3458
3359
2736
2874
3944
2001
2945
716
2281
631
2964
495
1918
163
3462
38
707
450
1887
4068
836
3691
2094
215
3236
1041
3221
680
1466
185
1157
279
1941
1142
3605
2355
2960
1711
2006
2071
3557
2657
3133
1717
3603
1062
413
1913
1822
134
1380
3472
1981
778
2229
633
1499
3337
2012
3318
2294
4056
3436
3336
2988
1809
1661
599
3879
3658
1170
2614
2050
825
1836
3021
71
3620
1455
433
239
3858
121
3786
2449
2748
3370
1209
3323
4057
1434
2510
2451
456
423
477
3499
2710
1577
1358
463
3341
290
1690
2903
2758
2994
1649
3219
1184
2289
3909
368
2598
2588
2782
664
3196
712
234
491
810
267
1437
1695
278
1538
1544
2589
2483
1438
60
3676
3225
2143
2335
3149
1730
2645
2007
376
1363
66
617
2991
2170
459
2200
3953
1716
2119
3864
2983
506
2823
2836
893
2715
206
1202
1326
3451
202
3404
295
1474
2306
1638
393
4011
398
2368
375
2063
2154
4041
2418
2053
733
1854
2583
8
956
1899
2253
1308
3535
1701
2898
1213
3349
333
3977
1299
335
1572
1800
1310
2204
3014
996
3773
3976
2153
2265
3054
1131
1987
2083
1240
2348
339
4028
909
2027
1390
2422
3086
392
344
2388
1720
2194
2627
839
1152
3491
2406
2357
2453
3599
3758
126
212
2809
3816
417
1728
3545
3077
2818
1710
850
2005
2663
171
1133
2935
180
1855
1055
3240
1729
3335
1546
659
430
1868
2859
2511
2986
2392
2746
3422
2999
2799
4050
878
2057
2831
2025
442
1817
634
2382
303
569
4082
1811
1472
3395
2062
19
824
3794
1698
3201
1244
3003
3623
3585
4038
3780
2584
3398
457
441
3010
523
677
65
3520
1904
3464
3921
1077
1356
3202
537
1456
972
3801
3430
640
1158
1337
3104
1725
3985
1872
3629
950
34
3904
327
1447
82
579
1003
3475
3934
3033
1232
2290
204
2054
124
75
995
120
3193
817
233
1968
2343
957
3645
3428
1755
4092
2620
1534
1633
2291
2628
2013
1005
183
3516
2694
3556
3804
467
2599
3761
517
3685
3870
462
3485
551
4004
2452
2305
1696
2258
3339
1181
751
3646
2891
2515
3000
771
188
3860
2100
2500
3408
1994
1512
1618
3481
1564
3669
2331
3713
745
3572
3898
2425
1644
2542
1566
2621
3546
3064
3174
3774
3245
2688
697
3799
336
94
1787
862
511
2629
3718
3888
3074
2883
1439
1186
1915
329
655
750
834
3329
1540
2604
3699
3825
1373
3263
3107
2930
1425
902
402
3706
2149
3886
2032
1469
2405
1204
3630
3079
2461
947
365
162
2704
2803
896
271
164
1411
2793
1090
1742
1182
246
3579
2264
855
3678
1643
3776
1015
104
2255
3247
281
4002
1535
3013
3920
3044
2703
1200
1344
3203
451
4007
954
2164
364
4055
4027
3745
3452
418
3862
3942
2285
2795
1428
2403
1840
302
3265
3524
3712
3110
3660
980
2871
248
1895
59
2953
1906
509
2273
722
2168
3417
2753
4063
3704
3641
2735
661
1278
182
142
1594
3089
3045
2941
584
168
2766
3479
3073
3274
2865
37
325
2144
2870
3406
2219
2716
18
2546
3596
2310
3027
4044
460
3036
296
2188
2247
1610
3649
2038
4010
1622
610
3597
2444
1586
1888
3129
1317
2678
1561
1894
1338
3484
3687
3378
1803
2376
3559
3791
3542
1128
1843
3495
268
2243
784
1012
1070
3680
445
2860
889
595
3890
3155
4065
2081
3796
3075
3730
2051
2296
287
1969
2361
1940
87
68
1000
2921
875
3589
2817
435
1301
2366
1919
2182
3504
2751
2814
2043
1038
3478
1045
317
3957
3970
1295
911
143
1402
1826
2000
2277
3229
489
1477
904
2278
2077
1124
3316
306
1307
2441
208
3891
1882
1602
1758
2747
3117
2471
700
806
1211
2578
3948
4017
1955
3483
543
2107
1342
91
416
2619
3352
3435
2206
24
1009
2878
994
2925
3439
3760
2867
928
935
2557
2404
1410
3281
2462
2774
93
3829
3997
1702
1979
1674
3159
2959
3550
3295
2757
2778
2252
986
310
1948
1465
2400
1163
3377
2233
2829
3304
848
3771
1235
1497
3595
1486
1912
349
3103
2292
1714
3470
2911
3365
1939
3431
870
2414
453
3610
1242
2519
1750
2969
605
1436
653
2269
3990
2260
967
2838
3029
3548
4069
1312
547
3611
3746
1335
872
3817
159
2712
1082
1463
1892
842
200
1870
2591
768
1222
3725
3447
1468
951
770
272
2384
1379
654
3246
1584
3138
3041
2018
2333
847
3807
13
886
3567
3507
2237
585
1516
2545
2740
0
1884
3006
3098
992
1089
1875
2868
741
3446
381
3615
276
2768
744
254
249
1122
961
726
873
1383
3639
2508
1579
1581
347
3598
805
3865
32
3689
3884
2616
4018
48
3227
604
690
2882
2435
2822
761
419
3482
3385
1920
2142
526
4023
1559
3070
3413
3547
1651
2802
2646
2741
2280
3338
1302
2078
3779
3643
3587
2939
2089
2876
1613
1039
2163
2794
2486
1726
2412
2375
3915
1087
984
2105
2551
515
1640
401
2894
3986
1298
2315
2283
1256
2973
1526
1927
470
422
2956
1532
3625
2722
2236
2534
863
1902
158
890
1672
2232
792
1515
3899
2160
1424
1646
1334
1091
1190
1271
1479
598
3289
1251
976
3983
2191
3912
3156
1662
465
2503
4047
1353
173
1923
1617
345
2523
1700
1061
1104
2222
694
2447
2518
1812
788
3421
3883
3330
165
1272
263
483
1752
3529
2989
427
3237
2547
985
1483
3919
3672
574
116
170
3042
494
3231
1760
2226
289
2781
4040
3315
2356
3450
72
3932
203
2574
3492
3384
2845
127
1632
1060
3432
732
3050
321
1303
3167
1229
1641
1493
3429
3885
3613
3177
1926
320
3008
933
3034
1053
822
4026
978
154
3291
2484
2201
3326
3410
3101
17
1164
2074
1318
1052
22
323
377
3009
3207
1789
2079
2730
901
1083
2804
758
2789
1957
1862
2490
2595
2842
2622
3345
2026
3268
1832
1804
2183
2949
2458
1629
2390
2709
4000
3356
198
1770
527
2667
3742
1898
107
567
868
1652
2901
1754
854
152
3512
3508
1764
1606
2466
2824
2536
1712
851
2423
1419
1901
641
2374
794
2293
1503
3968
1064
43
1407
2087
1040
679
166
1487
2028
843
2815
2470
3878
404
2150
1678
1441
2904
581
2307
2656
174
227
619
326
3423
1597
1210
1141
2320
1430
2082
1199
2383
3
3594
831
1388
2322
766
800
2084
1738
844
682
2513
3168
140
3859
1693
1160
535
820
503
2594
2275
389
536
3975
2474
2433
3347
25
3085
3998
4061
1722
2798
1492
808
2145
3266
237
210
1167
1346
1527
1834
4001
2733
2011
328
3282
1914
3040
2184
2687
3581
2807
4013
372
487
781
3368
129
519
1860
1654
525
3972
2521
3530
2571
1740
1169
1650
3360
826
2698
2218
1685
348
3379
1316
3340
3020
1267
1193
3517
2098
412
478
2016
4090
829
3715
557
2787
1966
2261
426
84
1993
3459
2738
2097
3988
1481
2660
1201
3851
2491
1996
1917
1059
3427
2443
3901
3461
1874
3434
2541
1076
735
1313
54
73
2010
1709
2981
1049
57
1788
172
1119
3106
3778
2196
270
1444
3260
2020
3351
3555
663
1263
3577
3802
2987
1819
1668
2626
1653
3293
1320
2207
2895
3001
3575
1590
2625
1545
2623
1332
3212
1228
201
2463
3121
1011
3750
46
2239
1297
2737
3604
2611
264
2497
1877
3509
730
1417
658
2407
832
1850
1351
1331
42
1988
1885
910
620
2742
1146
256
1708
2287
2228
3362
2169
672
1838
522
2248
2146
2734
3675
3317
5
1042
3314
969
775
3244
968
67
2966
809
2068
3636
3048
1845
3143
2888
3857
444
147
1093
2684
3861
2848
3109
1628
1548
3380
1713
211
1401
3847
2550
4046
1112
710
2718
1051
1311
2371
552
1033
3320
2634
2019
2396
2970
3256
1173
1293
251
9
3523
3152
3733
1751
1196
571
3325
2485
1905
1771
2438
3007
3654
3082
2581
3949
3445
1058
2929
568
2251
1185
1745
1790
2922
3576
2784
1118
2370
1489
2654
3283
3374
199
3061
1457
3354
1761
3536
3076
2256
2577
3946
2640
1986
312
1605
351
3255
1541
2846
252
3124
236
332
919
3412
2593
2192
816
1785
1603
1795
616
3364
2282
4058
461
3684
1065
1928
69
3197
2099
475
3396
245
431
83
2499
538
3111
1114
3206
1871
3442
3677
3456
1449
135
3653
1818
1567
1171
1578
3584
662
533
765
2339
1372
473
2186
3471
1896
1805
1192
2531
3313
2553
1047
1054
962
3935
2586
2830
2773
2262
3438
1480
1421
1848
2630
3333
2241
3854
853
436
1687
1982
2460
299
14
3373
1223
2682
3393
2502
4012
1081
2279
760
191
560
2076
2210
2373
3285
3139
866
2608
1473
2365
1025
739
1648
1580
575
3828
2731
138
378
1495
1106
1121
3473
1844
350
2573
4076
681
927
801
3002
1985
3838
2797
231
2528
1782
1369
3383
2198
3601
2934
2428
636
119
2606
3903
1132
1117
649
669
3721
103
561
1744
2506
1908
645
691
3114
3937
3426
777
298
3798
1517
261
1560
1145
2507
1367
3357
3467
2516
3057
3626
1931
2880
3301
1673
2250
1792
2286
414
2199
926
1555
3564
2771
100
307
1023
3176
41
2652
2125
3067
2075
2436
1660
363
727
1767
3175
396
590
319
35
3874
3833
1078
2479
2235
1719
2159
2073
1004
3047
2532
609
2004
4067
1773
3632
1203
3892
876
753
115
1115
3719
3752
914
197
945
1781
3306
1519
1136
3400
3682
2721
937
322
2968
2106
774
2788
908
563
3028
2764
3533
1592
1268
1549
3150
1409
2325
3887
2353
1395
193
1227
1889
145
255
2596
125
1236
943
932
3096
1998
2675
2346
3527
2389
3376
2402
1431
3965
3717
2187
1528
7
2364
1582
3987
3120
241
2482
1031
2672
1734
2770
2685
3707
2314
3218
3788
3727
3612
286
3700
3080
3551
1537
178
2649
3938
3409
3503
670
311
2245
77
597
2647
2259
1174
2561
3025
1815
1453
2840
2121
3621
356
3222
920
2711
20
2666
189
4043
1389
1322
2157
2548
776
1944
621
4032
1746
684
2938
4022
2659
131
2783
1975
1006
78
3017
865
2498
1022
1374
3278
2061
3554
3784
2680
3191
2522
545
3757
2223
2080
2641
930
2313
2975
2643
2069
728
1123
3872
949
2130
4086
2785
2637
23
2580
1355
3991
214
576
2936
2067
2677
3747
1148
2776
912
925
2424
1636
3701
3391
2301
3978
3518
2762
2326
2890
123
3936
2820
3275
1394
827
2948
4073
160
2437
502
3748
1945
2754
2872
2354
3262
2950
606
3673
3286
2535
1498
1869
455
795
2014
3327
2174
1325
987
1615
1321
871
3980
780
923
2430
3298
1048
2769
3762
1238
2135
484
1607
2432
2420
3166
1550
247
3122
3425
4045
96
1814
941
3882
1916
867
1921
6
2127
161
3765
2560
3405
1030
2246
275
1111
293
1694
429
657
906
1878
660
2480
856
2609
1525
3217
2913
1658
615
2323
410
644
1467
1595
318
2632
903
1621
564
1776
4019
948
1362
3307
3924
1405
3095
3160
514
3644
916
695
3228
699
734
4083
2131
1071
1972
488
2029
2037
3651
2227
305
2540
913
4030
3628
3732
3145
1413
3764
3591
331
608
3759
1563
151
3190
748
3837
1691
3272
3657
2021
4020
2708
4005
2525
315
931
1289
1686
1735
458
97
3420
2745
3023
4072
2749
2378
2932
3650
3358
1296
2111
3800
787
1699
3181
3842
1097
2529
3592
2951
3772
1609
1414
1017
99
3192
2852
1929
696
2618
1934
652
667
1724
1992
2980
2805
1305
2605
762
3259
520
1727
583
1865
3187
284
600
3188
1418
3063
81
3724
196
137
420
3873
554
1377
979
2661
2873
3030
3233
2421
3959
3204
3756
474
3296
2345
1287
4025
693
3353
1704
1096
837
2211
3415
3018
2977
230
2330
1518
4088
1743
743
550
2494
1925
612
918
3486
3570
226
1521
2440
907
370
92
49
591
3276
88
3667
2276
1113
2178
715
706
1828
1008
3257
524
1459
501
3302
3223
2238
3848
2295
2693
891
130
1675
4087
2064
587
3906
782
4048
1973
3090
2095
997
572
2834
3448
2360
698
1464
1150
3039
2954
3811
1505
471
3287
2234
1246
1029
89
3488
2603
1258
3059
1876
1671
1094
355
1014
676
2884
1266
2118
3566
1376
2338
2090
3917
3153
2800
2202
1154
3647
3956
1116
989
1095
3108
1371
711
1448
1508
1984
1454
3449
1443
3696
3125
1188
2003
3855
4053
2866
3300
4031
2299
1935
2683
2271
2140
