1802
3924
2185
2497
403
1560
1366
955
64
1601
1139
3538
1122
508
2562
3671
692
3723
3891
2076
2576
2942
2160
1070
3127
2265
3856
118
1200
180
3509
3477
2427
601
3975
4077
475
2107
581
471
3189
2477
2045
962
2157
454
3905
2803
3216
2596
2194
2381
2389
2318
519
37
193
1925
3504
3391
544
76
3945
3680
2824
754
1854
1807
1550
3862
897
2180
2633
1152
961
2887
702
3957
2700
2826
1364
3463
1510
3138
3008
2315
3172
2005
2028
910
2436
2861
3191
3339
1634
220
3451
1988
344
2017
2405
3536
4061
3038
1432
501
1292
4051
3954
1048
1582
1853
2737
773
747
1986
45
2971
871
2930
3003
3161
2135
134
2457
3921
3593
3510
2746
455
1887
2129
1718
3953
3814
3883
791
437
1220
658
1954
61
1068
125
1407
2606
719
444
2873
2102
306
2199
2117
1314
1809
642
2643
1209
996
3310
2148
2411
407
3476
1761
1377
2731
93
1241
2335
1470
2475
2541
3032
825
2177
2140
1322
830
353
3419
3320
4082
2827
3522
1393
2172
559
1473
3576
2627
176
3798
2429
4060
3465
3462
3893
930
3452
2695
2979
1324
3761
117
2113
443
513
2895
939
3078
2433
3500
1067
2090
3505
1889
2009
4072
1133
846
873
2487
3585
1559
1530
2599
1556
534
1588
3987
3769
2071
422
3518
2055
199
74
700
480
1336
2579
3459
38
611
2958
1189
1609
883
1362
136
1194
1863
3860
3884
2531
1293
3352
3112
52
3225
2480
2492
3388
1553
1357
945
3445
693
149
2488
1605
3398
2251
3715
572
1391
3890
3095
3435
3454
2795
325
2632
3549
2146
2363
356
3297
2093
4092
1294
3495
1208
291
3211
811
357
470
3011
481
3700
3544
2807
238
3361
937
1563
1878
223
1494
729
2631
2220
2336
1568
187
1495
1728
1276
1231
1525
3496
3880
1338
3514
3093
1900
2745
4039
404
2268
2711
1679
2003
3788
1849
482
468
1378
1957
3165
2295
2558
4004
122
1282
1309
2762
1347
2856
119
3889
1481
1774
178
584
1580
1543
3859
2271
2919
92
1536
2999
3799
11
1706
1870
1161
1326
2906
2119
1458
3631
1136
1541
1359
350
1892
3699
3833
22
3703
1491
3195
3929
3063
2776
3922
1166
3994
1725
3982
2569
269
2334
442
779
370
2450
2352
1795
3950
680
3441
2638
1025
3433
3873
3601
2920
169
1928
3778
2980
314
3382
2589
580
382
28
2891
524
2591
460
214
1635
2953
1465
451
3062
688
408
623
3337
2946
1409
3182
585
1098
1386
3292
1496
1039
241
284
1084
3116
3515
502
3475
1696
3823
869
473
986
2188
2616
3658
3762
3278
3121
2067
657
1308
3383
453
1623
3645
1461
3906
1929
3722
1401
1082
533
2273
2723
3265
4094
3052
3614
2216
950
2374
110
1471
2837
3177
2739
3115
1688
2121
946
1651
3756
421
446
2011
1456
2833
3790
1574
1645
3029
3055
3397
2902
3713
2787
3674
3146
2572
2943
2635
3289
2357
1128
2983
1882
46
920
106
1109
3401
3166
47
452
1544
2346
3193
3368
1896
1263
1615
2718
2339
283
3336
303
1092
3081
1727
2388
3268
1976
1914
1115
2014
1777
3498
3483
983
472
1233
4088
3857
3114
3710
459
1102
3502
965
358
2771
3147
3728
2684
3718
1632
632
426
2667
3374
3405
3705
1253
1447
3662
1248
2733
3540
2498
2714
1055
3513
2490
776
1881
3085
2646
3434
2763
4035
3960
4089
1343
2916
3919
2026
3104
1396
1442
1077
1307
4002
3326
1417
663
1537
998
3545
1323
2522
1009
2598
1743
2757
2302
1704
3184
2853
2446
3156
3431
2322
1758
3035
3267
2786
2424
34
1915
3564
1003
2716
1903
2660
420
2674
2101
2054
3455
2804
3530
637
1027
85
1462
3991
1513
1572
1962
120
901
635
592
229
1402
1244
913
918
624
853
1112
3854
816
1399
1164
1926
2726
205
3228
3888
2742
1546
44
2918
3646
528
3036
1054
3881
2299
448
746
256
2612
1643
237
2423
1434
4017
0
3197
2111
3494
575
976
3654
2219
3946
337
3793
449
604
1841
409
3390
3920
833
968
3846
4011
320
400
3375
1691
236
135
1147
3338
3212
851
308
1353
2673
550
1499
3124
1501
2682
3665
2115
2964
1825
3010
1295
3561
485
279
2106
3412
1305
2032
4024
1702
1872
3088
2590
1104
2653
906
2525
1708
1272
2843
1959
576
170
672
2356
3520
3443
1172
3797
2072
609
3231
2751
567
1440
952
2132
2561
35
1569
1861
1177
1671
2393
2413
3838
2986
2893
1589
561
1819
3341
3458
1211
2565
126
3580
2012
1660
1073
3392
2863
154
1285
1371
3469
1836
4071
2462
763
1466
440
1271
2193
911
3931
995
2365
1834
1700
1813
3023
1547
1381
2442
2925
1705
486
2798
232
845
305
2883
1827
3731
2174
3394
4031
3046
254
3892
182
3992
1993
281
111
1081
2912
2291
2685
2250
714
3142
497
712
2468
3426
3531
132
1940
1004
1858
3577
3203
3440
1193
2246
651
3650
740
1722
3596
3727
1573
621
2689
2279
309
2878
1226
2619
822
1056
2465
3150
2704
2023
3506
2021
3848
1005
1431
2812
769
3766
2438
3001
1837
3552
1262
739
2766
3241
396
391
316
68
1846
3849
2179
3069
980
3474
1315
1195
3543
1061
1714
1149
29
3294
1105
5
277
209
3097
1416
1910
1171
1408
2528
3763
3581
2644
1015
3615
3135
462
891
724
1052
3194
2592
3328
1981
2258
1969
317
3656
2342
3217
2654
3236
2570
1766
2696
977
2198
3479
1405
261
3794
1801
1230
3503
3315
491
2080
3
1278
3353
542
1419
1664
2692
1099
3588
1030
2286
1045
3565
1899
3240
664
1261
98
1641
3711
1919
1792
1888
1426
3162
3274
2289
2170
3685
1123
3787
1374
1617
1749
562
1555
1733
1425
3432
2387
1459
2559
2846
1895
3826
3205
2756
3148
1202
293
439
1564
636
3942
1452
884
874
3795
1675
2410
3482
4029
108
2306
298
383
1412
3760
777
2084
1581
3471
141
3971
3429
3468
2845
255
3672
4008
2062
615
1937
2755
3071
3174
2171
1435
3180
3759
1964
3276
1713
2637
4055
168
1935
1033
72
1489
2069
1784
2264
2207
862
815
1154
2670
2676
1587
669
2024
761
3758
3735
2057
3325
3416
1146
2534
2298
3804
2877
2609
94
600
371
2985
2788
3410
2944
2328
3612
2267
3562
3918
1072
1953
679
1657
3255
720
2454
2866
3739
262
956
3427
2997
3963
1724
3796
2371
3595
3102
1803
2242
2232
397
2563
3359
3437
3280
3616
3022
2138
1118
605
2359
1884
745
593
2058
2330
2141
888
2324
3911
828
798
836
3070
3741
2518
2690
2197
2568
369
339
3687
3299
2823
1829
1487
71
772
1116
1838
516
2036
3511
3774
4062
595
2100
2105
629
2836
2903
2403
3603
2957
477
4084
3208
935
1043
2901
3418
2447
3309
3140
1192
752
3275
1610
3747
2952
3136
787
1006
2043
704
3489
2754
2309
936
1824
1840
2715
1735
492
2805
2063
2899
2752
105
2426
1218
3153
2642
817
1532
760
39
914
243
1738
3100
1191
2996
3566
855
3224
2050
493
1392
157
1335
498
2372
377
2889
115
902
1788
3048
867
627
1415
3702
2124
2360
3103
3283
819
3714
3958
1354
1847
215
2595
646
619
3054
3170
1980
1312
1037
2481
713
90
2094
78
3002
3541
173
2655
3586
2394
3232
3835
3812
3396
2366
1745
2375
505
2397
495
1251
2666
131
4007
104
3288
3204
2549
3587
3818
234
866
4073
3169
1970
3061
1701
3997
858
3293
2501
2876
3430
2332
2764
3247
458
260
3047
3805
1414
208
1529
2222
3019
3516
2521
346
3467
3943
3637
2048
2479
2226
694
1058
2702
2603
801
66
271
2648
808
1822
55
2440
2484
3190
1584
823
2165
3682
1618
1065
4090
568
2601
750
177
892
3331
355
1443
2470
3327
292
941
3421
3610
1237
3717
2706
2451
4093
3708
1930
695
597
3926
1663
1132
2922
2311
3755
2500
1719
3033
3754
2243
625
2122
3238
1611
2854
2792
3028
62
512
2859
662
2159
2669
3407
3613
924
3126
226
2070
1908
25
1190
3449
139
376
1785
3720
3599
978
1554
3155
2650
1874
1284
710
3780
3072
1659
2707
522
1966
435
3689
895
2583
87
456
3947
1010
2872
378
3901
716
427
483
174
3623
265
100
1080
1517
894
3420
2566
1698
3347
2663
3378
246
2681
3491
590
1951
181
3773
3099
3470
88
3575
2870
3875
2683
1939
3712
2376
1526
161
2622
1636
4059
1775
3376
1249
4032
311
1451
2001
349
3417
53
2233
2367
2647
3968
2206
263
3844
2656
578
2734
1176
3750
1528
3663
964
706
3107
2813
3983
4018
1817
3076
1848
1306
1002
3990
758
1078
909
1535
1638
675
266
1418
1313
1074
3951
643
2511
474
1476
368
1842
618
2190
1475
2046
2503
1124
3249
1505
2560
3649
419
2963
43
1411
1577
2874
2949
211
1388
3007
951
140
3373
807
1029
3223
1558
774
2651
3959
1179
2181
1687
1013
359
1034
1433
347
948
3776
2304
656
4022
1204
3961
2988
1690
682
1575
832
839
1028
1423
186
3620
412
768
844
2213
436
33
3655
2163
2323
156
3024
2361
2931
2618
3261
3384
4025
594
3871
793
4003
1038
810
1866
2248
1299
1662
1665
3584
201
2316
1625
3480
3746
3734
2981
2785
2976
2407
1376
40
2456
418
3006
3466
2329
1463
841
1922
2659
2772
1694
1504
2344
3125
3817
3940
2244
1096
1531
429
1361
3064
3824
2176
2909
2965
1865
1397
2297
1400
1076
3956
1875
2504
3822
1815
3436
2416
1562
1747
2401
3660
342
1748
2175
4064
1594
2112
732
1798
385
4009
738
1756
3688
556
3568
2869
3269
3034
1372
3984
167
192
1621
1066
3825
2732
1389
904
3969
3355
2908
1311
3264
2691
809
1259
3591
1883
1298
252
1885
599
3737
2750
1062
2353
1593
2476
1173
526
1831
2133
82
3473
612
434
65
463
3648
164
361
2020
3607
1780
2841
4006
3488
854
788
2333
3726
3537
1368
829
3389
413
307
479
847
1527
233
19
2537
1911
831
2801
3784
1855
514
2038
4036
3681
3964
870
843
2940
674
1165
3989
1125
3622
2865
2796
2610
3683
3608
2077
3686
582
1709
3753
3600
644
3896
2580
2802
3985
814
3141
2167
3619
4015
3517
1427
1279
1669
1750
2658
3791
1512
3229
109
709
1689
2245
1893
3508
1973
3501
2848
2307
1763
2314
725
2144
1880
366
3094
3386
1626
842
1628
2593
3807
259
1493
3227
1868
1604
2211
1180
2027
1346
1502
496
3244
4020
2694
2959
2523
3128
2701
107
4019
1095
1518
3551
1026
1631
2039
3252
3554
280
3343
537
2950
3970
1267
1325
343
1328
2260
388
430
2224
3351
3133
1090
1455
2864
3090
145
56
2602
958
3333
2502
3816
2464
3602
1444
270
1633
1983
3319
2320
3332
3567
728
3528
2630
602
3279
3923
2932
3539
541
3198
3089
3497
737
3258
272
2984
2817
245
3122
2540
2582
925
1060
1484
2712
2455
2753
2431
1296
654
2645
3377
3716
2483
2041
2905
2441
684
3691
3221
1608
1934
2937
1707
8
2571
489
1797
282
2819
1873
218
395
2678
3210
795
3196
2285
1603
1644
3457
189
953
438
3362
1787
973
2370
2040
2240
1242
12
3367
970
3442
2409
538
4001
3851
3284
487
2703
130
2886
26
3598
268
598
4058
1097
3852
2134
2529
3371
820
59
1812
3077
2822
2868
932
3057
1752
2095
1350
565
2139
1941
228
1337
2390
49
1093
3695
1199
2373
3836
900
2417
2385
1290
461
3202
2150
2743
3096
1187
2491
1283
3981
2418
1198
3340
1181
2547
2459
3132
3346
1265
1524
1119
1168
3242
1213
3909
225
2149
1820
2123
1548
3113
465
756
2255
3542
60
2975
2538
1509
3260
2539
1516
2437
3934
563
792
3253
4038
966
947
667
2030
3678
2585
2509
4054
2536
3192
2941
2209
2641
2461
326
129
4021
3604
415
2820
3230
3408
1570
785
2074
2915
1571
3178
1175
4066
558
1011
1751
896
1692
354
2556
1942
1804
3745
2520
3129
2164
1833
1686
734
1300
1968
1403
2215
3559
3928
1018
3079
1356
406
1576
2089
1107
3321
2221
2626
3865
97
1
1978
1333
2096
1277
1254
2884
963
1720
764
1844
1111
142
297
1783
2767
3450
1101
30
2348
1120
683
2319
469
1143
2709
285
1987
80
4074
3659
2354
2382
2821
3251
3704
2998
3381
3571
2439
3349
1114
733
3364
2305
392
3811
607
3910
676
1288
96
3670
1140
1310
804
315
2900
1931
1250
2127
3677
2730
1345
3222
3877
499
1291
2432
3014
1303
3026
1269
1519
1144
908
1538
992
2662
1083
184
3998
3535
1036
3215
3120
3045
1429
2835
1023
249
3523
546
1666
2236
988
289
290
1232
671
589
1042
3633
1222
3980
2672
723
1106
903
2168
3937
494
3590
1684
2765
718
2156
650
1673
423
1653
1000
1936
3740
3701
2617
2422
2578
2025
2208
3306
1989
959
3043
648
926
1912
3512
2402
753
3743
2564
1449
1348
2708
4043
1905
1351
2661
230
931
2524
1877
3248
3053
2699
2778
2860
3609
14
3254
380
2234
3027
3866
2182
1155
1506
2392
16
885
4048
1779
431
3738
1650
1590
2091
3199
2237
206
1360
150
2262
510
1627
478
2350
2035
4005
399
2831
2779
1521
2368
1992
520
3944
2687
1579
2482
1723
3560
1782
2400
1612
2261
1726
2780
84
1404
1130
813
2657
711
3782
2761
504
3439
3667
3067
2452
1862
1845
1445
3018
3767
2293
3453
1755
2724
146
1450
1891
3507
797
993
1602
1997
1578
3040
4042
574
548
3547
1894
868
3246
3977
3281
3895
428
1599
2516
2679
2263
1108
3902
447
3935
2517
3108
2677
1329
3145
304
2419
3277
1902
1680
328
2552
2018
639
1379
3978
3632
2449
889
2947
633
2341
2775
880
1839
3123
3017
3771
957
3245
3855
2380
1982
727
3621
3323
2842
3305
2420
603
322
2303
2910
2066
685
3039
3563
699
143
18
2858
3425
1897
275
3176
3558
943
4044
3290
32
1977
1913
1243
95
1523
705
2879
124
3134
1057
2624
3188
2022
2214
222
3995
3874
517
91
3525
837
800
50
417
1585
2326
641
2276
1648
4037
3917
971
2628
2693
3764
2051
1533
2832
974
2002
1852
3300
1764
3573
114
3058
767
2142
2430
3810
1266
2759
365
1185
2029
2151
3171
1162
2153
4
2308
647
944
3144
2186
2247
1483
3318
2597
3698
1522
2274
1649
1040
4065
3446
3837
310
2004
673
1716
614
532
2292
3270
2493
1823
606
10
1620
1035
3414
3403
1142
735
3694
2849
3031
2195
235
144
766
666
175
564
2125
3606
1223
464
152
540
2543
183
3303
912
755
432
1178
3250
2259
975
2587
1850
3160
2052
802
743
3597
1472
3529
3553
3173
3013
1816
2249
405
1950
1363
1591
1022
3669
933
2507
840
1289
1947
3592
1776
1281
1867
2783
2629
1375
1201
2880
3876
1247
864
2936
1963
2825
2939
3779
4078
1430
2970
2078
1904
2086
367
3272
1478
2844
1674
3962
3271
2358
2882
3629
171
2272
3820
1239
3105
579
2928
2636
1245
2338
2797
2034
3157
1586
1032
3316
2839
2955
1642
2923
3016
17
2362
506
2888
3557
2989
2131
3369
77
690
1216
596
2735
2927
543
3021
3334
765
668
1921
1203
2485
3395
2075
979
523
4087
3044
4030
345
1711
3385
4033
2114
3304
2404
879
3363
1985
1721
3676
1317
3342
3707
703
338
3005
319
882
1224
1089
3912
3460
2283
1507
3406
2929
3527
2671
726
3159
1113
381
2675
1740
570
3938
2508
1958
3415
3628
2542
3312
3638
812
1768
2892
3314
1236
1832
917
3555
1879
3372
2717
1184
1943
3802
2277
3428
3675
1996
42
4045
3863
2082
2103
2713
3219
3635
3831
2840
3988
3949
3478
876
2978
2885
3729
1170
645
927
188
1600
253
2828
2327
1121
3900
2881
1857
2252
1540
1955
3770
1196
2281
2010
1995
1658
1316
2227
3569
3083
856
3345
721
1551
1630
1437
1944
2241
826
1999
2668
250
3151
2235
1759
3472
1225
3111
1031
1984
2191
1972
557
2777
3864
860
1063
1270
2875
1730
2321
3546
81
2680
3313
967
1753
2340
649
1595
1821
1828
1094
3719
2444
1340
2665
2896
2284
3487
4076
1542
102
3200
210
2294
665
2722
1975
70
1592
490
3101
554
3605
3639
1791
2269
824
386
476
3803
2898
2794
3709
1933
287
2545
3550
3329
818
628
2506
850
1826
821
659
1974
3168
2574
2494
757
3642
2530
1205
1773
1117
1677
2137
1214
2109
133
3354
1304
2588
185
1869
433
2721
2257
36
2995
2239
2435
3295
547
416
1229
3668
2934
3370
1514
3927
160
2594
1330
3307
1380
2814
3181
2162
1157
1917
655
2223
2463
158
2557
2225
3868
640
1014
1497
1439
3679
3218
3091
159
1373
198
2060
2791
3263
2120
1786
2904
3887
2130
2575
2006
375
2408
1050
653
3201
374
3233
2720
1736
2434
3366
2847
1167
1655
4091
302
1731
591
1647
1219
928
3882
1387
3411
1746
54
3020
3830
362
954
4056
360
634
4016
1454
1710
1695
484
3486
1186
3819
1668
1685
1539
2266
4080
2962
981
333
2982
3696
4028
2347
1064
1676
1646
1876
1898
3080
586
3574
1410
696
2042
1656
4023
3647
3424
1234
1856
1672
3965
3841
2331
1174
2412
1799
3644
1406
373
1757
1258
148
2073
3051
2968
1260
2760
1697
1091
3000
414
553
626
2391
2083
972
670
2351
2489
4052
3966
191
3907
3948
351
248
1255
2406
786
1327
1805
707
3348
1467
3781
2640
1474
1110
2205
2747
3840
1492
1384
73
3402
286
467
162
1453
1771
3273
3786
2890
1169
4013
2204
1961
1370
2740
2770
244
2851
3082
3624
398
3974
2108
1818
2613
3783
86
3733
1135
213
861
859
3651
2620
2254
2033
1331
1482
942
3499
2312
3869
2512
899
331
4010
518
1215
425
2282
835
1567
2458
1967
1441
2379
2212
1012
887
1794
1183
3257
389
2992
2834
1059
203
4095
3800
1927
151
288
2068
848
2173
1390
1835
2758
1127
1699
3915
101
790
3287
274
1468
997
1485
3084
2604
2049
4040
500
1800
877
63
2019
3809
3845
1318
3724
686
2217
450
2990
1160
3042
1197
999
4053
3526
3732
2799
949
1358
731
240
2727
2621
3973
1134
3834
190
2136
730
2938
3237
332
1715
2961
2013
2911
2015
3167
1275
1629
3235
2
3422
323
4047
267
2210
715
689
216
2926
1991
990
2577
3220
1131
2810
3448
2192
1488
1998
613
4075
872
780
3344
1534
2829
3673
301
1956
717
2228
1148
1737
1428
2196
1767
1769
2774
1446
3903
1075
3259
1342
2098
2453
2625
3456
3086
907
2364
2894
1596
1772
2546
916
2933
898
219
678
3582
2158
2471
3775
2395
881
2166
2183
796
2154
1021
3570
2097
2917
2526
1158
784
2325
2994
3490
536
2551
1049
2343
7
748
1945
3109
3653
239
2789
2790
583
3572
48
1619
2850
424
1952
4057
677
3149
3317
2605
1227
1598
2586
1781
1681
3842
1257
1851
1760
701
3579
13
3158
3955
2611
1765
3939
3996
1252
3932
402
2301
3358
1051
3533
1087
2384
1398
3519
3657
2059
687
2088
2178
299
1287
2118
742
1297
1079
1808
2496
3652
3661
2110
3308
2584
638
1717
1217
363
736
660
2784
2287
3330
806
759
3037
3697
1151
886
1938
3843
1762
865
1053
348
1301
3154
194
878
2099
1607
3117
2977
1238
922
1901
1703
4012
3785
1264
2053
555
1960
2553
3640
2189
2697
3256
3986
138
2749
31
3335
137
2044
503
2744
1661
2728
2897
934
3897
2280
1778
227
3589
2253
4068
200
3908
2649
3301
3936
3068
622
552
441
2513
2808
330
1086
2104
1369
2838
1069
1597
3858
2514
531
1071
1916
1682
2505
2079
196
3087
41
1138
3913
2515
969
616
3302
2967
4085
295
545
3850
2290
1240
3742
569
3380
2155
3393
1918
751
2960
535
3092
165
1008
938
3311
1438
372
3485
112
1909
251
3765
1024
3041
3262
921
2202
4041
960
681
3821
1616
1129
1979
1739
3493
1352
4034
3207
1796
2945
2686
352
3298
2047
1355
1549
1100
521
273
3413
3744
394
2974
2729
2907
982
771
1932
3967
1367
863
2544
3461
2818
1422
1332
3706
652
24
2161
2535
123
1742
1280
1814
258
296
2972
1789
224
4027
2608
1871
1565
2081
1424
2092
1860
2345
4069
163
1228
1007
4014
2064
202
3183
929
3009
3056
762
393
525
1088
488
1515
2386
3768
2573
1552
1920
3952
3379
1640
1654
318
608
1246
2781
3832
3357
1320
195
300
313
329
529
4086
2317
1843
919
782
6
566
2415
390
527
335
560
2187
3130
2532
197
2116
2852
3484
3186
722
3106
697
1734
147
3534
2809
3137
1670
3356
3976
2056
1480
4083
2519
2378
2719
3627
127
2725
103
217
242
334
401
3625
1274
940
2466
384
2914
4063
2782
278
3829
2143
2445
3179
3993
2275
2495
2815
2921
741
1182
984
3324
155
3152
893
9
3898
3004
3806
1614
410
1016
3972
1141
2061
1469
3015
803
3521
1639
749
1385
1457
789
2857
2414
620
2229
2688
3065
2768
3075
985
1273
1017
1754
2147
2203
3438
1693
3365
3801
2486
3322
3748
551
312
1137
1212
698
1268
2007
1511
1971
3266
2533
1349
3073
1741
2862
1811
3030
2425
577
276
3643
875
994
4079
2087
2736
2966
3350
2600
1344
1334
3914
2913
1221
923
3879
3447
2800
79
2313
3933
539
770
2000
3548
2396
2238
3751
2472
2664
2399
1448
324
3187
1557
3736
1678
1383
1394
1256
2377
2634
2710
2152
1624
2773
3206
3404
1103
3813
1341
1652
327
1637
179
1207
1163
2278
3286
1490
3757
2614
2615
2527
204
4000
58
1126
2200
2793
20
3012
3139
799
2469
445
2126
2398
783
1421
3213
1924
2811
2443
3979
247
2499
794
3214
3399
3641
3243
2830
257
2991
2231
507
3285
1907
1806
2510
3885
3853
2349
4026
1790
2478
3626
2474
1793
2973
1994
3119
1923
1153
99
1235
3464
1041
294
3904
1044
1810
2428
2623
1946
3899
2337
3175
1744
1990
2639
3409
51
573
2698
21
805
3050
3098
1545
1479
1886
1949
3930
3387
3925
3693
3828
610
2296
2554
3291
2935
3066
1965
2448
3074
530
364
153
744
4046
2031
3867
1001
2310
3808
3556
1503
2300
775
3060
1622
987
3185
1906
617
3827
2256
3684
3772
1210
3617
4067
341
509
1732
2016
511
3118
1583
2951
3861
2169
89
2145
3532
3143
3916
857
116
1830
3234
69
3872
834
3878
2652
3611
3444
3777
3583
989
587
2085
571
631
2008
3131
1859
387
3360
1145
1864
379
2738
3296
3423
1683
1486
3690
2128
128
1046
1566
2867
1020
630
1498
3163
3059
2987
1606
691
2607
2969
1302
1159
3492
1477
207
2218
221
1770
3400
3666
1890
3815
231
3524
2806
2421
1395
3025
27
3481
166
15
1561
3634
778
1085
4049
781
2548
1286
2201
2270
1150
2769
67
1019
2037
1436
4050
2550
3886
2383
890
588
113
1319
3725
212
549
1464
3630
2460
3839
457
57
1500
661
3110
1413
2581
2065
336
1667
2473
1047
3721
3594
1460
1365
75
2954
4081
3618
2555
1188
3239
3164
1321
1520
2184
1508
852
23
3894
2748
2705
411
3692
340
2369
3636
2924
2567
1420
2741
1712
172
708
264
1339
1206
2993
2230
827
2288
3941
3226
3664
515
3749
2871
905
4070
849
83
3789
3282
3999
3847
2467
2816
3730
2948
3870
3209
2355
3752
2956
3049
321
1613
991
838
1156
3792
1948
915
1729
121
2855
466
1382
3578
