3249
3575
1582
2945
493
1357
3781
293
909
1121
3375
1508
2682
554
845
2057
3183
1921
2565
2472
2049
11
721
1441
4056
732
2261
396
2220
3622
3275
3988
991
2517
1764
1519
3835
3422
1353
2007
558
613
2636
344
1910
39
1620
3335
2746
2900
450
2410
3828
582
3264
3269
840
40
3478
3120
2951
2398
3784
724
668
1097
814
1633
3101
974
460
3023
3338
2665
285
323
165
4025
80
2814
1816
3277
626
2153
288
640
2440
2743
2534
1778
3066
3096
2370
2687
1642
394
1987
2550
3357
2955
1928
938
3521
2080
3973
3615
383
970
3485
2611
2095
3716
3351
4020
1146
2097
2873
2312
3444
1174
2553
1474
3327
2141
1412
3644
105
3924
142
3093
3080
3793
1468
2777
3565
2676
3566
2189
2074
3322
2628
3719
1046
84
1447
544
1072
2129
2230
1561
2206
3986
1647
2890
1081
2798
1998
1483
1112
2085
1377
3167
1704
3131
2406
303
680
28
3246
955
3443
3372
2864
2575
2430
1384
1183
3326
1812
129
2488
151
2212
3533
243
811
1862
2203
2685
943
977
1137
2496
2424
3005
1657
2494
3294
1760
878
2634
3630
3888
852
122
65
3358
917
1028
1709
3522
3899
1969
131
2705
3121
672
1916
1180
1479
2401
331
2796
216
2780
710
3492
2263
2529
534
2411
472
1550
1120
1476
1600
2643
3766
641
1295
3506
3638
3460
3526
224
2172
298
3877
183
1752
2559
85
3967
2521
3898
2377
1848
2101
1666
479
3158
638
2739
3160
1182
2478
1074
1852
1030
4088
284
1850
1679
3827
795
312
3026
723
2359
1639
511
3993
901
3734
1871
790
2869
1903
1770
3905
2717
1253
3071
785
3693
3488
1678
584
857
3686
1026
535
993
646
1122
36
661
1036
2639
3802
2165
1926
249
1581
3250
2786
377
670
2725
3309
924
2833
2726
825
1591
989
1189
726
1732
1716
3149
3221
561
1556
1237
2577
2954
782
2397
2112
2181
1090
1233
1988
1058
2131
3337
2667
624
2332
1686
2307
2599
2911
3432
835
1229
2998
2011
3425
1371
2268
1624
3203
1782
4064
3052
52
884
2402
1930
3243
3688
3663
494
299
6
473
3783
2535
2922
2089
1282
189
1882
3808
2944
783
2360
2719
2053
3302
1843
202
4077
3014
1210
434
694
1258
660
1393
649
1937
3765
3164
270
610
2700
1463
2716
2680
1605
829
3006
24
135
2652
1847
2056
907
3618
1111
2659
1947
1773
1835
3410
627
3947
1244
3165
999
116
3952
3983
1531
2660
3105
1514
2621
1798
3932
890
1560
1477
3145
3047
2090
3219
725
1330
3271
3483
2346
2099
3994
996
3806
1842
3413
1957
2581
91
858
3671
647
908
72
2407
146
1604
155
1849
324
1092
2942
2510
3581
1695
2623
1073
3013
1974
3957
3041
1185
1601
1966
2619
150
2075
291
1935
971
2878
23
1173
2351
1803
474
2800
564
2205
3297
635
2576
3597
166
1175
255
3107
164
864
3851
1068
1062
1830
2234
2103
2058
1750
525
3270
3731
2470
3911
2515
2421
3867
1509
3690
713
416
3532
3043
2193
1791
2646
2017
33
1440
1236
278
4094
2953
305
373
1589
2961
1234
2266
3150
2322
1239
4075
3677
1578
844
306
2856
1979
1933
3594
1101
568
2281
4076
2486
3038
2115
44
3587
3626
1855
1226
162
1997
1939
1960
798
3437
648
2321
763
2096
3486
3736
925
330
431
551
1938
3209
221
419
3441
2461
4057
1080
4035
3281
1742
2323
3656
2689
602
1971
3255
1863
2683
2615
307
1406
1427
3770
3650
3017
1217
130
4065
914
380
1929
1347
1165
3879
1893
810
3261
2920
985
1873
2255
1948
3573
2164
2527
1587
3462
778
3790
2150
3887
1775
2818
3676
872
400
1583
1151
251
407
3831
1802
1507
1598
3
3844
871
2229
839
2824
897
1200
521
1576
3210
532
1035
3027
2032
2127
2952
962
2252
2980
1455
3340
384
916
3119
126
3987
636
954
500
3933
88
2025
1739
2110
3760
2704
2215
1659
1195
715
2319
2462
320
2055
1071
2176
3057
975
1434
1857
378
1462
2729
200
1913
3235
456
3329
3583
3354
3323
4052
3213
1522
2866
1249
1051
1094
944
3633
815
958
3402
3752
2460
572
3163
590
3303
1963
3513
3498
1740
3794
555
2043
2697
445
3657
3762
2792
935
3593
1329
259
3559
1547
3875
3918
3175
747
3438
2913
1287
3450
3643
1248
64
3272
179
1378
316
2721
1524
2503
1369
3321
3256
1827
2353
1883
819
1191
2799
3484
1425
510
4004
2423
3123
2653
543
941
1064
1864
3891
2069
4079
391
3109
2784
3576
3858
1972
3969
2306
4005
922
187
2282
3599
2040
1870
887
2278
3138
1941
3709
1245
3206
2335
2555
2087
888
3543
3604
781
2596
1810
1593
2567
1680
3348
2849
2558
2731
2235
2609
3116
2859
388
3647
1414
502
213
3274
523
351
874
3885
1009
3417
1991
1823
106
3838
793
2518
3317
2502
275
4080
3030
1860
1989
3544
1205
2036
295
960
1096
3954
81
3244
2985
2896
280
3777
1805
2427
3585
215
1392
1586
1381
830
3837
1879
3810
358
1155
3721
3420
1238
1024
1069
3010
3712
2340
1031
3461
1207
741
1756
2463
669
1747
1806
1710
1722
2723
615
1241
2836
3388
2655
761
444
1866
3454
1973
25
3034
3968
1895
3812
3245
3273
3426
1762
101
1994
3336
3841
4038
3008
2348
3364
2
2758
3628
2061
3846
4043
734
1083
3202
309
3512
1874
692
2048
2357
3361
34
1537
2748
4001
1890
1993
1962
100
1052
1865
2589
2931
1641
1825
1490
3822
1527
3268
3224
1681
2693
3856
586
737
562
3307
1840
3692
1912
1114
2358
2821
2039
414
409
541
1661
893
2607
3036
1344
3044
1201
2817
1397
260
78
550
2405
3446
3113
3316
3785
1198
422
3729
3535
281
1900
3018
3063
2586
3696
611
1648
1459
1727
3743
1452
2852
1008
1500
404
2569
1354
702
755
1082
2047
2109
3190
3880
3553
2764
3205
3390
3435
883
1610
1690
3045
3286
2934
3054
1465
595
454
147
3083
1606
2971
2879
3545
2162
1699
2152
153
3076
2701
2458
3624
132
1338
29
3866
2528
2912
1184
1170
3349
3098
2070
964
2251
180
1362
73
3458
629
3089
2768
3305
1685
184
2404
4070
2699
506
2415
3230
2113
421
3564
1726
315
3907
2066
3897
50
3147
3391
1788
1753
3708
700
4017
2477
229
1571
290
3956
2349
1535
3073
2938
2256
163
841
2783
2810
2363
1956
1720
2275
1881
2342
446
1157
1439
2106
467
2806
3570
4058
2552
2842
1271
2797
3815
2504
769
849
3750
585
3291
2995
2124
2788
3600
995
1563
4007
990
3280
1254
3495
68
637
2908
3141
3816
1936
2991
3157
1521
1779
2249
1316
2530
2174
3431
1858
581
3072
1119
1320
2033
1745
2000
1167
1456
3415
2467
2299
1712
282
1517
1418
1216
277
1095
1918
334
3480
1856
2471
688
4011
2100
1034
1428
3359
4068
2482
2681
2551
2624
2093
654
3964
2857
2442
2568
3691
986
3606
2884
2564
2475
286
2674
1567
2337
2454
2825
1715
1804
2483
571
2633
417
2240
2740
2593
1417
3223
3464
437
2668
1731
2901
3852
1100
966
749
1044
4082
3339
442
3423
466
1627
2618
3133
2111
283
3046
1612
367
3848
3177
3238
3481
2060
1617
2976
1152
2385
3039
2067
3211
3362
3586
2892
174
973
529
2233
2484
2915
824
1555
3085
879
428
1178
1166
1206
739
2752
3469
181
987
3882
3248
2940
587
866
2990
3117
2916
3975
2231
679
7
2018
2769
1683
3754
940
1199
2728
1450
1056
1247
3651
3237
1538
804
895
317
1496
2620
3990
3826
3590
886
1769
3178
1792
2622
2239
854
110
851
2020
3350
1656
1844
1220
867
432
2968
1768
2708
19
4032
1388
1541
2134
1703
1007
2449
2481
3299
2290
4037
3166
37
3836
539
2163
1299
361
982
657
2365
2204
1834
2512
22
300
1307
2751
1315
2910
3962
2429
3631
194
484
2325
1799
1365
2294
2561
981
3407
2064
1305
4089
3855
3751
2336
961
2221
2933
392
912
2253
2218
3684
185
1924
1135
2392
2168
2712
3290
478
3939
3108
410
3921
1482
1922
1156
2368
3379
440
3601
2695
2241
3081
167
1986
791
3377
1260
1109
2296
2932
304
3383
157
3912
2008
3609
531
3282
1235
1488
1321
689
2986
729
318
3763
1223
3769
465
3782
2213
1595
1297
4066
2688
1950
3207
2540
3129
1562
1265
3970
652
2314
623
2539
706
3635
1793
1905
505
2054
1076
3058
3666
1274
1339
1876
4013
1370
2809
3122
3182
294
1946
42
79
1829
3839
95
2144
606
3896
3713
1364
2029
1892
1736
191
1501
1826
2982
2562
3775
1355
2964
411
3134
415
2772
1272
2198
1985
848
696
2893
2237
1049
507
49
3331
3378
911
2166
528
2526
3386
3050
3652
3295
2045
3840
206
120
1454
2538
853
1569
2661
1671
588
760
2730
634
2390
1552
3215
2791
222
1644
56
4039
2285
2999
3355
4063
3341
3582
1143
186
3489
83
3436
902
2997
2147
2202
2343
296
3732
1310
1540
1294
777
3640
4033
3345
3293
3655
546
2293
3670
1920
1917
3328
1472
3925
17
569
393
2610
2019
2939
563
1108
579
1383
1901
3539
54
1317
2880
953
570
716
3487
1907
2434
2703
707
1889
2830
1105
1631
3493
1737
1407
1549
2882
3981
2274
1061
3865
2949
1042
3511
327
3613
3675
1308
1075
2428
225
1927
3737
121
2389
4084
1197
3496
403
1557
2543
2724
1358
2324
1293
3137
4000
589
1403
1532
1342
2713
3368
362
1954
3429
3468
3849
3130
232
1618
2930
1694
576
2658
904
1413
1430
1250
3706
522
3031
2438
2051
708
2005
3136
2187
2118
4022
370
1649
2947
574
2217
2154
2813
1279
2793
1020
2283
2393
2333
2448
1689
3689
4085
809
3353
3914
138
3608
1493
3961
1675
1451
1003
352
3584
2451
3588
1336
1391
1886
3659
3265
2499
2026
3995
1853
1289
3090
2318
1124
3266
2452
1181
3974
1915
803
75
1172
519
3538
3814
1964
2091
3853
1743
2867
2549
45
2844
863
2262
4090
210
499
322
4014
3459
3077
1291
906
3965
1322
4073
3705
2076
1448
3560
4027
1984
733
3260
3551
2046
2546
1708
1402
2762
553
3562
27
2038
2159
869
3367
3798
3078
1257
1796
2376
2970
1099
433
14
2656
161
1961
2905
2042
1186
513
545
2468
3870
1638
1623
3292
3186
468
712
2948
3913
2691
4087
719
3687
3301
35
998
556
2173
387
3016
3634
1252
567
211
244
1925
218
768
542
3796
1884
263
70
3366
125
1264
2865
2782
4074
353
2418
1968
1741
1001
46
2250
2083
1070
593
3748
2584
2480
2315
1497
745
3561
4010
1983
3502
3702
482
3115
1504
2642
770
1784
2801
695
3069
805
1396
2088
3110
827
3792
3728
514
114
2862
2248
2816
2761
3007
4019
675
2877
3239
3830
2135
423
2727
386
2433
1292
3525
1091
489
2416
1232
3032
2663
3055
833
1243
984
957
1546
619
2271
2464
3950
1706
3528
3978
3311
685
1390
1774
2647
3658
252
1246
533
2898
3510
3984
1150
927
4072
2707
1662
2831
2919
1698
3504
492
3387
2763
1615
575
3773
3065
3699
1303
1467
2598
4026
947
2117
3059
1116
4091
1651
1976
3819
3251
3473
1565
2696
2917
408
1725
1859
3755
850
3884
2779
3621
1596
2606
375
3148
3490
684
412
107
3850
2861
3757
3187
1626
3557
1285
2120
2194
2384
3156
1055
2371
3421
1650
3070
1545
552
3668
2372
2906
748
3563
483
820
2580
3086
2556
963
3400
1331
2808
3384
3779
1992
882
862
3862
4029
152
18
2272
913
62
926
1163
3797
2079
1409
2612
1410
2267
1039
1215
612
664
3225
2785
1202
2853
1059
2246
219
3749
2590
3632
2071
3567
1658
731
3228
2950
2489
1286
740
997
3197
3508
3062
2369
1312
198
1067
1027
3966
337
676
3715
2014
1837
665
3343
1548
266
63
796
171
3279
2140
382
1738
3951
2381
1628
452
3578
2072
209
1261
3412
425
1065
1017
2179
3514
1128
524
3694
2137
518
1117
2854
2520
3064
856
3394
2012
3267
650
1341
753
3902
2178
3067
3385
1256
2770
168
1568
2195
1982
2126
3524
979
828
2456
1520
354
395
1363
4003
3520
477
87
801
3315
1819
333
3051
788
55
2837
99
2684
3411
2532
3971
2403
2209
2832
2084
2114
720
3447
3233
2981
1668
2378
2888
2339
1772
643
1277
53
2557
109
1801
3703
2125
1758
3605
934
3430
1270
2745
2554
880
3125
2574
3232
663
274
2279
3053
3832
2541
969
1625
2536
2373
2858
3619
2436
3904
1669
438
1877
2757
1048
1464
3433
1621
656
2355
3718
1149
3399
1349
16
2871
30
605
2361
945
1494
2158
3475
3807
177
2052
1777
3821
1063
3403
2507
2422
341
1394
4018
3491
2298
786
4036
1672
968
3681
103
3440
1640
3001
1037
491
942
2579
3181
2009
2183
3135
2116
1776
3455
4012
3428
195
891
374
949
972
2104
1735
1674
2354
921
1356
462
2308
2907
3740
4053
2010
3196
3680
3240
784
2979
139
1373
2885
3324
2350
2002
2698
1424
3162
2644
3646
60
1854
1405
1368
3542
2364
980
1670
3287
2280
1404
1366
2662
3788
2316
3289
2073
1486
3720
1224
2826
1655
3744
2513
3048
3739
1542
2675
2034
4055
223
1014
4028
31
3859
2597
1445
127
1688
3308
775
1437
3146
3738
3151
1684
1432
3989
1227
1280
427
268
2037
1453
3451
538
915
3645
102
959
3935
4041
2122
250
2399
1240
178
2341
607
335
3424
2720
3159
1131
2516
2320
1093
2326
459
2443
2754
530
2082
3095
3201
231
1530
1115
1513
3910
3985
486
817
1231
2329
1942
2603
74
2827
1142
48
4062
2711
686
2766
2648
592
2790
3118
1643
2511
3344
3772
385
441
276
992
1484
929
1790
2657
1536
182
2672
3679
2960
420
950
3824
145
3569
1326
1267
1449
1084
273
1588
2759
1016
3534
426
173
4059
156
1945
1458
3320
1481
936
2841
3173
3369
2902
4093
497
1415
1781
722
1721
3365
2631
2022
1025
1990
3774
2771
2709
910
2309
325
1480
3278
197
923
1125
3015
918
802
1603
3346
683
3678
3507
1209
2161
1559
1098
1897
2184
1584
2958
1506
3263
1523
3212
3945
877
3625
1818
3878
3944
1012
693
3889
1602
3764
3892
2102
2437
2694
1332
939
2270
1470
2835
1102
1309
3296
69
821
2962
3929
2139
2302
3021
2228
1066
3371
3530
360
461
1041
1130
2993
279
2081
644
3259
3552
3829
2185
4016
948
2121
799
1691
2914
3596
349
264
625
2742
457
3503
1821
3662
2379
3960
1302
3653
2594
1348
4048
2276
3285
3707
265
1495
2479
573
2765
597
2966
3817
2031
1914
71
2495
3276
3434
3398
2734
2238
1230
3682
3140
1262
2375
3746
3958
2391
1161
2269
1106
1630
1005
2887
794
920
3786
2635
1123
2439
2180
2068
328
1460
3756
3084
2175
3214
2923
2382
435
2649
1693
3527
1127
3998
823
2225
4086
3992
1491
3603
205
4021
2092
2148
3218
3405
2146
520
1564
3916
3809
1153
2738
1512
3024
1251
1228
2894
402
3419
2444
633
2805
658
1616
2588
3192
3111
3612
3194
413
399
2928
632
905
3823
3319
1387
2487
728
4031
1290
1043
1911
3531
1263
111
1222
2994
1194
1429
2673
348
1389
1301
797
124
2473
744
3550
2677
2077
3617
1622
903
3241
2201
1376
718
1401
3139
2988
3648
3153
2226
812
609
2334
220
1457
3629
339
818
1375
1944
3620
1087
2199
2044
3035
3463
3142
1526
2447
3574
141
92
401
1766
565
2741
2987
2839
2136
3102
1311
3908
3198
3758
1171
628
3804
1350
2133
4046
3313
1032
2265
2305
1461
4049
1314
137
3818
2860
1660
228
2969
2425
2629
1193
2886
2287
1761
2983
1487
3778
3172
3704
2715
1943
3745
112
1700
2387
1478
1923
1749
13
548
1333
2909
1566
3547
673
2822
771
774
2650
2587
3003
447
1755
3231
928
2216
1838
1719
598
4081
3997
1057
2815
357
3685
2737
757
3927
4042
3780
1786
188
3104
1502
2301
3009
3665
1473
526
1139
2327
2863
2304
1839
2722
2169
2388
1967
3191
3976
1554
894
3229
2617
1558
319
495
2774
2227
3217
2744
620
3886
1970
2208
868
2956
3152
2651
2352
896
2972
2211
2191
1499
2637
3356
123
1676
1824
1832
746
3040
2585
3347
2514
3471
20
1636
698
2498
2027
3380
773
1570
3395
1471
2811
119
2291
3288
3061
3776
1875
1846
271
2943
3439
1023
2875
3037
2441
3382
3374
3674
3942
3470
3811
3711
3174
2331
310
3457
314
621
3254
503
1580
1079
1088
176
3874
0
1318
3936
3928
424
381
2781
2108
1433
2973
2367
1047
2414
1154
1469
86
3747
813
59
3515
366
3124
1038
2616
1813
2224
1608
397
1808
498
1999
2015
1525
2021
1187
1783
3193
3637
2996
3414
3996
3325
458
2004
792
1422
1817
3226
2600
2710
2297
199
2868
1599
192
1878
738
2571
3406
714
2602
3661
3909
1002
94
1045
4024
3937
2505
175
1702
3518
3948
2338
580
2151
3334
4030
3409
1269
2200
26
2638
3864
3714
1733
2395
3500
2062
3188
3318
1136
365
1204
3872
512
3199
978
2394
1475
3155
3710
704
226
834
1004
2678
1635
1965
1619
3917
3501
1408
3396
2895
3768
376
3883
559
1431
1296
4040
3895
653
2474
690
3893
1078
389
2328
1133
1687
1159
1845
3592
1771
2380
3730
1759
4054
1887
2247
1841
735
1196
2259
4060
3171
583
3200
3555
143
3579
364
154
3537
343
2787
66
3982
1266
1637
1053
645
236
2608
752
346
3873
10
2750
3894
742
2386
89
1019
1908
4051
516
1089
1833
117
2870
338
2946
3868
1746
3610
2086
3922
469
1164
3314
1899
2260
2614
1664
682
2001
630
662
3876
1423
3106
3074
1141
3906
1667
1013
1707
3890
2119
3094
666
681
639
1590
1492
453
608
3132
831
2819
3020
4078
816
3701
3871
988
1162
1995
3900
3548
1374
1273
203
2491
1894
603
405
485
133
3466
340
2182
4034
865
2446
2732
1794
1179
3392
1654
3700
3499
253
90
2640
336
527
3554
2431
61
227
808
2736
2013
2883
2457
3195
1553
2749
3452
3128
1748
515
2417
832
3220
2544
136
3820
1744
1763
47
1949
4009
3697
1219
3257
2030
806
1544
1815
1382
509
1380
2413
82
885
2244
855
2273
1242
3580
3589
2904
3963
3418
3472
549
3494
2847
355
1503
2578
2506
1367
261
3189
1809
3397
1611
471
537
1040
3284
113
3517
930
2063
3903
1820
2820
1346
3168
1134
2601
2264
4071
2936
245
762
2219
3143
1304
3845
347
214
2303
2802
2855
2426
3863
3664
1359
1696
3795
3330
1959
4083
2374
1411
1489
881
379
1919
1212
2927
566
1795
614
2756
951
3068
1585
3930
2755
1978
1435
2210
1652
875
2767
1996
2155
2286
2965
3767
2105
687
2366
2625
3401
1113
3042
2236
12
2257
1160
1780
4092
118
3540
876
2492
329
3019
3627
743
2874
430
600
3919
1663
2284
2537
311
2778
2686
1909
3943
1868
2519
1814
368
2445
2563
1283
2889
3161
931
1328
956
3799
2547
3332
1577
2666
15
504
1574
937
736
1103
257
1022
3642
2207
800
2347
3154
2450
3915
2560
1896
2776
3519
3946
994
3660
254
3549
1533
1129
727
2455
248
2156
2197
3753
1147
1697
3087
1646
3857
159
1118
2525
2412
1361
1705
1828
9
470
429
3934
2613
501
3595
3222
3938
4015
3955
3881
3761
2794
1730
237
3940
2420
1298
1214
1177
487
1711
1300
2490
4044
3791
1575
3079
4008
3854
2171
2899
1529
2453
2123
3901
3571
1597
3376
342
104
1158
1466
463
843
1337
2692
3568
1592
1060
21
2679
272
2214
32
2149
2242
292
1609
2641
2937
3360
2627
617
67
115
3476
1831
496
3004
160
2753
779
2848
2582
464
764
3049
1203
2223
3523
2604
3373
952
3698
172
3813
2497
2773
557
3741
3980
239
269
1797
3456
508
235
2344
807
919
2978
3283
2583
3505
345
190
1977
2533
2989
898
3262
208
246
1931
2984
2891
3389
1981
2872
3306
3789
3082
3479
1225
1734
1534
3445
2733
2592
1372
1426
1880
703
2548
1029
2098
196
1645
1528
766
2345
3022
1953
3477
2812
2926
758
302
2177
789
1673
3742
933
38
3112
2735
837
651
3252
1836
332
1807
4061
618
838
1419
170
3999
3100
3126
443
983
2542
1543
3591
3253
1379
233
326
2803
3683
1902
1872
3953
3949
2396
2459
2493
2747
1789
3012
1906
1724
230
659
1327
4023
3920
1421
2196
3333
2232
1288
3833
2918
3717
2903
3669
3667
1351
1573
1510
2408
2775
2941
93
2804
3843
1018
631
861
1
4069
1000
267
3300
1951
1006
1255
1692
2706
3614
3724
128
2465
3529
2957
1211
241
134
4047
3393
1213
3861
3759
701
2992
1677
591
1281
1751
3114
873
776
3725
436
3616
1869
3342
1723
390
3075
965
3099
2838
1717
3577
3363
1168
3427
2243
3623
1958
2760
481
1086
717
3991
2469
3247
2823
238
3453
2524
2311
671
2222
2432
3465
846
2929
3607
2545
488
240
3370
2317
301
1385
2132
1284
1399
297
3825
3180
3860
1518
2843
76
2310
1516
705
3923
3088
1891
3787
1629
158
3722
1634
1515
754
207
1416
3127
476
577
847
1325
2829
1352
1438
204
1511
3941
3805
1665
2383
772
2035
1851
3242
490
517
1632
2130
1323
3541
3611
1498
2572
3636
1208
642
5
51
1313
2362
1145
2024
2924
1276
976
751
2974
1138
1335
2028
4002
1932
699
140
616
242
1765
3546
3404
2288
1275
1319
1110
560
2789
2845
1888
599
780
932
1306
674
2157
4067
2977
475
622
449
2959
1594
596
2409
1104
1085
108
2059
2245
1107
2531
1800
234
2160
2570
1278
1140
217
756
2645
1934
859
3060
3176
3977
3448
144
2289
2714
1861
369
3558
2065
2258
2881
3298
1955
1867
899
3449
1787
2670
3572
3310
2876
2295
3516
3497
2632
2654
3723
3236
287
3011
3931
2897
2041
2595
3834
1386
3641
3649
860
1400
1148
2142
2419
2669
3536
1221
1485
2400
363
2630
43
2006
3733
3025
3979
3144
3002
2476
2664
3474
371
3801
3184
4050
1701
1015
3726
359
2501
946
3735
3482
3029
767
3842
3556
258
3092
1011
3654
2300
2188
1360
3103
3304
765
2485
2690
3467
2702
96
2167
1898
1952
1729
1334
1324
2975
730
1218
3602
1614
2094
2128
2921
842
2186
1757
578
2851
77
1885
822
2591
2016
1033
41
3972
98
149
709
4045
3204
3771
2435
1444
2925
398
2935
3959
870
1169
2967
1718
2277
1398
57
418
4006
2834
3509
2107
448
439
3673
750
1144
1132
678
1188
1190
836
58
1613
3097
3926
1767
3672
711
372
2190
677
3234
350
1579
2466
406
3800
2807
892
2145
697
1259
1050
2138
667
1980
2671
2078
3033
1940
3727
3312
1539
967
148
1077
3056
2313
3091
2500
691
3869
455
1176
3408
2023
2192
2523
1010
308
2509
356
2828
1436
1653
787
900
547
201
8
2566
759
1446
169
2522
1607
480
2850
97
1442
1126
2605
1785
1551
3695
193
2718
601
3227
1682
3416
3803
2508
1714
2050
256
3000
2840
3208
594
1340
3185
4
1713
1395
2626
289
3216
1904
2170
321
2254
1420
1021
1345
212
2292
1728
3258
3639
536
1054
2330
1822
2143
2356
1811
3442
247
655
3598
3179
4095
3169
540
1192
3847
826
604
3170
1443
3028
313
889
3381
1268
2003
262
1505
3352
2963
2846
2573
451
1572
1754
2795
1343
1975
