1166
1038
3462
3763
3697
3726
2579
1648
2802
2314
1571
3480
517
3702
2690
309
1881
1855
860
1613
2932
1203
2405
3929
3097
1711
2952
4005
699
3208
3194
631
1934
535
1752
3572
943
712
1905
3890
3526
1685
364
1290
1519
168
2634
1827
3838
1708
268
456
681
3734
1083
3490
758
1977
109
3014
87
1830
2718
714
2958
733
3920
3909
1526
3439
176
1696
3691
2487
2750
1575
143
1656
2666
3850
1655
3202
1994
3117
2573
2526
3101
3431
2497
3236
1819
3361
791
984
3026
3140
1546
3042
2713
1770
3306
816
3364
2899
1377
1678
2139
2309
2755
1437
666
2398
2151
1134
886
700
3712
3430
2753
3373
1467
1188
3740
315
1101
2749
1308
660
1460
3183
906
3594
3450
2382
2453
2067
1646
1400
809
890
3898
3476
243
2143
907
3187
2781
2315
451
2155
346
278
473
2060
2547
1670
3872
2734
1718
1840
1229
1891
3217
418
1893
2113
3390
1495
2298
2257
181
4025
3901
3542
629
3650
3616
3546
608
3887
4016
1453
1470
549
2860
3688
2500
1730
1384
178
1717
1574
597
3889
1389
3451
1163
2826
40
390
3864
622
304
3743
2037
1715
723
790
1722
2974
3783
1632
1120
3840
206
2566
470
2094
680
120
3472
1086
2193
482
3446
3624
2976
4066
56
698
3425
3950
2688
1029
65
3908
3924
613
2627
2364
2722
17
1005
3433
916
2531
684
1821
1145
803
3035
2565
3357
1661
3449
3280
2092
1903
388
2367
2943
4007
944
2032
73
2169
1182
811
188
729
115
2894
1373
1714
2564
1690
3378
1461
3090
3195
2709
142
3471
3564
1926
1825
2455
141
59
598
3724
3987
1834
825
69
1334
2816
2119
1335
2645
3720
508
97
1915
2224
854
1443
692
2322
1922
99
2286
1404
1269
2510
1190
3170
2977
1580
1808
251
1283
3005
1214
3388
2085
891
2228
2429
3400
833
1540
7
2212
610
1191
4026
3437
2890
2308
2460
2969
3672
1968
2080
1423
1447
3456
3861
1801
2523
1904
2682
1847
2522
2189
2218
812
2003
1914
2112
3179
2528
1425
2838
2852
3527
3281
602
1170
759
2664
589
2502
2964
1405
14
769
2835
211
2892
3474
3164
3359
1414
3119
3028
1396
438
1264
1861
1488
3362
2992
498
2391
3571
372
1594
1489
3018
1991
2361
2384
2805
4065
1114
3767
1255
2671
2238
1281
1946
2176
2053
1211
3971
415
569
1836
1194
3427
2303
2678
1118
1315
57
3774
1237
1176
3469
3936
571
2725
454
1736
1361
1876
805
1108
966
457
3454
3877
2293
25
2079
3579
3875
2347
1577
1327
3851
3116
534
201
1232
722
3383
1865
3339
3713
849
1705
2691
2604
2610
2703
3039
1501
2639
2083
2016
1803
2048
2266
3998
596
1466
3279
1109
3375
2533
1402
3184
2201
2110
3001
195
1323
327
2445
912
1418
848
1318
2757
1618
2194
774
856
465
1775
3754
655
3371
3162
162
895
3225
672
3508
1386
1115
2601
3298
628
1615
2251
2912
1116
3915
931
1035
1631
2589
1494
2354
322
737
3261
3954
2685
1652
2126
841
108
1058
2122
50
1130
2679
3076
4071
3024
1596
1139
3242
990
3962
34
1003
1945
2759
2292
1155
1820
3562
1639
271
1673
1626
3190
1588
2280
3282
3241
238
1763
2613
1798
885
3052
2534
3174
676
1845
1970
282
1609
215
3652
2386
208
2504
1570
263
4019
3075
3142
213
2071
3229
1325
1457
479
3791
1862
3830
434
2539
3824
934
797
493
2334
1477
1410
331
4091
1783
3488
1235
3686
707
1366
2560
4090
335
1956
212
3749
3260
1527
1022
668
675
1828
430
3799
1746
1081
60
2372
772
2244
1387
3505
881
3215
2931
2256
1523
778
3199
245
2721
3150
1805
3823
2800
3210
551
453
3188
1628
1126
1576
767
2991
3165
3354
3534
743
2400
1601
2746
277
3289
1016
1378
876
1617
2542
1056
2530
1473
2149
1236
3302
1196
2058
1684
2313
1997
1829
1918
3662
2279
640
2837
2373
2608
4084
3766
3350
3303
2082
3966
2312
2804
3152
174
1706
3553
2762
2065
3203
1799
3102
23
19
1553
1409
253
744
2883
1931
756
1781
427
656
1933
1285
2464
1558
3266
3874
3760
1427
151
948
4056
1415
228
1899
272
72
1037
3750
4067
2558
196
1442
3611
3947
85
741
2084
1148
2412
444
3073
520
3772
2174
128
3958
1280
1703
2780
2856
3751
1096
1432
3220
3821
2807
1364
2049
2663
2621
542
191
1339
3322
1475
3826
3500
1621
1890
2948
45
1250
1173
89
1941
3404
3122
1136
1954
3478
1151
187
447
182
2328
3147
936
297
472
2646
2944
3264
3860
1142
1168
469
3967
2489
1498
3773
2290
1303
29
1986
1422
1524
3287
340
2001
2729
735
2423
445
4038
1837
3332
1761
3580
3379
2008
2181
1023
2618
3777
1449
1992
970
708
67
3300
3169
620
3804
1480
1616
3088
2269
2541
1282
1793
1738
3292
3155
3230
2684
1769
1567
3031
2006
3801
670
3516
1551
2785
3297
1544
1726
1593
3525
2889
976
646
1668
3061
1141
2529
408
449
344
2357
3128
1916
2553
3977
788
903
2908
2942
1183
2230
3172
3084
2351
871
4052
2561
2683
2418
1362
1873
957
1348
1197
3021
2707
1603
486
2435
706
2934
3868
997
2787
3422
3677
205
2457
2519
1052
1012
2676
339
3722
2132
3134
385
3739
2540
2693
83
1043
3891
3828
428
1020
3240
1433
4041
1472
2123
956
2463
2172
1539
659
2227
3457
2207
3041
265
2259
883
1380
3984
3309
325
3455
1860
1312
1731
2559
1930
3284
3036
2588
338
2605
1426
3318
2635
834
2255
1075
2121
2109
3681
3460
2754
3695
1304
2574
3552
437
2076
139
1371
3055
919
1057
588
2471
927
264
1854
1677
1807
3259
3598
1112
2727
1512
1953
1122
1471
1857
3675
1186
2480
965
909
184
3613
1045
2833
3407
3629
1218
3687
1234
3237
3038
2492
98
630
1195
869
553
2941
461
2887
2406
928
2465
577
1848
1566
2827
2636
3857
2840
63
351
3585
3410
3894
3153
1773
2782
3391
186
24
506
3435
2158
1605
4062
1487
2356
959
3555
2044
1158
1520
2466
1146
1209
2814
2297
135
3972
832
3473
1376
3291
2090
1806
3617
972
3501
1226
1175
3370
1942
3597
3818
734
2408
2499
3545
2263
2310
1468
1505
3999
3657
4020
3618
3769
2984
119
2851
1336
336
43
1084
1042
1204
3481
3638
2100
1217
2648
2156
1026
996
2325
3996
3790
2858
524
1156
1041
989
3047
1027
768
2700
1167
324
510
2842
3086
3200
1496
2387
1522
584
2546
3784
559
2744
513
736
3991
387
2240
3487
905
2923
1445
2818
2747
1582
2996
492
4088
527
417
3479
1337
3938
1181
259
3848
1001
751
578
663
1205
2198
4055
1543
1202
3443
1924
140
3820
2669
2350
1147
910
2191
2311
1901
403
2320
1822
3002
3136
1723
2213
3839
3496
2586
3064
879
2157
224
1928
2472
1998
240
1469
1906
1897
1245
2043
1585
2264
2508
776
305
3087
799
1223
111
2831
1872
366
3484
2552
2881
3560
1344
842
222
2229
1548
2097
3347
2765
398
66
1138
3402
2343
3756
397
3181
2876
1316
2091
3108
116
1729
2600
2444
74
3942
203
2124
1014
1135
230
1100
3793
942
3413
1525
858
0
941
1293
1119
3746
3085
3744
2239
436
1764
710
1416
3091
2844
3367
3757
2603
3607
2316
654
3209
246
1385
3149
1069
3761
3163
2394
3482
3248
2797
2677
2702
1440
986
1434
570
1896
2847
3189
175
2864
1465
2662
3320
2766
3897
1985
686
2737
2248
2708
2712
2578
477
2602
2649
149
5
3807
3037
954
2348
2052
1171
4042
3731
1152
3017
1709
3765
1742
564
1710
288
648
2549
122
2806
2403
421
2318
3314
3346
3883
466
467
2906
2093
1329
462
1291
604
2073
1206
2592
3312
2517
3679
348
443
123
2512
1162
214
2841
766
3211
789
1179
3643
1804
3401
3511
755
635
3605
2150
4073
2247
2971
42
3269
2774
2938
3112
1541
3283
1919
4017
2458
1610
2473
312
2302
914
1076
2177
3806
749
1067
1879
3981
3113
1199
491
84
1791
1476
2491
3758
1844
2197
2717
1671
3106
439
1065
1531
1852
2383
3107
1898
2226
3015
1687
1978
3063
70
518
1479
2401
1459
2779
3148
2742
1784
3593
1478
3995
169
2468
1838
1007
3305
2930
1192
1261
1509
1484
2167
2692
1739
593
2545
2289
3060
621
1289
2694
1258
1649
3137
4034
1201
3265
2886
674
2015
664
464
3660
2036
2849
4077
2475
810
2375
1759
3549
753
2237
1786
1662
2245
1767
2576
350
2861
1481
3094
3105
1859
2190
1771
1225
1529
3544
35
2388
381
358
217
947
2054
1149
591
1832
3000
2913
233
3680
2345
2304
2482
1435
2096
636
1824
347
3817
4081
3159
2287
393
500
3110
432
1818
820
154
595
2250
3664
3093
53
2772
2644
2326
624
2699
3881
2875
1789
515
538
2611
3559
2993
967
389
2086
2513
3584
2026
1778
1750
2142
3233
1634
8
1550
1962
1586
130
106
1215
3776
103
1943
850
3193
3810
3944
2399
62
1966
2204
716
3213
2447
3563
4047
715
1732
525
501
219
3293
1267
1957
2416
124
3620
786
2422
1698
2295
1254
3610
645
3910
650
671
691
2945
2597
1428
1320
3079
3590
1817
3911
560
375
3578
2196
3416
3272
861
376
33
440
2935
2741
3161
2340
425
3380
2055
1757
1382
1059
3019
917
713
2628
3376
112
994
575
3699
3653
1375
4035
1813
687
100
48
2919
1886
3067
2040
2572
1938
2291
546
3949
1242
1260
1047
3491
1530
1208
402
2995
1958
1983
1875
1439
1011
3069
2877
412
1689
3528
576
4030
2260
4049
3548
2270
556
3522
1299
995
1111
818
974
1013
1009
3337
2871
2178
1990
531
396
1961
3933
738
2324
1363
1032
1394
1454
1707
249
3411
1917
679
1645
2715
1965
2362
1399
3333
3684
79
2184
2432
3310
2988
1482
1850
1835
2548
2652
1240
3231
3748
2335
424
3600
725
1623
1988
1073
394
633
3963
3299
992
2869
1159
11
4008
800
2748
314
1660
356
730
171
202
897
1294
3510
2955
2349
1528
590
2363
1516
1124
458
12
600
601
1536
1274
2793
3831
3127
1502
414
377
3197
2299
3071
764
2153
2584
3622
1713
3576
2469
3759
2331
982
2981
1882
3829
2905
392
991
1216
1564
978
581
3835
3156
3157
528
1653
1889
200
2253
3372
930
2115
1979
2543
3538
3708
3387
1233
1279
2195
2714
349
448
1106
2954
3905
781
1200
979
3941
3956
1949
3138
2023
3714
1936
594
4058
3294
1637
1227
2836
2066
3591
2596
247
225
3893
1485
3493
1701
2823
2438
1066
400
1398
3870
3614
3270
2970
4013
2538
3308
709
1607
2736
2514
15
3177
1185
2000
3906
2498
1352
2922
3885
1412
4043
3296
3459
1247
2637
3486
1521
1641
1589
2701
1554
126
763
998
1787
270
499
3250
4036
2626
1354
2617
3524
1823
1826
30
299
1598
2731
830
2414
1161
3876
1833
923
2017
2117
2651
2915
1330
1999
2031
3224
1068
579
3307
2355
1249
1089
433
2946
3043
2380
1272
3432
1974
307
2050
484
649
1219
1493
2307
2282
2072
2332
180
2173
1044
2641
2809
2778
821
1187
3603
1841
2761
3353
2300
1094
2033
3786
3918
3275
547
1754
3271
4012
333
4070
3858
75
1054
395
1050
1788
3495
2024
902
1311
86
1500
3975
1313
1117
3046
2789
3797
3753
2395
3009
2665
857
2029
3198
41
488
3925
1310
4003
485
463
1560
4032
1909
1614
1132
1967
1921
932
922
3167
2882
951
189
3331
782
2501
3556
1597
3582
1458
10
2698
1920
2116
2246
1815
784
2101
2720
3701
3255
3725
4086
4054
1831
2705
4080
1888
773
673
1144
2880
823
1357
3201
1592
2415
3808
236
3206
846
3512
1797
2527
2478
96
2743
2670
548
2631
732
1342
194
3415
2796
627
3301
2035
3969
615
1125
3937
3103
563
1024
2396
4009
1672
573
2788
1102
3464
3574
2430
3467
2846
16
3143
2274
1682
361
3927
824
4027
837
1360
1064
2960
1456
1870
3601
2428
3953
2020
3445
1654
3615
1665
2990
1765
3565
1976
3235
2306
2581
2773
3842
3421
1143
2509
3647
1332
80
3114
3873
3567
3392
3191
1424
209
1356
1091
847
1910
642
1955
1180
1608
1737
3034
754
3569
690
382
780
164
2321
2402
2862
229
3678
3907
2918
2739
4002
2822
2591
36
156
3587
2209
1812
367
3141
495
446
3030
2433
1993
3674
1053
3518
511
2459
586
3703
1174
3006
3627
752
933
1583
161
3561
2956
1663
4021
3685
3227
1055
1338
867
1779
3214
256
3417
2961
1365
2616
3834
1952
2134
459
3532
357
2893
3448
2474
872
3832
3819
1535
2183
183
3377
2668
3328
3420
2832
3649
2732
1061
55
3029
3072
2863
3343
321
2346
2002
3895
1278
4078
4083
1464
2057
2920
1547
1070
1431
2456
3718
625
129
1982
190
1137
3644
950
3721
2808
3785
1397
638
3125
1441
2180
378
1391
3004
1959
1538
1534
2695
2277
2454
2243
3849
888
1127
2441
1021
2486
51
1856
2462
2185
585
580
4053
258
1419
946
1842
1790
509
2733
794
383
105
3466
505
310
543
862
2777
2776
1619
248
4006
3513
481
1630
2622
1725
3795
3733
192
3856
399
3596
3833
612
1638
90
20
3398
2267
2867
285
1590
572
1552
2278
1960
450
3405
3369
22
3139
185
2019
2074
4018
1275
3745
3144
939
2102
2451
3682
3123
475
3412
132
341
1198
3053
3277
3803
3180
3263
2128
4040
2385
813
2450
1981
54
2518
1150
562
308
4024
4085
3742
893
843
480
2106
3023
295
82
536
1549
1963
762
2936
267
293
3619
2975
3397
3414
2937
1568
603
566
2341
1321
2719
817
1760
2811
3226
2431
2768
1288
1595
2839
2738
3882
3836
93
2108
2911
587
2305
878
3900
1121
3752
3968
739
2515
3771
2476
940
2159
530
4022
3124
2696
2587
2926
2957
920
3853
3974
406
2047
3074
3395
1814
870
323
2927
1355
3871
3844
31
3222
3588
3257
2916
1743
2979
1259
1046
541
731
2470
1868
1935
244
2985
1913
3336
3841
1846
1343
404
352
2872
306
1716
275
3007
460
4039
2857
2726
1039
487
3218
1633
150
880
804
2884
239
3051
2878
607
760
2333
3246
2148
1448
3903
864
3886
2633
2624
915
3340
3976
2005
2425
134
958
1129
1972
1028
2612
3815
242
973
925
1253
2125
761
1940
1266
2407
3530
391
3912
2233
2855
3550
2532
61
1691
3221
1228
2062
4069
1867
3497
1033
2982
2236
669
2758
332
4045
853
1298
3573
2687
3146
497
1331
78
3855
2830
540
2284
261
359
46
740
4010
1581
2697
2294
218
2723
2214
131
369
980
2440
2751
3406
661
1256
1664
2254
2505
1892
1657
1017
3344
2609
419
1239
3973
237
2525
3537
2030
3577
1369
3341
2583
2640
2221
2420
2413
3989
3671
2817
4
298
2895
2034
2848
2261
2446
2972
2947
153
2330
747
2638
1347
1451
2496
1508
1622
2152
2436
1584
1768
3646
172
724
3633
3658
3453
1650
3247
2275
3843
2493
647
512
1563
2580
1720
1243
3286
296
2642
1140
2111
1189
3066
1504
3506
2495
442
3888
2850
2461
3178
2921
945
496
4044
568
2598
3338
819
2234
4050
1034
3961
2232
2907
2327
3625
1565
3959
2171
1177
3
3670
3499
1499
2200
3274
170
2550
3045
3558
3115
1104
234
159
2011
1436
2162
667
471
683
289
3789
3319
110
3207
924
770
1503
2285
3273
2585
3070
3212
1193
3465
241
1133
3096
1951
521
2891
2659
362
1624
3970
2650
3321
334
2625
801
2771
4095
3914
1772
2205
3604
3608
2803
3196
2013
2483
4004
3027
1895
703
429
2987
2963
2888
207
662
3946
3475
287
634
1099
2219
1874
3595
3044
2481
3741
3253
2791
1728
401
1510
2983
326
3778
2339
4094
3438
2962
423
342
1785
2929
1987
874
3098
1107
3952
1675
554
4093
1927
2716
1627
3444
3536
468
3865
757
2319
1417
1446
2790
1542
1511
1642
3811
3192
2114
968
2022
2879
3845
2283
2815
1301
1578
368
3985
3575
2735
2070
1699
3514
2301
2740
2812
2680
855
3566
3939
281
1333
1853
937
1031
302
1097
3988
2192
1975
3133
3498
1753
1948
2594
3794
877
3696
532
2507
2161
1002
3923
1474
3329
1514
783
3568
3655
2147
2249
1030
1756
4063
2619
2556
226
1015
1486
1559
3623
2965
284
1700
3992
845
3295
3325
3809
3507
3827
828
1079
353
727
3814
3892
1018
1324
2046
2038
1213
2337
1925
374
405
4068
3637
220
1062
522
3780
4023
2323
519
1381
3104
3238
826
1164
373
3711
286
1345
3436
643
3249
478
2506
1072
355
2792
2870
2271
2129
300
2569
1929
2095
3168
3173
4089
2593
3185
3541
3205
2336
2369
4011
1894
3424
3327
422
4051
3382
1727
2756
431
3547
2997
3285
3468
3980
644
3442
3570
4014
3635
689
2999
1877
3394
3426
137
1307
1098
1452
2681
1238
721
827
3363
3366
1286
993
3717
1224
2163
1314
1353
3324
2276
1947
2656
2494
702
685
3825
2211
4076
136
3732
1411
2419
557
1600
411
4015
2570
273
2075
898
4060
1572
3058
807
3502
3917
2654
3408
3345
2986
2630
1340
3120
651
1866
2137
748
3268
1273
719
1932
2409
2352
2448
2252
1172
2843
1802
829
1780
1693
3278
1490
3228
2900
3586
961
1644
3979
1674
3358
815
3990
3092
2582
949
2288
2182
3993
3943
2632
1796
2672
3884
1557
3654
555
3049
173
3441
1755
808
2973
2675
3158
2144
2949
3252
2379
3628
935
3520
1265
1816
2536
452
3048
58
1744
545
3710
726
2068
1184
197
3054
2027
3239
1421
1455
3315
1222
3423
3186
1210
483
279
904
1766
3916
2794
884
2953
1969
836
317
4029
3964
682
2614
3381
2557
1450
3863
3945
1074
3068
330
839
2813
3978
1322
2133
3787
3957
3078
502
4001
1556
319
257
101
3489
2784
2910
1392
873
2028
1537
3313
2520
3926
3109
2175
795
1085
3461
294
775
2763
3360
1515
3666
144
3335
2186
561
1810
3602
831
127
1839
2452
2179
1309
1555
1088
3458
981
152
3396
138
695
677
3869
409
4031
617
2821
1629
1887
3463
1497
2521
2998
3812
2853
1971
283
2210
3854
1923
32
2567
863
711
2490
3928
117
3384
3517
2160
1686
583
632
3089
2010
1317
3258
2859
81
2711
3403
2064
637
1230
3982
2951
2590
1980
435
266
1220
3121
167
145
3399
3311
1276
474
887
2165
2077
1270
1319
3290
507
2978
3948
3960
3232
2865
157
3859
1463
3521
777
1869
1809
705
529
2262
2829
2258
4033
526
3862
1351
3323
1944
2950
38
2620
1569
3878
1907
1350
1403
2056
1758
2061
3470
2344
1647
2898
901
1395
3641
4048
77
155
3081
2571
3033
1048
1306
3135
91
318
1252
3640
3704
407
1268
844
3539
3728
441
2377
329
1636
2868
290
1284
4075
1367
539
1263
1006
3352
2105
523
1444
71
1019
2760
1341
52
2141
1153
2689
3581
1719
311
1212
3523
2769
2426
95
896
354
3368
2535
255
384
3492
1864
2018
6
2661
1287
2752
3676
303
614
3100
3645
1
316
605
3154
3095
3013
626
3642
3798
3025
1989
1010
1794
3251
988
2770
2041
1251
3846
2745
2980
665
2042
697
360
3693
260
2216
3847
3535
913
2265
2217
2434
1105
2516
147
1995
1811
216
370
3171
1871
2854
2511
1374
1625
2724
9
2170
3342
3813
1611
1393
3243
313
426
696
2479
4074
3485
3930
3008
866
2392
3234
3543
2828
232
2078
165
3389
4072
3781
3837
806
2136
125
975
1302
1103
1295
2658
1462
3166
693
3447
574
1071
2360
2925
1878
1695
269
977
146
2338
1160
2810
1241
3735
552
1692
2968
37
2365
3899
2554
565
3692
3083
3775
592
889
1851
1748
1420
3919
1359
3020
516
320
1912
921
2706
3896
88
2897
3665
2595
3866
3997
3276
2674
3737
1207
3254
2051
3434
2154
1667
3182
3065
21
1591
252
3515
3621
2424
550
1996
639
1507
1973
983
163
2231
3223
3016
1370
1762
1406
3262
750
1740
231
717
3557
1697
2
1131
653
2994
2786
3983
3599
3317
39
688
3477
3057
2268
3244
274
3011
420
2223
1390
1561
3393
1573
1379
3709
2615
798
2901
2629
1863
533
1612
3764
2799
3428
2764
2281
3012
2959
2940
796
963
3782
2272
1937
1587
1911
1606
379
3533
641
1008
851
4087
544
1902
1297
3355
4037
490
3792
728
2296
1349
1429
1782
3659
1776
2135
489
3904
3531
926
1620
204
2220
2107
1533
2045
3099
3630
2798
3003
802
3723
1688
2381
3822
3788
2127
3145
3365
2421
4057
3409
1060
503
3738
254
1407
3716
1178
1271
3913
1000
3727
606
1483
1774
2188
3326
2273
2164
2146
2568
476
911
1702
999
3129
3694
1883
694
2966
2242
1545
3316
1843
3651
3010
363
1169
2914
3245
787
3636
2563
114
1751
3935
952
701
223
3736
1113
2371
623
2166
1721
2989
1090
104
2903
3483
2728
3768
94
1681
1438
899
2393
962
3160
960
2397
2014
4028
1231
3986
3940
2089
2606
2004
2555
971
3551
652
2025
2168
1063
2824
1246
3800
1123
1984
3032
1683
1328
2484
1408
2477
2524
160
3669
2437
2834
3077
953
2222
822
2866
3747
2503
3050
1049
2131
3022
2660
3503
1900
1157
1704
3554
3440
4079
1080
3667
2873
221
514
611
1296
1800
2686
3592
1950
1792
2353
918
3931
1248
1372
4059
1518
235
3040
1128
2206
2366
2485
2390
1939
3429
2130
1602
3175
64
3056
894
3705
745
2410
280
2225
865
2928
1358
1277
657
1491
1885
3951
3606
328
2704
2467
4061
3770
1908
3126
1712
1747
892
1326
1221
3386
742
618
2145
1679
609
1257
3639
3176
343
1492
938
835
537
337
1087
2368
3796
1724
720
1599
3419
868
1659
193
3529
3707
2370
969
2902
166
410
2427
1532
2374
2215
1004
3494
2187
2099
3779
3955
3632
678
27
1165
4092
3304
1506
840
3934
1635
3673
2359
785
3334
2389
1795
3730
1734
2653
3509
1110
3288
4000
964
2081
908
301
1741
2439
1413
68
1092
779
2241
3668
92
3661
2967
416
2599
1676
2199
2442
386
1880
2710
3082
619
3698
1651
1517
3267
771
2825
292
2138
2874
1082
2012
3921
746
2655
2140
413
1346
2235
158
599
18
2730
49
102
3902
2376
118
1368
2404
177
3689
26
47
1262
262
3880
1749
793
3132
3994
1292
558
718
3374
2009
76
3080
1733
210
2449
2537
900
2820
875
814
2795
1244
1513
3216
1658
504
2007
1154
3356
582
3111
3816
4082
3118
3583
1388
1680
199
3634
1579
3706
2208
2358
2203
2342
365
121
2104
3059
2120
3648
2623
2063
2909
2551
3418
4064
1383
1849
852
3612
3965
792
567
658
4046
3385
44
2607
2845
1077
987
1666
3452
2488
1300
2667
838
1640
704
28
859
2317
2924
250
2643
133
3062
1093
1604
2329
2673
985
3719
13
2647
2904
3867
3351
276
1964
3519
3204
345
291
3540
2767
2378
3130
3330
2819
2885
1669
2087
2577
1036
955
1643
3852
2917
3879
455
2039
1095
765
2544
2417
371
1078
1745
1401
2939
2801
494
179
2443
380
3690
3715
2118
3219
227
2202
2059
3762
3755
2088
3656
2069
3729
3348
2575
2657
1430
3589
3663
1040
929
2933
1884
2411
1025
3700
1562
107
3349
3631
3131
1305
1858
3802
616
3805
1694
3683
882
2562
2783
2896
3609
1777
2098
3256
2103
148
3504
2021
113
3151
2775
1735
198
3922
3932
1051
3626
