1482
961
2519
2161
813
3589
571
599
659
2546
32
147
3735
4003
2036
1536
1199
1556
1328
4085
1125
1386
1868
2107
1157
1755
696
722
3526
3807
591
3781
2442
909
2831
1532
924
2585
2655
1689
1588
2863
3406
2928
3263
4091
3236
3824
2063
721
3742
133
3609
3721
480
542
2878
2602
479
44
1065
3229
3506
3392
2774
4036
1668
3543
3182
3140
494
1344
1622
3377
3054
0
3569
4031
146
3053
3029
2042
1039
85
2197
1828
753
528
539
3811
46
3669
3040
824
957
3071
531
880
3142
3732
455
1829
1801
3036
1631
916
1248
2839
2570
108
1634
621
3008
2256
1173
622
2769
681
2944
2303
2034
1251
3274
623
2630
1561
983
3382
731
827
2041
355
3537
655
3934
2929
2666
833
2847
3678
3057
2471
1909
1027
3656
1758
3133
2449
1074
1480
2591
411
2114
1892
581
1217
3943
2051
1869
3808
1704
3622
2866
761
724
869
2778
2418
2350
1756
1701
669
1354
2311
3863
2245
28
1727
1139
1573
3243
2512
3710
3915
1897
1713
1802
3764
1408
266
2670
1096
604
1598
1326
3341
3106
2608
1392
4017
3189
4070
1051
3883
636
444
806
3284
1607
1230
596
891
1183
1323
2790
931
3261
2586
3540
2200
429
3867
2073
2855
733
2400
3907
1929
2838
3556
1849
1055
2137
2872
1399
3894
892
2636
4010
710
1120
3145
716
1673
358
1927
2349
3037
2224
2177
756
2684
1811
478
3794
3666
2257
2373
3920
219
3619
339
524
1812
3153
2164
3299
3314
247
939
902
2436
3897
2984
288
3776
3086
2522
990
279
4050
1987
112
1564
1698
3167
1751
111
3933
3645
1596
2100
1036
3616
3306
2463
1663
2830
1949
3309
2951
2874
2348
2382
2806
1848
203
1492
425
356
2743
929
476
2686
1165
2931
3951
4004
3222
1229
1465
570
1442
1418
714
460
216
320
905
1793
352
1445
693
672
4034
213
81
2556
3818
4013
2683
93
3884
1361
165
989
3276
3996
654
1878
2115
2214
1338
2253
1453
319
2201
3376
1082
449
2187
974
2237
1232
3921
3636
536
1292
3211
2942
3187
126
1118
673
1342
3817
4089
57
2412
3199
1423
1431
367
1594
3192
1429
2066
2385
3972
3878
612
3457
1578
1266
2771
3298
1942
3520
4029
2858
2049
1645
810
2414
3919
952
1593
2314
285
2880
1943
847
2580
365
27
611
3486
267
3977
3819
1307
1382
1110
3109
3990
18
1454
1279
2143
461
3813
2761
249
204
3418
2835
3511
3323
3398
1260
1325
1033
3530
1708
3239
1130
4068
4078
2679
2587
1054
2658
760
3458
2061
1306
3504
2337
229
3171
406
3022
3401
1883
3411
2403
1523
1922
218
1359
427
580
2808
3707
1750
2697
3965
4079
2763
720
2528
1017
3034
1956
1135
2850
945
230
1699
2443
3997
707
873
236
180
1583
101
2141
139
3342
2906
3544
985
2885
3228
2990
1730
630
3805
790
1198
3567
3837
1910
906
1063
3197
2554
712
100
2953
3440
719
3442
1080
1105
3200
1533
2332
3085
762
3750
3042
643
2175
3047
2823
2485
3237
802
88
3689
667
938
2923
3198
1764
2952
2857
2239
2945
448
921
811
3770
1917
3316
121
1389
1222
2368
3225
626
1953
858
226
3833
711
198
3627
1595
1912
1872
157
1184
788
3419
3389
2595
1425
1438
1331
1934
647
2986
2095
1094
1648
3534
25
2198
2017
890
768
1725
378
1268
489
3948
1566
854
1274
405
759
2196
3345
3868
3605
641
482
2934
3968
3705
997
1374
1315
438
1469
3704
3203
2173
2088
2012
618
2933
261
2706
2105
1048
3663
3161
175
2320
864
3890
3174
3703
3303
194
3035
615
3998
977
585
1522
1099
1397
3361
3729
1746
845
2641
2975
1196
3089
3000
2475
305
2543
885
3566
1770
2631
1833
1674
1091
670
975
3156
3839
1116
1227
2154
3757
1163
912
3118
1387
1256
168
595
91
363
3765
4066
2157
2813
3081
2621
493
3245
3849
2675
1644
3065
2102
2773
758
795
2648
4030
3372
1122
2472
2297
3550
3278
3410
2510
2008
683
816
454
1062
1677
2325
3814
2421
2581
875
2969
2674
1195
2915
2517
1194
4009
1364
1612
2145
451
1288
3702
37
3697
208
2299
3066
113
737
3850
2340
940
1437
1881
2506
2747
3058
3317
3491
2324
2965
3728
1767
3414
3231
1471
3785
196
3404
3304
3976
2725
1419
895
234
1225
3767
971
2870
1061
2156
302
3335
2367
1882
3453
1582
3221
3451
2404
2383
2879
3828
1590
3810
2170
3792
1491
2727
1817
2881
2070
1494
1680
2799
1870
3950
2030
1958
1207
63
979
1169
3651
586
3944
3779
1034
483
2085
1049
2889
485
4002
2854
3799
2476
606
2054
1733
3114
3895
317
1373
3291
359
3891
2202
2152
3125
1690
3500
1830
747
1586
3700
3426
2508
1214
1447
2807
1747
1089
4057
3754
2211
3822
280
3733
431
944
292
1032
3379
3659
3525
3773
7
3535
4052
3381
2254
1932
3031
2231
4018
3831
2676
303
2111
1010
3023
3144
441
3847
546
1403
732
1739
635
769
1008
3180
3422
2868
1379
3601
3995
665
2981
1241
3369
437
3974
3129
3917
2319
1826
3685
1115
2596
2288
4071
263
920
3452
2014
296
3355
3332
1661
2844
3716
1931
1067
1800
3165
2909
3012
2120
457
700
58
3289
2803
1703
2501
2047
3649
1177
347
2966
725
495
2140
2212
398
1143
3747
1254
3113
2539
2342
8
1156
2518
1778
2692
270
2195
2601
382
3338
169
1500
4090
2777
675
1939
2532
1753
2147
2458
1923
400
3591
205
1136
625
3213
3610
2903
2181
301
3468
4039
855
2664
1319
2845
1740
3482
326
3009
2080
3857
965
651
867
3104
3959
2096
1795
2366
1168
1682
1296
2477
2978
293
40
1611
3593
1662
1452
963
176
1807
1568
1202
4069
491
2352
1961
2084
2334
1838
3737
3375
3438
3975
3116
3640
3516
3784
1711
1413
318
2588
1514
3662
3395
2217
2050
830
1585
3676
2230
3612
649
1515
70
2182
430
1026
2652
946
337
2278
3073
689
1086
1334
2772
2228
3715
2971
3266
1190
2462
65
1314
2038
928
1790
1734
3738
3002
291
1152
2792
640
2520
474
2357
3090
3730
871
2894
2860
1973
2009
3259
3877
1164
2428
888
212
4006
817
2005
543
3927
401
3388
3746
1463
3478
1712
1391
1706
3848
4025
764
1700
2998
1124
1538
3310
2643
1863
3804
3447
4061
3260
1913
3456
3063
2150
3564
276
2603
3210
254
3101
1079
123
1936
118
1906
4047
2109
2720
24
3583
2493
676
2916
3505
4053
2703
2987
17
2498
3579
332
3860
2620
1720
590
1498
3524
1186
380
800
3286
3690
1854
863
2921
200
3923
223
901
1461
3173
3119
598
2019
4094
967
933
252
60
1641
1362
2399
3062
3611
1255
199
3327
3352
1845
3152
1029
815
1369
2119
1867
74
840
3214
1894
1796
2029
3924
3755
660
1247
829
2153
903
849
2797
3756
3217
642
588
896
2210
1844
53
506
4048
3862
3051
2186
1632
2646
2755
72
2087
893
404
3070
1188
2013
1873
666
3235
3988
1614
3874
242
2732
2291
3088
685
3582
2191
2941
617
3170
2795
837
1521
3631
105
887
2856
3574
1517
3362
2379
2610
3256
2600
390
2364
3563
2392
1138
3864
1540
2682
4083
2853
1441
2398
424
608
3797
779
2071
2190
294
973
991
697
2345
2737
1148
930
2911
3696
959
3329
2837
3536
1855
185
110
1650
148
3660
1519
2213
3914
1787
3241
2395
3740
3578
2362
3017
2526
2712
1589
3305
2335
323
221
674
124
2437
3741
2068
3083
3424
2680
1477
2309
2843
3774
3176
2308
2867
2673
3909
1926
3488
2690
3510
2908
3509
631
2415
3074
1686
839
1060
1360
3368
1189
421
1052
3169
2626
3112
2232
51
1253
4084
2722
2106
471
3487
2129
1626
2627
2169
1921
84
1990
3262
2130
2093
1581
2982
505
3301
4067
2135
786
393
1444
1508
2104
3731
3691
2567
397
515
2623
3787
2935
3015
962
1493
2329
1053
2611
2386
663
3080
607
4043
2948
3385
757
268
3132
2004
2513
947
2742
344
1316
1535
2660
2576
2165
391
1968
1745
2884
1257
3542
3571
3699
4032
982
2624
1243
2939
1250
2390
77
2234
3759
2077
222
1481
1623
5
3667
1213
3481
3748
1209
1529
1267
3483
522
2976
1451
420
2848
2295
2818
349
966
1262
3279
2954
376
2168
1016
187
2446
1211
1633
342
36
2158
1884
1851
2768
82
1603
3886
2305
2542
1688
2271
2964
309
876
1950
2713
3255
2044
3360
553
2671
3587
2287
3264
3163
2374
1273
3032
264
3926
1235
3820
3643
2401
2310
4055
3244
3962
701
2171
1613
1899
2633
1880
224
373
3552
777
469
3618
3367
1495
1773
248
3271
2883
934
3055
95
3575
2846
2871
1591
1466
3514
3684
1121
2833
3155
2413
925
2502
2579
2033
3829
2834
4046
1541
1835
3758
207
1742
1818
1984
3474
2629
994
2616
914
259
459
99
2577
389
2236
1155
19
3296
2930
34
3664
2123
2275
184
1741
26
3391
142
1998
3308
682
1866
2752
3551
1571
923
1651
3503
3044
2439
1933
3761
1210
83
2455
551
215
1221
246
846
465
1944
3793
2222
740
1176
2480
1810
3775
2605
2638
2961
1394
3150
1520
3650
729
2419
2427
2635
1964
3216
2192
3282
563
136
3234
1887
4026
748
1918
3460
2317
1385
821
3946
1771
228
3135
3492
3399
899
3720
706
3324
1484
3602
2708
1544
1627
3718
3366
2705
2509
754
1299
3183
1768
1839
2264
3930
1018
440
1609
1219
2699
3880
3348
2331
2103
2972
1619
3581
1107
2396
1871
3657
3547
1112
299
2479
1539
917
3076
2544
1643
690
2251
2897
2735
2886
2628
1384
3288
620
1180
578
2967
2793
1618
752
3955
1317
1551
3277
2134
1356
2327
3692
3744
2920
192
2496
3900
3882
1114
1947
1696
4033
841
2167
1837
3147
3356
334
794
1780
852
532
1206
3233
1231
1335
2560
49
1896
1729
2764
416
2490
3743
3679
1159
3247
1935
2973
1406
80
774
2269
3359
3584
2594
2227
1994
1794
3477
2740
2465
3869
1992
2065
1287
2842
290
3285
3258
2715
115
657
1969
709
103
371
61
3982
726
1370
1901
3449
3302
3865
3396
2461
4054
2957
785
2724
3007
1435
2389
1552
3596
381
2802
2056
2281
186
2062
2040
331
1841
2536
3981
889
2696
2809
1002
3655
919
1446
1721
1824
1350
145
1945
1777
2985
516
2360
1346
1014
3836
3698
3331
1073
1320
3766
1550
1889
2572
388
3185
496
2766
3364
50
3922
67
1879
3621
1433
1803
2024
730
3490
154
2639
4028
2625
3573
3723
2497
1789
1940
3294
575
865
1057
662
4074
3577
3437
1001
3320
2252
3480
1981
3315
2268
4080
2247
3541
1798
3208
52
269
2758
2736
3604
628
2994
1485
396
2027
554
1025
353
2267
1371
2901
308
1144
521
1709
561
3531
2381
2456
932
2315
2828
534
2741
1908
2691
3363
3011
1149
2619
1129
803
780
3647
705
1702
3973
3555
2997
1597
2037
955
2242
2072
3952
3108
2810
1160
340
1081
3498
1456
2511
2270
3400
513
2021
3832
3354
4024
3695
3515
1670
463
2970
1411
3148
1930
2820
559
1820
1347
2318
2018
2454
3238
3445
3592
2003
503
1553
55
1416
2798
2478
1193
262
2125
2025
244
3701
1684
3670
3337
2937
514
3762
981
3942
1440
2174
2258
772
3064
3533
2514
274
162
2387
3287
1318
2274
3654
336
2333
2789
256
1502
1763
2406
2609
2216
3771
540
872
3912
687
1205
3957
3373
1175
3115
3598
1834
1141
594
2569
2760
3010
3859
1999
2756
750
1486
2898
1024
2618
1329
3151
399
2467
671
1569
271
3508
273
2457
3078
980
927
33
1825
918
4063
1383
3896
3467
1815
107
2672
2155
2144
3394
377
634
874
3226
3196
361
677
466
3918
897
486
639
275
1905
746
1877
3752
1281
500
614
1625
4088
1592
3953
3827
345
3094
1920
2188
1339
1282
1047
734
1467
2865
2900
883
1432
1705
1031
1507
1097
498
704
2791
3652
4011
3597
1759
3346
348
2739
2090
1161
1823
327
3986
1131
2284
1827
2238
550
2746
2796
742
560
1509
433
2829
2460
314
92
507
310
1760
2356
633
2924
122
3725
3172
3887
1576
1302
3983
1224
3557
3615
3330
170
251
1584
1150
3614
2487
2149
341
882
120
3005
1898
335
2656
260
3160
1158
1655
201
13
2193
2754
1013
379
3671
2940
3992
3290
1806
2819
555
1904
2372
2306
778
3903
1044
2606
2521
1264
2359
3257
745
886
1527
3673
1986
3407
1410
3711
452
1218
2099
2491
568
4056
2410
2977
678
3484
1856
3590
2815
1191
1185
3146
3854
3281
2503
2918
135
2714
4021
1743
1275
3429
3432
68
3495
755
1891
569
1941
2698
1101
2599
1395
713
2426
467
2091
1997
2905
2733
3717
2667
1239
1911
3594
3523
2963
2812
3658
3269
2307
3971
1170
1087
324
2574
3321
1853
3905
992
3098
2092
2376
1580
2112
2685
426
464
1738
2064
2922
2166
1043
20
2770
698
2759
832
2486
3038
2665
2011
2914
2597
519
1652
1565
3872
789
1351
3501
1788
402
3821
2094
3159
428
3633
2353
1653
1366
2250
2912
1028
3964
499
3763
3517
3753
132
1693
2069
3275
2183
1562
1378
434
3617
3565
3313
3136
3443
458
2262
1681
1276
3013
3546
609
1258
2469
653
1516
158
2323
3496
1474
819
2355
3931
941
1020
3580
3949
1460
533
1424
1068
715
2946
1687
1621
265
2416
3061
481
1766
1543
3469
807
3834
4
3079
2622
3560
1804
1546
3485
1304
3940
3105
2557
76
1294
881
3139
409
3459
3644
3630
3548
4095
1762
41
2346
3687
2504
2483
2678
3507
2825
131
1549
1459
842
78
2876
6
520
1489
976
3162
1111
1422
2347
1104
1414
583
1809
593
1757
439
2877
1656
2341
1836
3436
281
3186
1327
2473
2907
1242
508
3519
3845
1083
1975
1640
913
141
3230
1427
3554
343
3668
2441
237
2312
2162
2378
2384
2124
763
2078
2110
2892
828
1261
3102
3365
2956
3191
1345
300
473
1123
1046
2548
1172
287
1857
3059
688
3727
1664
1012
3164
1769
73
3476
831
2451
3295
2584
1559
2160
3093
59
3423
3816
2116
2417
1862
1263
38
1531
258
2499
857
2694
577
1819
556
1671
3312
2159
1608
2649
2233
741
2330
1249
1859
419
2709
509
2097
3412
3916
2343
1816
2663
2783
140
3769
3947
523
793
3889
3632
3881
3639
4008
988
638
3378
1937
1983
1181
3502
1954
1137
116
2466
1464
3408
3409
3852
2500
2677
2435
661
1996
2468
1976
155
526
1417
2718
1600
3778
998
4000
1003
627
1874
1496
211
969
1223
1070
781
597
484
138
1654
1237
1504
1572
43
1813
527
3665
209
3206
1238
1726
601
1234
3568
3553
295
2280
1009
3473
128
2081
1577
4037
2328
3783
3178
2661
3349
1601
735
443
2693
2904
1377
245
2780
1630
3383
3993
3835
2494
1277
2750
993
2059
102
3841
3444
3629
1402
868
2405
1295
1401
370
2814
1407
2875
4060
3714
3712
1772
3219
1019
744
3351
853
3060
958
972
3798
2434
3265
2960
2074
1776
2751
3318
3686
2243
497
3494
936
3682
3599
1587
3462
1072
1518
2534
2524
3357
708
12
298
692
3885
3041
3138
3016
3154
3272
2749
3384
3175
3027
2235
3450
3608
3739
2832
2229
2540
1821
584
2032
2020
1971
2668
1497
383
1781
1280
545
1324
1297
2266
4093
316
4072
2199
1321
3842
2058
668
1117
1420
838
2108
240
1628
1737
1367
3340
1100
214
2852
2700
1831
1336
2983
250
3307
3242
3497
1006
173
1719
1966
4022
235
3268
3358
2429
2006
910
2753
3003
2598
3528
2259
384
1286
2702
2765
2849
360
71
2642
3448
470
297
948
2917
3194
3099
272
2547
2127
1978
2821
1358
1554
2277
3048
1088
1624
2980
3390
1300
3879
330
848
3800
2730
2433
844
1076
232
239
1415
4081
3902
1400
2118
2322
935
315
3635
3084
727
2744
1301
2128
2537
2748
1560
3625
2862
1457
1786
2261
2180
4042
3674
2895
943
4020
4058
450
1972
90
1208
48
3043
3127
3892
3039
2530
1132
1563
3126
1140
1928
1610
2583
680
3128
565
3021
3181
956
1259
1900
2488
3851
1629
104
10
3913
751
3110
3638
3600
129
1499
2226
3788
3777
306
3853
160
1660
2285
2662
3970
1462
3479
968
1985
1146
2991
2300
2492
1000
679
995
3227
1363
1567
1858
21
325
3991
3049
1021
462
3653
3087
1575
699
616
805
1404
951
233
2289
197
589
1683
3024
1439
3558
2028
2083
413
3661
2592
2716
2955
825
117
227
3018
2558
1126
787
3123
149
2515
1289
2391
3336
2551
134
1970
1638
3539
1102
557
1506
1724
3223
535
1749
1617
2276
605
2968
1542
1547
3984
2031
2738
3137
856
2470
3380
2113
1265
4062
964
2184
69
2523
2719
2474
3513
2869
3937
3985
1959
1524
328
3280
2589
2657
525
1058
2784
106
1846
369
2452
3220
312
2950
877
2563
1
2339
2710
2338
2411
3489
2272
3888
3628
4075
2505
159
322
3987
87
1283
1216
587
1108
510
1890
2726
3648
3858
1200
125
960
1030
1938
691
1352
182
2707
1201
3441
502
1602
3333
3209
3001
42
1919
3681
3046
898
3117
29
3413
2
372
1606
3538
2824
3431
2590
2958
3232
783
2786
3791
1765
2525
1004
3855
900
1875
64
220
3292
3706
3246
3803
1312
1450
1071
632
2146
1639
2204
723
3559
1774
2932
650
2731
2397
3812
904
414
3092
3326
2482
210
2745
1133
487
178
98
3856
492
2552
3253
1042
2370
3103
695
3963
1348
2326
2826
1822
3751
2425
656
1245
167
3999
3899
2785
1015
1284
2566
1147
2001
1246
282
3
1511
2781
1574
2947
1951
1779
374
3344
1658
2098
3205
2822
3421
2634
47
549
11
1620
3979
1635
151
1694
3782
3397
2002
2653
1667
3020
809
2996
1952
1390
501
2086
3077
2645
1665
3428
937
2573
3677
3283
2215
14
2541
447
3311
2263
878
743
3463
3908
2782
2721
163
1233
3861
1182
2151
407
1458
86
1988
1372
2369
953
3521
2516
1946
166
415
1332
2313
1365
2131
717
423
193
3607
97
4059
1007
3207
3184
2545
1475
1059
2265
1240
1599
2209
949
1478
1098
2057
3455
189
2607
2393
445
3334
2344
3202
432
836
1056
2913
3736
1022
2995
645
2979
206
911
395
826
152
2444
1791
567
1510
766
3201
3240
2260
2246
2424
1322
412
2290
1005
225
1092
1861
3124
812
3634
1752
2249
3188
283
1805
195
1616
1924
2974
2495
3866
179
4092
2010
3096
1023
130
3906
2840
3319
2816
791
2126
796
504
814
1982
538
1236
1860
1313
2223
1011
859
894
1962
3642
547
2637
3297
1405
1963
2701
3570
1669
3149
703
1647
2888
1436
1948
644
3166
2148
2361
321
2076
2787
1050
2613
289
1679
1716
2380
3826
2240
1840
3416
2640
3350
171
3989
1991
2375
1171
3825
3719
3910
843
333
3606
311
4044
1792
3838
1066
3097
4027
2423
3045
468
2549
915
2529
2351
3218
1979
808
1244
1305
2179
4076
2447
2817
2464
652
1865
3224
1449
75
1376
2775
3898
4077
3254
2507
3193
2430
255
2082
1842
3493
15
1037
1470
1103
4023
1657
3978
1545
1038
1473
3938
648
2221
3122
89
368
3960
3446
2669
2336
576
801
3293
2688
2910
30
1955
851
2925
1154
3708
172
2445
161
3030
512
1808
2593
2992
765
879
1153
566
3620
3823
1735
3830
1710
1903
2220
1412
3111
2133
2564
1077
1310
2659
2273
3100
241
2205
835
3626
1907
3464
357
3325
1636
1228
517
1434
1731
392
2039
3033
3067
1843
3465
1530
2139
2989
537
1814
3680
231
2538
3433
3876
3809
350
3572
1069
1166
3749
3158
2565
188
1692
3050
1380
573
164
926
4001
3143
2185
822
3470
375
3425
2717
2321
385
2993
2936
45
79
16
1212
1197
1967
3107
3901
2122
3935
860
1178
364
4016
1204
4005
2007
3545
1064
646
1430
2729
2292
1695
1278
2836
773
1309
2887
574
2890
3789
174
3772
2298
3760
190
3026
3393
1649
1476
2450
1272
2943
2176
1902
3815
2052
2617
1503
3576
2926
3688
2489
2988
950
3967
96
2363
3130
2805
2550
3780
3713
1443
1732
572
456
2045
1697
3347
1040
1035
1134
2811
3873
3768
2409
954
2422
3095
1960
987
2055
2899
1488
1989
143
1659
4040
277
770
2420
629
442
2891
2919
1353
1785
3954
475
603
1915
970
1736
2255
435
870
2651
850
3672
1557
2644
1723
1303
2650
996
2527
530
3613
3603
3532
1501
3472
2203
1113
3683
2022
3179
304
9
1691
2959
3267
541
2562
3904
119
2248
2302
579
2861
2561
127
4041
3075
2388
1513
3585
394
1761
1095
2218
2358
238
2207
354
1393
999
2578
2286
2893
3405
1151
3994
3806
2949
1388
1714
2927
338
658
1128
2371
3025
3840
3475
3014
114
1285
767
3932
1893
986
2553
1448
1174
3694
834
619
3177
2704
1340
1479
2225
2377
1145
1291
1534
1797
4015
552
1162
3004
417
2163
3052
2279
686
3846
2859
1505
3786
202
3028
410
4014
908
1715
1271
2354
66
3417
2779
2801
1330
403
1570
2800
2219
4065
3675
3248
2614
3549
2079
278
1428
1308
3121
2296
2043
3623
1685
3870
3641
862
1675
1995
2089
2459
2283
3370
3969
3801
1381
1426
1483
3939
1548
2189
3141
2365
362
2440
1269
2767
1179
3745
2053
1615
820
2194
2438
3790
1537
1728
2304
3518
1192
1666
2575
351
4019
3427
3512
2431
3966
3802
1847
1852
3471
217
22
3402
488
284
1119
782
1293
1637
4073
2015
3588
1718
3328
2615
776
2687
2711
3420
1864
1078
4087
1707
1333
1876
4038
1045
3941
1109
2841
307
2046
3371
366
797
3120
3434
1974
3072
2531
4007
2026
3251
3527
3929
511
2851
3215
3273
1895
1487
1490
624
3339
1075
564
3157
4051
286
1106
2612
3134
3466
775
2571
739
2481
3734
582
4086
156
2654
181
3068
1226
3499
2582
884
2316
1925
637
1528
2023
144
1355
2559
1914
1090
1215
1555
3529
3461
3646
1093
3911
2075
137
738
4035
2402
3726
3796
2142
610
3958
3637
3195
3069
2244
2294
2535
4064
1252
243
3724
1604
907
592
1977
2178
2121
544
3082
2117
2407
3595
942
313
446
3928
1722
3343
1980
386
1678
771
183
2902
736
1084
3374
2873
3454
1784
1965
4082
1375
799
3945
346
2136
2432
1579
2762
23
2647
3212
1368
3056
3006
153
984
56
798
3843
3249
3439
600
2962
257
2555
3322
792
978
1421
1455
2408
3722
150
3844
1311
387
1605
2604
1085
1298
422
804
1220
1343
1754
1525
2938
2048
2568
1916
1888
1512
784
1341
1642
1672
2689
1850
2632
2728
418
2000
3693
3435
477
3871
3936
3168
2827
2301
472
749
3430
4049
3415
191
1646
2776
2138
1744
823
1167
818
2999
1127
3252
54
684
3131
2453
408
1832
35
2208
1349
2067
2533
329
613
518
1472
2864
2035
2101
3300
3386
702
602
490
1270
31
1748
2723
866
2681
861
1526
109
1886
2060
62
1290
3875
4045
2282
3961
1783
1775
3956
3204
2484
4012
2882
1337
2695
3709
2172
1396
3624
664
558
1799
548
3019
2788
3562
3925
3250
2394
3270
3387
1409
1357
1993
1398
2448
3353
694
1468
1142
3980
2734
2016
1885
1676
562
2794
253
728
2757
529
1203
3586
436
3190
1957
453
2896
39
2241
3403
94
2132
1187
3561
2206
2804
3795
1558
1717
922
3893
718
2293
1041
3091
3522
177
1782
