1744
3309
344
2313
2379
690
3651
2630
3681
921
3974
2528
3755
437
560
177
1655
2112
2214
2540
1484
3228
3364
2080
744
832
1080
2393
1521
2180
936
133
3147
2732
224
3009
542
939
1284
1751
607
2902
1237
3991
3323
990
1528
358
2218
829
1894
281
1822
10
3033
1904
1120
2666
3965
1142
3121
3933
1374
1803
4049
3824
4078
2857
1179
1622
3388
1514
521
1757
1868
3783
503
864
2698
3623
932
3639
2533
327
28
1037
1812
510
1524
1076
2122
400
3874
2424
1308
3372
2511
934
2598
2120
2884
1567
125
2841
1952
3290
2510
650
637
870
2836
3062
2814
3729
2385
1734
687
114
3776
1579
2230
4001
2735
1236
1887
4067
3737
578
1326
3774
2306
1759
3266
1331
878
1223
2094
3415
3027
2731
1765
2726
3330
135
1686
3087
4043
328
536
3183
2082
249
1466
3759
1472
2402
554
3212
3663
1804
1281
2712
1531
194
3993
3627
892
881
1203
3307
1962
1929
1730
3043
1035
3707
3015
3911
103
1539
2678
2606
1763
3945
4031
25
3003
3197
3351
108
3141
3407
2486
3488
1048
2334
1917
3031
1130
3875
1704
3086
3792
2623
2466
1557
2487
1181
2279
3264
1095
3780
835
3818
1418
337
1752
1242
2246
1690
988
2667
2850
1312
2040
2753
192
196
2489
3801
627
3427
2595
634
722
3265
3169
754
2083
2116
3595
211
2907
2317
3293
1310
3050
2103
413
82
696
432
587
3022
2674
3012
2311
576
170
2189
1792
326
236
2126
1427
2146
1460
2991
2627
610
2422
466
2912
2742
1474
3037
1485
208
159
2979
3507
3938
3675
2661
2465
2010
2599
1231
3252
376
1196
2792
1316
3751
2030
3860
1848
1366
1127
818
3089
3206
3778
3035
2632
4050
2064
3660
998
589
3580
394
277
3650
1726
2985
2336
2585
3139
2110
3237
3929
636
675
2858
4
3390
929
3431
3374
2648
3614
2085
836
3559
588
247
1185
4018
593
2760
1683
694
3042
2823
3880
2830
2692
2193
1278
509
2980
2432
899
657
3080
3661
1639
1841
1847
2269
3359
2765
1257
3825
1860
1597
2938
1871
431
955
1881
1270
3610
2649
3781
1866
1955
3450
2608
2140
4021
3601
1652
1342
3339
1059
1694
2314
96
3817
246
55
1924
2548
2226
1570
2068
626
3005
1144
3124
2414
1722
3699
3117
1189
3746
1984
1832
3091
209
1883
195
377
3000
340
3563
1678
4072
3173
1350
3348
1958
105
302
1972
1662
64
3082
2352
1113
3750
1820
659
1688
2327
2917
3476
143
668
3907
3098
3745
3038
2853
1118
1687
2199
3277
3689
519
889
2005
1232
1816
3519
3166
838
1992
800
386
3484
4017
1039
3578
2000
3949
3046
1641
2571
1843
3316
1178
3006
2888
2261
920
3256
890
994
2048
3280
2095
2320
3900
775
2740
378
3094
2231
58
71
3047
2758
2596
799
1546
711
1876
172
917
1307
389
646
2915
1300
2704
156
2089
1443
2870
1625
1209
1963
452
1129
3996
2788
707
1324
3123
791
527
2162
3589
244
772
3572
2665
1863
472
2106
1446
1321
3659
3489
2639
522
3270
303
3609
3631
1218
3032
2247
1824
3279
2353
2547
524
14
3051
129
2817
1285
544
736
2795
1172
3554
1229
3412
3389
250
2944
2708
330
2767
416
174
2688
3794
1561
3625
603
44
3757
2886
284
622
435
451
3128
910
1548
287
1642
422
3404
3350
1946
558
3547
2318
2355
3835
3862
1049
3081
1477
1397
469
3923
3150
3467
2125
206
3946
470
3248
272
2392
2001
2450
1000
1071
2100
1974
2508
1595
1504
1084
2203
2820
2376
2672
2239
3922
2513
3292
1957
205
3948
517
1208
1349
2492
747
87
1566
3551
1971
3683
842
614
1077
706
3067
699
1357
3355
2876
823
307
3370
474
2573
1180
3383
3428
1461
3426
819
2194
2604
3592
1241
3542
3814
2705
1760
4019
1674
804
2170
2296
2558
2835
2304
2206
1921
1445
2059
809
592
3810
2842
1408
3397
3142
438
2572
567
757
349
1970
407
216
3777
3253
2987
2241
2441
1685
2152
1164
3844
2233
3165
2681
1942
1870
2205
2326
1271
148
2999
309
3126
1065
3879
3019
1060
2229
3353
3460
539
1742
1286
2971
1960
3436
2952
1069
300
3278
1997
1233
1671
1668
3697
2232
1111
886
1651
2570
1351
3723
2149
724
479
776
618
3115
846
283
3702
810
420
292
359
37
2416
173
2096
3666
2488
658
2183
2339
2822
789
573
268
440
1403
2977
1108
3109
3924
2043
3490
2745
1451
1401
1700
2160
3756
3987
3055
3608
2331
1315
3742
2921
4045
3550
848
906
1526
1386
1755
1272
1370
1322
261
1428
2974
1368
1756
572
118
315
2545
3576
2609
1492
780
2629
3332
1858
1596
665
2516
1535
3069
1897
3813
2781
3600
86
4084
532
790
2940
310
153
4058
2804
976
2461
751
2691
1410
3254
1895
3168
2499
2409
3097
540
285
3162
3492
3548
1563
3269
2536
2225
279
2292
1577
1750
3338
3668
1831
2746
2364
1907
987
2421
1207
1761
458
1565
2490
3065
2935
3676
2637
2159
1658
50
1666
1799
120
228
2591
1024
2497
1823
4038
4075
4023
3581
779
1885
2998
2207
3871
1594
1736
1961
951
3403
2042
288
1420
1136
1058
1975
794
3267
2280
160
1449
768
3992
2550
4077
3443
1066
2826
2602
632
564
476
703
3560
2584
3727
3667
3070
1986
182
1435
3706
4025
1245
112
2616
3670
3665
1807
1681
95
2362
821
3944
1247
2534
3234
3171
3434
3712
421
1522
3074
2377
4080
3362
2308
2889
1205
3976
311
897
2420
874
2642
2768
3873
197
1305
144
1837
3577
647
965
188
1219
19
2255
2624
4062
1382
176
2109
2916
2248
2046
1254
3760
3597
3247
3523
3215
3533
1163
501
1099
1640
2612
547
1634
2155
3181
2918
1238
3093
278
1318
260
2208
3555
1436
537
1029
2227
3322
1753
3796
966
1367
4076
2566
873
1190
814
1010
1931
1802
1569
2013
1421
3630
566
3227
3787
3179
2613
275
4028
3217
2378
254
909
1928
581
2191
3872
3039
559
3008
1376
1913
3833
3831
385
3321
2662
2618
149
2625
3272
1389
1829
1176
1985
655
72
3192
2031
2024
3178
700
2809
2715
2727
1769
2319
3782
548
845
3446
1624
2687
3829
3380
671
719
3202
2498
691
766
3216
2453
1801
131
3076
2981
2920
3686
1647
613
1073
3528
1852
1424
2266
454
4074
1419
3479
860
3131
2130
54
669
3468
3747
3769
152
716
414
2389
894
2154
3892
36
1354
1183
3068
3349
2459
855
3072
110
615
3821
1520
1330
553
2939
2278
3340
612
885
1226
858
2172
3985
1585
1221
875
1599
2373
2234
3246
398
1637
3598
2333
65
151
523
3344
562
2793
1234
304
2295
443
265
3861
2825
1573
3222
893
3116
2305
2955
942
2349
3637
654
653
80
1483
762
3953
2507
1497
1794
430
962
3240
3088
3379
1830
883
3103
1021
2995
3921
439
844
1471
2851
1777
839
3331
3425
1459
1191
294
3251
3718
2448
3373
2131
210
1157
3058
2969
3753
3284
1235
3244
3421
21
3971
642
2163
2883
3007
2494
957
3743
3788
3916
826
2359
3337
3516
680
1615
2953
2560
682
3405
1256
3930
2200
3763
704
1614
2878
3834
1689
1101
3201
366
2054
3371
958
3857
1062
2988
2411
2394
3605
2151
817
4064
1335
2946
1746
3602
640
3819
1258
2342
3943
3952
1277
2506
3458
3506
4051
526
2237
2370
365
2444
944
2646
732
256
3905
4044
3341
3604
1320
1669
4012
2575
2051
3001
2210
3464
3196
2032
643
1911
3118
4061
3565
2186
3848
3170
463
324
3990
1325
3221
1106
2267
203
1510
3306
1840
3172
2782
500
2426
274
2733
3607
1481
200
3671
3083
1384
2196
667
3677
4091
1851
927
4083
383
1896
2861
2383
1074
2215
2455
861
752
2942
409
128
1298
782
3312
1430
3840
1581
1810
3387
3561
1604
2037
2636
3703
3454
831
3721
803
3502
424
3590
2894
1267
0
3416
3672
241
2621
1268
1632
1516
1735
3411
3469
1345
2061
3612
656
1948
3153
1064
351
2747
1161
1648
1187
3995
2968
2065
2960
735
2957
2684
3177
33
624
27
237
2431
2273
3901
3961
41
2127
793
3282
1442
3029
2443
1260
3882
92
1532
3261
2945
175
3541
888
563
1828
1252
2408
1458
2212
1743
1124
2468
728
1827
3613
973
1969
2365
3656
2620
1012
242
2542
1448
1718
1909
1527
2442
3146
3802
2115
2734
392
313
3586
2669
301
877
204
1266
3557
1333
2930
1826
1873
1013
802
3767
3830
1166
3564
2655
1036
2933
1673
3461
611
2913
2934
1393
549
2721
3968
3333
3384
1230
2521
3104
2519
481
673
1173
2029
991
1815
3588
1402
3925
2086
3438
429
995
811
1200
3619
1491
3260
1941
4086
2970
1732
2479
1087
1473
3511
796
2654
1018
2931
1214
2924
2874
2108
1862
3941
3409
1479
1631
2722
3895
3910
441
1770
1132
2724
2407
4006
859
468
1265
3075
1358
3685
2397
833
2856
787
1925
462
53
1540
445
1347
7
3800
1125
3263
291
3828
2236
1003
2276
2262
2039
729
1568
3655
3849
3771
3297
482
1814
621
2272
3935
3738
1480
1805
2615
1621
2217
1464
3208
2303
2515
1547
1264
3653
2962
1486
950
3538
1853
1918
3633
217
371
1560
2502
1646
1502
3418
4014
591
1441
2527
2258
1892
372
3495
3574
1758
1605
3154
2787
2780
3053
312
1381
2959
346
1014
4015
850
2036
1608
2520
841
2551
2588
2449
2284
3816
2626
2446
1654
339
3947
3850
2235
3357
1107
1158
1488
1051
373
770
473
1494
3791
3863
1007
1337
3273
202
3190
2905
3100
2695
1586
2213
2652
3593
3151
3553
2470
3106
2474
99
1571
88
2165
708
3617
3419
3674
1352
3842
2294
447
2689
2923
3447
2986
1202
2335
979
3881
3378
570
1041
2101
3475
3624
3966
3028
2505
3135
3845
193
2134
403
3981
2752
1833
1987
47
3890
999
1712
122
2578
4010
3073
2544
1400
1503
2943
2893
3969
3669
2338
797
2748
2224
2023
489
2274
1194
2759
356
3914
4090
763
715
3424
2419
51
1954
4032
155
1855
3129
3915
2813
2471
3063
3728
3167
575
3365
3377
3354
2045
1292
2002
3410
3084
3317
2657
140
3079
436
3114
2387
2860
1296
688
3345
3394
3463
3708
2012
1001
824
2736
597
3967
3465
2251
3325
2259
504
1549
3762
2052
379
465
2903
530
3611
2302
1053
1534
1905
2562
1426
769
866
2755
3462
207
3713
2504
2216
449
171
879
1912
316
1407
2222
60
1100
1934
3245
3385
753
42
461
701
3527
2607
2350
975
74
3866
2004
1165
3536
2818
2677
1968
1719
2070
2699
2773
353
2885
3255
1379
2784
1996
3328
1250
740
2041
2846
2439
749
262
1329
1935
807
1710
488
3144
895
57
101
2501
2859
2555
556
1392
2117
3640
2643
2340
320
2539
2802
141
102
3529
974
2050
2796
3748
2866
3999
2184
2243
3155
1727
3549
1145
984
1991
1476
3358
269
2967
3020
954
2337
3487
1559
1505
2728
1416
214
2171
2087
905
2880
1515
2948
2806
67
792
3513
3998
1667
3356
3180
1336
1562
2676
1817
1291
243
3219
280
145
584
1878
2074
1155
2563
1920
2868
2111
1629
1507
1380
1575
3878
2445
3926
3847
3392
3225
712
3090
2145
977
375
3691
1513
937
3045
761
3185
450
276
1533
1999
1356
3562
1197
332
1620
1936
739
1290
2819
154
4092
2840
681
2744
788
2546
1967
1306
3400
3701
3682
1717
38
3629
1849
545
75
1465
1213
660
2027
689
1775
2434
1093
2664
3130
1133
1691
1304
1529
1385
1160
2390
1390
2553
806
3505
3444
1877
3694
698
3587
531
3599
3997
3736
2368
2435
1216
1628
104
1980
1800
4095
1171
9
3391
3534
3705
3060
2683
2129
1006
1923
4004
1988
3108
3641
3011
1512
2581
2044
2067
2372
1061
1592
2663
686
3423
2702
1425
1317
446
2592
2388
4040
1253
3596
569
2438
774
3695
113
3616
943
1943
2530
2138
4054
3744
234
1966
3687
2518
2892
4093
1584
162
825
1009
2601
2020
3441
1558
3558
786
1338
3233
1429
3161
166
124
293
2371
813
4066
3752
3473
3308
1739
741
571
1365
709
1162
1355
2762
3478
318
2384
3521
3298
2288
1375
1819
1016
2286
226
1790
2316
3016
865
1772
1930
3239
662
1417
305
869
1880
3903
1702
541
1083
3749
1649
139
2824
115
3618
2900
2647
3886
259
3289
3342
948
1103
273
3893
2358
1998
1582
1767
1806
734
2713
1341
1052
3448
1610
2242
1982
1175
982
1002
1437
142
2757
3077
257
3250
3259
538
2399
3249
2899
2645
2761
2990
2633
933
2346
2033
1834
2837
1813
73
3327
2381
2143
3149
3432
3628
3779
1098
2391
1900
402
2716
518
633
2779
3582
2737
652
161
1578
1063
76
3868
3620
3456
165
2586
26
964
4022
677
2812
3940
3497
969
2417
1747
253
3678
2028
512
3367
3472
3858
2351
1227
2949
2277
602
3336
2315
40
2433
2783
1019
3474
1576
896
1771
1701
3430
3401
2169
773
477
1922
3230
335
3189
644
2463
777
2175
971
1835
3320
676
3160
1865
4087
39
4033
3803
3789
345
321
1994
3973
1110
2568
2947
3393
235
2517
1613
2406
167
1078
2881
2690
3984
3798
3579
795
1793
2290
616
2514
726
3855
3714
2344
1364
3096
2105
880
1708
1898
2993
486
1511
2423
91
685
3440
1891
3865
2964
3435
333
3021
2543
1070
1032
2343
3288
3386
798
1723
3198
34
2283
1677
1964
2015
1394
1699
1583
2395
1501
184
6
1537
931
1506
2007
1796
2810
1508
2147
69
1661
2014
4068
3156
2914
2123
2526
3585
3453
2019
1653
1859
3524
355
1809
3932
3838
3977
1676
856
1248
3257
1664
2865
2576
3413
3335
1184
605
579
586
1850
3071
3514
2192
2950
3696
2644
1821
645
2770
2361
3188
190
3525
3591
1378
674
146
169
1141
863
590
3191
2966
3897
2026
2091
2685
1453
1
150
1468
2136
2250
1222
189
2749
561
1412
3920
760
1846
2332
295
2167
3530
3804
218
1783
1910
2707
322
2682
1844
2697
1606
2312
2078
286
1679
4057
2984
1105
2462
3544
849
2181
2240
1706
2056
981
1825
2879
670
4011
930
1251
924
1749
1738
3657
1456
2997
2867
83
1126
4065
1398
638
2700
387
1791
2838
1715
2301
1114
1363
992
3876
319
4030
1004
2653
381
1916
1276
4037
2483
2937
3346
2148
3283
678
1328
2009
2204
1303
1603
233
2750
1201
16
329
3566
1517
2844
2430
1215
765
3194
3724
2022
2703
970
997
415
245
2725
191
2481
3452
3052
3163
3646
467
391
3229
3493
3904
2132
1192
1543
2484
805
225
1452
1469
2659
903
1672
453
2922
1808
374
1023
2093
3552
717
3315
808
3954
1287
1090
1079
3956
1204
1754
1519
459
3132
186
1697
3805
2139
557
946
714
1789
2049
3649
3205
3741
423
2805
1309
2694
862
3692
1940
390
1259
3064
336
433
882
3603
1134
2367
1656
490
1297
3790
1033
1050
508
945
3140
3950
3806
3220
405
251
3684
3648
3826
784
3846
3725
2323
348
629
3429
168
2437
2509
1845
2660
2896
59
2577
3223
1152
1323
2911
1983
2477
3512
2003
2849
1906
1274
2847
1005
2257
2982
3399
664
1650
1319
2168
3615
3722
1541
1861
367
2062
2495
3311
1008
2909
1593
3186
1724
1055
2561
1556
868
2398
2369
2756
107
1246
3334
1137
3274
2992
1981
1536
4016
3268
723
1893
1574
1711
1587
271
3026
3366
4013
1415
2852
1030
3928
1495
1054
1693
314
1154
727
230
822
2401
1950
1590
2961
397
2864
3963
953
258
3214
2202
1135
3092
2926
3095
2084
223
2766
2478
3030
4020
1623
426
1635
3960
2485
1388
702
3480
3207
3023
785
3739
2693
2197
2845
2711
66
1728
1334
1705
2382
464
3811
3716
354
483
215
2079
3988
3017
1327
360
1112
3885
3
2482
2587
30
2374
1784
3934
3717
1243
1159
2285
986
179
1889
448
2686
347
3127
1874
3218
949
568
1119
4005
1457
2769
3732
239
2480
2996
213
2415
2060
3195
3110
3437
2832
3841
212
2579
495
3664
2118
3285
3175
267
912
3300
3133
3303
507
505
3698
2299
1487
1455
830
2281
1240
3498
334
2771
3693
837
3420
1785
511
1239
513
2714
1478
1089
2282
369
2610
157
317
2821
323
898
227
2081
1360
3515
3832
947
4079
3143
2253
85
1275
24
1081
185
229
3408
1086
3417
3477
1211
100
3034
972
3236
959
2538
3986
3962
2405
520
1675
2799
3018
1660
485
43
491
2754
1140
2932
4039
515
1151
2975
1282
2198
2472
3193
4042
693
516
3262
3299
2187
3909
231
3556
3980
2549
750
2454
3645
3504
3199
109
1027
496
2328
2556
3734
1289
1525
2179
3101
1915
3296
2473
3859
2589
2157
3024
767
1022
342
412
2429
928
2330
2594
916
3730
3406
3785
341
3363
456
2717
3500
1989
2016
2245
2872
2887
2345
2254
2951
1978
2201
117
1433
2983
1045
1150
3078
2658
2375
2801
535
815
1713
1551
46
705
1288
3470
3010
1314
1696
2565
720
872
2104
1725
1644
3680
1500
1343
4052
3455
926
2895
1396
3643
1781
4048
764
2910
3704
2098
759
1028
4046
3040
338
1182
1720
3271
3891
812
1663
1542
1938
1399
2718
1117
3057
2815
555
3347
663
1168
2099
3184
2843
1965
2617
3499
2925
2053
220
3085
1607
187
4007
2188
136
306
3636
289
1047
887
3209
1332
411
718
679
2460
2738
1774
3105
2166
2114
546
4009
1244
3276
350
2808
1067
4082
3786
1951
3204
1618
1947
2829
2897
84
4094
623
3241
1409
3014
2631
3258
783
2869
3182
499
2854
3700
2356
2919
4088
494
1787
2310
1198
3501
2590
180
2709
583
3626
2219
3107
730
3013
1193
1377
106
1369
116
240
3287
3368
1249
1665
419
3152
506
1313
3975
3688
3318
119
1766
3112
2182
1115
1721
2418
606
651
3635
130
1034
1143
1818
1795
1762
919
641
2493
3772
2671
2956
2523
1088
1733
2972
1890
2440
1695
2341
126
3048
132
1636
2789
852
3159
2537
1438
1361
3102
1280
178
61
2092
1591
3906
631
2600
3491
3851
3395
820
8
2557
2904
3662
3439
1116
3061
20
2772
3503
3157
853
725
1422
1879
993
3644
2128
3594
3894
2008
2529
3770
2775
3908
1043
2
1617
2989
3652
565
3575
3382
1776
408
1040
3877
3837
3795
963
1703
1094
3936
1255
2457
3754
480
1944
552
3768
2144
710
2249
731
1261
3304
2271
1714
1903
3809
1295
2071
1493
4041
3243
222
1953
3532
1153
147
2447
89
2503
1601
2794
2719
1745
2190
2855
2552
1122
296
4070
2348
4055
2137
2011
325
2641
1170
2428
2807
2244
1857
23
127
2791
1854
1467
4047
3136
2366
1387
1432
1740
2890
3422
428
2069
425
2066
4026
596
2611
2673
692
1104
980
1148
2451
1206
2597
3917
3305
3959
2785
123
514
827
907
49
3568
2228
1932
2535
3313
3902
2410
138
2491
3673
2603
2404
3888
635
3025
978
298
801
2559
600
1082
2017
2730
528
1856
2710
1554
3176
3709
3764
3632
444
967
364
2321
2363
1550
2178
3294
1091
2264
904
608
3797
15
2464
3658
308
3496
4034
1670
457
79
1902
2531
683
1908
697
3761
2063
1269
1371
3647
2107
648
867
3719
1598
1462
902
2928
2119
121
843
3187
3937
3584
45
2973
2635
3518
484
1741
1572
3958
1031
1867
3567
2135
238
3510
455
834
3638
1212
3485
2929
3442
3242
1096
2873
2458
2593
3839
840
2628
2161
370
3281
2994
1220
2018
1811
1959
2583
68
48
2324
2380
343
4089
1914
968
3049
1131
2275
3758
31
745
427
1391
3314
2751
3134
2057
3526
2413
3481
778
1186
1228
3036
2102
2357
1933
2776
81
911
2307
13
1553
2298
1475
3964
3137
1773
3856
534
2906
1976
1869
1199
1619
1748
2055
2901
3715
11
1588
361
1839
743
1518
1450
1423
3951
1888
1729
3402
2173
3158
851
2720
628
1044
1038
2554
1538
876
2638
4027
3720
2195
3799
1373
5
3765
3898
1444
77
3793
158
3570
1210
1973
2038
1523
3238
1097
742
98
3823
922
1611
609
1949
1340
1657
3836
1217
2797
1555
598
3319
580
3775
368
478
1026
666
1698
2834
938
263
4000
1778
2260
3726
3451
1395
3517
1195
1496
2021
983
137
1899
1056
1764
2877
2978
97
601
1630
1589
854
3445
3870
941
2006
1413
585
3361
62
2875
352
1174
3232
1463
3111
2047
3113
3301
2723
3148
2174
2097
3889
2764
3138
2574
1580
3812
2291
577
771
3329
2425
3457
3887
3226
3174
2476
900
1680
3056
2640
4024
1482
1092
2898
264
3766
1864
3931
3815
363
395
2522
2058
1262
1498
2958
1383
2871
406
1046
362
956
2177
3784
70
417
1990
2121
2025
1406
1348
3606
1626
2142
93
4081
3302
1797
3295
270
2209
2803
1779
3979
2263
985
3213
756
2567
2223
1979
2605
649
3004
529
2076
3482
2252
2221
891
3843
960
2164
847
1283
2113
1339
1085
857
2743
3899
3989
1707
3360
1279
4085
2679
201
3539
1956
2354
2941
1937
3822
908
252
1638
2739
3731
1788
1075
3324
1311
3808
2569
915
1404
198
232
2211
3471
3375
914
3125
2270
2427
2150
3291
404
3466
871
2891
255
1926
3537
2386
1147
3740
1167
3044
3449
3459
497
2300
4003
1057
3853
1299
3867
3352
266
2133
3224
1838
4069
1362
18
925
1489
2141
2185
2831
3369
2238
1716
1530
3235
3545
1302
2077
1225
1440
3398
1782
3679
1011
29
1072
393
525
543
4071
1977
3508
550
3494
3854
1882
3145
460
487
1146
1490
737
410
63
3210
684
2774
4056
388
475
4063
2848
2882
1273
2293
35
1015
3573
1414
4053
2452
2634
134
3919
2400
599
1798
493
661
3486
721
2396
3622
2322
1434
22
2827
3414
3955
1552
3535
2496
923
418
2035
1149
3433
2176
1692
3531
498
695
492
1156
2360
1786
1872
1901
2329
1684
574
1995
1447
1439
2614
1780
3120
3642
2088
1602
17
3376
3059
2090
1123
12
2034
380
630
502
90
1875
2828
3994
2347
1842
816
713
3912
32
164
3381
2798
2256
1616
2124
2158
1293
1709
3827
2706
183
1737
2436
2670
3099
2651
3913
3343
551
594
913
1927
2675
2786
620
1659
3883
3310
1042
2656
1025
1643
3942
1102
3066
3733
3286
2268
1301
781
3634
3546
1939
282
758
2680
2265
3896
3711
94
382
181
2811
199
1499
2701
1353
1372
3543
1169
2524
2582
1509
3231
1627
746
595
3869
625
3978
1017
3571
2790
4036
1359
3509
940
4002
78
1121
2580
3122
952
248
3211
2456
1645
3583
619
918
2541
2650
3970
434
1188
3820
1886
3522
3654
401
2927
2954
3326
331
2309
533
3927
1138
3710
2073
961
1411
1545
3773
4029
1139
2467
4059
384
2800
1884
1612
1600
1768
3621
1344
2862
1633
3884
2976
1919
1993
2072
901
299
738
3483
1405
3041
1544
2525
3002
4035
297
219
3119
1128
989
471
1454
163
3852
3690
2741
3982
2412
2777
1177
1346
2839
3957
3054
1431
1068
2908
1564
2469
3864
2156
2153
2297
2816
399
2965
56
3396
3203
396
1945
111
1470
2778
3275
582
2325
3807
828
3918
1224
3983
2512
2289
2936
604
1109
1682
290
733
3200
52
2833
2863
2075
1609
996
672
442
2532
3569
2619
2564
3520
2763
1263
2668
1294
221
3939
1020
357
2696
4073
1731
4060
3735
748
755
884
2287
2475
639
2963
2500
2403
2729
3972
935
1836
3540
3164
4008
2622
2220
617
