2420
3505
3766
879
3821
1668
1898
1494
696
898
2437
3627
3127
3932
3890
1322
2534
2268
967
3347
1234
1454
232
208
2278
589
2154
1552
3898
1417
665
403
714
1632
3876
3324
2026
1269
3783
2458
2615
808
930
3182
2404
2859
3224
2140
3479
22
1177
235
2168
456
2910
3357
3193
3052
1998
3675
2107
1067
2145
3575
2593
2340
1607
3828
3916
60
380
3913
992
1931
40
574
3060
27
109
1381
2895
398
3594
628
2143
3362
579
2262
625
517
845
634
3007
3217
2019
587
2456
2393
2759
1425
3759
4074
1930
3449
135
1902
3056
3930
3122
3372
3300
972
2720
1291
2030
409
341
2899
1405
3577
1578
2752
1937
2659
3161
1086
1031
4012
1685
1289
445
1126
3792
944
2532
1971
1046
586
3078
2963
3669
664
132
2295
1929
3072
3673
23
1743
2216
3737
1366
234
2386
2891
3603
670
377
534
3314
2238
4093
1965
1752
929
3306
32
2293
3026
1627
3308
3332
1482
1722
3481
698
217
2551
964
349
1609
2816
239
1755
2554
1927
3614
1409
1859
986
3474
3514
2374
788
2529
2428
1662
2059
1903
3017
1922
2948
2222
1491
3353
3365
2338
492
3073
2057
751
3116
695
2335
2319
4023
437
891
2120
3652
318
483
3589
3441
1871
1963
3047
1663
2741
1120
3941
2522
1072
3770
1788
949
2954
1010
1391
2275
366
969
772
563
3826
1501
2603
1259
3154
1244
2201
2777
1915
1301
230
1711
3196
1554
3909
2523
2928
1480
1142
2208
3740
3220
3227
1960
1132
654
2409
906
1749
1511
2372
2737
2733
2236
3156
777
3248
361
2898
2220
3758
1852
4029
3782
3971
3887
2123
2542
2945
3506
339
3980
3969
2978
3798
1626
2240
80
2058
1570
3880
950
4066
30
4094
3025
1242
3460
224
1088
3579
4069
1880
1197
286
39
368
1754
1910
1590
2993
978
2700
63
2770
2965
2550
3504
1835
2566
2690
3385
3560
2155
431
2984
1675
2136
3625
3281
1040
3144
387
3422
56
93
3129
4
653
194
2489
1814
1702
568
3655
3682
1992
935
3120
1106
948
3842
2445
1955
884
2868
2245
725
2317
2987
3344
1306
2177
3368
501
3992
921
3298
1238
227
747
2042
1129
1393
3741
2014
1201
2385
3511
2418
3388
4058
3961
3982
1158
4088
2844
3228
473
606
1435
1455
3518
1510
1935
3711
2110
3837
2255
3781
1303
2316
3576
3906
980
150
2602
3539
2721
1383
1551
1588
2487
181
878
55
2562
2638
3315
1566
124
1625
528
1731
550
1723
3650
1479
3421
1739
3063
3701
3599
2649
2718
2660
2925
735
1108
2000
1550
2648
2371
324
641
1465
4045
357
2915
3483
3822
68
1019
2820
3303
2511
1283
441
3329
1468
1426
1564
485
246
4008
3058
3434
1310
3288
1235
2806
1412
401
2996
773
424
2411
3236
3147
1857
2521
946
1442
571
389
2512
663
2315
2909
1215
1817
3261
649
1841
3657
3023
2380
2090
1540
1014
3173
1160
3809
1209
3591
2297
3482
1058
874
1488
3686
1335
632
3348
2843
4048
3379
2665
136
2259
434
3087
155
2729
744
2362
17
2350
683
2623
3098
3484
1204
419
3761
472
2270
3015
4062
3771
3769
62
490
331
1792
2032
1670
3639
2046
1382
3953
953
3000
2413
1767
1591
2885
3146
1873
3637
1327
3135
2763
3092
2017
299
2640
3707
3230
1582
621
1017
1936
3777
4035
3748
868
2183
2228
104
2341
3855
2094
1373
156
1063
3435
3658
1243
2207
650
1447
3896
1485
2643
2827
1224
376
2342
3136
26
2676
988
114
1636
1276
130
2079
3380
3396
1139
1657
463
2784
541
3934
3168
1073
3375
411
1946
1756
2495
1107
53
1876
1954
2022
1015
848
2804
88
854
583
2258
983
872
904
1689
3894
1599
3592
1430
1374
1471
2184
1174
546
2708
3296
502
2754
3519
1982
740
732
2969
44
1164
1559
2621
2093
1737
2241
3522
2821
2561
2320
1664
1987
3850
2836
1825
2917
2325
83
3830
3109
1357
3384
2520
3010
3709
451
1799
2217
3103
3863
2448
3513
3152
1354
3583
3413
779
1385
2071
2085
2846
1538
1022
762
1034
627
13
4085
1514
1483
3322
4000
3164
3546
1869
188
1783
3929
3436
672
3954
1840
3130
3704
1140
2346
1819
3045
323
3959
499
1901
1486
2624
3334
2644
1940
2354
614
482
443
2082
375
497
1101
2343
2114
481
3825
1146
1725
345
1093
2323
1978
1232
3573
3157
405
506
2657
2173
2622
2834
3489
1297
2104
2447
3478
2631
1469
3090
1087
2553
3461
3936
3703
3528
707
3767
3117
2455
3215
3256
519
2459
984
3836
111
894
362
3549
512
2179
1546
4032
2203
1262
3070
3355
2215
3875
2601
3176
985
3920
957
3221
112
3806
2485
3752
2728
1934
522
2792
302
671
1813
3163
386
1769
3571
518
2277
1608
1658
2352
1346
562
1773
3432
584
2045
1986
1041
3239
2064
760
1562
2147
8
561
3204
2408
1358
4025
2823
281
2813
2331
1823
2299
3254
2639
3171
3624
593
882
3586
1831
2390
2502
1894
1897
3745
1925
2964
2125
793
3218
271
1721
1099
2537
676
3104
298
2942
2587
3900
1240
1806
3606
1800
2401
2003
2949
705
253
4092
919
1117
2157
3107
544
545
3610
2435
2246
2933
1343
139
90
3617
1380
1372
629
4073
2651
520
1059
3689
2483
526
3378
1095
1399
3926
1311
3933
823
2360
3267
917
1275
4057
901
218
1801
5
3134
4084
3292
321
4050
3772
24
3587
3728
3448
1144
3631
1037
2581
4091
1997
1777
3247
4078
164
1029
2170
3054
1641
3382
3189
709
428
2595
1175
1080
1097
1703
576
3338
1336
269
2689
4011
3049
1094
350
3668
1704
3764
1270
131
2189
1248
1867
3795
846
3243
2786
399
37
3233
2746
3754
442
3618
3572
2995
1706
536
2337
182
1990
103
1075
125
3132
753
1615
2833
1353
2076
2469
717
1648
474
3960
1123
2538
2073
204
1509
4039
61
3277
2560
3245
3881
2697
2957
3718
3604
3200
2498
3927
3615
1818
3515
3776
1717
3040
1890
1493
2180
596
4070
673
2517
190
1418
379
2975
927
1296
3195
2776
1428
3222
1713
3733
2438
936
1458
1842
1182
2442
678
468
987
417
610
3717
1267
2199
35
1162
767
3569
713
2636
2159
3207
2768
4079
726
4089
363
862
1596
3265
1779
1168
831
166
2491
3651
1671
255
834
1851
393
2461
1141
4068
2412
2233
3077
1444
951
3988
2072
1539
3500
1321
994
1118
394
1154
1732
3331
1078
3309
310
925
1448
1694
2641
2682
1229
3674
1420
791
1190
207
3069
3735
1692
1111
2912
2102
3732
3566
3415
2356
2578
1886
236
3462
2028
3956
415
2286
360
2382
1836
175
3870
3749
1225
254
530
2075
1766
2518
2668
1167
3649
1055
1585
223
2795
575
1459
1102
3884
1887
1533
2546
57
3374
3272
2113
3647
1709
686
3485
1060
1305
378
225
2035
319
3542
3487
1560
1603
667
3746
1386
2304
52
1805
657
1334
1528
2839
855
3986
3328
2312
1003
3335
3153
687
2427
1136
1824
1266
515
3914
3990
1007
2061
3470
995
3143
85
3723
1081
880
813
3345
4036
1597
2328
1826
914
2765
2808
2809
2387
1574
220
2832
3734
918
3527
92
3145
192
2148
1156
2874
1961
3800
4033
3911
418
151
1547
3318
2779
911
404
3001
2929
2465
1565
1011
643
4016
3208
684
2264
3285
1970
3501
2359
2301
73
2486
1763
1797
3464
1187
2156
2244
3722
3905
1461
2282
3524
1892
3057
527
1062
348
3111
1941
800
915
675
2586
870
3885
3695
353
1025
54
1338
2736
1230
3922
385
2647
3743
3299
2932
631
2599
2344
1545
3244
2074
2767
1822
59
260
1855
3253
633
1631
1605
1125
2956
315
3392
3801
2860
2986
14
423
1179
595
1365
1734
1655
1257
205
2571
1611
275
346
3999
3341
296
147
1227
3751
4059
2018
328
1100
2557
989
2857
3648
3278
1216
1043
1785
2417
1002
422
4037
1320
3428
0
861
3490
3174
449
514
2239
907
11
264
1620
1189
3663
3940
1850
2576
2036
100
2598
3779
3857
956
2449
2699
1377
825
2613
909
1284
2879
893
4077
1917
1541
551
1614
940
644
3676
1674
776
1567
3420
2842
367
1811
198
3457
4081
2274
171
787
3593
3958
3165
2979
216
47
3814
2751
1994
778
2314
1665
4053
1803
3998
3062
680
1214
2510
36
2926
1864
2526
2635
618
2715
76
3803
167
1586
2703
2166
1191
1273
993
2535
1476
1738
3198
3840
507
1604
2788
1342
143
2548
849
1581
3031
3613
3510
920
3643
3419
1758
1883
966
850
2345
252
2128
2318
2010
2918
3721
1878
1400
867
3919
3183
478
3756
438
3463
3948
1642
2462
494
65
3170
3041
400
2440
98
796
267
905
656
1271
82
2556
3369
3289
3488
2416
1446
168
2121
1521
590
3444
2250
3110
1445
636
3962
1810
2349
556
731
3180
1076
3403
2900
1138
947
3548
547
2490
1879
304
2677
430
3081
338
2903
1362
2908
2901
3202
1316
3498
2876
3412
1319
3679
285
128
118
3231
553
792
4013
912
3148
1441
3469
461
1679
3280
1481
3014
248
3925
3660
1771
3536
4055
215
3938
2902
161
3442
3262
214
2139
3269
3027
812
2609
2758
1672
771
2507
815
2313
3774
3557
3453
2747
660
2723
2914
2012
3451
2744
2163
3178
429
1228
826
1976
505
3042
2819
2083
3211
69
2509
1807
2761
616
585
4071
2410
2875
3908
521
718
1165
2176
3757
4054
1378
2525
2584
2937
1268
309
703
2391
3787
681
1249
1077
2650
2678
86
3114
573
3859
2130
3630
1621
1964
3089
1394
3815
2033
3350
1616
1849
2185
1691
537
1065
48
2673
2612
3955
2186
934
3399
1602
3477
3502
2479
3861
21
2209
2039
1760
1317
3102
3530
2225
3621
661
3581
1032
3290
1726
3459
1676
2970
2400
1907
3619
1329
105
3279
2376
782
2363
3662
3249
635
1489
3162
3128
1947
1350
1900
961
875
2892
3326
159
2533
801
3377
3307
2772
3824
3612
746
1467
2006
4042
3902
359
3263
1681
968
841
965
2573
1295
1279
2583
3835
1122
2355
1020
3551
149
923
3993
1315
45
559
3753
2329
1556
3582
2855
1716
1816
2165
1762
3409
2289
1438
2785
3433
184
440
2655
2324
1264
146
1130
642
2921
963
991
3429
2931
3050
2998
2540
1287
4086
1153
2434
3848
2463
486
3260
2351
1092
1531
2739
289
2367
1137
475
1096
3100
3320
1292
2794
2869
4017
354
120
3917
2008
3140
1170
4065
177
1812
1314
3321
1830
2840
446
2952
3509
645
814
382
3683
1344
498
127
837
330
3210
2040
202
1472
2493
3645
1498
877
554
2781
1217
2053
1056
3044
2182
2103
435
2896
4020
29
2707
738
3495
1312
4040
2658
3918
2024
3664
3137
2607
2791
1054
668
694
3472
495
701
728
439
137
3068
3873
290
179
3985
3700
288
2936
3793
3605
4026
2078
962
3083
3034
3521
3537
2062
145
803
3750
1958
3854
1299
2038
2579
1403
1882
1148
3119
1505
2543
3416
458
1427
2974
3166
1131
3622
2775
1180
395
2704
3970
1402
3702
327
2591
1263
759
2383
1221
3697
819
3937
1503
822
1478
3565
3611
466
2981
674
4038
1985
397
2950
2291
1121
3523
2439
2645
3302
1844
1645
2190
3340
3051
758
1944
2632
3064
4044
116
889
2930
3942
2991
3726
2810
2285
3343
3080
3829
383
3688
3791
1389
3123
31
1008
3190
3838
2464
3383
1260
6
3975
2807
2252
3115
1396
64
477
2732
540
1652
1881
1143
3503
2271
3520
2037
2817
3598
2990
1261
794
639
106
2798
3059
3883
3437
2287
765
1735
666
2558
2871
7
1839
2973
1798
1254
249
786
1700
3251
3677
2592
99
2735
513
1693
10
1595
2547
2907
169
1049
1333
110
2802
3065
2137
853
1580
2174
3554
1751
1282
887
3
2793
2052
2194
3978
3544
945
2505
2425
1765
3635
2043
2283
3475
2213
2109
1192
4095
1667
1293
1
138
3698
2941
2167
94
2020
1507
577
3209
2482
1730
4014
2801
2604
820
2845
2606
15
2565
1695
3623
3547
1794
1975
3561
2211
1071
2828
4019
2725
723
724
1220
1548
2966
1523
646
1729
890
79
836
3853
704
3892
1644
615
924
818
115
2686
591
488
693
1323
3638
2214
140
1740
3024
2940
265
3291
611
3788
2835
3496
4007
4052
273
1956
864
1005
1195
3784
2065
535
3257
1980
2476
2099
3194
3002
3843
2856
1105
1549
2454
183
3616
1450
3452
2443
1057
1613
2800
1942
895
1832
1911
1643
2847
462
3763
743
3185
3671
2667
2441
193
2158
2666
3693
2881
2829
2132
1974
1589
2193
3491
869
2254
1948
2661
2838
1437
2934
1569
2415
3590
1213
2029
742
1171
2971
3987
2281
1993
2243
973
1601
2195
496
2924
1360
250
67
1889
1764
2873
3559
3297
3834
842
2303
2577
272
1895
3818
448
1326
3466
640
1388
2771
1202
1241
364
1619
158
174
939
2169
3417
1231
617
1091
212
2407
3151
3410
3493
1782
1875
3304
42
2488
3133
1016
1185
2698
3819
3860
3789
2097
888
3871
1419
2116
810
582
1847
1874
2999
1861
320
2755
1776
3405
2336
154
1440
764
2333
2629
3849
998
708
1184
3373
2544
1304
1030
755
101
3755
2916
3979
3232
2361
655
1497
560
2357
1553
857
2983
1477
859
2276
3305
1587
2406
3731
2681
2935
219
1775
87
1995
2951
1759
2541
1520
1710
1943
612
221
1474
2716
9
3945
648
2048
3811
566
1787
3106
2056
749
3067
2063
3607
2600
144
3360
750
186
3545
335
107
3284
806
1573
2858
860
748
3947
1715
2496
336
2701
624
2796
1888
3595
1085
3241
2049
119
2854
3541
436
1527
2753
381
2960
1390
4075
3609
2347
1066
1255
3126
2575
1638
1525
824
840
46
3124
3486
201
3430
741
2961
1939
1781
425
3882
1053
3411
1431
3273
3336
1414
1733
3356
3972
1634
340
2710
1401
954
1557
2884
933
2811
2826
3446
1112
337
3665
1996
3720
722
3471
3878
1912
420
479
3529
3543
1181
3048
2985
1918
1347
2516
2610
3387
1967
510
2625
1277
262
141
2396
504
734
524
3028
2539
3957
2292
2740
1690
3968
1226
3431
3841
2514
1406
2221
3358
997
2290
570
2590
277
189
2105
3091
2947
3361
2084
1345
942
306
1686
784
3371
237
2248
3845
1021
1210
1018
3773
2001
2920
2494
569
4043
1624
163
1452
3213
172
2232
2692
598
1724
3867
1355
1429
1519
3201
1720
3977
371
3570
626
1413
388
3640
173
4027
797
374
2296
1245
3935
2564
1307
2106
977
3313
3131
1637
187
3601
2414
2656
1039
152
2027
2397
1109
1705
2044
2569
4072
689
1027
1698
3333
976
1495
592
2405
18
564
1079
1973
213
1325
3274
3712
2051
2717
974
1006
1463
3497
3142
1089
2897
2197
1211
736
1410
3229
1135
3903
2894
763
1133
2310
1534
658
3342
3480
1650
2608
2298
206
3879
1742
2272
402
3747
1048
3004
2115
1746
1809
1821
2141
2734
122
3915
2054
2574
2774
3149
3944
2633
2669
1024
384
3739
990
3872
558
3294
1157
170
416
3967
2305
1439
2863
1522
3118
3608
1518
3680
3685
2614
2713
3005
2457
1837
2280
2422
1036
3684
1790
1247
2618
809
3212
2582
2536
1150
2269
2398
245
1563
2231
50
2226
351
2260
1860
567
2515
2789
886
3719
1653
3301
2126
197
1745
467
293
2081
3032
2381
638
2922
1070
3084
3584
3558
1905
659
2977
2322
2153
3715
2256
3897
1854
2055
2628
3730
1084
1387
3538
191
355
780
2475
851
3401
2007
2923
2619
96
1033
1286
2111
1290
900
2997
3188
2430
2424
4060
2219
369
1517
2423
2223
70
630
3744
2117
2778
3397
1035
3325
4021
317
3186
2403
426
157
2016
1237
3113
769
500
3949
2300
1348
247
4080
1661
3816
3219
2696
1793
1891
3055
1364
1349
1218
1457
1728
3724
1115
1778
2724
1207
3266
279
1808
1697
1370
199
766
926
3252
2311
1200
2366
2797
1116
2530
679
3672
700
843
2150
999
108
2171
2101
4047
1659
176
2815
838
1699
883
4046
2527
3710
1786
3681
1555
2714
863
126
599
2762
1000
3237
3810
2887
2332
1330
307
1258
2034
2545
2205
2266
1526
4031
1152
1359
3716
312
1736
2466
1515
4003
1001
2384
1274
2504
3644
2617
134
1363
3995
3206
910
3628
3169
3705
2893
3037
876
276
3029
1828
1392
1577
2451
2764
2730
852
3317
1748
1395
1561
2760
16
433
278
3234
3865
4018
1628
871
3138
3389
2452
280
1558
3678
334
2431
1103
685
1744
975
133
3785
305
691
3310
677
1369
4022
3003
2011
1196
2675
89
761
3423
2825
3082
1475
3398
3022
1113
2364
240
745
1272
752
84
2812
1649
2814
3074
3354
2646
1640
2992
1265
2284
1966
195
452
3177
1337
3192
2091
601
244
2172
2402
2480
2563
2392
1188
3966
730
1351
1594
77
2477
2664
1004
1045
971
932
2693
3563
2531
2652
196
3708
3597
719
715
3473
1629
1288
432
3061
1856
3552
523
2330
2841
444
2552
311
2419
1682
1324
2685
3467
2181
75
2738
3018
1542
1684
1172
49
3425
3250
1436
3276
1332
1090
1768
3813
1571
3868
1707
3823
795
1051
3874
222
180
3844
1984
2096
3568
25
3858
1834
1300
1434
450
3370
3507
3150
4063
3071
637
2432
3199
2379
2953
2227
2212
2742
1843
2727
1516
3316
509
251
454
3802
3727
1161
1669
2588
2124
3235
3351
2589
1464
3447
4010
1375
1050
3223
1331
2799
2731
2100
1660
1923
3889
1924
1159
2769
1061
2249
1972
1712
3468
1368
123
3804
3283
2890
2134
733
609
2750
1576
1884
3125
211
2712
3540
325
529
798
2334
3714
3856
3275
3009
372
811
3912
2192
2864
3667
2474
2218
3775
3492
2450
2023
1023
1784
2339
3093
3445
3807
3820
3264
2237
2160
1134
3293
1513
580
802
3895
2611
2597
2549
1178
2850
1169
1654
1239
2399
1198
1110
937
3531
899
697
1222
1352
3246
3101
12
1422
51
1340
1466
2567
3097
790
2508
373
620
1683
3172
3268
2862
2021
581
3567
1791
410
3376
3931
2766
3832
1416
2025
2989
282
3517
113
2943
2906
3155
3817
804
3159
2745
3692
739
3951
2679
2503
2108
2805
1950
78
4005
1278
1908
542
2867
1433
392
3642
844
1761
3158
2830
3086
3636
3066
97
3287
3075
2086
256
3713
4056
1384
970
1633
2492
1506
2848
2473
3661
471
1815
1206
2958
1309
2306
2980
3406
314
3983
1617
2127
508
3167
356
3030
603
2261
2662
465
3580
3921
2004
2865
1508
2967
3330
43
347
1155
408
1848
3796
1163
200
407
3440
1904
2375
148
1572
2886
2976
4009
4024
390
1568
2790
2695
548
2302
1866
1318
3891
2041
3352
2394
807
3181
2251
2513
1421
572
1750
3964
1863
2321
3691
770
178
1945
165
1371
81
1991
1909
2135
2348
480
903
1042
958
460
3016
1635
3226
185
3427
4034
3799
333
789
287
3633
588
1408
2497
322
531
3394
613
1183
3596
2484
4001
3021
4051
2654
2133
396
4004
3088
2982
3963
2444
3846
2031
3893
533
1677
2711
3620
1285
3349
1622
3311
2389
2911
3976
2849
3053
2161
2803
597
2326
1938
3812
2230
1701
1044
3033
2773
1367
1203
3271
2178
1957
2927
2637
662
2472
2946
2939
3346
2131
2568
2119
3852
669
1124
1462
1795
3943
881
2824
3768
1989
1404
455
2188
1868
3839
2164
2378
2620
2307
3085
2500
2674
121
897
2098
2206
1302
1719
3656
3533
1313
2429
952
1128
2837
2756
3602
228
2050
1666
1119
619
2144
1951
3013
1339
2187
1921
1646
922
4082
2877
3367
1687
503
413
3438
1424
2077
3907
3395
3258
2851
2783
2709
2234
1820
274
1680
1872
91
2524
2229
3888
1064
817
3996
3626
316
1449
830
3105
711
3526
102
3076
2129
1208
1205
1952
1328
3923
3765
1484
1256
2242
1796
257
651
2235
3184
1598
3742
1583
1524
913
3391
3965
2585
2722
491
3400
1068
943
1914
858
487
1127
3039
1757
1673
412
1537
2630
3901
2852
3175
3390
2994
768
4064
1456
3646
2670
1853
243
2880
1026
2468
2327
95
3950
2528
1219
3797
3366
2358
3043
326
1499
1281
538
3036
2672
297
2353
1932
1906
1176
2088
3946
1977
3418
2671
3659
3337
406
982
3780
1780
1949
3038
2210
2749
1298
710
2706
3794
2267
2273
2688
2070
447
3981
2955
3020
2224
2694
1969
2782
979
3997
981
774
2265
1575
74
1772
1623
3939
1916
3696
1877
1411
955
1199
1147
2616
1858
3095
1074
489
3197
688
1193
832
1959
2627
3866
1487
329
3494
3312
1962
3079
2780
241
3327
3450
1398
3600
3653
469
1639
2596
3851
3952
756
1490
1584
1968
847
1009
4061
2426
3786
1512
829
3973
3402
1544
3588
3295
2559
1415
908
3736
263
3699
493
3694
3632
866
856
1981
259
3282
3424
539
1145
3439
19
2719
3574
1885
3242
706
1829
2642
1069
3974
3381
2257
4030
2467
226
816
3886
2680
3864
2988
2470
1500
427
3339
604
3725
2080
623
941
2436
3160
2570
1802
1696
754
3019
1919
3240
2309
1376
1496
476
3270
4090
2369
3924
1988
3928
2913
2202
66
3991
3286
2087
3641
1804
1052
153
2433
1727
821
712
2095
268
72
692
3214
602
1708
2959
1606
3099
2368
2882
266
3259
3454
3690
34
3096
129
459
3877
827
2069
3407
414
902
2471
1953
20
238
3046
1246
1173
3035
3363
2944
516
729
1047
2138
1397
2481
3553
702
1236
3778
1253
2555
2388
2151
464
2142
2506
2904
2446
1028
2580
71
1933
160
283
1920
647
960
3550
2288
1838
1104
2605
1718
2122
578
210
3516
896
3112
3760
2149
1741
33
1833
41
3847
3634
3532
2066
352
873
3629
785
2175
3408
931
1470
3899
557
720
3827
2152
839
2068
928
835
1899
2092
1618
1656
1251
3108
1913
525
4028
805
3508
291
2067
2938
2478
2013
2089
209
1747
3205
3476
3556
3238
453
3499
865
2861
1774
292
607
3443
4067
1504
3869
2653
1280
1294
1308
2748
565
1341
959
737
203
2421
1651
3989
1592
28
2818
1492
3555
2962
833
2253
1502
3805
1870
308
3386
1846
1432
3011
1753
303
4006
1612
511
2743
2247
3666
3687
1013
3654
457
652
549
142
699
365
3094
3179
1926
233
1423
2889
996
799
2684
2883
370
4041
1212
2787
1536
775
2060
295
2687
1098
3121
1151
3139
3578
258
4015
2370
543
2757
1379
2198
727
3862
2
2872
1893
3762
1149
4002
3562
231
783
1630
332
1845
757
2870
2308
1356
3512
1453
1827
470
342
391
2002
1114
3525
358
916
3790
3706
622
2822
1252
690
682
3984
3426
2377
1038
3738
3191
3414
3359
3455
4083
1865
2705
885
1166
892
2112
1593
2191
2005
1678
117
1082
2162
3404
781
1407
1250
938
2204
2009
1443
532
4087
3910
1012
2634
3008
2146
229
1983
313
2691
3141
421
3456
3534
2831
2919
1535
2572
1532
1896
2968
1529
1361
3564
2878
3831
2853
1460
1770
600
1543
270
716
3808
3216
3364
3255
3535
1473
2453
1999
721
2279
3670
38
2294
3187
162
2702
3904
1610
3225
301
2263
1688
1789
2200
1647
555
2395
3458
484
2373
552
2519
3729
1083
1186
2594
261
2015
3465
828
1862
2888
300
1979
3323
1579
1714
344
2460
3012
294
3833
58
1223
2905
1600
2726
1233
594
4076
608
3393
1530
2499
2683
1928
3319
2047
1451
2626
2866
2501
3006
3994
284
2972
2663
3585
2365
242
3203
2196
605
1194
4049
2118
343
