2496
1093
2834
1857
1931
2010
939
3443
729
3078
2066
3615
3512
3417
78
2424
1843
3842
3459
3014
1908
1495
1728
3157
4077
3477
1872
3184
3824
889
3362
105
3596
3006
1067
793
1724
3968
1919
1868
303
1631
2381
2726
3050
1849
2683
3769
444
2851
3544
1144
2018
2244
2274
2642
2153
207
3568
159
3791
2331
2338
2849
3356
2370
909
2106
2314
2723
4053
2695
3328
795
3735
571
4003
3305
1994
1103
1502
1596
1617
4041
2003
2812
305
2476
1146
1472
3357
1835
3183
3406
2618
3113
3177
114
2710
3620
1002
2428
119
2470
1733
3189
850
1524
1205
3570
613
2343
2117
2557
3944
3732
1609
4090
1555
510
1839
871
2687
615
1029
213
2399
2713
2990
2869
398
145
662
943
1301
1744
3368
3582
3140
1917
382
1255
3636
2835
3509
1391
1723
2956
116
2684
2378
846
2401
3529
3149
3494
1500
3787
2691
3795
300
962
1462
3538
2855
838
3365
4056
737
1611
1466
1825
1131
2740
2785
553
3097
3018
699
1414
3022
2961
3370
1873
1011
1529
2950
44
1988
419
2330
4068
2124
471
1342
1550
1959
2941
1979
908
3382
2653
2295
3762
2562
1004
3299
1821
1291
2430
687
2625
567
948
1464
1947
4063
1685
1933
2894
2397
518
2427
492
1412
1056
2944
1831
3659
3253
3858
1450
1521
2857
1536
743
2164
3530
1171
539
738
3121
1997
129
3042
2057
2613
2203
431
2061
1974
1454
1948
814
3755
1899
390
211
546
3652
1049
3227
1116
2522
3247
2793
4025
2177
3718
851
1257
2454
2411
2874
2512
770
2178
2991
2918
2573
3065
1057
2544
1560
1319
2004
320
2398
1070
607
3254
413
1504
3474
1286
21
638
3132
2111
1512
1523
442
1420
883
1579
788
267
3288
964
244
3714
148
3807
1705
2896
364
3906
1438
4064
486
278
884
3139
2015
2328
1449
1227
2570
2704
3041
3668
3017
1965
3624
2716
3700
236
2259
2116
1173
885
3464
3179
395
813
3164
3300
3471
2471
153
2722
2223
2942
3279
3136
1145
1234
1943
897
719
2072
1646
1961
276
1476
4008
2520
220
2291
3085
2551
712
3970
2980
980
2157
3888
666
3567
289
3118
3835
3037
1174
1743
3586
664
529
1971
3403
1641
2773
950
2694
3245
342
2545
3353
3900
2892
2069
541
268
3270
2059
197
701
1951
2257
3276
3663
2830
3682
4043
3275
3389
2446
1318
612
513
1038
856
3776
3435
2221
2112
3778
3722
3837
1520
1554
4071
2014
2437
4072
1422
3772
2662
1760
138
2932
2620
3517
3581
3550
1433
938
1097
590
230
1400
1573
3730
2456
1352
27
2686
1944
2675
3028
3699
1612
181
2929
601
893
348
1430
1101
671
3757
652
1270
2158
3662
2448
304
1213
2337
76
2628
776
2459
683
407
1028
477
1750
1032
2294
2122
3000
2180
3721
1642
3264
1075
2391
2195
1247
137
2452
3614
3217
822
2420
2822
2880
700
923
1109
1388
717
1799
503
2709
1511
3242
3981
3577
2308
2107
347
1304
2225
1634
2030
930
3492
485
1860
1324
3320
2673
3598
772
913
805
2304
728
2908
3107
2750
3293
1587
2120
2181
2863
670
2135
16
949
243
3476
1236
25
3012
3565
4066
3504
4037
1007
1606
3950
2188
2055
1170
4012
1736
3032
1785
1984
452
2667
1805
1469
2814
2461
191
3373
3788
3879
1246
3783
1177
1010
1413
1210
1365
522
2576
2756
2094
2439
294
2312
650
3930
2963
1191
3081
3488
3547
1480
2883
1283
2215
1136
3392
2737
1572
1731
489
2207
3491
1308
611
1866
3912
334
3141
3857
1664
30
1632
1147
3282
1703
1742
3844
1567
3102
3875
1120
1252
1666
92
2682
2445
3966
1522
140
3440
2216
2125
1377
2511
3393
3523
2076
3671
2629
1261
2366
1801
2790
2482
2182
2706
35
3925
260
3958
2602
2053
3559
1949
2469
1186
2681
1238
2669
2612
2530
3020
484
3055
3560
3705
905
3805
653
991
2165
2266
808
1190
4069
1453
2090
3134
1753
886
887
1780
2199
3828
1393
1033
1058
3749
3947
1968
435
2989
2048
235
1383
2498
2745
2779
1739
109
2483
316
2601
1305
1509
2355
2171
3655
1996
2596
1541
1076
1259
1764
56
2781
52
10
3761
2252
3222
3746
1219
388
273
2433
3297
3642
1112
1576
3939
379
3158
618
1983
3751
3670
2174
3053
2639
3654
596
2679
3223
2945
1139
428
1382
4067
47
1593
1859
2149
3
1891
127
387
3797
1294
108
36
3355
3739
3702
3047
2508
3354
1142
450
3861
1059
2340
2787
2037
840
3815
3758
1558
1043
1889
1515
2510
1578
1350
3258
1985
3021
2228
1987
2127
1389
2850
526
74
1417
716
2743
2617
202
1942
1278
3860
397
768
2237
1525
3817
2110
3363
328
3707
1106
336
3423
3934
1513
2236
3731
2734
3156
1140
614
3079
3068
722
2063
1085
1777
3909
2065
581
3703
4094
1505
4092
1380
3898
3625
54
3069
681
2501
3095
88
2608
81
2719
2858
2279
918
1321
2276
3846
333
758
1249
3533
2560
1087
824
1184
3332
903
494
587
3111
2598
3479
224
823
2457
1865
597
915
2867
447
2073
1407
308
1023
1940
2828
1281
3601
3949
3905
583
1765
1890
723
512
421
2035
43
953
170
965
99
1369
3645
1048
269
1686
3277
2270
3026
3827
362
1798
648
3383
468
2847
2833
933
3369
240
1783
141
1756
1016
1176
3629
147
2323
3587
3794
1371
2759
3123
4029
3994
3234
104
3326
2505
274
2339
3148
152
1776
1410
2222
3049
2542
3367
3109
924
4078
3307
1019
2699
1811
3142
1782
2766
3088
1833
720
3462
730
2277
629
2290
3960
227
1886
531
779
3520
2845
3639
155
3781
3203
2536
2717
1980
2758
688
1706
2626
3552
2140
3062
3972
3437
1600
298
1734
3292
1570
1084
3647
2192
1716
2543
3119
2246
1079
3027
630
2185
1009
3350
1752
426
3627
1690
3531
3811
2455
2022
1584
2310
1973
1594
250
790
1151
2862
4086
2969
852
1598
2742
1290
2637
365
2011
458
3499
1636
189
3004
3112
3660
501
1258
3502
3420
1874
2306
3941
3250
3110
2873
1995
1372
339
2341
1421
2196
533
1086
2753
1206
451
1840
2765
2567
312
1537
2068
229
3506
696
2077
404
1250
2200
102
1285
271
2652
869
713
2645
301
2220
241
3896
2506
2600
984
3441
1108
1237
3764
2032
1675
2744
1962
412
171
3421
3337
1670
2958
787
2321
2852
2733
1187
1814
3779
418
3561
898
378
1696
3505
192
3209
4060
1486
2736
1374
314
3360
2636
794
2791
1729
126
2818
1929
2572
3515
1775
1456
1850
4093
2563
3100
384
408
3650
2460
3304
1595
1684
42
999
643
847
2923
1298
97
2389
1419
1601
3519
2193
550
3244
3346
2982
1936
792
2396
2172
595
974
1640
221
1411
3204
2772
4010
1326
2670
1712
2356
455
1192
217
2292
381
1790
287
2735
3325
2627
679
1041
283
1166
3194
2861
2701
1465
1568
2097
3439
1193
2954
3747
1532
2587
317
3106
1501
2213
3404
1217
854
507
1911
3378
3556
954
3637
1721
1563
332
1518
528
2564
98
1034
1993
1267
1165
911
835
3199
3265
3187
3475
2085
2898
2283
1654
800
3978
1540
3180
2395
2146
1279
3128
2523
112
3246
307
3386
161
3431
2739
2349
493
1888
3541
3150
1392
983
3801
1746
1256
1309
3296
2239
2616
1713
675
1358
3372
2384
402
3352
8
706
1590
1898
1906
1565
2224
2971
3046
1999
1861
329
2031
1228
173
3977
1284
3540
1202
497
2079
3266
2418
2467
369
2924
4075
2468
3864
1638
2884
2184
1148
660
3922
1208
1172
2376
1836
584
3516
711
1658
3472
960
3712
1232
2409
3019
3238
3168
3838
2251
3742
2387
1268
3937
2714
2275
1484
3621
2906
3167
2249
249
2810
2486
549
3493
1428
1359
932
747
804
3942
1415
2489
2692
849
1939
821
1244
1163
3745
3962
1276
3287
891
256
2640
799
2631
1788
2817
1779
2038
3058
1647
1818
3825
2466
845
2854
1793
2651
3262
2363
634
1039
2070
3575
1128
263
1972
732
3789
3545
3366
2546
1544
3904
3676
3117
2518
2247
1200
3638
2783
1621
1003
3294
508
874
2272
3192
3228
3394
3785
1404
3619
3317
110
174
2825
1602
651
1832
1275
1100
4002
3147
1915
4009
2799
3388
859
315
1357
3840
3991
2725
3723
2137
2984
2877
1916
1863
3503
763
3002
3405
3466
3956
2591
3696
2875
3473
3281
3549
3057
2595
4044
335
2023
2419
1363
3210
2992
1432
3240
3213
1599
3623
3832
1015
2829
3151
420
4030
2301
3874
2495
2866
3090
2102
3855
3486
1880
1827
2083
3186
2298
574
4016
1111
1194
3812
2903
2477
292
1132
3602
95
1329
3450
1795
3542
3680
80
3877
1907
1331
401
2610
3810
252
1376
506
2293
1981
2243
60
2047
761
2663
3613
2776
1820
2346
1893
1482
3361
594
1220
642
38
1794
817
2588
1470
2235
1635
951
3511
1027
2128
1913
551
1812
135
2091
2537
3216
2609
3853
2113
2354
3364
3872
94
669
356
1063
3848
22
3407
998
284
697
2671
1130
2036
232
2364
1583
3495
1547
3717
2012
2494
2580
2921
275
820
2630
483
3040
1673
1896
215
1768
1620
3854
2114
2757
218
2656
744
1711
3428
2383
3283
1408
3921
2287
41
2394
2976
1677
1771
3461
1543
2475
366
1506
1149
3555
2809
1164
1239
490
3701
3616
1828
344
1846
100
394
4024
2388
2996
3946
3429
1334
916
352
771
3990
605
3449
1040
500
3456
2417
2241
3261
635
1894
1477
2168
2946
434
2435
640
4007
1763
175
1024
1585
3955
164
3719
3501
1803
691
3678
1549
2811
1542
3528
3688
917
2160
715
1730
386
3478
4088
3181
3312
3071
1950
709
2934
4032
740
1668
1201
1639
620
3381
454
311
599
1963
742
645
819
1592
2581
3768
1197
2585
1083
2676
3999
3306
179
3029
2981
3594
3938
890
3641
667
2297
2887
3695
3415
3686
3818
3401
253
3105
3295
1954
3160
2730
2286
1925
505
1037
3433
4005
1883
3039
2797
773
3043
1928
3756
1704
238
2191
1455
247
1154
3480
989
2332
2499
2502
803
1548
3557
1998
4000
3197
2654
443
2973
1975
3704
2532
3077
4076
1693
1475
3202
1648
2329
2092
1687
777
941
3725
3724
50
3343
3738
1405
3876
3454
2638
2928
306
3537
206
1473
1272
3185
2197
2345
199
2693
936
1551
873
2718
3092
3903
3165
1535
3489
1367
1492
1740
1458
3576
3176
2051
1952
136
1767
187
1212
172
3259
184
1519
2357
201
3073
1660
3524
1054
2126
2521
4082
2233
2702
2406
1339
372
3075
3770
3233
3689
4033
2039
2731
3152
781
4047
1882
2285
3664
1188
982
608
3101
1900
1289
19
570
1902
558
2619
806
1791
1852
2253
2727
2028
3600
1807
469
3089
1920
606
77
842
2139
3226
527
2891
3409
4014
2373
2204
3127
396
3852
476
870
3249
3137
2130
1489
1095
2318
37
2100
1045
1397
2885
1922
2170
1375
3442
644
2365
3087
3083
3161
3539
144
467
3775
1699
1364
881
1264
783
3033
1497
2300
178
2317
1330
1564
2967
2768
3777
2777
624
1338
3336
2423
2265
2590
157
3697
560
2410
1837
2533
3881
3737
470
2650
228
1436
2088
561
3099
2966
2916
128
1287
1604
3819
2843
1313
865
441
2002
180
3229
1726
3145
1927
2219
246
3284
1481
1869
2553
3694
702
1510
2962
1531
3444
120
3895
830
509
565
855
1826
1207
281
2878
422
945
2041
2837
2008
641
836
2575
784
2089
2749
257
2071
1162
3971
1096
3214
1179
2912
142
3453
2678
2393
1360
2311
3948
2205
1065
1211
721
3340
2464
456
2761
4026
1488
3278
3196
3510
1251
3508
3188
321
2316
3094
3220
663
1856
2889
448
143
2248
555
2421
2747
1967
646
1855
2708
3200
1526
2901
2786
1847
1649
1431
1682
2819
2644
1474
3015
2993
2665
2299
2104
2860
1068
93
1759
2169
1235
1700
1946
1017
1479
556
2882
3426
1871
3889
169
3120
2001
2664
1930
1719
449
2342
3385
1114
3865
1681
11
367
727
237
1932
82
3672
1695
3870
2538
515
3917
3219
600
2539
385
2698
2895
2513
2577
432
2659
765
1122
3380
1749
1427
1618
3809
1434
3618
2133
2985
3945
919
1242
86
1624
2268
48
3784
1347
2156
516
2214
3391
554
1610
3973
1335
3163
3765
2098
2333
752
1384
139
3633
2514
2360
3648
1879
498
2997
3910
654
1107
1892
3173
1081
4095
2957
1912
2118
2250
183
2450
2242
2566
698
204
3885
1333
1378
1050
566
1958
517
3333
809
2335
626
2167
785
3467
2404
637
1110
1182
3432
2382
3967
961
2021
1295
540
749
754
46
1297
3591
532
3470
1644
3979
1089
3800
3927
3902
2336
349
1452
2271
801
1229
3915
818
2027
4013
417
1386
2917
535
828
1842
1181
1448
3610
2152
757
3792
1875
2402
672
3897
3901
2064
3588
340
33
1077
3060
2808
2915
1485
682
1977
659
3255
3251
2017
4045
226
1848
2254
2603
2614
956
3252
4055
2816
49
3324
3574
925
3162
3178
4048
3172
2227
3806
2594
963
657
2904
2438
277
2326
972
2371
389
1463
3843
403
3285
2189
3626
778
411
2142
1591
3798
1198
3744
214
3975
1966
3414
2307
282
3436
1748
1443
2183
1784
684
2732
2296
1312
2910
708
1337
572
1796
1195
745
3126
1494
1439
2350
3031
942
1867
1862
255
2123
2798
1918
3878
3308
1316
2558
3008
1762
32
2804
1344
299
862
1714
1822
959
3318
1387
4011
286
2864
1772
1581
3103
393
2940
2648
409
940
2132
2554
2016
1823
3643
970
1362
3182
3084
1792
3191
3030
1577
1253
2405
1036
2067
3929
1614
1155
2752
3518
1105
2256
1770
3327
2746
186
2611
3038
72
2641
2724
3051
3763
931
290
2352
1423
3834
190
1769
3500
188
3521
780
3059
2062
392
7
1361
1802
3418
3804
2075
1018
580
2529
1688
547
1303
628
811
1538
2516
3001
3448
2635
3658
2415
627
3341
947
525
3138
1503
3988
1786
3963
1493
4057
3072
2705
3957
3447
736
3868
2582
2058
3543
1064
3833
1073
343
689
1527
2920
1306
3953
3241
2353
934
520
3098
968
251
83
978
2666
1221
1508
1701
2078
121
2155
2474
786
680
958
2115
4018
2826
1507
3153
2859
1020
2886
13
1923
3632
1787
4091
209
1781
2372
2547
1745
3911
2485
1310
350
4054
2970
734
2465
1735
2782
3859
2707
2647
2805
1178
1133
1053
1499
1613
2913
3271
3224
2074
582
3116
762
1819
2043
2451
2771
3592
901
3056
2820
1976
3034
2121
2162
2770
14
2841
3256
2226
2491
3104
3578
1006
1215
1379
895
2935
993
2902
1435
912
3190
2080
1203
65
4039
1708
166
91
2568
313
2473
3303
3741
1204
534
326
2105
866
3013
4042
647
617
3237
1300
2144
1218
3468
882
598
3727
2578
1722
150
3487
966
1514
2240
1853
3862
1625
2764
3067
3338
310
694
2369
3771
585
1498
3849
2998
1099
279
3940
2447
3070
3257
586
495
85
71
223
2839
1661
1327
2794
569
2129
2604
710
2721
288
2668
655
2548
2541
577
2813
2504
3198
3583
4050
2449
2390
844
3646
3011
1117
3548
1293
1066
2899
2922
373
3114
900
2161
1214
2685
2525
2408
2515
616
3218
1829
3398
3342
2959
234
3091
1844
425
1797
2432
2479
724
1134
1127
1271
2431
346
1277
2738
415
1240
864
3023
2403
1910
1755
568
3674
1398
3661
3131
64
2348
1370
910
2931
2187
1697
2795
1062
2806
2302
3634
760
133
2426
2484
1653
971
3976
892
1091
3793
979
324
2497
1332
198
2579
203
28
474
807
1810
1460
2322
2526
1727
1626
610
1274
3726
907
1104
1299
219
3535
2488
40
3584
3589
3205
860
2320
437
985
3766
3359
3720
2939
2056
3514
1459
216
988
1185
927
1905
3814
3010
1296
1241
1418
1858
2209
3593
61
3048
90
704
3410
242
31
3826
3513
3348
899
3612
67
3532
2597
3866
2150
739
843
2592
1336
797
3416
2478
578
2050
261
3482
465
1468
2305
1691
926
920
2711
748
1953
4034
3760
3920
2245
53
4006
2870
673
579
1113
4059
888
519
3656
1248
1396
1044
973
154
3644
1022
272
62
922
151
1230
3562
480
3496
921
2846
3856
2119
2202
1718
2700
750
248
976
1403
3451
3130
1627
3667
3679
2565
3316
1080
1121
2255
2095
2493
816
491
3469
3683
357
1141
829
1645
2559
1960
791
3993
399
70
3736
1491
2821
351
3093
2086
1317
1878
751
130
3951
848
118
266
4
861
3268
3673
1741
12
75
3836
2615
1758
464
3315
1534
1924
1789
3603
3007
457
3983
766
4083
89
2234
488
3554
2503
3698
1082
3916
499
1665
1707
3286
2760
536
2844
2729
2796
1545
3269
1528
1569
293
3334
929
1444
1026
2099
746
2472
2258
1461
2994
3803
2802
3606
946
17
4019
4049
1662
3397
2975
952
3024
1262
3716
863
1574
259
2313
3669
725
3175
3899
987
718
3434
1671
222
4084
3752
3063
1546
1223
1557
3630
3419
2911
1754
3526
4065
3345
20
1156
3677
3446
3016
3036
2020
1804
2441
2792
4021
1152
1672
2315
3914
1005
3054
3599
2593
3595
1766
3706
726
2179
1623
3331
2848
1655
3311
3750
3155
101
2977
327
3767
2909
2689
603
3715
2952
2741
3829
1265
2622
2145
542
2458
2815
291
2763
2697
3822
3989
3808
2728
3653
3061
3609
3376
2907
589
1774
1320
2042
96
258
3351
2429
3458
1773
1245
1957
1409
2574
1395
1566
3003
1343
1539
2524
1679
1402
3566
360
1351
2081
2143
460
4058
3820
1938
831
3497
1102
3154
2380
1047
3693
3322
2500
1292
3330
331
2436
2531
2696
55
2919
3329
631
1231
562
423
2232
1674
504
3005
1441
837
2186
2334
3534
358
2131
1311
656
1013
2392
3280
2273
3335
34
2425
1956
2947
1426
3713
1209
3894
2
1345
3211
633
1876
3319
1467
2344
2492
1263
1226
18
2175
2347
3490
1990
472
3887
2046
3759
3933
552
2978
802
210
3780
2879
2624
2948
2060
1098
2677
1175
2052
1851
3892
1717
103
2400
429
2535
2789
3964
2407
867
3349
1447
3622
1692
3572
1597
1042
1322
2561
3786
877
3207
2550
3457
2230
735
3430
3997
3115
79
2138
3321
1657
410
1014
3799
479
3884
1986
1571
3009
1356
2951
1157
325
3823
1353
1816
3839
355
2660
1643
1885
2893
3685
2995
1030
24
2480
4028
3358
9
857
1323
3347
2769
2210
2490
3170
3484
3212
1720
2082
2147
1877
185
3096
2748
1416
156
1881
1483
3291
678
1629
3851
2319
3193
1385
872
1676
1702
4046
2229
3546
928
2868
1680
826
2212
2054
2154
825
1870
1025
4085
3133
3740
2049
3692
4052
3597
2109
639
1619
3830
685
3690
3143
439
113
957
4001
1937
2643
2442
481
2960
158
2194
2800
2933
563
438
1834
3907
2569
264
2201
359
3873
3954
3298
1071
3052
2534
1288
4036
29
879
2527
2688
1399
3248
2897
3617
2720
1008
3635
3847
3371
2261
2674
3379
2655
1243
3339
604
2780
2374
3135
575
123
2375
564
353
3536
2778
3302
2325
3232
3260
1615
1125
3108
1254
106
1429
2803
5
3831
2599
2481
3455
3025
609
2026
3402
3465
1884
3841
1153
1368
4051
2621
391
2211
1119
2540
4035
3734
1315
975
3691
2987
3984
894
2101
3908
576
1815
1813
2936
1533
695
764
2173
3235
769
4074
368
3928
1373
59
1964
3427
3931
3374
1471
3665
981
868
996
674
322
2263
2206
2680
1830
2788
767
3273
1328
3124
514
3708
967
1616
3710
337
997
3413
1088
937
3086
68
914
1637
4079
992
265
3628
1808
1603
2964
1530
548
3666
1921
2019
3711
1090
3796
623
994
354
3166
3390
592
3422
1060
3225
3729
162
4017
2888
177
1260
756
3344
323
832
297
2007
3982
839
3573
3274
370
1115
2024
2453
1
117
1552
1183
2159
3952
2872
3377
2840
2927
1710
2949
319
1669
3064
3579
1055
371
168
1273
2755
2096
466
3743
2040
2762
2414
625
622
4080
1051
487
23
2103
3395
3996
537
1864
51
703
538
3863
3445
225
463
1955
2856
1559
446
2163
3965
2528
57
880
2774
559
374
2044
2289
2658
2141
1895
1266
1838
1269
3681
1437
1135
3802
3563
3867
2359
1887
1446
1633
3590
544
1588
591
3813
296
1854
1129
2865
1809
2634
3640
3146
896
208
3396
3452
2362
2586
416
58
2712
935
3754
692
45
2377
3236
3481
3201
4022
1074
1562
295
798
3869
524
376
4023
1046
2965
445
2955
3438
2264
2045
2006
593
2823
3375
2519
1934
1737
63
3384
676
1381
2231
1072
3880
377
383
1689
2327
1138
1663
1355
3607
1078
2649
2443
3913
3313
3206
3424
3387
1650
841
200
3961
3066
1143
2412
176
163
2556
2972
3074
270
131
1169
2087
1118
3605
2190
3498
115
1390
2262
1969
3571
902
3035
2368
2605
2657
707
2309
2509
815
1354
755
3585
3551
827
2974
986
414
2416
39
523
2881
87
4031
3657
254
3208
2633
1340
3882
2623
2836
196
1012
4020
573
2009
84
733
2646
3936
3045
693
26
195
3782
4027
440
3231
69
3774
2218
1709
588
1991
1094
1897
459
4087
285
511
2715
759
3709
302
3871
1605
2853
3310
3076
2238
796
1307
1992
2549
2930
2938
3159
1914
3890
741
3883
2606
1445
3924
436
3684
107
2767
3821
1031
878
1052
2303
774
1021
233
4015
1496
4089
1123
3460
2925
2988
1069
2217
812
194
543
3400
2979
15
66
2034
2801
686
3790
1168
3314
2661
239
1824
1137
1092
1199
1586
341
3263
3239
1845
1575
1158
619
2358
2084
858
1160
496
2198
1659
3569
1487
3125
1216
2005
1757
3891
1694
530
3243
2876
1580
2422
475
3301
1222
2983
1280
3753
1941
3943
1698
125
1150
661
1401
318
2282
3564
2754
2517
165
1516
2093
3969
3773
122
3272
345
3309
2000
2269
3485
2434
2842
2914
1935
430
231
1989
1325
2607
1302
782
146
3649
3399
462
4040
2672
2281
2351
1800
1440
602
2136
1061
453
545
1978
1124
1683
3580
4073
2552
789
3171
3604
1841
1490
1909
3129
3733
1656
3230
424
1806
2968
3687
775
4062
2943
2632
1556
2584
3323
3926
2278
557
3558
1349
2583
2148
2151
1945
3195
1678
955
1451
2926
705
3675
1425
111
1348
478
1225
2379
2284
1000
753
2827
3221
1732
2824
1224
1282
2751
3748
1667
3483
3850
2953
502
1751
1346
1233
1622
2589
1406
433
262
1457
632
3728
2838
3995
2571
3553
3651
2029
2108
73
904
3522
375
473
1341
995
2413
665
2555
1982
3411
2703
6
3816
1725
1738
969
2280
3267
3290
380
2784
1715
2775
427
2905
2288
1196
2890
1778
1035
3525
2463
3845
944
132
1628
280
3122
2386
1366
833
2507
1761
2807
3919
621
2385
668
906
1189
3918
3080
714
330
1903
1126
3608
361
1582
3289
205
1180
690
2831
3985
182
1478
3144
3932
2033
167
3408
212
2462
1167
1630
338
1901
1159
3986
3044
3082
2690
160
4038
1926
4061
1747
810
4081
3463
1607
2440
3992
4004
1608
2324
3611
658
3935
0
1001
2260
1517
405
134
2487
2900
990
3412
309
400
3980
2176
2361
406
876
2999
193
977
3174
1442
875
2871
2367
3959
1652
3987
834
2025
1553
2134
3893
3169
3923
3631
2444
245
1817
521
363
2937
1394
2208
1651
636
1970
3507
4070
677
3974
1161
482
3527
1904
3886
2267
3425
3215
3998
1561
853
2986
124
2013
1314
731
2832
649
461
1424
149
2166
1589
