1953
2672
2416
2175
1968
4036
2082
2140
2608
4043
3308
2849
1823
2017
2778
3265
2923
2963
1597
3536
465
243
600
2799
1063
3210
1306
3430
2481
3034
2850
3240
784
2719
3502
3993
1297
749
1615
3577
3374
3616
2372
2432
2021
3782
1776
2282
432
3526
715
3166
1678
1181
1248
1457
519
3644
3235
4062
3645
2669
273
763
673
2578
3346
359
1382
2716
2592
4064
1088
3779
451
3138
3973
2004
557
3136
3216
2784
1601
2411
678
3862
1440
1148
1437
1046
917
2468
2292
613
564
1744
119
3361
3412
3661
96
2397
2010
2755
2237
1032
3634
3810
3864
576
4022
1243
2339
1618
934
2471
507
637
999
2801
2289
3846
203
616
1193
3010
1187
1086
2462
2718
3127
2251
1904
554
2559
943
1338
3192
1683
2905
6
3501
2720
3889
2507
2078
3019
1704
189
1340
909
1644
2297
3241
71
33
3925
1354
1917
874
1022
65
3288
3392
1816
277
3948
2493
1273
421
3835
3628
1183
3897
2484
2380
642
1730
822
2205
2027
2007
2775
1740
418
1908
0
448
1696
3739
2041
1902
3225
3763
3345
3688
1004
1169
1133
1887
2513
221
3905
3465
322
611
4084
3087
1593
2744
2998
197
2811
2627
2158
3798
2901
587
1685
1443
3152
2342
1729
2544
861
3041
3942
2466
3612
3082
3570
1149
37
967
41
3090
667
3719
3738
2876
1163
3373
3143
2470
327
3708
3692
348
381
3001
3133
2069
2178
665
45
1687
865
3443
3406
1160
446
1372
3119
2566
2241
105
3824
2303
2270
3944
3335
2447
2943
955
3199
3440
571
3884
3153
1571
3398
3185
2180
1091
1134
1773
1517
2714
2315
804
740
2596
1434
2687
518
2638
947
3988
2526
70
792
2882
405
2225
1497
3018
3968
3472
755
1132
1624
1951
2872
2410
2450
1653
3124
1603
3802
3158
3058
1632
3638
2564
2354
3239
813
3799
1211
2151
3544
2402
3280
697
2329
316
2198
1451
1018
3737
1377
3521
1999
3364
2488
3453
2731
3150
2745
1665
2527
3534
1973
2780
2846
2895
1943
3673
1750
1785
2044
990
1688
1112
1634
438
2961
3894
3680
2347
3679
328
2033
2243
103
3540
2066
430
3716
3656
3319
3776
66
2519
110
2480
1137
91
3983
3648
3297
2217
3794
2195
964
2926
2572
2937
1925
216
1901
261
3960
1508
3468
58
3504
836
3173
3693
3667
269
1117
3071
3836
1718
93
480
1378
262
1735
115
3823
3626
3256
2286
1676
3697
2590
1926
1531
2261
1763
3231
2858
1290
2458
259
460
3053
3283
1853
754
2022
2359
2667
761
3341
1834
1734
1759
1611
899
489
1923
3786
3298
1765
2686
1310
1649
2953
4070
1906
1277
2494
384
4034
2358
1407
722
2869
2476
1135
1882
3936
454
3977
306
3171
474
4039
2610
2460
2419
4056
1271
2405
1499
3742
2072
3042
128
1153
373
2134
2351
577
2192
2965
3685
3483
3565
877
1940
3083
1942
915
636
1150
2388
2637
12
437
3844
3009
1246
705
3772
341
113
326
3852
388
3379
2643
923
2665
3963
1254
1856
3418
3234
3805
2283
3480
1417
2958
2579
1510
856
3316
98
1232
2654
3512
1151
2681
3070
1664
1500
3063
3279
153
1111
3774
208
3752
2211
848
3375
3878
3069
497
3871
632
1989
3790
2792
2510
1918
1059
3122
3851
1337
3564
1931
2129
525
2363
3391
3476
3290
674
4019
1736
3410
508
2277
3914
717
1671
1690
2783
3751
946
2344
2828
1152
2441
3525
1164
2766
2888
420
3212
3021
1792
3732
425
245
3627
1070
3294
782
1628
3338
378
3922
614
1521
2291
2456
2942
3650
1106
2355
726
815
383
1568
1524
4011
424
389
3013
3724
1442
3048
881
906
3664
2823
2604
1171
3447
4085
3289
2245
3220
3916
3353
2772
1101
387
3370
1422
2105
1060
2110
3250
1379
3856
4003
2553
1233
270
2949
2796
2734
3917
521
1414
3257
3219
2974
3356
3207
1666
3014
180
2257
1156
494
20
3206
2009
3159
2197
1712
3753
1281
1990
1162
2023
3712
3510
2323
692
3699
779
980
2188
1172
2928
1662
3307
173
3481
2589
3094
3850
4026
1322
2677
1260
4047
1933
1893
3610
1031
3347
2698
568
994
3226
2150
3066
2133
2263
2853
959
2875
556
118
744
1000
3123
1767
129
3092
69
1002
806
789
828
1464
3148
3174
2149
958
2768
532
996
2832
3079
3952
3325
29
548
1483
743
235
2477
374
3670
491
2350
2222
279
2369
2038
1935
1778
3348
251
2693
974
3901
3520
2428
2381
3933
1762
3011
3169
1756
586
3981
1819
2345
992
3200
952
412
3282
1294
2640
2268
4075
94
3576
1820
2964
3285
2144
707
1586
1389
2326
3898
456
2916
25
1754
1614
3424
2586
1975
299
757
2865
1388
337
1691
4083
2284
2377
2624
1136
3609
1362
927
1242
1230
1919
1221
1285
95
2936
2454
2516
1725
2697
1578
4051
2478
1509
1237
1672
1495
688
3726
1554
1049
86
2556
2723
2218
1262
239
562
3482
3396
2690
55
2170
3629
3800
2414
579
663
1300
2863
850
402
2260
2395
2932
2808
1439
1564
1225
2662
2408
3451
1556
603
2940
2525
541
2868
1185
3193
395
1821
949
32
394
2682
2371
1397
2508
3980
1006
88
979
1081
1779
2703
3222
3446
2099
1739
390
3046
1511
3953
1249
1892
916
288
604
1764
560
106
1105
4091
718
1392
1245
2542
898
1289
268
1522
311
3625
1468
2685
745
3928
1370
3049
2547
824
862
859
3204
498
364
1868
921
278
4078
2051
149
1702
1177
2986
2053
1121
2883
884
870
1286
2809
3955
1980
807
2373
2330
2357
3951
2806
2692
1421
2625
2595
2036
3600
3113
276
274
2646
1139
3012
2512
3044
206
3585
186
35
2020
3429
1157
1040
2722
829
3529
2436
2148
2620
4059
2074
2991
1799
768
2204
2130
315
2534
1855
817
3000
3433
3006
52
342
131
3834
1803
182
3500
1283
1122
2548
265
3517
1661
1530
2316
3574
3128
1798
2167
1308
2083
1186
3182
3769
1784
2308
3943
184
3068
3452
2475
1551
3599
516
1466
3232
1288
2079
871
193
764
2266
781
158
3508
1505
3937
275
1404
3462
3408
2244
3499
1094
3376
1259
3059
3549
2386
2081
101
1498
984
1726
2421
1240
3660
350
2985
2864
3783
3004
1009
846
778
2712
780
2249
376
3689
3129
2068
607
2509
3518
1419
510
2978
2155
3141
3711
1270
3883
2465
2265
1453
1587
194
3538
1470
1723
573
1728
1147
2776
104
2160
163
267
1976
2163
1997
2539
3278
1373
1806
2569
3395
2774
407
930
1314
3827
961
3312
914
4093
3594
651
2467
3986
1818
911
4088
2060
3882
2851
1986
2613
429
61
3359
2446
2382
2704
795
1058
1467
2434
876
1616
2891
3911
151
2302
1008
11
3633
2597
1215
3770
2728
3323
534
167
84
414
2983
2276
3329
3327
1033
4074
1701
4086
857
1257
592
3658
4073
1535
1998
3959
2504
3822
1053
2585
922
1633
664
2039
1423
758
3523
210
126
419
2136
380
599
3815
3655
3485
2097
3733
595
2552
529
1862
2893
1359
3642
840
3479
1055
2727
499
775
3780
234
2900
3213
2374
1841
3383
3589
2272
1836
3595
3975
1224
1944
3527
1639
1068
1788
3190
2725
546
672
2881
2048
2619
3750
517
14
3706
2145
190
1576
3583
2598
1652
2185
3722
1104
918
3214
2688
1780
3618
2533
3020
1585
4055
3879
2759
2821
3237
821
1845
3340
3613
811
56
2702
1276
3357
3867
1194
845
2422
903
3005
659
662
3854
3797
2126
3116
102
16
1410
1716
3426
3849
619
2736
1178
1584
3057
1992
3457
703
1872
796
3561
3448
3620
3617
699
2530
2335
99
1445
2581
902
2361
2752
2628
1873
3683
1559
2334
218
1329
296
2653
1607
321
851
2676
13
2740
1885
3573
1567
28
675
2903
3382
1351
2546
1103
539
1026
1167
2786
938
1828
449
933
470
2623
1748
331
2240
1635
1612
4067
1515
2914
2612
998
108
3775
266
2730
1067
989
3435
1897
1264
1143
2337
618
2763
1978
2767
139
965
654
3691
2684
2375
2571
116
1636
2096
2927
2817
1907
3155
264
1065
621
187
2463
120
1930
995
1234
1825
2427
3317
875
3682
2518
185
60
887
1800
1295
713
50
2615
2448
1790
3086
3202
2387
873
1374
2201
3299
971
3663
905
2310
2770
1485
1810
1577
3098
3528
201
3161
2803
170
3486
2502
3156
1590
1077
3409
633
1959
458
1627
2052
2473
3313
759
3194
2717
1056
2246
1321
323
1342
3819
4042
628
2
689
4066
1206
2922
3602
3669
900
3935
1360
2724
4052
4079
3400
2726
624
3284
1553
1098
3978
1489
783
445
2250
3954
1029
2228
896
2894
527
2959
3804
2966
2159
1605
1317
145
2221
1595
1706
3814
867
966
2298
1937
462
1415
2655
1955
3843
2030
3217
1396
3607
3369
3895
567
2172
2800
3816
2616
1504
3260
2630
297
2164
1659
1226
839
1993
3104
3542
868
169
308
132
3344
3251
1154
2689
3456
3767
639
2696
3162
2710
406
200
3906
1365
2008
2605
1145
580
459
658
1387
134
427
181
2399
2013
199
2301
426
1447
351
3154
2852
2680
237
866
3598
1858
4032
1536
4054
574
3801
3029
3263
1692
1808
48
2002
1677
2219
410
3272
2908
3114
831
408
668
3025
1336
3956
1454
860
4029
1977
2602
1981
2587
2367
2365
176
2208
368
1334
3781
1003
2063
141
1272
3384
3310
3957
329
1462
2575
294
747
130
547
1682
1898
1280
1884
869
230
879
1420
1667
1159
1638
1024
3764
1282
2651
3559
3332
2656
680
1596
583
698
3771
3195
760
3197
1428
435
464
1358
367
3839
2524
1085
2403
3419
1175
1936
3563
83
4082
2184
2652
997
324
2325
1073
3556
953
3238
1219
2896
2551
2840
2366
588
2314
73
53
1220
1263
1207
2084
1161
2423
1646
2885
3137
2139
788
552
1011
36
1658
3270
51
4049
863
2999
1850
140
246
2674
3891
1482
2861
1747
799
1879
2336
2300
2393
1275
4007
1492
858
2946
1877
925
175
2495
1028
3350
785
1768
1932
2193
156
3140
233
706
2094
2012
2279
3909
2113
2933
1209
1292
1557
3829
1252
3491
2067
2452
317
4027
1267
932
2641
2186
1168
2400
569
290
1809
4023
3855
1994
655
2235
2497
1795
649
209
1641
944
1463
3513
2691
1867
1092
2844
2668
3789
1830
1166
1109
3886
3552
2349
2558
950
3135
2954
3036
1476
1562
3820
849
2216
399
1461
671
1247
3118
1527
3024
3233
3961
31
1766
3386
3853
3632
2617
3995
3191
2886
3266
240
3555
1721
2396
1844
2469
3678
1849
683
988
3760
2538
3037
1355
1770
1130
1941
3579
526
3254
1878
2138
4038
4048
3405
2621
3992
3533
769
355
3773
2810
282
3459
4065
1116
2059
1532
305
1623
638
2816
250
1346
523
823
363
1757
2333
3571
3273
2593
1539
398
2054
3478
2232
3985
1303
3221
3229
1184
1987
178
30
3966
3811
2087
3531
3343
3934
1196
913
2190
3067
3109
1210
3306
2018
2741
1228
3874
2715
1660
520
135
2353
2420
1710
734
2989
1573
3511
1549
3698
4025
1700
2479
2972
1369
2635
2910
4014
620
3677
551
211
3330
1927
4033
975
1473
3503
4015
155
1400
3926
535
1775
690
3702
2930
585
78
3208
3845
3471
2984
1523
229
3466
3121
2830
2870
2061
2873
503
3746
505
3551
3921
2679
3281
392
2451
731
258
2633
835
4094
3700
1916
1822
2813
3721
1921
74
4024
3831
1675
4072
3622
2118
1552
3621
1312
3432
166
2815
2820
976
2309
3817
428
2535
2000
1752
531
2318
1643
1448
496
752
1315
2787
2089
492
2213
538
3051
748
1984
2034
478
2196
1436
3530
3659
1198
2491
2970
888
1229
2181
3976
3248
1214
1057
2214
379
1622
1545
1074
1205
1895
3363
1250
3970
256
1794
1829
2733
1797
2732
67
3110
4045
1066
2599
1565
3091
771
2779
1409
2609
3904
762
5
3252
794
3619
3016
810
159
1017
339
1123
1241
3881
2549
1339
570
1475
488
1201
3420
467
2749
320
2412
4006
3880
1084
2379
4005
2649
3321
1113
3615
3603
1848
3184
2026
2328
723
3755
1045
2742
3543
482
423
302
2941
1913
2293
3475
3043
940
746
1610
3592
2209
770
3566
882
3557
2713
3596
2859
2278
1331
615
853
645
2842
774
1575
1402
2046
495
945
3089
1606
1938
400
1142
3460
2296
1438
684
694
2764
951
834
1435
2522
2675
283
1631
2871
1732
77
57
3637
1946
1972
669
1791
2317
954
172
2750
681
2464
1332
2056
1204
3230
2394
236
2431
2976
528
2489
2982
1118
2356
3170
9
2947
1375
330
1939
3301
1911
3333
2987
1983
2047
3560
3464
3795
247
797
1333
3421
1075
217
226
920
34
3120
2070
1097
1052
401
1698
3397
2562
3039
1343
2678
935
956
479
338
2568
292
2088
1376
2238
2147
3522
987
3494
4087
522
2594
3267
889
2574
362
271
711
485
3812
2203
2285
1651
1714
43
3211
1705
1146
4004
1542
1477
2761
192
1180
3436
1253
286
1041
1707
372
293
1087
3081
3647
504
2977
1441
3320
2929
2626
1356
3919
2532
1881
2909
591
344
2103
2100
506
3671
2440
436
3103
3847
2913
1713
1493
1722
1089
3989
3506
2805
3378
2788
386
2973
63
3286
2050
1971
2528
660
1561
82
1956
285
3759
886
370
2969
1814
3705
2644
2981
1755
2005
442
3876
1679
21
2636
1021
415
3084
1385
3224
1880
2262
2116
3806
2131
3474
1805
1974
3187
22
3869
18
3587
2661
1110
2884
2264
3179
805
968
3950
3175
3757
2814
64
826
2570
2015
3762
2921
891
2077
1433
1265
530
3813
2376
2561
2521
3425
3305
2879
3065
700
1347
2117
3168
225
3558
3754
3694
2639
648
1366
2874
3390
280
3588
1866
3077
2114
157
2659
2098
2760
2407
589
1719
2773
1320
2992
1299
687
2807
2505
1781
1244
3586
23
3605
3736
3728
2948
2695
1663
2839
76
1655
413
3489
3277
2588
2707
404
3756
3601
1020
3132
2743
2819
558
3337
1044
679
948
2565
3649
1348
24
825
3362
375
4041
3469
3833
2281
893
3568
3541
3639
1680
2498
473
1519
334
3244
365
2683
1061
2917
2486
2837
2220
3003
46
880
2711
802
3643
3896
1304
2988
3873
1695
1835
3872
1429
3105
3243
2433
2836
3149
3695
493
514
2437
2557
3388
85
1837
3163
3422
2629
3167
1516
3532
885
4028
475
2658
150
1889
3450
2080
765
2925
3875
894
832
2370
2443
397
3336
3473
146
2721
2215
883
1630
486
2174
2424
719
3747
1131
2857
3080
1865
3990
4016
2435
901
3962
2095
3198
1478
2040
3696
289
1138
3715
2226
3064
360
2255
1815
2075
2085
767
2459
1012
2305
3546
1979
263
1783
1047
3493
3818
1325
2076
575
452
1080
2062
1114
2706
204
3097
3945
2324
3608
205
1120
1501
1619
2573
3496
2664
1600
2248
3458
2229
3505
3318
3274
843
3731
3858
1038
2747
1812
3547
960
1115
3381
566
195
1459
1548
1709
727
3017
2834
1192
255
2141
164
3467
2877
40
2049
3892
1025
3748
1287
144
2187
682
3581
890
1189
549
3631
3015
2065
2280
2273
2482
3929
3516
812
3302
3186
2997
3349
509
1313
4046
3766
2239
4030
2306
3389
2838
1191
3539
161
1125
2822
1960
1985
712
3535
833
1996
2275
1173
2935
1514
2413
2918
3061
2931
2383
39
978
612
3247
3139
346
957
1458
3524
2348
301
3172
2701
2515
2112
441
3908
2920
2341
1525
3413
3890
3342
3111
2042
2647
1961
2091
1361
1894
641
2762
7
1617
1964
4076
3902
309
1684
929
2867
4
385
1266
2032
3554
92
837
3164
3311
1309
148
4018
2825
3134
543
457
3126
2915
1528
2378
3131
3941
3088
1072
3657
2165
2499
1140
578
2545
1920
2156
1947
1406
1743
1195
1875
941
2878
1861
2835
936
2577
72
3490
1261
109
3548
1405
670
1258
3275
772
729
878
121
2791
1966
1954
461
1827
702
1711
2111
2154
241
704
366
314
1036
143
3180
2006
1608
393
596
2907
2119
2503
3996
1311
2123
4050
1591
2827
3745
2666
59
985
3354
2746
1016
1738
154
2252
3641
685
1367
2142
852
2104
847
332
3885
635
3276
1398
349
3002
1899
1563
2120
1296
2591
3377
1717
3245
2406
1802
3101
15
3292
3729
3624
3372
1909
627
3414
3402
3023
2622
1141
736
3394
1668
3861
1039
2236
2660
300
2576
2171
741
1213
2511
2960
238
3918
27
3007
2912
1100
3334
3684
3672
2968
3514
2455
1444
2567
1472
2860
2168
3407
2109
1637
3295
1912
4012
555
2606
2258
962
3328
354
3112
2490
3832
1957
2824
2671
904
2390
597
2514
325
391
2804
3291
1648
1345
2227
222
44
730
3144
3060
232
3859
2389
3393
919
973
646
512
1403
2055
3507
803
2102
2242
1102
2417
1546
3095
3366
1703
1014
2517
3982
2107
656
3399
2152
3704
2194
3630
42
3924
1456
584
2312
2031
2207
3455
666
924
396
2501
3287
81
3974
3681
3709
3912
2253
1569
1945
2924
1859
220
249
3788
1368
4089
1307
3830
3971
3947
3074
3303
1588
841
174
1010
808
1804
1449
3078
3404
1054
2580
215
2472
724
1758
2670
2313
1924
1418
3038
444
68
1543
3582
1934
2125
1179
3743
2043
1412
1383
1854
3125
3106
1394
2841
652
1095
1871
3899
590
2990
3300
2600
844
1144
117
3201
1831
2304
3495
1870
2829
3777
3665
1411
3228
1217
550
1681
487
3249
3749
2320
693
4077
2737
3107
2224
49
3913
1604
3923
2128
1891
2137
3442
3717
3713
1731
253
1408
4090
219
3062
3787
179
830
2952
2234
3417
500
1741
3741
1642
2729
1761
2212
142
2019
228
542
3640
97
581
3032
1013
1922
358
231
1284
553
3076
2364
79
3367
2176
3488
750
2785
1043
3176
1626
287
369
3965
629
1746
138
1069
864
2409
3808
3
2748
3380
1789
3401
2483
1212
3314
1326
136
3584
565
3793
2288
2582
2709
3903
3028
3938
2862
3668
3102
1030
2899
291
1602
3611
8
3454
2945
1170
1905
3358
343
2694
720
1199
281
1236
608
1231
62
3509
3371
2536
1318
3734
1051
1129
1969
165
3591
3857
4040
2771
416
1620
1291
1353
2259
440
1874
787
2529
2086
2035
318
1598
2898
1352
1857
1302
2368
439
1558
1777
3487
1774
1970
3597
630
272
310
1496
2474
2183
2287
2634
2206
3056
3590
1380
622
2332
2781
2738
838
2425
3714
3646
214
3196
594
1594
2392
1119
1689
3331
1745
1323
450
818
1256
471
335
3865
1328
2058
3907
3860
1811
1301
3093
2673
605
3415
2294
3636
284
1399
1469
1572
147
2398
725
3033
776
1391
177
1650
2794
721
650
4002
3593
483
3807
2327
3848
2135
3151
2833
738
1093
1427
563
1460
3205
1988
3183
3562
3900
3863
3765
3687
1694
3841
897
732
1579
3445
2520
1965
1465
2560
1869
2957
1733
468
3449
647
1048
1838
1673
855
942
2603
1155
466
2962
168
3296
827
3253
991
1126
3837
1174
2890
252
2269
336
2956
87
26
2426
3117
1251
643
133
3991
1890
1503
1357
3675
248
4009
4080
602
2487
2453
2340
3444
2045
2848
1023
1480
3075
1826
2866
3463
3710
2200
3269
2404
2071
1914
3744
2311
2064
2818
3108
511
3054
3701
333
598
1432
1239
352
1963
1064
1832
1027
766
481
1344
2429
3387
2444
453
1742
1395
3946
1843
1238
3887
3910
1538
791
854
1786
3264
2014
3215
3209
982
1720
2161
2439
3246
540
1341
2223
1491
926
304
1534
125
2798
111
2319
2795
2169
1560
2663
3177
2632
4044
3050
2157
477
1099
1888
3315
2980
2415
3411
2321
19
1669
1555
1860
2790
1769
227
1533
2267
2445
1915
3385
1401
2254
1910
1484
2230
127
254
3427
1629
3690
1613
644
3651
3261
3792
319
1640
1801
2756
1839
2645
3707
2362
1200
1583
124
1883
1188
1096
2995
928
3825
1609
353
160
490
3519
3146
1107
872
1034
696
2705
601
443
202
2108
1949
1001
3877
3492
609
3842
2845
2179
307
524
2789
657
3567
3791
260
409
572
1425
1208
1796
1042
4000
152
1674
1760
223
1657
2782
545
1529
2911
3999
1090
790
3623
756
3666
2812
3188
3768
800
2826
100
3735
403
1670
2757
1082
431
1371
1386
1876
3441
908
2611
1235
2016
631
716
3437
244
3984
377
3085
1645
3662
1570
3218
137
2090
3553
2955
2797
2584
361
1108
4092
2951
3888
3096
4013
582
3498
4021
695
3826
661
3130
2543
3115
1518
3428
2331
3868
3147
895
3268
1574
686
3821
2854
1384
2461
2442
3470
198
2101
977
533
2028
2199
3758
1864
1381
1847
3972
3026
38
3355
1807
2975
2352
3987
3181
3931
735
89
2233
2338
1430
3047
4057
1842
2607
433
1863
912
2057
75
1547
1727
303
786
1506
502
2299
820
422
1962
1589
625
162
345
1599
751
1982
2777
3431
242
4069
1886
3967
2153
1223
3730
3236
3073
1298
257
3030
1824
3654
2166
2162
2231
1544
191
1455
2202
90
3351
1929
2418
2735
1751
3949
3718
2993
2950
1772
3653
2802
2256
4095
2295
10
3434
171
2618
3339
3703
1896
4035
2550
1424
17
1647
1005
1540
2122
1349
2401
963
3035
1520
2182
3866
2996
1900
2189
2143
3803
469
1268
561
892
3674
708
3477
54
3740
1182
1537
1474
1656
2583
1771
3227
2934
2739
1737
1581
122
3676
1416
2307
212
3055
4068
907
1488
3145
842
513
411
1007
1274
2191
2290
1724
676
2001
1128
3785
3326
3725
2944
1654
701
3403
3497
2132
2093
476
3575
1697
3242
3293
1490
2939
1218
2902
3309
2271
371
3997
3727
3178
2765
4063
2485
3964
2146
814
2642
107
3165
3438
1967
777
1471
3932
3416
2210
972
2492
1846
2385
1
1364
2274
1852
2897
2555
3652
2614
2506
2887
1991
3484
970
455
2073
3027
983
3580
3304
2173
3920
3915
2003
4053
2856
463
3572
224
2971
3259
2758
733
798
910
3606
3796
1293
1255
183
1062
1050
1753
3940
1335
1324
3008
2438
313
2384
515
3072
1216
2906
773
2115
559
1840
1502
207
1813
1793
382
753
1995
1851
623
2025
1541
2322
3099
3324
3271
1390
1227
1487
298
1278
3352
3203
1078
3255
80
1124
1566
593
986
1699
2449
714
3439
1446
3635
3939
501
1035
3998
295
3569
3258
1621
3994
1037
1413
417
2531
1450
2843
617
1625
4010
3045
626
2648
2751
4058
2457
4037
1833
4060
2889
1327
801
2177
3365
1426
1550
2496
737
2537
2029
3969
4071
691
969
1393
2540
819
3031
1165
1592
1452
993
3022
3893
472
1512
47
1015
1582
1494
3838
2541
1948
3870
1787
1903
2346
357
1079
1305
3160
1363
2391
710
1952
3142
3322
640
3360
2699
3784
2247
2554
1513
3578
2831
606
4020
1203
1507
1580
1330
2979
2967
2892
1693
939
2769
3189
2855
1350
2092
2106
2994
3720
2880
2011
312
3958
1269
3100
2631
1158
3614
3052
2523
1686
1481
2919
3040
3515
793
1083
114
3927
2430
2037
1479
4031
1431
2657
356
3262
537
4061
188
213
2360
3809
112
447
3604
937
1316
536
981
1076
1319
340
809
2700
4008
677
2708
2127
1928
2601
3930
2753
1127
4001
3761
634
1222
3368
2754
2563
2024
544
610
816
4017
1749
931
1708
2500
3157
1176
1019
2121
728
3840
434
4081
3550
1190
3778
347
1715
739
2938
1202
196
2904
484
3223
1817
1782
3461
3545
1950
3686
123
1526
709
3723
2793
2124
3979
1071
1958
2847
1279
2343
1486
3423
3828
2650
742
1197
653
3537
