2921
2649
1228
1261
2489
3395
3866
2753
3998
2816
14
2971
3627
1813
537
3075
3286
4081
2268
101
1257
1781
2504
2652
3056
4071
203
2701
3345
3306
440
1765
1308
3698
2389
3889
346
1373
3928
671
3353
2062
2785
1059
3830
2826
904
3015
3815
1215
4046
3769
2963
1176
3471
2511
3044
538
376
3958
3581
3525
685
3929
411
2271
1089
2990
1571
1750
3909
3926
710
1530
3300
3061
2684
3734
763
2973
3820
2197
3025
3751
605
1995
1220
750
3583
413
1068
520
4033
3818
89
79
668
2453
2485
3074
4064
3743
2774
315
1908
1501
166
370
1427
2377
1736
3778
2398
960
364
2233
1500
720
3088
3092
1654
2526
732
3787
1676
3519
443
1359
1095
984
210
1553
612
3254
3953
2502
1663
1885
2783
1458
888
3384
3452
1616
1329
648
2093
1968
380
176
2581
554
3597
2681
3661
442
1705
340
1352
1534
383
2043
3191
3467
1251
2695
105
1413
1006
3431
566
676
2734
2205
1302
504
900
1314
665
2574
921
1955
1195
1009
3523
3947
846
825
1912
3749
515
1954
3703
42
3491
1435
1979
246
713
3307
2120
2864
1933
2521
4059
991
3021
1200
1108
3295
3262
3689
343
155
630
3753
232
961
1958
3104
3682
1029
1899
569
1210
2218
1362
2098
2119
1294
1218
3675
940
306
1565
875
1142
1635
1659
2341
2861
347
3045
3233
749
2962
1703
3158
3265
2040
3985
3028
2345
2313
534
798
1436
2941
1475
1213
2566
719
594
1809
980
4015
874
3843
85
3332
867
2054
1239
2404
649
1845
626
929
3779
1545
816
76
2472
793
3946
3648
1909
2381
1881
2687
1760
3645
905
2993
3810
1805
3574
1181
2238
2416
2544
2374
448
3962
2860
2531
619
69
1155
1063
1666
3255
394
2828
776
471
3481
3887
3401
2353
1872
2714
1722
3664
3101
3281
3517
3311
1570
239
862
3221
3657
2803
4009
1084
1336
3882
4070
519
291
2471
2729
1744
1541
1114
1817
1380
1730
487
3318
3925
2893
3658
1629
3479
2123
3048
2368
1097
53
2397
463
2940
3435
518
2666
3096
928
669
550
127
456
2216
2254
1699
2787
1077
3323
1177
1801
549
2586
4012
532
2352
1318
1383
1952
3786
290
3847
1046
949
1641
3380
1680
1285
45
1226
1985
4094
1184
646
2918
2244
738
3754
283
661
996
3371
1442
3173
673
1382
52
2762
1498
1130
2978
2607
2195
1906
3903
2399
3285
2878
1122
2194
3207
3066
3554
2542
321
3799
2792
2784
2479
3631
2789
4062
2711
3817
1083
211
2267
3904
1493
1042
586
2447
2429
2325
1133
1626
2769
3268
1904
1836
3499
392
96
1944
3714
2854
2154
389
302
529
2449
2726
1900
2548
3681
3321
1263
3251
821
771
814
2272
1224
2028
2180
1560
3680
3387
3402
3512
2858
3089
1989
154
3124
144
1818
1562
3529
424
2764
1746
1766
503
1631
1851
1575
159
1692
2460
2535
762
2304
3349
303
3047
2730
2922
258
2084
2051
1093
1438
615
3147
2619
2266
688
1777
233
1808
3192
2315
1768
2545
1862
133
2550
2757
3117
4040
2966
3040
3892
556
1526
157
3800
3155
3105
883
3918
1622
2074
2076
2165
493
1607
1353
3764
2844
1613
2417
2710
2985
835
112
2595
3419
4083
2181
1564
2761
1055
357
1866
2329
1953
1651
760
2974
2954
229
2383
1309
1351
2654
3055
3413
952
2287
1633
2686
1019
1132
3968
4028
2091
788
623
2246
3547
2149
2073
2380
3634
2728
552
2311
3916
1234
3209
587
2709
322
2096
2056
3081
3114
993
4020
2005
2955
2556
1389
3704
3571
153
657
2282
596
32
2512
756
2236
2663
2186
477
2495
2513
147
1936
1522
1792
1687
3772
1211
3252
2705
221
2882
897
2662
1323
716
2627
682
1441
1821
1941
513
360
1679
2874
595
4095
1901
830
3062
2378
822
3480
2196
1201
4001
3773
542
1519
2957
2755
437
2675
1997
3022
2309
4013
3973
3168
3324
3913
3809
3095
2558
1075
4060
3945
3385
129
4052
3097
2766
2285
1655
2594
2075
990
2674
1254
3603
1230
1922
2870
3069
2279
2644
785
474
1000
2633
2369
3203
3136
2100
3881
2682
1355
223
2632
294
1667
2231
514
2568
551
2024
2265
2340
3688
2919
3917
559
216
3722
1054
2095
470
2175
3539
3849
1846
25
2059
1473
2939
1297
3707
3545
252
3952
2520
3257
2322
1657
1992
2546
521
3172
633
1002
3139
163
957
3721
2461
320
1460
3587
1330
1047
3177
701
3508
2106
3576
3752
2210
892
1
2025
1907
3732
679
1175
3891
3357
3304
2748
2989
3879
3896
3106
1124
2679
405
795
2213
1702
2959
1492
22
2794
1495
84
251
483
28
2727
923
87
971
365
2082
2301
801
3294
2482
3093
3845
1962
190
2788
1896
3347
2956
3373
3920
660
17
1281
4029
2094
2219
3915
1123
1719
30
1478
162
295
1485
3243
297
881
2500
2778
2147
1013
1582
1398
2843
4031
1053
1825
506
1327
293
2716
1891
3128
3212
2809
1778
4006
183
2198
3724
1331
1445
2117
511
114
715
2443
979
2487
2911
3379
1111
981
670
1185
2464
2475
3120
603
3152
432
3240
2102
3227
3802
2423
1258
3948
1412
2751
1433
1152
3277
1288
3291
4088
9
910
3200
2450
1082
457
46
1918
1432
1675
2915
1120
766
1623
1990
2697
1496
3606
1563
3662
2063
140
3004
541
3266
1387
446
3888
3869
1207
4069
1404
2476
1179
1763
382
705
611
2456
2020
1375
2836
2588
13
2203
1049
2069
2982
2909
1756
2857
3360
3253
641
4011
3427
2810
1892
3039
2018
3919
3867
169
2146
2742
3202
3073
2085
2732
2441
3486
2130
1993
469
2814
3690
839
1437
170
1219
262
1164
2376
2473
1627
2421
1379
2289
2754
3103
3936
563
2111
2972
2733
3316
680
1884
1919
1070
200
1265
2667
1516
3819
2413
1030
2551
3679
2245
3308
1588
1429
3464
2804
3176
751
269
1087
1449
1828
2241
1419
2744
1396
2151
3861
637
1835
3880
2064
3236
3646
3863
1727
3129
2897
2008
3596
2859
1324
2354
2462
3601
3127
854
778
1961
1527
903
729
3059
488
1762
2782
1678
815
3090
187
911
1597
2896
2016
2226
1488
93
2863
3394
3171
2563
3699
111
3241
1775
1611
2255
1440
601
3220
2739
3831
1789
1237
3974
1617
2201
2945
3864
1593
2917
3463
4084
1472
2408
3844
186
3067
1469
3726
1225
257
3187
396
1568
721
3526
3007
977
2801
1017
2393
4022
2483
1368
1567
1528
4079
2923
31
3157
3421
184
3501
1984
3951
678
1630
3950
206
3826
1096
1031
1897
3570
1454
260
1860
439
44
1023
202
1397
1709
2758
1048
237
3355
1119
2799
228
3890
317
3344
2898
300
422
1033
2295
2364
3976
2214
791
789
999
2105
3792
1482
1194
3132
2428
1060
1395
868
3996
1203
1653
4087
1658
3346
954
3461
2066
2243
3660
3994
723
3462
1333
1036
1715
3145
336
764
621
2576
908
677
1956
2118
2907
2284
1903
2606
664
2852
3082
3406
3420
248
3534
2173
2191
636
110
182
1646
3482
3600
2438
2247
3024
2510
3665
1326
3364
2634
1443
1182
1698
2628
465
3972
2177
1067
434
497
2875
4005
361
178
890
3565
4048
2946
1774
919
1156
2090
16
2899
3248
3987
43
277
958
1394
2199
2775
1770
1661
1834
3169
2365
3418
2346
3757
334
2888
3894
2290
1366
1752
3111
2387
1721
1740
61
1340
1925
1319
941
1139
809
3033
1960
2688
1887
3966
51
2808
1401
1583
1755
1882
505
1757
2480
3624
1456
3112
3979
3403
3363
2890
2439
1898
1590
486
877
462
1361
428
36
2067
2086
2951
3456
3166
363
3876
4043
3716
1240
3391
2501
3711
997
575
453
1131
2431
3923
263
3877
279
1197
2975
1212
517
1642
2314
3372
3855
2590
3992
2176
2498
390
1537
2986
3085
3636
1287
174
1875
2396
2047
458
3473
757
2906
758
780
2275
4091
142
3151
2400
2044
616
2807
21
2152
3980
1269
1947
3723
243
75
381
2948
1494
1923
218
404
4049
1548
2892
609
3287
1140
3445
1685
2713
1669
1270
2626
1153
1127
2777
2055
1339
2492
475
2317
2790
2108
1448
3643
2694
2657
3667
972
2696
942
2207
3341
3398
3273
3793
2283
3834
341
1008
2625
1192
3208
3204
3575
1515
4007
2623
3742
2048
3382
3144
1344
1711
1183
189
2458
2402
3451
1748
707
3351
3676
3356
2813
2877
268
1798
1859
132
1310
3214
3659
2560
1584
2641
530
1464
304
618
1939
754
702
1652
3563
1767
2179
1745
90
1533
1531
1486
2440
2508
3072
3489
478
3615
2307
3125
3361
324
3133
2371
2145
2759
773
318
3035
704
3878
27
1803
2169
2350
1850
81
2312
2737
3041
3561
1273
1717
3411
1852
1024
2291
274
1467
1558
95
2765
2281
2343
3727
2629
54
3613
3310
3049
3185
1843
3123
1942
1191
686
3002
2128
3261
490
2499
3443
3767
1854
209
3476
2812
3288
3935
4072
2239
1700
2572
2388
173
2158
2193
696
2432
2468
2830
1148
3590
2411
748
2691
1800
1391
3271
584
613
3006
3263
1988
3393
3633
2608
451
2683
1293
1356
3077
281
2259
3444
3651
98
576
2333
535
1406
3195
3692
117
2006
2424
606
592
1341
944
2320
3422
1317
3330
860
1138
1662
2455
2157
3960
896
292
3146
2609
1315
2375
3046
3409
328
3934
3008
922
2298
3188
806
745
3348
2638
2668
131
1576
3326
2339
1895
1856
2958
2099
4025
3410
3335
3215
577
2359
1457
1861
3640
747
64
4
423
1693
2263
2931
3211
3256
3725
3408
1489
2930
3697
3712
3113
1893
1536
3455
3989
658
8
2791
335
2793
2553
2631
3637
1710
2258
3235
3739
582
769
2715
3424
2700
2293
4032
3068
3336
2406
2926
2277
310
307
1349
397
2124
3399
753
2141
4061
546
913
832
2330
1969
1272
3198
141
844
3784
2612
3885
1742
1032
2033
34
1134
150
3057
1894
1217
119
1243
727
500
3225
2937
2101
219
2031
2980
3108
1632
1858
2318
516
2592
2474
3122
2904
3437
3010
588
1751
227
2386
4004
3868
691
2887
3856
226
3901
3906
3702
1073
3238
880
1668
1967
752
2656
884
185
1056
1741
589
2405
2891
3014
3612
3249
2935
1143
850
2630
507
2525
3017
1098
820
3509
2078
1415
1370
77
3340
1987
3229
3267
1917
2655
3912
2466
1076
567
3130
3450
2414
1150
3115
3352
1466
1190
2001
1468
1578
1167
3162
1410
3766
2920
1816
3585
2538
3183
1920
2049
2582
1091
3179
1414
1450
3502
843
2363
1247
3063
2407
344
2150
3230
544
1749
1106
225
195
932
284
3217
3591
3503
3514
568
240
3592
3797
1689
2994
2579
4051
4092
1976
502
231
1066
509
2552
418
2187
2821
2379
2938
2866
1390
3301
3775
3862
2905
50
1853
779
1137
3811
869
531
1572
3812
3320
2358
362
1420
1163
3822
3029
373
3586
2849
1452
3874
72
571
508
2138
2042
3216
987
266
2879
2211
3453
1372
3182
548
3550
4082
253
2669
2133
3036
1338
3579
1252
1820
3303
2760
3498
452
3457
220
26
2039
1439
3417
71
3544
2987
409
2868
2889
1913
829
1983
1154
4021
2516
1279
2496
121
1298
3588
3199
2651
3975
2564
3560
1248
3964
2815
1187
3735
287
2072
786
2385
1974
387
1136
3871
2573
2928
2834
2264
2894
1483
3497
1028
94
666
3175
2297
2534
3760
3730
3440
2014
1080
1115
1619
2122
3459
2960
3140
62
1125
3154
2555
2382
2034
1149
1686
3695
2798
4054
3184
3562
3983
995
4038
1621
3654
4041
2185
2013
33
887
2614
3494
68
1712
2933
1916
2182
198
1078
1085
557
4058
1037
2235
591
2885
1569
3407
2452
2900
2019
629
2249
1504
3292
3458
1868
3231
265
1793
2929
1304
1556
3832
3533
2160
2257
2575
436
2000
1786
3079
1625
1729
2886
3829
1540
2223
1637
102
78
135
1665
2071
2747
3448
2026
741
4073
4076
1964
2337
1890
123
3930
3414
1824
3755
339
4027
662
947
1393
3
19
2355
3313
2740
790
2703
2305
1360
236
2030
2968
1772
99
2642
3538
3671
2159
2256
740
1773
1116
3623
1286
837
2841
2509
1189
2104
4067
2224
1282
955
3639
3038
57
2107
802
124
2601
2347
2420
1102
3705
1628
354
2873
1299
3186
2665
3415
739
4085
761
2776
3396
1718
4017
3027
1170
690
3833
709
3553
1555
1609
2943
3051
67
2209
2032
2503
1814
2519
817
3955
712
2584
3852
2650
3914
620
2991
638
765
2448
3556
3677
2824
853
1726
4042
103
2718
421
480
2445
2361
1233
1807
3011
1796
3567
2983
3329
2976
1648
1970
882
1428
3614
2288
2518
3031
1072
1112
898
870
2970
2242
1041
20
2827
1343
2139
1644
3997
937
781
1388
2334
1476
1761
1481
1162
4023
3776
1369
2087
3383
1697
261
734
871
3859
2910
3572
1566
2599
674
2673
1086
1166
3584
524
1071
358
2605
332
2570
3884
3895
1128
1346
3222
2661
417
2524
464
1815
2316
1480
2961
3018
3290
415
2433
1959
614
1491
783
165
2617
528
3715
2924
1354
1274
1929
3190
3750
395
143
580
375
2234
3857
1289
3460
2589
97
1822
1977
930
3339
2835
245
4002
2692
2549
234
3338
1172
4090
3940
1691
1704
1347
2192
1690
2876
1069
1471
3713
1455
1367
391
2927
1209
1103
1544
2002
1806
80
1262
476
2653
1604
3282
1062
388
3836
3851
1660
1823
3988
1841
2395
1465
3902
1610
484
1052
2796
2811
3798
1121
1109
861
1223
1174
1966
2596
694
823
3668
2583
2738
1539
555
3717
498
2565
4045
4074
545
1636
3978
3763
782
1608
479
2425
1586
1975
631
2041
3593
1728
2704
2367
244
590
2204
2745
992
1039
3744
2127
3317
3933
3927
4093
1400
2488
909
3436
2610
3164
1865
1430
1650
1542
3242
3102
1180
1260
852
1683
1321
455
2561
3578
1051
2372
2027
2567
349
2068
1242
1392
3174
3283
1600
3070
2446
967
3416
2467
108
329
3647
352
188
1364
312
1723
1849
2690
2113
654
772
901
2409
2114
491
3043
2327
3196
644
70
271
2012
1999
3549
2949
639
1948
1951
840
3999
3642
3706
655
3201
2543
985
3669
2969
482
920
3276
2908
1090
3931
2598
3827
412
797
1188
60
3148
959
1021
836
2463
2401
3143
1844
533
1921
3663
1747
1165
3245
1930
2660
2323
2871
1246
3990
943
3780
1484
3289
1418
3568
2913
2693
647
1499
1991
398
2454
598
3492
3598
3907
204
2435
407
1158
1399
1506
1716
3991
916
1342
3135
1426
1694
1902
543
151
3756
3602
224
3107
3515
3258
1015
604
2116
2430
3552
3875
1877
2260
179
3995
3484
2426
1618
989
2800
369
3551
3237
3528
3375
2296
833
167
205
4057
402
2571
1384
1720
3984
770
3789
254
1810
3696
3628
1425
1479
2348
994
3518
1915
3777
3153
454
2470
2221
1280
3898
912
171
3616
1295
2045
3557
3234
1474
4018
3302
735
1238
1557
272
1639
416
3825
2767
1842
865
3218
1509
2833
3165
1417
805
2336
3541
3650
2052
1405
3138
1490
1949
1811
931
494
3939
3840
3474
3747
1510
2137
1973
824
510
2200
1451
675
1937
1546
3785
2274
92
208
3542
1206
3239
1529
3759
1605
3791
3193
1596
2997
384
857
803
2995
656
2303
2536
1674
1684
2252
1035
149
3110
933
1431
1910
298
3213
2825
3573
627
2269
2434
3000
3466
522
1888
1358
3337
1783
1864
2038
1927
3228
1107
3116
3546
564
642
1316
2278
1874
2057
1020
652
63
3053
539
3981
2022
1026
1735
2153
3897
827
3685
3626
207
3012
2394
1110
4075
579
3700
2620
2459
3374
2338
49
1325
622
2602
1732
667
891
1826
672
1202
4086
3054
3275
3280
640
1198
2491
3223
3298
3850
978
3621
3693
1244
2903
2559
2081
1328
3439
2300
3210
2469
3181
717
1403
3003
2370
3023
3618
3537
3748
2215
3141
24
1010
1407
3758
838
2616
2708
1229
728
3632
489
3477
1145
2637
1743
3965
1517
355
1980
1871
1256
3447
128
939
3828
309
2856
3762
1886
3405
2212
3803
1769
3163
1971
2639
3274
430
2121
1502
11
1840
3865
2126
1940
4039
148
3244
3034
459
327
83
792
3941
316
1579
2671
2685
2677
2832
1104
968
526
136
116
2132
925
876
1880
2979
1785
879
222
1986
906
915
3350
73
3641
3259
2577
650
4024
2689
29
3446
3701
3091
1043
445
1477
2822
3653
3511
2643
4037
3521
2741
1487
4055
2481
1416
610
1601
152
2103
2722
1284
139
410
393
145
1943
2286
3134
350
634
2699
3967
585
570
2184
725
3937
2795
264
35
3246
3535
926
3922
3577
804
2436
2635
2659
1682
3805
3607
15
3334
1334
2746
2678
3977
3468
742
1126
3159
2156
1503
2053
3883
1996
1561
703
512
4000
104
3178
3284
856
3709
2981
722
607
2240
2392
2164
1117
1205
3121
3086
737
1538
3156
2611
3872
3619
3782
3194
851
3854
3343
3905
2419
3412
2360
2772
37
2967
342
599
1292
1981
3013
558
3026
1511
2752
3737
2702
2942
2077
3687
812
2166
2189
1250
2070
286
988
1592
917
3694
608
1045
1802
201
692
1303
308
3674
12
313
4003
1160
2478
3205
2232
40
2168
3768
2851
808
902
4065
1591
1081
2004
894
2750
1550
447
467
10
2883
1833
3305
1092
1848
138
1312
4030
2292
331
3423
3309
433
3388
3683
2061
1141
326
86
1935
66
2881
3099
1513
617
1615
1144
2645
1064
280
683
3733
3801
2220
1787
553
1867
1470
1779
2486
1911
3080
1283
212
775
3149
1827
2319
1434
1169
934
581
818
4035
1580
936
1535
2115
3428
2415
3433
1863
259
1673
2998
2541
560
1758
48
481
2089
3718
2003
1753
3465
847
3604
4036
429
359
3899
964
1173
3367
907
807
2647
3842
1337
3710
2621
2842
495
1928
3507
2335
2802
2190
624
1374
2276
2914
3731
2869
109
2597
4078
23
1453
2707
3846
2680
2110
4053
348
1386
1462
3293
3358
1957
2719
2736
1839
2618
2721
2457
2557
288
2248
935
4089
2270
1079
4047
3362
736
3720
3858
4044
74
810
777
3921
3813
2528
3180
2947
1320
1725
301
435
784
3510
2537
215
813
2036
886
3083
2712
2390
1931
3649
2136
2427
3126
1671
3485
3206
247
1681
1447
1819
1602
289
3532
2251
181
385
2515
1656
273
2009
3078
3630
2530
1549
2999
2880
733
2670
2756
3788
2451
1830
956
1878
986
3774
1005
314
998
759
1670
3478
3397
3686
2636
872
3342
158
1291
1963
1520
3729
333
88
1018
2664
242
2017
2065
325
3312
523
3605
3076
2850
2412
3328
1855
697
1932
59
3609
3472
1249
708
565
1014
1424
106
371
726
2562
948
889
419
2706
55
1409
1573
285
2658
3490
1129
2188
311
966
427
718
1357
276
1982
230
698
3516
3037
767
1847
2174
828
1776
1381
3432
2912
2838
1701
2143
1446
3170
3167
56
2366
3790
2600
885
41
296
2818
2308
2155
2080
2845
161
1253
693
2847
1552
2676
730
2952
1708
2356
625
3796
1508
3708
3956
338
1724
2250
1518
3838
2011
3219
799
2771
826
2148
1603
3741
2261
2050
1199
3656
1423
403
2237
2806
2964
1672
794
1645
3684
1620
379
3381
1696
0
1873
3005
1731
945
1677
1994
2229
3558
496
3837
651
2161
368
2872
2129
1268
2846
1838
973
2585
305
3841
1193
122
1784
1350
441
2743
1797
3160
1012
2384
3319
1171
744
256
2819
197
2540
3599
1889
1739
2273
1157
1232
600
2770
1065
695
3536
2720
466
1614
2505
400
2749
834
3559
180
1737
3058
214
1463
1221
1795
4050
3932
3900
1016
3377
2497
3142
3438
3487
3060
2418
643
1638
525
663
1044
1101
1159
3986
3299
3564
3765
632
38
156
444
3042
914
2934
241
976
2533
1011
2895
1812
4019
100
2547
238
3425
3109
2035
5
700
3746
3389
3247
3019
1050
1408
2773
1837
3625
3691
1643
962
2225
848
2342
2484
1606
3943
3506
1581
1025
2884
2996
2183
2797
3652
3386
2437
1296
1266
1231
3530
2953
408
597
3430
193
2723
1514
3052
1965
2310
3971
3655
965
3673
2170
58
4056
2109
199
194
1245
3736
2735
3670
3400
2208
1385
2163
1924
1998
4068
918
2444
2262
3771
2840
572
1649
2805
953
1790
115
527
2569
425
414
3944
460
2351
2622
3368
2944
873
1034
386
3161
6
1771
2217
1305
1007
2507
125
2613
1377
3376
3496
1554
3617
2490
473
192
3137
2410
1421
3224
1559
1348
3666
3094
2171
2839
1058
351
3816
899
18
1664
574
2403
485
2950
1524
1876
2615
1216
378
2142
1236
3580
1363
3197
2731
3442
2023
3522
3808
401
2253
951
578
130
196
4077
3475
1332
2302
3359
1214
635
1574
2097
800
1950
3098
2294
217
1764
1365
855
1186
573
561
1099
113
1799
983
1612
2925
3954
146
2206
2779
1277
2529
191
1003
3638
377
3493
1831
1300
47
645
536
3806
3314
1905
1624
2781
2780
3540
2539
3513
2855
743
2587
3520
3740
895
3100
927
431
3378
3429
1879
4026
863
2326
2010
893
3589
2328
1713
3963
1870
714
4034
356
2324
2391
2306
755
492
845
1512
970
1978
3938
768
3814
2060
2593
3250
3807
1322
866
2029
3118
982
1146
3924
3524
969
472
2228
3020
372
3957
3270
3860
583
3969
2768
3848
1208
2527
3794
91
3296
39
2591
3030
3770
1001
3469
2984
547
2522
118
275
2092
1688
774
3783
3610
3260
1551
1945
1521
2992
3488
2717
3131
3823
3087
3315
975
1938
819
1497
164
1532
450
3449
746
3272
2140
687
3500
1883
1204
1754
938
858
1706
255
499
1371
3608
3009
1275
1022
2037
3594
2648
1094
4010
3390
330
2477
1714
1306
3366
3369
3333
2724
1788
593
2015
3441
1914
323
3001
1345
2088
2280
3908
1780
4014
3365
3582
7
2362
366
849
699
213
3781
924
2299
2848
3853
367
1196
3531
3635
1259
2977
1647
3084
711
2640
4008
659
501
468
2494
353
1634
3264
1311
3622
2167
1057
1335
653
1543
1695
1459
2046
842
2112
1738
2135
267
2222
2603
2079
2202
1147
628
2162
3434
3119
3824
3555
1278
2867
3886
235
3839
681
1411
3961
3543
3483
1857
3354
2725
3548
1074
3719
3071
2083
1088
2902
2865
3504
3761
2988
3331
2
2698
1264
1422
3738
3804
168
3629
1794
1599
2580
811
1547
4063
2604
250
3566
3065
1734
2125
3050
2837
689
2021
2554
249
2523
1523
82
878
2058
1301
461
282
2624
177
2965
1804
374
2786
1241
1595
540
270
126
2131
1869
1004
3392
1791
2936
1829
1271
3672
2144
337
1178
2862
120
1235
3959
1038
4080
3795
2820
859
3569
2373
3620
2493
3970
1505
1040
1118
3032
974
1168
134
1113
3949
602
562
3982
2817
787
1100
420
3279
4066
406
3644
3297
4016
2532
3064
2172
3327
1598
345
2578
731
2422
1525
399
1934
1585
3470
2357
3016
160
3595
963
3728
2763
299
3835
1577
1061
3150
3269
1926
2442
2349
1759
3404
2672
864
706
1027
1227
137
1832
2007
2332
3527
1402
426
172
319
831
3893
3821
1222
2227
3232
3993
796
3189
1267
2514
3322
3495
449
1378
2230
2134
2829
2823
1587
2344
684
2321
107
1313
3745
278
1461
1444
2178
950
3426
2465
1307
3873
1255
3454
1376
1733
65
946
1782
2932
2853
3505
175
1589
3870
1151
2916
841
3370
3226
3278
1105
2517
3942
1161
2901
3325
2831
2331
1640
1290
1707
2506
3911
2646
1276
1946
1135
3910
1972
724
1594
438
1507
3678
3611
