3065
2022
260
3197
3841
2588
2836
408
2526
1758
1517
1908
1629
1532
3453
892
1791
3960
2770
3071
298
1180
164
174
289
1444
3268
1059
3659
2418
409
1104
1610
598
3086
918
2003
1654
1327
3448
504
1029
1835
1417
490
1646
2504
787
3465
285
3249
1437
1998
2545
2536
975
209
1410
3123
1348
1219
3105
3516
2132
995
2747
3527
2075
1194
607
1783
1964
3916
3375
2847
2164
2299
1450
1491
3656
327
2867
1710
1567
123
1149
3273
3281
1443
2185
954
1162
478
2564
855
1298
2548
533
2842
1225
2082
3702
2937
2466
3102
2217
760
870
3721
1179
3135
3924
683
3204
3525
1385
3817
324
3771
1527
3088
3795
517
3227
2356
2183
3367
1904
3640
56
222
2900
3863
1102
1678
2207
2225
848
4090
2802
2271
1804
3293
1306
4016
3144
1816
1797
524
4038
2744
3303
3188
970
1854
2995
390
2165
1719
1001
2553
3700
1722
2511
4017
3621
2613
2033
1496
1626
656
1846
3819
3938
249
3584
2246
3306
1492
3696
2570
2707
3414
255
1457
3401
2939
1435
444
1731
210
2891
3631
1604
2078
1190
1539
2270
2767
3648
283
3867
4093
1050
1936
4000
1561
3428
208
1146
3370
662
2368
1913
3956
2691
378
2096
61
3481
1177
3476
1038
2193
485
2420
1338
3022
99
1680
2340
2339
242
28
2093
3335
920
422
745
3855
1316
2721
1745
1637
2337
1551
2915
915
2889
1197
1855
244
1402
1195
3684
3703
571
3705
3121
491
3038
3651
3077
602
1358
1185
4006
2612
3315
2357
1850
3620
3178
2441
869
171
2103
731
2591
1911
1041
2135
3379
3393
2557
2459
1725
3605
1768
3626
2746
3964
264
3787
2175
3469
98
231
1962
3592
1088
3767
3392
3290
1140
3366
2210
1575
113
311
2904
542
3060
2138
1815
3594
3109
2004
3598
361
1900
288
1431
3523
454
2779
3807
1777
2704
650
2531
1674
2102
468
1066
1023
2189
2899
322
1083
3203
3557
1392
806
3829
2671
883
3486
3208
3968
3
229
3902
3940
2282
271
1859
3196
3596
2608
1669
2241
3076
2044
2456
583
3706
1552
350
3492
262
2118
281
2329
2632
1914
3084
2283
1787
1767
713
3138
3657
1847
2629
3669
3122
2446
3970
2960
3519
3992
2050
3459
744
1780
2245
172
803
3408
1639
1942
667
3394
3314
2813
332
1979
3450
1330
2375
950
1728
2156
111
139
465
2401
1602
1079
3429
3884
3182
3176
3761
1403
239
535
2261
3952
3709
3225
1676
2411
2730
2604
3921
3645
1169
162
3638
2209
2367
2740
3894
638
2472
2407
3539
14
3986
3805
620
4005
248
2625
3449
1657
1186
3822
1869
4037
2757
827
1694
1350
2857
4075
4088
634
3213
1256
308
176
3907
3690
1312
3350
3502
3667
885
1292
2860
3545
2474
859
2597
3349
2583
532
1524
363
992
2429
3403
1090
932
4031
1909
3424
4035
1178
3437
1806
3861
3888
3556
3150
2935
1155
2040
1236
414
898
1047
3878
698
1695
1641
1465
2397
3770
410
1711
772
878
3091
2749
374
2194
1584
20
3235
423
2518
2362
2687
2239
405
2208
1679
2606
44
1060
181
2364
2198
3112
2297
2575
1391
3039
97
2893
3858
1877
3193
1888
273
1907
3355
3456
3809
2994
219
858
2830
1990
579
3115
315
2969
4036
2481
830
3289
38
1976
136
1660
522
461
3130
1927
1130
619
2535
1970
4027
4010
3891
486
3325
3652
3779
1945
3997
3308
207
3573
425
2415
2705
1933
2530
3540
748
3643
2460
3757
2712
1620
1354
507
2812
645
1094
3879
3797
3832
2741
263
2600
3980
2358
1898
2885
3542
2398
3603
240
1886
4073
1172
290
1649
2273
3731
2043
1658
1203
1390
71
3860
3798
301
3174
1150
2679
2972
2505
17
2729
1116
2316
42
4084
971
2350
487
1890
2360
864
3364
450
1117
3693
3893
3941
550
2232
1630
3530
3790
541
651
2903
2858
13
4021
3650
732
2919
3883
678
258
2975
2416
2887
339
493
2202
833
2024
297
2392
2655
2709
1017
476
1428
826
936
2596
2062
1775
3759
687
3969
2449
2987
3443
4032
1488
3259
2404
3415
2689
573
2656
2381
1738
1281
804
845
3129
2666
863
3762
2123
2330
1315
2912
3498
291
3972
1448
2477
441
329
3381
2184
2403
1187
3957
1057
1906
539
1037
647
3406
161
3655
2865
570
2448
648
3736
3210
597
1237
2565
2222
2799
2295
2173
2913
412
2633
3457
2974
3395
594
1568
1525
3458
2706
109
3127
3864
2559
628
477
108
3348
3300
2089
272
3206
3590
2918
1807
1934
282
544
1546
3985
2700
3061
1999
548
1087
1249
1665
3132
1328
1714
590
993
3468
2419
1245
3447
3973
1109
3051
2279
612
2788
1924
3758
1718
137
2595
1128
427
943
2303
1687
2936
2784
47
551
2792
1337
1966
4033
4003
4012
3735
3338
475
3464
175
2945
2343
672
105
2233
2985
876
2793
922
614
1542
4041
1668
2099
3524
3358
2006
1737
3075
1091
198
2817
505
2355
632
2025
3873
1276
3482
2107
59
1296
1530
400
2954
3179
4025
3391
3463
1462
3616
765
1151
29
935
2965
3683
2336
3496
1645
3760
3389
2916
2508
1878
3006
2298
1480
3169
1663
519
86
2106
3963
3851
596
3811
2765
386
1442
213
1226
880
1994
1928
3283
3920
277
3369
3217
1600
800
966
49
2976
1347
640
1241
3904
53
1818
2305
574
141
1243
3269
1441
1326
2269
1958
1595
466
1851
3821
717
3360
1922
12
129
2493
3792
552
2835
1263
3298
1833
1655
1708
3191
2187
124
269
372
2032
3025
2409
2878
3056
19
2205
1064
3216
151
1557
844
453
2203
3755
2819
2465
3506
1741
1941
3118
1578
1782
1404
589
2414
2157
1902
2242
706
2293
4011
1978
3995
2614
2863
2760
1207
3163
2167
440
3444
116
1810
3357
644
110
2063
1720
2999
84
3390
4061
2353
70
625
3726
3565
3687
3838
3881
3586
2988
2809
2121
3782
3319
1141
1827
2252
2256
1955
3536
3786
1010
2500
369
2512
2610
72
811
3552
4046
1061
3886
2669
1205
2174
3554
653
43
2479
1115
1690
2502
438
306
749
2753
1577
1573
3014
1191
1619
3981
763
3833
834
3740
1993
1366
133
3663
3725
496
1682
2728
2475
3159
1438
3168
2013
1770
582
1825
1493
1822
2875
1831
957
2803
4002
1588
3430
3778
944
3929
976
394
3041
178
3869
1200
1536
1743
4018
3106
969
3243
1158
1482
2057
3931
21
2514
3140
2970
10
3173
1266
2926
3852
865
1609
1784
3045
3943
2191
3514
904
346
3299
2179
3846
2910
3499
2412
3036
2973
3965
1730
3361
292
2659
1589
1206
3387
3405
2759
3806
1507
2769
3784
3493
3446
1074
1814
1394
445
1605
94
331
2739
3028
3824
1653
3748
3675
2220
3903
1686
184
1612
2873
3564
2754
3619
421
2990
1638
3452
862
1670
1975
2665
1852
4066
3422
1698
669
3316
495
3812
1285
1003
2049
2260
337
3717
138
2223
3897
351
1479
1353
3820
2453
2452
3378
3186
3442
2634
624
2897
1643
1025
2016
3079
1863
566
326
2853
2323
2775
3720
1603
1015
1383
4068
211
1067
1800
2955
2247
1278
2615
3313
3718
3517
1398
707
426
670
3625
375
3205
710
1744
2566
1520
2125
903
3020
1164
1078
3177
1011
1930
3813
3593
3171
2966
2108
1897
1009
2777
2589
2699
1446
2480
1985
2188
3372
2344
2773
3330
221
2361
1980
2197
685
3950
1042
569
1119
3445
146
2425
900
432
1342
1484
2129
2783
3354
984
4001
2546
4034
1006
3658
927
773
1112
3043
280
482
420
796
1802
537
483
3402
1257
1070
1699
4013
101
2584
3101
1969
1416
312
2440
3334
3872
1894
3679
4028
3752
2592
1192
851
3262
205
3887
1522
2602
3834
1156
187
3015
546
2697
1016
3673
2942
2618
842
2907
2436
3698
586
3961
1049
1357
3776
3397
3007
3534
3958
3385
699
2630
3815
3785
1217
3674
526
1779
3328
35
3665
2892
1274
1939
2141
2094
2363
459
783
3247
631
2154
1377
2521
2786
1860
1387
1547
2980
341
1692
1817
148
1905
1529
4094
2658
771
2433
1795
1956
2454
2181
1874
1931
2807
3581
2844
159
1916
3404
1287
2142
3951
3666
665
321
79
104
1321
3040
305
3608
3606
2950
3810
1867
2645
3602
1659
1774
866
2402
2417
1379
1447
2649
367
1778
2940
3149
711
2369
1432
1844
3827
1371
469
3155
472
2852
406
1139
2650
3058
3466
1534
252
296
3946
488
990
2670
538
2067
191
1362
2321
3161
3331
212
4019
2943
3781
2609
2055
1344
1101
3302
3030
981
1971
276
3788
413
568
3818
1440
1661
4078
1196
2378
1691
3828
270
1611
743
616
2879
2182
1853
1543
577
2756
1935
2026
2031
403
3686
1031
451
1765
1920
102
1212
2713
2045
1329
2890
2312
1425
1167
3433
3889
295
1531
3874
1085
364
508
1356
1470
3376
1947
39
3668
503
3062
3955
3346
1857
2764
1951
2133
775
371
2871
2843
3094
1650
2717
2862
2654
2192
1616
3830
2019
1421
1840
767
2881
1399
1594
3099
3073
1545
654
3246
2162
1688
345
3611
494
60
952
1409
2296
1233
2622
1255
1320
2122
617
2668
1885
2560
2473
1406
1132
2377
1995
3793
3932
3780
3825
368
3050
1516
2061
576
3510
303
861
1992
1824
396
3067
2079
3944
2578
1494
2886
575
2379
323
2324
1376
348
1865
2790
3362
2959
802
1454
1876
192
1478
328
41
1624
3808
437
1697
1574
3461
2821
2501
955
3327
580
1919
871
2725
481
3092
3553
2552
2528
3570
4064
3312
1232
3739
1625
3777
1895
2444
1681
2267
1004
3128
2034
2311
925
2762
3856
1570
3187
3278
2030
3551
417
3896
1308
1222
3928
3304
1407
1503
2274
673
1133
893
821
2952
2951
80
3048
3975
2310
251
1838
3055
3714
591
751
593
3737
3979
1239
933
3154
1991
2264
3352
2701
2251
4054
792
3407
697
633
559
1008
360
2837
3577
962
2228
941
611
1188
2888
2047
3685
3167
2334
1752
1413
3814
1968
838
1747
3089
3671
1124
1642
1872
3418
769
388
3927
3642
223
3110
2073
1230
1569
2736
3291
972
3587
2041
3926
1193
3286
4048
2195
3104
1157
3460
2236
1
2953
3108
1159
4083
399
2054
1751
2331
2991
73
1405
1845
2914
436
2594
1289
57
987
786
2400
3194
2148
1821
268
1834
3257
3895
3901
1210
2083
939
547
2996
2069
581
3880
874
807
2681
3421
958
1271
1788
3826
2176
1582
3501
3664
2720
3934
48
660
3475
2029
1002
3318
2359
705
931
3609
3933
189
2695
1369
3010
3708
797
1884
2039
4085
1558
850
307
2053
2574
3624
2145
2000
2621
119
154
3724
2895
3678
3983
3531
3607
2428
1433
3996
1526
3470
3816
3756
128
2648
3574
1949
1756
3599
2066
2134
2098
3627
3840
2657
3922
1043
3275
621
257
599
144
511
3537
778
3500
1581
929
521
554
946
1896
4014
3719
2450
879
3116
4057
736
1235
4069
895
714
3649
2326
739
3567
3124
1397
2696
2373
2048
3682
3478
3515
2550
2948
1000
846
343
1173
2351
77
2109
2226
2882
245
3199
170
134
1250
1472
1018
3976
2177
1240
2731
2291
66
2424
1700
373
963
18
3917
54
2801
1336
1486
557
2590
1248
3699
1228
1511
2558
945
145
1537
973
2470
2408
1509
1423
2332
1204
3583
3342
729
2509
1513
3253
664
564
1761
1449
4076
770
3239
2642
2388
1689
2823
243
3978
1918
2087
3280
2684
195
3037
3220
2059
2128
2758
956
2941
2513
2855
2983
1220
3947
2901
3707
82
2490
3576
1716
840
1198
968
661
3329
4089
1302
2237
1142
686
2738
1548
642
1497
2206
470
1549
1251
986
2517
462
2925
506
4008
681
2506
2469
1458
193
2685
1456
2370
553
3455
1051
2716
3425
1793
1096
2092
3801
1792
3270
3211
829
2155
4049
623
2884
442
1126
756
3412
3998
964
4039
232
3877
1114
2782
1238
32
708
2130
279
2673
1944
3152
3339
1875
1495
218
3368
1234
75
4092
4060
2091
1856
2159
894
1704
791
3284
1165
3579
2674
3143
2110
1636
780
395
2292
750
2076
2212
793
3175
890
937
335
2776
2166
4040
3935
3849
3990
358
967
663
3568
2160
3733
2437
2196
2144
835
3287
2168
217
3454
1299
83
3274
622
2320
150
852
2849
2365
2399
1032
3866
214
2992
4024
1436
2698
3202
389
3209
1510
1858
64
4087
216
1075
1579
1705
768
2850
1973
1871
3156
3371
2734
2586
2060
3053
1899
1221
1512
500
1282
2306
3654
3047
1759
3279
1071
2917
1082
1893
1750
3925
3351
1490
2287
52
3559
1286
2778
3937
847
520
1270
1131
3295
2431
4030
2201
3224
1984
62
246
2265
4044
3532
2641
3766
2911
3166
3715
1123
31
2905
1798
2846
740
2841
1434
2909
1426
1614
1224
682
3258
1388
2052
1215
3147
1988
558
2811
1471
3614
3939
2774
2556
2537
3993
1364
3550
2254
2263
7
2678
523
387
999
1762
2529
509
2877
1622
2395
901
2391
3949
2848
2662
2930
2619
1466
1921
2439
3034
3340
3153
0
2180
1246
3232
1335
2766
3692
2651
4081
253
1811
3420
2136
1820
1560
2723
2968
2281
3803
856
259
1295
2112
2949
3900
2977
1022
2077
2824
1598
1599
447
4095
180
3509
122
2333
370
2471
1870
2585
659
2341
2525
1293
275
3791
1411
1184
3013
3146
220
1972
2137
1959
4020
563
8
2711
3181
1370
3100
2372
3591
2462
983
3670
401
1307
2216
1864
2922
1601
3511
1311
2708
3072
3612
779
2238
1415
3001
1073
4043
2854
3908
1368
2258
2984
1772
2147
2410
3344
719
2551
1343
160
261
2771
1300
384
1424
1564
742
873
2523
2021
3772
3919
1034
1607
1562
3521
3794
2301
2822
1996
1683
3151
2443
1055
1590
2755
3004
1313
627
3910
2499
2389
759
6
1211
4065
695
2964
3059
1401
2
3085
2071
464
230
1214
2791
1483
3601
3180
762
789
1812
676
1463
3157
1829
3436
2715
3962
2204
4
1229
738
1380
1092
3000
2686
652
1469
1058
2010
725
411
4082
3513
754
2516
565
2442
2422
4023
473
342
3870
4047
1459
788
977
1065
2906
518
3333
1746
2221
3831
3764
3729
3297
609
91
3948
4051
1309
1640
3629
449
3441
1062
1505
1086
1583
3918
1989
2423
872
3114
1363
3734
2088
3426
2667
188
2435
1427
2347
2831
1134
1487
3945
3255
2808
1592
3633
40
1760
3868
3139
703
2532
3423
982
3749
4022
2840
730
2276
3309
3033
3508
1318
1974
3732
3380
2870
479
4072
3029
1986
2385
3571
4004
2628
3837
908
2624
3839
2845
996
2327
2898
1912
3636
668
2834
649
3098
2172
3741
3064
1837
2489
2611
1585
3192
1267
677
2635
3241
2828
2938
1887
584
3226
455
2737
1566
1244
600
2789
1580
2579
1514
3738
3842
2413
914
4080
1901
3388
2947
1813
1113
3488
2349
2924
1095
1880
3434
3093
562
3365
741
118
4074
3727
913
2780
4086
886
419
882
2317
2171
2146
515
2255
891
356
3494
2577
3435
1828
2124
1464
3250
435
241
965
3172
3575
24
1040
1355
2957
3750
15
812
2070
3252
325
2946
1063
680
2868
2104
3892
2644
385
3363
1882
1111
2653
2719
1832
127
613
407
902
979
2457
3991
2816
1253
1168
2072
1021
3618
1467
728
3845
3317
3467
2982
2981
1848
4056
1288
2827
1721
3783
404
382
3063
3240
333
2286
2219
1836
3057
2825
3264
3835
679
3451
2352
3410
489
921
58
1378
456
836
603
953
1322
25
2117
16
718
1129
69
2046
1108
2795
854
4026
4062
1839
3622
1093
2335
1202
3859
817
2567
2393
1541
1107
1965
357
2421
1565
3610
2894
2463
887
1218
3538
2244
814
1242
2978
3223
721
3323
2081
1563
1771
336
3847
1231
1153
200
853
2307
157
2139
671
3843
2663
2383
2488
3324
1027
585
153
228
2675
203
1961
1982
3504
3019
2533
1076
152
3485
3419
1803
1028
980
2800
4015
1671
1591
3526
758
3796
567
1889
3994
2211
3773
2302
1732
3529
906
3604
3578
1069
3012
3480
2476
3558
22
3032
1729
764
3774
1260
196
1020
2430
604
3083
1515
1209
3804
3588
1053
689
1677
3646
1208
1502
1613
2434
177
1518
2152
1127
2593
587
347
2371
785
1331
1183
1519
3256
3474
2451
810
2315
639
3789
1163
3595
3661
1826
286
3677
3848
2587
1125
121
3021
2956
3230
3233
274
2986
3383
2568
3477
2569
3134
2927
3936
3716
2325
3906
1740
1938
3563
2810
513
2998
2620
1587
1559
2494
3912
114
988
816
3974
3745
1881
1618
735
2796
1596
1712
1297
2017
1937
3911
889
81
2014
2009
1365
1360
1452
536
4042
112
1400
1500
3069
974
353
2234
1932
4079
169
23
1105
3744
2787
2599
636
467
30
3850
3382
2661
1734
238
2038
2272
3544
3713
125
3162
560
1473
2677
1429
3221
2751
3520
2636
2804
989
3875
1373
755
1666
1223
1946
2262
3185
540
2229
2100
3234
2068
1963
1506
1333
1339
1103
675
2690
2308
818
924
2617
2012
3160
720
3326
3704
3617
543
1675
3913
3265
3615
3647
1715
2664
690
499
2794
3400
3672
1633
2011
1727
3267
1843
2883
2880
206
168
3977
727
1418
1781
3479
2285
888
3332
3548
1786
3535
366
701
1476
2498
429
1685
1923
3142
143
2294
2507
2639
1118
1468
1617
761
1555
416
2018
93
1012
3959
1477
942
2153
1717
1121
3491
2169
319
3337
278
2319
694
832
1258
2722
359
1430
1445
3341
3728
463
3503
1957
1044
1154
2726
1809
4009
1662
1089
1382
147
167
3555
907
2742
131
424
998
3653
1586
2394
3164
3096
1033
3158
618
1170
313
815
823
293
2542
3198
63
1763
3145
1819
3417
2527
1538
3049
1122
1764
2710
4071
310
4091
3697
3266
960
629
2023
578
3285
452
1384
3399
897
3954
1892
1054
2140
3882
3374
1724
3229
3853
3942
2693
2573
3857
2240
2967
2259
2328
1252
103
3984
87
2390
2820
2374
2672
2478
1099
3165
1381
3982
197
1628
819
2028
839
991
2158
2718
498
2818
2961
1334
1213
716
2752
3261
3066
2277
2127
155
1981
2958
2065
2199
784
2345
1166
2680
1019
2190
2386
2580
2866
3184
3222
516
1036
3189
2002
3356
3236
3483
1556
1808
2464
2467
3282
3754
3002
2554
67
3566
3630
1651
2781
1030
2458
3343
1148
3214
3082
3148
1310
715
397
905
3865
753
3305
657
267
2908
3487
88
3005
3120
1943
1324
3768
458
2581
1261
2540
1474
1684
1544
884
877
1396
1508
3103
1359
173
2524
709
1046
635
1773
314
1489
1453
1014
3263
1419
959
1481
3117
135
3742
1301
4053
2806
1672
899
3823
1954
1247
3427
3799
2468
380
2768
2231
3914
724
857
525
3413
3967
2250
2829
843
1414
1696
1794
2406
881
2638
2289
752
428
1776
3549
2874
1754
3336
2971
3681
2601
3473
457
434
2150
3505
1367
1294
831
1291
1903
294
51
2815
1361
2748
2290
1284
433
3440
3660
2214
2300
2979
658
2058
3543
1024
825
2944
529
655
474
1621
3688
3023
1576
3495
2170
2036
608
3915
1873
2113
3632
2020
3722
3899
1325
3242
3484
2814
2703
318
1702
1084
2549
2920
340
96
1100
2923
2929
2872
3497
3572
1868
2131
985
2382
3301
2015
3635
3347
2257
2682
1254
1201
2997
2064
3528
3871
917
2571
4045
1460
1106
2928
2338
1305
284
1280
722
2438
392
1733
3359
2101
1664
55
352
1345
1615
1005
1796
512
3054
3765
514
1341
3126
3585
1120
2288
696
868
393
606
2213
182
1332
186
26
3723
106
1451
1805
78
497
3003
1420
3472
3711
1175
947
2218
2743
3966
2163
1644
1160
1953
3836
3802
379
2346
3272
383
3068
3844
3560
1259
1997
940
1879
3628
3200
820
3215
3044
1372
4055
2582
2492
1701
2445
2426
140
235
646
2097
85
402
3639
3580
132
1842
165
1269
2646
4067
3431
1189
330
234
3218
2732
226
2483
90
2640
702
2200
415
2056
733
978
3641
1072
3876
841
2248
1977
1755
3136
2115
3090
2763
76
1290
2116
1408
2563
2284
3080
1303
2562
3644
266
3753
2869
443
1171
3377
700
688
2080
126
2510
3195
1181
2405
4052
1769
354
3294
2253
4070
3353
3597
430
747
3747
790
3600
1068
1045
2714
1275
2114
225
3987
95
236
911
2027
431
299
2035
3462
3489
2178
27
1634
100
201
3219
1439
997
1144
875
2186
610
2750
3680
3439
3694
3971
919
912
2520
1475
799
615
2322
2616
1748
158
1736
2380
74
2798
448
3562
1136
926
2921
3251
1007
381
376
1279
3296
798
1735
2962
3322
2275
3589
1386
3238
2572
460
1138
3042
1849
2304
808
3031
2626
1182
142
3438
3277
1145
1790
2637
3244
910
3691
3248
3746
1593
3321
2826
1199
3507
149
2384
107
3190
2008
3384
626
1319
2309
1550
2652
190
3310
2534
2085
3890
309
2861
2491
2042
1080
2366
909
2688
2348
3953
849
1572
3141
2851
2376
2539
2607
961
637
3923
2832
484
2627
2354
2833
3533
2896
2455
502
1709
1273
1967
3712
2838
2544
1264
1940
734
1915
1521
2151
3307
712
2733
3634
50
3017
1632
2249
302
531
746
254
1883
3518
3800
2631
501
2598
2963
556
2933
1830
1910
1375
1891
2485
781
4077
684
2313
1052
3016
1673
4059
1176
3276
2086
34
2095
2503
480
549
837
1597
2989
643
1152
3730
3637
2805
3207
3137
120
794
2278
2702
824
2161
1137
801
2149
3930
9
3988
2797
2084
1304
3613
1346
928
3775
1742
2461
2538
2496
2074
737
1227
4050
1461
795
5
2676
1528
3710
215
2227
1268
1713
605
2519
1960
1455
2486
36
256
1174
1785
3111
3245
1926
334
3909
3416
1950
2266
3373
2576
2111
3125
89
601
776
3905
1608
2126
317
344
2727
2387
1272
2543
994
2001
1422
3854
2735
3989
391
693
185
2839
1393
1757
2772
867
1553
4029
1504
247
65
757
3097
1314
1723
938
2724
3113
1606
3662
1703
3898
3119
3009
37
2120
287
1952
951
3763
1627
1925
3547
439
545
1739
3052
1498
2603
3228
949
1749
1753
923
1523
2647
2143
2694
1323
2230
492
1352
1789
2515
1706
2427
3471
2037
202
265
822
1135
3311
1035
1667
2605
2447
3170
630
2993
530
3582
3561
1277
1262
224
3081
2761
2487
68
3695
777
692
1026
1656
1048
418
3107
592
555
3133
1216
527
4063
2007
3231
782
572
528
930
2623
156
1110
1707
163
1039
896
3035
2643
1535
1056
1395
2692
3546
2547
1948
3885
11
4058
3011
300
2932
3751
1161
1013
3689
860
2495
805
3026
828
3237
2561
398
2224
1340
3027
1499
1389
1317
666
1648
2090
2243
3512
2484
2396
3411
3271
3623
377
1635
3087
471
3095
3541
1766
3522
1866
2005
2931
130
92
809
2864
3409
4007
1351
704
3386
534
3260
1726
227
2215
948
320
691
3288
1554
588
1861
115
2745
3769
2318
3398
3183
1987
726
338
304
1647
1143
3490
2342
2497
595
3432
1799
3078
166
1349
355
33
1983
916
1623
3131
1265
1412
46
2105
1862
2314
1823
45
2235
362
2555
183
3345
316
1801
1652
3676
1098
3018
2859
1485
2541
561
1533
2902
1917
3743
2051
2683
3862
179
204
2876
1147
1077
2522
1631
250
2268
766
1693
446
3074
3569
3070
1540
3046
1571
1501
349
723
641
3008
1841
3999
674
3024
2119
3254
3212
199
3320
1929
233
3701
934
1374
1283
365
117
1097
2934
2280
813
774
510
237
194
3201
3396
2660
1081
2432
3292
2482
2785
2856
