3239
2652
157
3819
631
1772
1380
1064
2934
956
4010
766
3969
969
1802
184
3897
3254
1758
3215
833
2946
2932
348
1619
762
3615
2986
65
433
2460
370
2136
3016
2591
3607
2888
1158
0
1042
3046
3955
1861
2779
2020
1541
967
1178
3040
3879
3542
1486
162
1135
461
2542
552
463
3638
564
2115
2453
3963
513
2408
1757
3761
2000
551
1605
3973
565
1829
2234
1553
3925
2297
481
1147
3398
1540
3716
92
2249
863
1833
1711
1740
3877
1524
1215
1845
1058
3559
85
1788
4003
88
183
842
3797
2552
2259
615
2816
916
19
1560
1850
3134
1191
2187
2814
278
2539
2757
3779
58
2336
3663
3039
1073
644
111
2853
2596
1374
1359
3666
1279
312
3952
1662
1084
806
1631
414
881
1665
1258
2158
2877
2439
1890
3345
2412
2741
3034
2264
720
3433
3800
425
3643
653
1050
3581
2076
589
57
809
447
1842
3035
1085
2919
1675
2806
1049
1950
76
2529
391
703
835
3229
2906
1314
1975
2147
523
1753
510
1456
154
1804
1472
958
1236
202
1724
1070
3519
412
3317
55
2492
3116
1556
1944
3174
3920
3535
1077
3050
3173
1117
2661
489
869
2976
3799
2417
1307
737
2764
2913
1912
2760
2827
3972
2374
1966
3235
1564
990
2812
2597
2183
2731
1319
734
1679
1449
2836
3841
2317
3946
106
456
2274
3636
4062
2207
706
1353
2395
4000
2055
1220
3177
2294
2208
53
2900
3388
981
1115
1769
490
3181
1669
1431
3147
2197
1016
1790
3009
3310
4066
2113
3325
73
1920
2387
2630
2155
2882
2787
1691
3933
3360
3000
1284
2752
4086
2372
224
854
2418
2838
971
3849
587
241
1199
1793
468
159
282
3771
1255
2797
592
3595
695
2178
2083
3249
2390
1000
3702
2159
1306
2931
3677
2346
3367
2143
3110
417
1097
39
1365
2339
327
1904
4007
1036
3182
480
2245
3691
1091
507
3982
134
341
985
3070
2001
2803
2416
2127
33
3307
2170
2776
2435
1919
372
1977
2146
693
1212
2121
1972
1
1600
4034
3136
95
2141
1511
3370
1362
1197
2283
1301
4088
2983
2256
3870
3279
1989
320
3278
3712
2111
2503
2628
859
3302
2925
118
2240
3922
787
4006
242
1916
1438
2501
1510
3285
1484
709
2926
2123
3594
3945
2545
3694
3536
681
648
1543
3417
1723
1803
3884
2179
964
313
2665
962
3975
1505
816
3497
3185
1627
1161
1638
2444
1755
830
3689
470
3781
3205
3704
2009
2448
1965
3850
485
2250
596
2781
1779
3613
1023
2084
1283
107
1269
1686
1239
1028
465
3276
1823
1979
3909
2108
237
2963
3539
2144
3785
1801
2941
2048
3321
1907
3947
1746
123
3066
340
1960
3429
2979
1065
3794
1970
1947
1590
933
79
4084
811
4032
1072
491
2060
116
3754
3783
3467
3570
331
2905
1507
4037
4068
3002
2713
1364
677
3504
780
1745
3022
3705
6
239
3959
1659
3382
687
2424
127
3197
2784
1781
2815
2369
3996
2204
2912
3462
336
2393
3876
2279
1145
500
3132
3862
2312
2422
332
3391
1187
2656
595
2367
268
2843
1621
4056
889
905
4057
700
3084
2198
218
2481
3549
3962
185
3438
1370
1539
3007
295
3004
783
3266
613
837
625
3120
864
1461
834
3855
612
161
1601
2028
2852
363
3252
1822
1782
518
1237
1083
3003
258
1214
2298
3838
1358
1696
940
683
442
66
206
2590
3614
1987
3093
2257
3737
2003
3155
2755
1997
1670
778
3846
557
918
4079
4040
516
849
1838
840
2077
2117
1247
2472
245
1160
208
1974
3393
2717
1428
2655
1913
5
1132
975
2947
3390
3434
870
1467
2649
2044
204
3501
2535
3844
828
212
3681
449
3729
3482
3944
763
527
125
3356
900
2623
2238
1018
338
3669
1567
1180
3898
308
1531
1210
2532
4002
1166
3479
3453
2508
3588
2436
961
61
3221
2006
3938
166
3546
2780
3455
3728
2967
580
3064
1875
950
1815
502
1035
2502
1485
668
3690
1475
43
2690
139
3576
2585
2018
2151
3381
1146
4025
655
2509
3154
3695
2984
3929
3424
275
688
3347
3590
2848
408
3113
445
2285
4055
47
800
1500
662
3450
3574
2772
3499
2975
3212
3824
3199
1787
484
744
1432
895
3527
1808
1488
3942
771
3937
1885
3443
3194
121
158
3864
132
3348
2109
2526
3006
3649
2943
822
1155
874
2855
60
1995
2226
3810
1119
1388
2491
2584
1520
2399
3642
3620
1514
1695
1203
2338
1996
3867
3010
498
100
1261
3286
325
1384
192
2128
861
1628
914
1503
3624
428
1271
2400
1122
1262
3591
3352
509
548
2130
1346
1577
2705
3832
1003
795
3858
2969
3845
3558
1195
3272
3939
1655
1698
406
3765
996
10
3823
3167
2677
4063
3378
1512
2323
3683
1901
2550
2668
3816
1648
4021
2525
474
508
2892
1476
2358
3206
2723
753
2964
4081
997
2494
450
769
3340
1169
2451
1810
1330
993
430
1396
2879
3531
1748
966
2651
1676
1039
1999
236
478
2384
3631
4013
3114
2218
1051
2058
2278
189
3853
743
1092
715
3774
1945
1759
1584
2936
511
3129
1860
2981
1738
646
3119
259
951
2603
3374
804
1451
1234
1953
713
1536
3023
1635
3373
1105
749
884
1990
3189
2530
2910
764
3618
2569
1406
299
117
1394
3572
2470
3633
1545
1575
3756
435
2327
3776
2230
3476
1435
1159
2272
263
1908
3337
3329
759
2397
1403
3516
1720
3831
3812
12
1684
369
2604
2206
1498
767
726
1976
1639
3088
3331
983
2319
1031
2751
1856
760
963
4045
1884
1677
1550
2613
2394
999
2687
3617
3510
2959
1121
3044
3569
2920
679
738
396
261
2085
2904
3201
1761
2445
984
321
2052
3577
2315
3368
3112
801
119
136
3176
2688
277
777
1412
647
2510
3245
3051
287
3383
2504
3529
1466
400
273
1518
1706
3237
1852
3333
1154
3670
4078
538
2768
1226
3786
1019
533
1101
1276
1096
2599
3714
3871
1914
2563
2773
1903
1309
2523
2090
1767
3592
3742
2505
141
3755
2483
1868
2293
1332
2459
727
2186
1493
411
2468
2212
3660
2284
3172
1129
2522
3335
3601
82
1818
2376
1188
1615
1442
1405
1104
952
2527
2857
1433
2160
3158
3461
577
2211
35
1872
1857
3514
3036
3410
7
1763
1235
178
3196
3927
2775
3425
2956
3676
826
1260
730
2543
3684
3983
865
2570
3001
1321
3518
2036
690
614
1338
1886
3483
3822
3498
3464
567
1597
2692
1525
1942
1529
3941
1067
3284
2766
708
3605
2721
3578
201
3974
337
198
285
3095
1312
2116
1528
3159
2258
2903
1705
2354
2433
3384
2181
3875
2518
2386
731
521
505
4074
3045
1404
3243
1579
821
2484
2027
1622
3707
2974
3430
3068
1756
3436
554
2031
1001
1892
448
3953
1320
2301
3128
2296
1516
919
2253
818
2202
908
2273
1899
3992
342
3053
1820
1414
3389
2831
2388
2587
1430
187
2650
3230
3268
3778
1943
2890
1445
454
3274
3449
3930
2861
345
2350
1443
3395
4090
2676
1483
360
1179
230
3826
354
2732
2980
1783
1624
3166
1927
2145
3507
3460
2309
2260
2461
11
289
62
637
1537
1967
389
1322
2135
813
3162
2420
2333
1086
3550
205
3472
2120
3652
2480
1664
1877
164
3101
3401
2823
3105
3525
670
3365
1873
3547
1750
2471
972
2807
2595
1034
1313
196
2104
44
2555
1871
2769
597
634
3928
1059
2553
1708
1785
3435
2057
2156
3024
657
3263
1211
1636
2792
845
841
2901
575
1363
1264
529
353
1381
2940
544
257
1699
938
2337
4060
3658
3494
4011
458
3665
2122
3175
772
756
2644
2866
1173
2495
2276
1931
1054
2999
1816
3355
1731
898
3341
2235
446
4029
2132
2065
1814
149
1093
3834
343
2189
2051
220
2168
316
3993
3149
4
3091
3396
2286
256
3956
1447
902
3932
3584
3380
1929
3089
1123
3027
1700
791
2602
3675
1688
2396
335
3606
3622
1217
3322
3397
3133
2845
1263
1071
1650
3931
3454
2067
3065
2872
266
2465
1614
2196
3358
1847
3700
3672
3079
1692
1768
3372
1930
146
3760
1228
4030
1142
1455
2583
3288
2314
2783
1881
1789
608
3409
995
2195
2209
803
2053
1350
1290
1377
1382
2740
3188
1089
1494
1055
3912
380
2724
1672
1680
3420
420
2106
140
191
50
2622
1839
1865
156
2938
1896
413
3957
460
2945
3452
622
1045
2490
4071
978
75
232
1315
3949
3090
194
1509
3650
3641
2227
3171
1490
1011
2561
3571
1796
1474
2634
1168
2798
3984
1029
2867
1889
2345
1951
1492
877
3743
1126
486
3657
3224
3954
2608
1292
3170
1238
1167
2897
2389
1879
3764
1190
3107
3837
3651
421
873
497
209
602
3459
3226
2507
188
3085
3566
3315
543
1066
1060
247
276
2790
3873
3075
2229
3916
522
3275
697
3757
3404
3639
2646
1256
3311
3585
1764
418
2654
3784
638
2935
3480
3522
102
2082
344
704
2536
591
1032
2329
1625
4052
4009
2173
3802
569
3985
160
98
1090
3376
846
3020
512
3186
1202
3124
2134
3600
1216
1732
3180
3289
2653
2674
3028
309
45
789
1463
563
2606
3921
1562
3560
534
2657
1640
129
1998
2715
3881
2680
1741
48
3654
1626
3553
3917
284
920
2953
1819
3375
2046
1137
2097
1734
42
3094
1963
2743
2832
1198
2990
37
1568
254
3248
3513
174
1311
2126
403
2629
2580
2801
3540
3385
3349
3746
549
291
112
133
1268
3152
1127
4050
487
3554
1046
3135
2365
1906
1274
2391
561
3210
3426
3526
3524
150
4012
2287
40
3295
3466
2813
3564
1372
2035
2313
1957
1955
3673
296
893
1108
1891
3496
2032
3100
228
3073
4058
3960
1784
3596
2080
2960
2996
2184
4015
735
2280
2520
2008
2693
2927
721
2833
685
2517
1924
2300
3900
1469
987
1643
2683
659
3473
115
633
882
3509
1231
3441
650
1075
2793
4061
1571
464
1125
758
2380
3731
4022
3458
1978
197
1310
3533
2442
1069
751
2762
2874
3130
2944
2071
2356
1040
176
2351
3387
101
3634
2457
2343
607
3796
1766
3979
628
3049
2091
1690
1103
1641
2114
982
1048
1880
3256
437
624
765
2619
3238
2929
2488
281
3967
2728
252
1882
2216
1423
1797
488
2576
1851
3667
2513
1853
1952
359
3137
3866
3720
955
1988
957
3488
1335
3859
2074
2139
2378
1712
888
2601
2357
3481
1713
3448
2371
2474
2242
2970
3901
3270
393
424
2594
4014
2406
181
1604
262
1287
3192
617
1140
222
843
1538
988
1835
303
3888
177
1666
3419
476
1182
2989
2440
1390
3319
1689
2770
1339
2875
1183
173
51
4059
3500
968
2254
90
606
623
4085
1811
2392
3412
3741
3303
2671
1219
3787
3258
2560
768
399
878
1807
2498
3736
3919
1457
1232
3063
1227
2581
350
3076
2305
3148
3267
992
1491
838
1267
2493
2192
2169
1413
2434
3269
84
913
1778
2068
2131
1602
566
1497
1076
3828
1661
2225
810
1588
1143
3619
405
786
3640
3169
423
1574
479
3030
2191
2566
2239
1551
3451
3106
2961
3889
3951
3868
3015
4023
376
2379
1402
2954
2110
2907
3503
2359
2413
788
56
1165
2871
1473
3934
3883
3392
3359
1830
3357
2311
2382
467
1501
3439
4076
1162
1024
2373
17
2022
792
3626
2679
306
1752
3602
3157
2163
1489
1144
1552
2099
3062
3041
4069
2819
14
2093
3377
317
2050
3059
1223
1181
3413
2565
2865
2292
1736
3567
3259
3469
27
692
1863
2706
2627
211
1415
1297
3168
2342
2880
3271
1749
2041
3141
2618
872
3008
3233
2243
1936
2885
1345
2937
1555
619
438
1765
3492
3709
2709
1824
3609
2166
1012
471
1542
4080
1446
3711
1465
2026
2702
394
3935
1534
3195
896
2617
302
817
3730
1462
862
1357
3362
3782
2047
2086
2839
1151
965
1812
1993
2473
1367
4038
1308
1986
3386
3842
1437
1775
1253
3745
2455
747
1340
3242
2014
1385
3227
59
3865
3818
2194
1410
1293
805
3014
330
632
1663
3470
3827
2331
2840
1563
137
2562
3052
3763
15
910
3432
1632
929
1794
654
3211
21
3682
2411
1112
2138
3418
2096
3351
2237
829
1298
3234
171
691
3361
2824
1719
2917
2854
836
2878
2066
943
1956
1878
3277
2075
2521
3223
3538
702
2241
819
3532
880
2672
1654
1613
1482
2201
1270
3905
2582
3699
1609
2659
2528
2200
3125
775
1656
1499
808
2809
2727
4054
4042
1595
3292
2753
3557
2479
1152
3029
1582
770
1780
1477
2808
3250
3896
2244
3814
22
3468
3923
960
676
3598
2978
2467
214
1923
2588
378
3751
1831
1910
2210
1846
1587
3294
3118
3306
4047
4004
1843
525
2363
1326
1697
807
3943
2361
578
568
2847
903
3520
939
3231
2506
3465
1754
274
260
797
1149
3191
401
3018
2124
2842
2398
3748
1581
3423
1109
2559
937
3457
793
1398
921
272
89
2049
705
1791
2072
1535
495
3852
1848
909
4016
1827
794
728
675
594
3399
2689
3662
1102
847
3903
1918
3369
1554
2933
530
928
3869
1095
3296
3907
3318
2302
2308
1424
2774
235
1578
1272
1282
250
4028
78
1569
2010
2538
3096
3718
542
375
28
2735
892
3304
38
2426
4033
1869
3713
3043
1961
1205
2203
1682
686
2828
2119
410
1718
2620
1617
2089
739
3291
1954
2270
1603
390
3668
368
2073
371
152
16
2030
94
1426
3067
1480
128
2137
2707
1876
1464
415
3013
2962
1416
2725
227
2609
3978
52
2722
3772
680
493
2669
2600
2466
1870
3630
1747
3126
2889
31
3097
942
2199
1742
948
2678
1517
781
231
635
879
4026
4020
1671
1898
1646
2749
80
379
2410
2788
3902
1458
2829
3069
3471
3487
588
1792
4072
2025
560
356
24
4027
1014
1687
1068
2930
3308
2381
3980
4036
2864
120
696
1549
1649
2939
3656
3150
97
707
3678
1393
798
3092
2675
716
2637
2915
1888
517
1043
682
2164
3323
1644
2267
144
3759
1295
2598
2703
2324
2500
219
1933
69
2437
2891
3505
1400
1286
2299
3011
748
462
1411
663
1186
593
2092
562
1177
528
362
1770
2430
3017
436
1229
3773
506
2040
2734
2133
453
253
3350
3661
1771
1243
3031
3548
2318
2844
2100
3608
2858
3543
1651
1079
2895
3394
3145
1440
2682
3324
643
1934
2295
1241
740
3164
1522
238
2777
1171
148
741
2556
1094
2360
1506
1558
2884
2185
153
1200
2850
2182
3840
3989
2869
2112
1120
3346
3997
3706
3165
326
3890
1834
3353
1316
616
761
3806
2822
1248
733
2738
3193
891
3320
1594
3421
1278
143
175
2142
3987
215
2456
1074
3910
2586
1478
3072
1859
3121
1854
3697
3750
2275
927
2269
630
1098
2696
18
99
1660
1592
1030
3222
626
3327
3710
2765
1133
669
2364
1213
531
2499
3793
3280
2537
3635
3632
586
3863
3339
3344
2193
1082
387
355
364
1862
1585
3313
722
1561
1257
2985
1725
3299
2730
1760
2524
2997
2265
2188
2348
2004
3138
2767
1139
4008
2615
3906
3078
2034
3738
1533
1744
4089
1519
1351
907
2660
1840
4087
1874
3895
108
3491
1939
1254
2039
641
745
2157
1572
886
922
3645
1657
1557
1674
3744
1596
1821
4067
3495
2167
1242
2443
1324
3400
3679
1448
2332
1010
2759
974
4005
3207
1337
1078
1407
3733
1047
2094
2098
3060
1573
3994
2172
225
3328
155
611
673
346
2691
3405
3521
3825
4070
2686
318
2756
2255
1369
1174
1344
3218
2695
2220
4053
2095
2454
1702
3025
1917
199
1704
1681
3908
1391
699
2716
3958
2547
3804
4051
2851
361
4077
2353
2841
3995
1342
994
899
2664
334
2423
1020
1883
388
1707
991
207
3332
1479
1201
432
2625
3198
4024
3708
2876
3848
4044
1973
3735
885
2811
773
2700
860
2951
3792
1866
3562
2782
1395
664
2914
656
1207
3734
373
1935
553
151
3415
2614
2863
1546
2549
86
2736
2263
514
2438
1964
2341
304
2482
1080
1317
1138
1444
244
848
1673
1849
2370
2737
2564
618
2441
1992
2246
935
3082
1452
1008
1118
482
2215
3265
1356
3153
2054
3894
2352
3820
49
3537
3723
2533
3316
1354
998
1392
1208
729
2704
2898
2214
251
2405
444
1114
203
1291
1893
3281
2366
333
1459
351
2038
3555
2575
2968
1007
1185
3334
1826
3326
1033
3798
3255
2748
3885
3775
427
666
3976
571
3183
283
2710
2643
2349
1355
2632
2873
2729
1523
1176
3032
1729
229
2994
1798
755
1015
1013
4083
1984
324
1273
1233
2290
1361
752
1629
1329
2012
3721
2330
77
3485
1299
2856
200
2909
1703
3580
2624
4046
581
2789
358
2568
2515
1136
2037
1532
2486
2063
3807
1300
3475
1164
537
319
2149
1530
3753
1100
1606
1941
2825
2251
3161
105
3486
3856
660
2754
2519
2446
1828
301
1773
546
3727
1373
71
2718
407
600
3087
2248
3583
1341
3839
113
2711
2805
1434
1653
3512
3228
9
627
110
3184
2079
23
249
165
1799
294
2458
1921
1275
3048
1052
3314
2017
3086
1751
2626
3502
1586
1209
1925
2375
684
2013
3740
1658
1487
2924
1612
499
652
477
2102
2826
3752
3200
2377
1730
3122
2993
311
1206
820
1887
1495
240
3611
2955
2802
395
3463
352
392
292
1962
3568
3724
1727
3780
169
3647
2347
3336
2708
3077
2019
381
193
135
2631
671
4018
3854
3038
3109
3815
876
2428
2923
719
1513
1389
1409
3251
1418
3857
1026
2487
572
3795
535
1608
1599
1527
3202
347
2804
2694
3986
2464
234
1371
3648
1368
2647
1786
1800
1468
1429
3817
2902
520
642
930
2174
3139
3363
3403
3999
1900
3722
2261
2965
1668
2534
1915
416
1334
2952
3565
2896
3354
122
246
2162
2175
226
539
3071
1037
452
2340
109
402
3623
3805
674
2921
1728
2403
145
1922
2950
2794
1905
3054
2531
3717
1266
429
796
932
3220
911
469
1580
665
1515
1021
1057
1645
784
1041
2007
2592
2883
2228
2662
3178
2670
1436
944
264
4082
190
323
814
1633
3273
451
3209
2821
973
3830
496
1053
3111
980
3621
64
2320
1153
3444
1667
2916
210
912
866
2431
443
1027
504
3309
2325
2489
2899
300
233
3829
4049
1386
2697
3127
3777
1333
2150
541
598
2701
947
1721
714
3627
3696
959
1583
1521
3653
2107
2799
1948
1709
2745
3692
853
3143
3948
2796
3123
3253
87
2385
2612
4065
954
1375
620
3936
2282
397
3891
1454
419
3836
689
63
1832
2171
3156
3019
604
3998
989
725
3747
754
782
694
923
130
1526
851
3924
890
2551
3416
1806
757
439
2061
1958
3282
2949
3847
3293
901
3880
1281
1038
779
2161
3037
2800
1288
248
1694
2887
255
1170
875
1611
2973
147
366
2658
936
532
131
3766
2548
2977
3422
3882
3573
2578
2042
2
3246
2541
2589
3659
280
2886
3131
2409
1099
545
3456
3506
1397
2758
3991
3190
3445
2982
3366
1141
1593
832
1547
2029
2427
2640
746
3918
2452
1427
3561
2663
163
1111
2496
887
3698
1131
1858
2062
3300
1683
1175
2070
858
2105
3551
2579
475
823
3115
3686
223
2744
3
1113
1244
2016
103
3489
3809
472
1336
570
724
2820
1225
601
217
4095
717
1471
605
2368
1928
4041
2262
271
2322
1002
3104
2633
1163
1184
1902
297
3330
2726
723
1980
279
894
1081
1481
2432
3612
1576
2024
2739
3914
945
2247
1172
1805
515
286
357
3586
582
3977
524
2516
1192
2998
3264
2987
83
3655
2043
3406
269
2462
3534
1222
639
3664
1004
1867
1249
2673
3769
25
3715
3442
2447
1959
3140
2546
2165
3083
1776
305
243
2231
1841
288
1401
3163
298
328
977
1616
629
2316
2881
2894
2918
2642
4092
2681
3556
3544
179
2224
2791
54
2859
501
2868
2893
2786
815
2641
2720
1460
2334
2540
20
1360
609
1895
844
3835
1678
1246
718
1968
1325
949
3042
2835
1589
711
1737
3490
195
2268
1383
540
3843
2972
867
3913
1971
2666
915
3791
2862
2277
1715
1470
868
1304
3033
2419
3187
1107
2991
3058
2475
3770
555
3099
2232
3408
3637
2291
1504
3587
584
2645
2639
3646
3589
1762
1909
2404
3593
3061
2785
46
2621
2719
2485
802
1685
4094
2217
3739
2266
2830
3301
492
926
883
377
3225
2310
1252
3530
3102
503
2948
1722
1938
2401
314
3961
3926
1196
3515
750
2795
2610
986
3789
1894
3108
4093
1224
180
2648
2402
2966
1296
2572
3970
3312
701
2152
2698
2818
167
1366
2476
1106
3427
2942
3940
29
93
2335
1813
925
2021
2477
1642
3603
221
3203
3151
2407
742
636
2571
466
310
1911
3604
3477
329
790
1946
526
2747
32
3685
1598
1156
1743
1294
1022
536
3260
2761
455
3144
36
855
1450
3261
138
3821
1110
3478
825
1349
621
979
2125
426
2849
3874
114
3204
3990
385
2846
2148
3861
2928
386
2837
126
41
857
2685
1347
2771
579
1855
776
1717
2205
2699
2469
556
1508
2213
640
3899
1328
3833
651
3364
3872
2574
168
3628
3080
2177
2834
2908
1940
1716
494
2328
349
590
1417
1937
1134
2911
2103
1735
473
3801
3493
946
3236
70
1618
3219
441
1204
4091
3575
1637
924
3915
3703
3428
3447
1331
599
3762
583
1897
1063
2118
67
434
1387
3074
785
1148
3968
2684
26
2605
2221
712
2449
2512
4048
3213
3517
91
1240
732
1343
1559
3371
3056
2567
1280
1795
1116
3950
1419
1502
2607
96
293
2011
3988
3893
2033
3790
2733
1044
2045
1056
382
307
1544
1399
2271
658
2992
3523
2763
2303
2638
1376
3582
2450
850
1932
4073
1189
3688
383
1774
1408
2922
2233
2154
290
1496
339
856
2281
1926
1130
3674
2015
1981
3579
2002
3563
2307
2611
2190
2088
2087
1150
917
374
1623
1570
3216
1348
3625
710
3725
3012
3290
2478
2180
2958
1421
74
2957
3057
1006
1230
1245
3878
976
576
3860
897
2573
3160
2429
3247
1221
1259
1836
1422
3545
1739
2511
3081
4075
574
2635
931
3788
698
904
186
3971
3240
3803
661
3440
1969
1218
3414
1251
1378
2355
649
645
3965
30
1634
2304
3687
3343
440
2544
398
672
1647
2056
1548
1194
3981
1352
1565
315
2153
3693
1327
422
3511
4039
1439
172
2497
3437
267
3287
2081
1379
519
4035
170
409
3047
2326
3241
3379
559
1453
2289
3851
142
2870
1726
550
1983
1265
2140
1009
2415
812
3768
459
322
1809
2636
1714
365
1088
547
3616
13
1864
4017
3671
1318
3142
852
3146
3719
124
3552
3541
678
2059
1991
431
2176
4001
2129
1303
72
1652
81
573
1250
1061
1305
483
2223
2362
824
3283
1087
3474
2069
1302
2383
941
1005
3597
3904
3629
3758
970
3021
4043
934
2778
774
1425
2288
558
2514
2064
1985
8
3117
2712
3103
3407
2810
3055
3886
3732
3338
1630
2971
3402
3411
2557
3887
3005
871
1620
3508
827
1566
4031
953
3680
1994
3701
2321
2742
3026
3232
2577
906
3217
3214
1062
3342
2558
2306
3813
2236
603
2746
3297
2616
3808
3431
2005
2425
3644
2252
2714
1591
1701
1949
3892
104
3098
1420
3726
3208
3446
2995
213
3262
367
799
1844
3244
3305
2817
2023
3298
1710
585
3257
4019
667
3767
384
1289
4064
736
3528
2554
2667
3179
1285
3610
34
2414
2344
610
1982
216
3911
1441
1733
831
1837
182
457
1124
1607
2750
1017
404
1693
1128
1610
1025
1277
3749
3964
3966
2463
1825
3811
2219
1193
2222
1157
2078
2101
270
2593
3599
68
2421
1817
839
1323
2988
1777
2860
3484
265
