3203
3384
589
2198
849
3105
1224
2090
3500
605
55
2669
881
2781
4004
2148
2442
3155
479
3716
2425
3445
1735
18
3640
1989
2318
550
1331
1627
1858
973
2714
1764
2783
3803
2635
854
3130
2766
3949
3158
3068
931
40
1101
913
2915
2562
3749
3431
2349
99
3353
1290
312
1465
717
2491
1398
1041
1106
1150
3337
1270
2499
467
2427
975
2347
2243
1963
3202
530
1052
956
3588
3453
3109
3945
1112
4
2682
1625
1966
2874
2552
3157
3475
620
1034
842
1266
4056
1072
3180
3423
830
1042
644
1437
710
3819
2823
3638
2971
2044
1760
331
143
3919
1239
3502
1025
4082
3643
3133
1012
2487
574
2735
2633
2207
3052
1513
2410
793
2730
2551
2240
2500
1426
2894
2435
1563
3067
321
2490
168
814
1938
1499
1519
2061
2337
1472
1656
1719
1132
3362
2555
769
1202
4025
1028
2597
4065
25
120
2158
3186
1800
2689
2759
1874
391
1397
255
2380
4024
1973
1367
2507
2661
1646
955
3300
3272
2765
3625
938
345
1620
3303
1387
636
2262
1383
2016
721
2374
193
2378
100
2702
3761
3200
3519
2853
3847
235
2143
118
2319
2846
134
2504
518
770
1328
274
1434
2177
3038
575
2097
1918
2400
3150
1441
1057
3080
244
1444
1724
2970
1255
2026
2180
1408
2086
3422
2510
1403
1939
1138
4009
1802
1230
1892
3215
3122
3767
1884
3985
2457
2448
811
2469
2252
3069
2289
1846
1046
240
3138
229
4034
1743
3191
3308
929
3922
1233
1878
1450
1908
496
3223
48
3014
3371
3929
2092
512
1587
2522
3891
1664
3881
359
831
3892
263
2038
2381
1595
3904
3342
624
4072
2429
3962
494
3838
1816
2818
573
946
3784
1792
130
622
1716
2588
3330
3441
2261
2788
220
583
1443
1234
520
3185
437
522
1968
1330
2786
2277
3273
1412
953
1786
767
2656
2581
2420
1521
3854
3405
2005
3557
828
3497
1533
2057
1259
3355
3528
2434
318
3835
1671
1539
1813
3808
1502
999
2830
3968
94
503
1365
1409
524
1503
3092
171
3334
509
797
1650
3752
779
870
3590
2777
2930
1359
598
3240
4051
2753
1476
3818
2800
2135
4063
2631
2150
983
35
81
3149
3169
1184
2813
445
3066
2386
2073
2665
3106
3792
3400
223
1970
2529
3541
783
1226
2518
832
2087
1691
3461
638
2300
269
4080
2748
291
1855
271
258
2693
3961
1529
3022
676
1006
782
3168
1494
2994
3126
3211
234
1978
1801
3041
641
2514
2948
3377
3533
545
2814
2762
2885
2302
2926
2053
3595
1864
1237
1478
791
1229
3951
1190
3257
567
2760
3821
1982
2325
1890
2298
2196
332
4031
2524
1129
3568
3781
2658
3229
1709
3316
3135
1250
1725
3692
3444
609
148
2334
3418
3233
1431
3442
2413
2867
2796
3487
1299
3278
3543
824
2256
2245
3341
1169
1597
2415
3114
2438
2828
275
1839
1866
189
3648
1301
2705
947
3942
846
15
3598
1452
3744
2855
1182
2509
3117
1979
3834
2568
2202
3222
63
3393
3920
1065
1505
3608
204
2980
3304
1554
3944
2724
3677
3634
1553
2771
1666
1388
934
329
3127
3118
2217
1055
1683
1851
3134
3389
3996
2232
3255
1969
1126
3077
463
131
2385
936
3620
4073
4035
2749
3414
561
1796
2871
399
1197
3338
1192
2195
792
249
354
79
1756
1222
1089
2373
2604
3462
1044
394
278
1144
1741
1321
3626
3760
3823
3209
3383
239
3395
2688
1983
2872
3113
3534
1990
1404
170
121
548
3361
557
3124
2210
3488
2779
1179
1804
3596
2467
3542
1104
2536
3102
2935
3707
914
3570
26
410
2763
745
2403
867
3857
1573
2343
777
3214
1536
2868
3610
3208
3136
3433
958
200
1122
1300
2668
2612
3082
2907
185
125
2051
2866
604
1546
3771
1975
2642
1198
570
1593
3649
1718
1714
2778
3491
705
3340
3010
2236
2557
1833
2139
3666
939
3699
2222
343
3785
3722
2330
3036
4053
2673
1358
758
2520
941
3584
2379
1826
3889
2602
1779
2834
2742
333
3480
1051
3876
2157
596
3852
4076
2862
2030
499
307
2977
2637
2995
1835
2129
1393
4023
272
1976
2031
1509
326
1638
1910
336
4018
385
2477
1125
317
647
2860
3731
2323
3187
2543
700
3992
3349
1128
959
2193
2074
1385
3877
1869
2967
623
1305
1531
2687
1062
3676
1911
1912
3982
1788
1677
2732
2617
2780
3064
2274
1416
3850
2399
2321
3795
2747
225
3936
1454
1962
2610
1988
1135
1766
2579
1781
1785
1901
3829
552
1268
2501
236
903
4011
2650
3799
2104
862
712
515
920
290
62
2390
613
1307
2255
996
1378
1831
1569
3831
683
1375
2534
179
2865
808
1487
902
4062
408
306
2201
3796
2700
2123
186
3786
3774
2528
2452
974
2945
3029
2938
3726
367
1965
4013
126
1232
972
2257
198
606
3673
2756
3235
4037
2546
891
880
2545
1561
1686
3396
2237
2890
1547
836
327
2351
2842
1977
1488
1165
104
3811
3817
3054
2755
2639
1240
1048
3179
1590
83
2609
1292
2032
2975
718
691
3875
2303
1586
362
3370
1510
3020
3374
3107
2254
640
268
2028
543
738
3991
3381
1322
1765
2744
635
2234
3715
2726
1187
2231
3669
2751
2558
3227
2199
1458
3911
119
940
320
3575
468
3545
3271
3538
682
3164
2059
1356
2449
1001
757
2571
590
2956
80
3284
2493
2798
2353
2997
694
1308
3368
3343
1842
3033
1579
2286
2900
1223
3071
2140
2072
2955
3450
1024
827
2560
3523
1310
1853
592
1420
1838
1699
3125
2578
2138
3296
102
472
3605
4071
2574
2849
109
490
4081
373
801
3100
3325
89
1789
3196
3275
2803
2342
3613
2741
1464
3627
2418
2825
302
2532
3841
601
1940
1295
1992
1312
3171
3436
3705
1676
2722
2944
1390
2480
1364
581
2676
138
2040
2348
211
4001
2194
3478
3437
706
205
3123
1316
909
3637
646
634
1186
3695
1926
2824
807
1648
180
2982
2608
1657
2271
3807
3830
31
1116
2903
2397
2869
3103
3062
1663
1496
2851
1256
2160
3963
2541
1784
30
896
313
2362
2625
2537
1003
3616
2553
412
2989
39
2952
3267
3578
196
3045
2412
2406
578
1011
1248
2739
1751
652
2423
2451
1384
857
3397
1832
803
3005
1085
3489
527
2131
136
2622
2107
1773
1606
1960
611
3529
2336
3685
562
1107
1946
966
2816
2723
1424
822
3237
429
1163
2297
3706
36
2305
3947
898
1726
2116
355
1883
1373
3002
2464
1
3483
2007
3119
1898
3846
2200
747
3650
88
90
853
3686
10
2924
1095
3935
2740
892
2094
3425
2306
1705
414
774
927
264
58
195
2654
2494
558
2
2664
764
998
3856
316
839
1054
804
1269
1015
1317
2077
2228
1078
2102
4064
1665
1722
2667
2218
3617
3701
1604
1755
1419
3030
2570
772
3816
3008
192
233
2961
3115
1748
1948
1739
3509
2508
1616
1921
4003
549
3402
350
265
1080
3987
1094
4044
2677
1750
346
1429
177
2188
3768
3826
2460
532
3980
3878
2056
2013
3815
2326
3140
3282
2462
1706
1550
416
1286
1166
1183
4036
3243
861
1227
3032
2275
3536
194
714
3931
1861
1689
3594
92
2134
23
1931
1843
2331
3434
1640
3427
4030
1491
3189
1517
1653
534
3212
1952
3498
297
2105
383
1752
254
673
37
1703
438
2629
887
2727
2244
2344
181
2153
3825
1451
2113
990
2170
1302
2383
3950
2062
928
2863
141
2881
1130
1609
217
3909
68
1314
1027
2024
3372
677
2058
971
2873
785
3923
3009
1201
3470
380
152
1596
1514
2648
2468
2391
1477
382
1548
411
993
925
1577
224
2159
3013
2882
3137
2838
2497
3953
3750
3276
4026
3540
3366
2411
3302
1105
3357
303
584
1343
3228
2605
3729
73
3890
2947
3983
1284
1610
1188
1607
2761
602
735
2085
464
2652
69
1840
874
2295
2426
389
402
498
77
3274
3406
1455
2564
3618
3537
3988
3573
478
154
855
669
3108
85
474
723
3015
3465
942
3527
1422
594
1203
2080
2212
3493
886
260
3508
2369
3455
2679
2216
1692
2163
3269
4085
3719
3024
3410
3413
3001
2036
60
1888
3390
1985
377
251
1090
3561
2173
3837
1332
106
1672
1854
985
493
3248
1618
517
1167
1971
1997
2891
3467
2422
3956
751
893
835
2251
3681
1535
1267
3702
2284
967
3458
3199
2117
2934
3198
2904
3622
2822
456
3004
3319
1896
1932
2573
1047
2919
969
3512
1196
2226
2526
3769
3220
1495
3409
1067
3290
3391
3600
878
3970
582
1769
2746
2992
1981
1906
1701
2126
2481
1601
2045
466
1732
1075
1474
1857
395
984
1154
3957
1273
2758
3654
661
3687
3154
2789
1720
3329
1110
3562
3510
819
2371
420
3655
3611
3163
2479
3656
2183
358
3840
1484
3026
1737
1889
2006
423
1193
3606
3244
400
3486
980
2918
1140
5
3960
2328
159
1551
1453
3597
3882
812
708
3277
257
1584
29
2065
2835
339
2757
2458
4021
977
576
3724
1389
3690
2566
924
3518
3833
3093
4041
3173
56
78
1712
2821
52
1016
704
1108
989
2987
2376
1168
3420
2309
547
3928
368
4094
449
1329
563
3548
434
964
2249
2641
2230
2983
1639
65
3061
3073
1742
1820
3347
485
33
3663
566
2455
649
397
580
2649
74
3577
539
2911
612
3755
1257
2908
248
96
3012
2346
3845
2340
3563
2939
3653
147
1568
3586
82
142
341
2511
2914
3128
2946
3828
3332
1482
483
1917
3501
2897
3318
1934
2516
1807
1490
2820
1790
3454
245
3031
755
519
2801
3309
917
1897
1081
1185
4079
1151
546
2279
1362
908
3662
1922
390
262
3601
1658
3694
3778
2925
3129
2958
3044
3207
3079
157
1555
864
2670
3704
3946
3906
1868
516
1698
1871
923
2877
2651
3645
1611
2976
1605
3535
482
3733
1039
3313
2110
863
1244
3112
1544
3511
3091
3772
556
2175
888
659
2684
2012
2787
1972
875
442
2694
495
3546
1133
2382
2185
361
3696
284
206
3387
2731
1074
3775
648
3764
2265
1235
795
222
3494
1974
1549
796
2190
84
2640
2308
2797
781
2227
1191
3547
3805
2171
2079
3421
866
1471
2697
3660
1994
1038
1483
2506
3085
338
1369
3812
237
3955
3572
786
1349
2587
351
1061
3204
753
1562
3641
3335
293
674
4012
3023
4091
2181
1885
3555
2042
3711
1309
918
13
1956
3263
1354
2206
3438
2996
1097
3401
1120
2472
2883
3880
2483
3800
310
3514
3034
3917
250
3644
639
3567
3078
1711
1684
1084
1372
93
597
3810
2223
1865
1211
2802
2598
3754
3921
3742
1395
2119
3908
1036
2109
3424
1643
1770
3326
2127
3839
873
703
3503
2270
603
2466
3672
2204
3954
1423
462
2530
2285
2112
3305
3924
1649
1315
3539
3757
3898
2768
2247
542
2001
2278
3019
4078
2357
489
765
3977
3460
1815
2166
2614
2205
1427
3933
3412
2345
3472
342
968
686
1303
1522
3495
287
4088
1351
188
3190
1702
957
406
70
1867
733
2550
709
1899
540
3419
2266
1636
3323
2440
1859
1018
2155
3385
76
124
3139
1929
544
711
2653
491
1145
3907
1480
1767
643
1406
3899
91
3261
2121
2790
3037
2482
2721
372
3592
4039
848
4092
521
3997
458
2547
3042
330
1277
1849
3382
3379
2704
2169
1109
447
2078
441
840
4042
3407
1504
798
1357
1050
2220
2729
3981
409
1366
3307
3096
991
3264
309
1641
506
995
1131
3088
221
2068
3504
209
2350
513
1311
3247
1964
4066
3522
2276
1542
1919
3151
844
2515
3049
1707
3104
2189
314
3723
890
3869
954
1350
1850
123
2596
760
1538
1745
2736
2754
9
3490
3348
2870
3642
1819
393
3321
2124
1980
2355
1162
1903
71
3902
2912
1812
775
2922
1033
2359
3216
2393
413
2299
46
1534
565
2663
1950
507
1567
1231
1460
3740
3526
3242
132
1176
2841
3245
1060
528
169
1935
637
1206
1325
1808
3897
2022
1066
725
2409
802
3658
3593
2770
419
948
3369
1710
3670
1289
2659
3612
1793
2443
3322
2548
3333
3700
4069
3358
66
2544
3167
1798
1923
322
856
868
190
439
4006
508
375
2847
114
3090
2394
715
273
1175
2718
2698
87
2395
1768
1410
3426
843
3585
3392
448
2259
1407
369
3213
2892
2910
1556
3286
2856
4074
3246
1103
3703
3888
2465
3317
1904
1907
22
1394
232
2208
2569
3973
301
403
872
2577
2184
2708
1999
2060
1805
2927
3629
1313
1621
3766
3063
662
4000
364
749
3965
3181
3507
2957
1667
3591
1679
3035
2224
2884
2898
1708
201
3027
2734
1834
2691
2933
2717
4019
1571
2584
444
664
2141
614
2280
4033
4070
3820
3517
1776
768
3531
64
1194
3599
2678
2616
452
488
2643
2396
1158
1728
3738
2764
246
3525
2111
1603
3324
2960
2484
684
559
183
2812
838
3851
1247
298
2047
897
3730
3994
2358
2600
4090
1694
1029
1243
2470
379
2048
3327
1174
386
3226
3530
1086
2880
837
826
2142
3268
935
1763
3624
1836
2128
2093
1523
2559
879
113
404
860
1143
2531
3350
3674
847
2745
3832
4022
3188
2817
3587
3230
610
794
3336
851
2615
1142
3725
2313
3499
1630
3365
3025
1173
1461
2844
241
817
3270
3110
3861
1783
3751
3870
1386
1945
1615
2401
3609
155
1076
2905
3939
1841
665
3804
1654
207
280
1353
1242
2519
3603
1241
571
632
2502
988
1704
3166
1280
1421
3675
1863
3224
3320
1799
4048
2471
356
3631
2589
2100
2709
2696
2238
2582
3144
213
3253
2554
2408
3556
1631
1674
3238
2978
2837
2485
693
2179
3737
3021
3086
2311
1253
4083
1771
3403
139
2327
3583
537
1161
2095
3376
1278
17
1466
2840
900
2215
3291
2067
1205
2137
2370
761
2084
742
1059
3560
722
3938
1208
2046
631
1318
3219
787
915
1092
3288
2876
2572
1017
1516
690
3050
3521
3664
2623
1794
2657
2338
2879
577
1446
3195
1014
820
865
809
1396
457
536
2889
1148
841
1009
1744
426
3814
2332
425
1149
952
1685
1447
2283
300
3958
2991
4061
883
3404
3859
626
2973
3714
734
555
3484
3943
3165
1795
3659
1457
3252
3356
286
2963
588
1160
2621
492
697
1736
2132
4095
815
348
3793
930
3574
2041
2168
2096
1368
2523
3913
2512
3218
2301
3780
667
2807
1218
2583
2108
3292
1344
2402
2203
1598
579
1113
459
2985
1402
1811
2950
654
3941
2145
3206
2793
529
2474
3842
2810
2859
3879
2292
748
2858
2151
2437
4047
116
3440
2209
2632
3011
3456
347
736
1251
484
3893
895
1337
713
54
3065
3712
3849
1481
1275
481
1927
266
3873
2082
2083
4028
788
2291
1681
2191
1507
1285
3773
2439
2076
1043
1782
2785
3615
2750
2826
2981
3003
2098
2854
2043
1651
3116
692
53
678
3447
629
2310
216
739
1177
2792
3858
3967
687
650
2993
2923
19
3623
2339
1413
3697
4040
2130
175
2941
726
1818
805
1991
1411
720
1762
2681
911
2066
3339
2942
3194
1951
1118
663
1489
3782
1100
3975
2505
2416
2829
2606
2769
3569
2795
1013
2335
279
1111
1271
451
3915
378
6
1370
572
1537
2304
2630
2525
3241
3635
1588
1688
784
3056
3930
2354
685
2674
834
3745
666
2089
243
3016
1071
1828
3156
2146
294
3081
2456
2953
3900
3554
1959
101
304
3482
707
1669
3794
1371
3148
115
1753
780
4052
2172
2811
2229
1425
38
1576
645
816
3153
47
2288
1944
825
3735
2586
2445
852
110
976
523
2366
2917
1216
933
2902
1020
4087
247
2009
3647
813
1847
1436
3910
595
1943
2088
4045
2527
4032
3665
349
2595
591
1319
277
2937
3948
1283
766
1891
2197
2716
746
3172
3058
2405
1655
3174
1954
3809
1730
1613
480
1958
2165
3492
252
3734
256
311
2149
3306
156
1445
1787
1862
2936
615
3177
1249
1254
1558
3698
3017
2974
1102
1082
3682
1925
1260
2293
2921
599
1170
1652
3474
728
1600
2267
2984
1221
729
750
1734
1336
504
3976
44
2176
1252
2008
1877
3170
628
153
137
3905
202
2533
2644
50
680
433
1738
1073
2081
1340
3266
2772
2433
2725
1924
1715
1996
689
1987
702
2791
3872
3743
1180
471
1147
3779
3728
3162
203
42
1682
1572
4050
514
1469
253
3159
1199
325
2626
3411
2322
1882
2805
3289
3279
3364
1947
3443
3827
2296
3683
3787
3979
1069
337
1141
3564
1435
3581
1860
3860
182
658
1500
59
2290
3388
607
994
3505
771
1527
440
3791
3184
2324
428
2164
2513
3874
1212
1139
3101
1345
421
2178
885
95
14
398
3553
3937
2454
619
1467
111
3863
1775
1376
2476
1274
3721
553
2250
174
2352
3552
2701
4054
2561
789
51
2463
11
465
2063
1949
2986
475
1905
2655
1574
319
3762
695
1377
2269
1032
12
2686
151
3193
2695
4093
3314
3260
2029
2999
982
3628
1219
1747
4084
3747
173
3582
1037
4027
388
2050
944
226
2361
2611
1134
3359
3848
4086
1035
2719
3732
877
2384
1661
3039
3925
1559
1810
2011
424
1334
616
487
1117
869
1070
4008
2417
3072
1083
2887
633
1172
2475
1880
3236
1297
3097
103
3978
160
699
2441
61
1623
1680
2733
2808
32
2407
2850
2459
3351
1433
1335
3197
4020
3657
3040
3843
2161
3680
3256
28
3408
1475
1774
427
178
1581
2843
2020
470
829
3506
1759
2710
1644
2317
1632
3259
72
2585
3974
2225
3602
2833
2000
340
1512
1306
1064
1391
1448
2192
3867
651
3468
510
2341
2099
1217
560
3895
3099
1485
1552
1479
1415
1288
1872
3678
2743
2909
20
363
1557
3076
776
112
1825
2039
1272
3328
3231
730
2806
450
2831
962
3360
2242
476
2152
2154
2388
850
98
3293
3524
1829
541
3969
3571
621
1821
214
1501
3
3479
3301
3513
2896
2272
3720
3435
122
360
3822
2857
1873
281
1228
469
1399
1225
135
460
3903
1532
49
432
2979
2182
1031
1693
1178
961
3516
1594
2636
1591
2591
2316
986
2634
2162
145
871
2091
2428
759
3000
992
3007
672
276
3432
3636
3146
1026
1324
3449
2969
3094
2888
3995
2949
323
4067
1124
3862
1049
1916
3083
3448
3469
3651
1823
1580
3415
3294
1856
370
2517
366
3717
105
288
3280
3143
1152
585
2018
2832
1717
2049
3249
144
2774
1338
2899
3120
731
1777
3430
2685
299
1837
2268
75
1294
2431
1930
945
1731
140
2715
1493
1468
2360
1347
1346
2019
2211
3632
2815
1570
1824
1342
2033
1114
454
1361
2647
3121
1543
2404
3932
3914
3989
3679
1713
3824
1096
1642
3496
2671
3912
1920
741
4057
165
1486
3378
2839
1022
2398
3566
1348
3777
2122
2962
1137
625
3373
1245
167
3386
1953
3934
1659
1207
259
1614
4046
2375
2167
208
2645
3205
1333
2035
4043
3375
3885
3806
407
618
1021
1339
166
2913
3074
810
727
455
2273
526
107
1171
3098
1803
1326
3394
2101
2878
1449
3652
501
2314
1462
910
1585
1619
1414
1030
1645
3886
2929
2672
8
1998
818
1806
443
1566
344
3868
2706
1058
1492
3464
2052
357
2156
2799
2017
21
3477
3940
1635
1961
778
2712
1005
477
2738
3604
1200
296
3262
2133
3234
3865
3844
2027
1056
405
67
1696
270
4077
3607
3633
2486
2144
1746
4058
1822
16
653
3788
538
191
2752
1508
2241
1772
3853
1045
2737
642
1894
4055
3161
2253
3639
1296
3801
1119
3059
127
1647
1560
1392
3089
3221
199
2021
2542
3285
3428
3281
4075
1909
2461
57
1817
2692
149
2174
3802
1401
3916
533
740
3630
1733
3964
3993
1497
1382
1010
1281
906
2120
283
230
2592
1088
24
1695
1845
4005
2387
4002
2565
681
3746
2624
2990
2320
668
1690
912
1456
1210
3053
688
1876
436
3684
2580
511
2287
1827
1146
3254
3718
3759
1053
1355
3452
3986
3087
3251
2603
2776
1181
1246
129
3265
568
535
3887
3057
305
1087
3446
3344
1008
531
1524
1463
2711
899
696
3047
133
3429
675
2540
3894
1304
773
997
1915
2364
2662
3439
2106
1602
3739
1209
1530
1697
2281
2498
845
3176
381
882
2037
3048
2620
1757
3990
3693
2377
3145
3043
2004
3515
1320
86
3345
3813
3971
2136
963
1000
660
987
2563
3532
3558
587
238
2329
1417
1879
1852
2916
210
3152
3646
1914
608
1520
417
2836
569
365
3183
3708
4016
1379
762
3661
2389
2239
3549
1749
2660
833
3473
3984
1634
1380
1279
2804
435
2496
3210
3363
1993
1984
2221
3896
554
737
756
2419
3836
3689
1583
3763
2931
4010
1400
1093
2539
2607
3160
1220
1099
800
1893
1341
1660
2556
387
1115
1374
884
3141
3250
1323
2590
3459
7
1528
2535
1213
1955
551
1204
2767
2424
4068
1668
1941
430
919
1937
3175
2075
2368
1063
502
2666
3966
3748
267
2690
3201
2214
932
2115
418
3258
2521
1608
2447
1814
261
242
3142
1265
45
3756
1155
3380
2699
1629
215
732
3619
806
670
2895
3457
3871
970
2444
2282
2015
2363
4007
308
2852
282
1291
3621
1778
2023
197
446
2147
97
889
3417
1687
2233
951
743
187
422
3217
1287
3565
2932
3551
1518
1298
2683
2675
3614
3972
1262
4089
2964
1913
2920
1881
4059
27
4017
1740
2478
3884
2367
2421
3798
2187
2430
1077
1933
1440
1995
719
172
3006
586
3192
1541
1473
2248
1721
790
3776
1727
2003
3918
1470
3352
3550
2972
3239
754
2392
2010
3070
3051
1628
2453
3178
228
1633
3463
353
1675
4015
763
1809
3855
1189
401
1617
461
823
2264
679
1127
3132
108
1363
2246
2576
184
3883
1019
1405
1848
2618
374
2055
2333
1023
905
3399
2928
2794
2294
161
1545
176
4049
799
1578
1886
1957
965
921
3485
231
3331
1589
2601
3797
3055
3451
2436
2069
926
3084
859
1622
2893
1511
218
219
3312
3295
1438
1264
3580
2356
2118
1432
1754
2186
1498
1797
315
1506
1967
1565
2372
2593
292
3398
1428
352
1098
3416
1540
2219
1261
2538
2599
2966
894
1729
916
3926
1875
2473
2489
2567
901
376
1525
497
4014
431
1007
2784
3790
1599
1780
1515
1870
164
2646
943
1136
453
4029
3710
3952
2728
3741
1830
1442
2307
1582
1942
3466
1900
3783
117
1895
3998
289
1459
1258
43
1276
3864
3046
3959
2002
3753
3481
2845
1662
2114
2258
2213
630
3667
2312
655
2054
328
1164
1236
1091
3709
978
1592
3311
657
1040
2495
285
1381
1079
979
2488
1195
3901
3559
1612
3999
415
2809
1004
2782
2988
1157
3789
2775
128
1282
2315
3736
2940
2492
3131
1626
2446
724
3688
34
744
2707
3866
1902
3668
2959
2619
2070
1575
384
1887
2432
2594
1153
1159
3075
1928
3315
505
473
3298
396
627
960
3520
981
593
324
525
2703
2235
3544
3147
2886
3299
163
2954
295
158
335
752
1214
949
876
3576
1986
0
3691
1418
3476
2998
392
3060
1121
3111
2827
3758
3346
2901
3182
3287
2263
2848
1624
821
564
2025
2549
3765
600
2713
3713
1430
1637
3310
3095
1156
2720
1670
2906
2638
3589
3579
1002
3354
907
2943
617
1723
1791
1936
3770
701
2680
486
3671
1700
1327
2575
1215
4060
3225
1123
950
858
2260
2414
3727
1673
2450
698
937
2125
2875
2773
671
3232
1844
162
922
2628
1678
3018
1761
1293
2951
334
656
2365
2103
146
3367
500
904
2613
1526
2064
2861
1360
1068
3471
227
716
3028
1263
1352
371
2627
1238
2819
2968
1758
2071
3297
2014
1564
2503
41
1439
212
150
3927
2034
2965
3283
2864
4038
