448
1887
3871
3111
3213
4045
2830
2373
172
2060
2651
1425
3004
1293
2224
2075
4032
1203
2264
770
3604
516
166
3550
3077
733
3708
2939
2789
851
2408
3910
1931
2609
30
3445
3751
3314
864
3994
2347
1184
2833
3241
3346
130
215
532
4036
2926
652
139
506
1606
1577
363
1542
2951
2756
2731
3066
1470
3184
3473
521
3332
2223
2284
1701
2969
3102
21
1741
3883
91
54
2970
928
3495
1022
2133
933
3206
1549
1210
3050
2324
1628
1341
1948
2260
929
1979
2138
1033
3722
803
3919
1583
2689
2171
1069
1836
866
2308
180
3146
1927
245
841
3634
1422
299
2102
758
508
3266
2393
2240
2345
3127
2529
1566
2349
2848
1657
2818
4057
3580
959
1100
3190
488
3455
3599
2220
3391
872
902
2993
786
1351
199
1820
1768
251
472
2744
3687
3472
646
3117
2819
1830
3557
417
11
1586
3689
1890
860
635
1040
2645
807
1296
3517
1036
1220
2757
766
137
1346
211
59
3226
601
260
371
700
269
3130
1689
1139
1742
2
1764
2716
1989
1858
1715
3137
1149
1794
3706
2386
734
1145
1765
28
2367
2129
367
3312
3969
3283
3014
2270
2167
1844
478
4027
265
2871
1732
1904
3538
1027
1734
2510
1666
3732
2518
2855
3928
3734
1420
366
2499
1013
597
691
174
3740
1924
280
534
3548
718
1416
3592
342
725
480
193
2513
1778
4004
1825
1273
1202
2600
4091
2041
2121
3679
4086
1539
482
1258
1872
566
3809
865
3663
3799
2546
1862
1654
1051
1557
1869
3672
1932
3791
3482
1573
3059
2030
1382
3054
1717
2570
335
723
3183
3293
161
110
611
1031
3058
2032
2074
3907
1419
4067
2290
1441
3837
2610
1922
2028
3547
3810
3852
1831
3470
3874
1491
2860
1481
3336
2285
824
1823
3966
712
1244
899
296
1137
568
1376
2672
1639
3219
3112
374
222
2472
2412
2420
326
2055
2656
1529
3008
429
3833
1475
1236
4000
413
1861
513
1751
1408
471
3998
112
2559
3541
3880
2292
330
3714
3281
1042
806
3748
2327
3926
2306
1676
1355
214
51
1049
537
1398
2020
4018
1859
978
2209
3423
3330
1832
4070
939
1120
146
914
1319
3545
458
1852
883
3913
2767
2679
1233
2497
198
3971
1896
3887
1185
798
1612
3866
1990
434
1913
2877
3709
310
1938
676
3831
2087
16
581
2491
3313
3304
319
3325
2488
2803
3735
2618
1183
752
940
2043
1738
2891
3736
2279
2681
2426
3640
3297
87
343
1239
3953
1964
2019
1882
3005
370
3561
3262
3954
1767
651
962
3752
1366
1802
2614
1246
667
2164
3938
1773
1561
243
302
702
1253
2464
3253
336
1242
3666
1175
14
4020
424
3986
3935
542
2155
34
4038
870
2395
610
3934
1806
383
3518
621
673
1762
2637
2837
3575
2701
1204
1899
2456
160
3374
582
791
412
1289
3749
3824
2636
923
2411
998
3701
1437
744
2427
3842
907
4053
2512
3802
3623
3338
3999
1631
2157
1709
1926
3305
445
2232
1841
2354
3295
3224
2635
42
3742
2846
2441
2595
2078
1626
1186
4060
3254
3782
1702
3728
856
1726
1452
3487
2942
1206
1134
3251
2865
3083
2535
1226
4030
555
588
847
2158
2800
1578
708
2937
3101
3807
2073
2195
2729
123
1067
931
544
1365
2943
2122
2143
3496
4003
3577
3147
1086
2908
461
1469
3096
750
314
152
2549
1731
3430
2780
1498
2557
2801
2080
1770
3796
1879
2743
347
3533
3426
1871
3498
121
1237
2243
3395
764
1632
3361
649
420
3515
3868
3851
1672
2519
3583
2838
919
1514
2997
377
1023
2977
926
3023
2932
3344
2178
2626
2941
640
2006
992
3396
1691
576
2586
1020
2946
2971
2183
3143
3223
1526
2423
1929
2976
698
2615
1736
1839
204
1673
2973
922
2742
768
956
3138
1091
1396
1348
2394
106
2217
39
3725
1721
2370
113
1684
2389
692
1706
3354
1095
2478
2856
636
2481
828
2909
3554
1249
1970
2903
1483
1951
1254
1212
3992
1737
1099
793
1007
3322
1957
721
2605
2322
2100
1956
1530
1281
97
3144
1599
246
3850
2700
425
3049
3189
3139
3168
252
3181
1151
1947
470
877
3539
3559
3343
2211
1453
3353
1059
3155
1791
546
3721
2016
3236
1388
2652
1044
543
2531
3755
3208
622
397
765
3356
1077
3565
1562
236
1298
2453
3357
128
4079
4073
3088
2379
2317
3414
2482
843
2695
1792
3289
1280
1897
3167
3670
1840
2000
603
503
3766
3776
1901
1560
339
2750
3504
1307
2693
3627
613
3261
2596
1629
1670
282
2517
2674
3683
645
3399
2501
3015
3436
1544
3632
2899
2118
1760
4052
3915
3890
808
2095
2868
3648
1412
2515
431
3543
2990
451
693
1197
3607
2665
1421
3171
614
3727
3093
1850
2648
2580
2950
2042
1713
3187
941
3151
784
2089
1394
303
763
489
2249
3681
701
3163
3341
235
1851
2703
1648
203
320
751
1302
2706
2593
2226
1907
3320
292
507
3067
924
1010
3783
2267
3490
2704
3211
972
2477
1961
781
490
3263
1607
575
3207
2163
2809
517
1567
3694
3804
3723
1333
3720
220
2216
1812
2826
311
1680
13
2520
3815
1088
1603
1991
3524
1478
3432
1958
3279
1801
3453
1971
3476
1432
315
3370
1589
1584
2769
526
3506
861
267
1565
3124
372
3212
3158
3468
2023
1466
441
3239
2463
3192
876
3255
894
3081
3501
388
850
1653
1138
1016
630
3502
2851
4050
2457
1178
1976
522
950
695
1339
3948
1259
2996
3439
1785
2401
3858
1070
1752
3467
2870
402
1668
2103
3301
357
498
3107
2169
1435
625
2197
2214
1598
2432
1304
3596
2048
970
2221
1698
2667
3614
857
3480
683
1381
1818
2359
2721
891
1855
3394
762
3497
3946
3441
79
355
2715
2514
3944
111
3601
1499
945
297
2578
2625
1473
935
2003
607
1349
3780
2181
3820
3016
3347
1377
3657
1200
2222
2358
1190
2403
2170
2255
1230
2288
1618
3367
4
2751
2300
1833
2371
3884
3413
1345
2968
2024
2245
642
1735
1426
624
1540
1636
3512
442
3056
3633
162
436
578
3452
3856
1150
35
3816
1384
3103
619
639
3899
1008
1290
3178
2945
946
2587
2604
2022
3118
153
2230
1494
1395
3052
322
4055
502
317
942
3980
848
1902
1152
2641
1456
165
2673
4054
2369
852
45
1372
99
3433
2033
1597
1661
3247
73
253
3656
2428
1141
1279
3509
2920
3380
290
1824
306
901
2659
2590
3674
3271
822
869
1295
1525
1072
2511
3196
2404
2119
1161
3690
495
2072
1444
3873
2981
3308
937
3405
4015
1039
3849
3256
1492
2611
3646
3582
1177
127
2880
454
577
2269
2115
22
1582
1352
3927
1109
396
1939
2062
432
255
3710
1848
2878
3889
242
2794
3079
2847
3955
2275
1880
606
1118
3002
244
173
3958
3553
1205
1730
1585
2627
2922
3730
1952
4008
1017
2321
3822
1140
556
78
1595
599
1520
858
1640
1265
585
3676
3157
2194
2507
3912
2724
2728
1555
951
753
1004
2859
2940
1034
2760
2418
810
318
82
1215
3424
387
3484
2045
888
2965
991
135
2014
3462
1842
2975
19
837
748
2105
1338
3273
2676
2936
3906
2307
3358
332
834
1650
359
1268
349
2589
3647
3335
167
3863
1126
3460
759
373
710
3556
3716
897
1728
886
3215
3817
2558
3031
3397
369
250
114
3629
1457
1386
449
3331
3942
706
271
2562
3895
270
1379
1720
3099
1082
713
3485
1154
1158
3964
481
2992
2720
340
3896
2116
3461
771
1675
365
1389
1782
1114
2790
3170
1103
1515
1378
2343
3733
1060
1745
2680
3717
17
2051
756
2239
1037
1300
2771
2821
1729
3594
2175
2732
3479
4037
1532
3875
3142
2617
2266
1945
2565
3997
3389
501
1447
3821
3221
410
4039
1479
3222
2492
1915
911
1385
2431
3865
685
2058
2536
1974
2231
1950
1087
428
1430
1427
2063
1914
1686
395
1173
2337
952
65
2603
1075
504
3500
2149
1493
3109
407
2822
298
2140
189
1403
2783
1482
3069
2567
2991
1912
2342
3651
2213
1685
2737
1944
2723
418
1662
2430
549
459
2607
3943
3366
949
868
2250
572
654
1807
749
767
3197
460
1937
3094
1574
2151
3860
12
426
553
2782
1600
2252
2446
466
2297
2714
3182
871
2093
3303
2910
735
2077
358
3230
1919
602
2188
813
1551
3628
2387
1121
727
778
2147
239
2357
3525
2957
3892
1983
1892
3173
1766
3089
4005
156
1284
2127
1113
920
419
2236
2385
2564
1106
1813
2761
2044
3419
3528
2353
1843
277
447
2161
4034
3618
1576
2530
2422
2606
3494
2018
2502
368
1380
4064
2134
2207
3309
2669
393
1274
1263
2893
1443
2784
579
2929
2094
529
3225
2905
2817
2272
474
3134
1704
3786
2934
964
72
463
2433
100
1749
2212
409
530
3945
392
1330
3642
2572
3724
2462
1669
1724
1411
1877
2438
3812
1207
3363
979
2974
523
2013
437
3039
561
974
1157
2897
1213
1367
3965
1564
754
1535
2480
913
1231
890
1269
3990
337
2459
2261
3620
1905
3299
2707
3968
2711
2900
443
3823
2228
2001
4061
2348
2442
3803
3508
3902
1505
3402
2987
1875
1521
527
2544
1400
3475
181
1928
2650
1789
2256
2443
2450
416
3434
796
1747
1455
2630
1536
2778
811
2591
1096
2709
2287
716
3779
2930
3454
500
3136
2887
2289
2555
1241
1224
1276
1188
1900
2594
2779
3668
131
2037
3400
231
3830
1611
740
1866
2318
812
3364
331
2958
2541
889
1703
256
1953
1094
2416
1886
580
1664
1019
316
2204
467
1917
2296
573
3340
1617
3644
3010
1471
1518
1888
518
3511
1507
2145
3288
3886
3292
462
63
1707
2521
2355
1064
1463
665
1893
2110
308
2253
1665
3521
3691
559
219
1811
3491
2344
600
3161
3961
2282
884
1194
927
2469
2664
690
1699
1810
731
2725
3962
3805
2452
3210
182
2824
3116
3813
2160
971
2823
2866
2765
2215
61
1663
1434
18
514
2375
74
3298
2683
3908
1696
70
4090
2476
2383
1159
817
1390
1360
1644
468
2896
1209
4031
4082
3853
3882
2964
1723
3516
3854
2271
3456
2012
136
2631
3087
3243
3316
241
3839
3119
3715
2791
1065
3529
4017
2081
1247
2050
1359
3132
178
3466
2735
1363
2294
3773
1761
1358
126
3551
2203
2524
1591
963
855
2722
1066
3162
505
1753
3076
1369
3904
2407
2718
3442
1776
2972
1108
1424
2114
2963
3324
1637
638
3697
3756
107
3383
908
1405
4001
2802
1534
2235
548
2577
2493
3457
1769
1697
3176
2708
2915
2979
3576
1171
3280
1623
2451
286
3982
2841
773
694
3384
2612
720
3932
1052
2523
3625
2440
2487
1511
1196
3609
3200
2336
3806
3373
1402
2304
2849
3404
780
3617
2901
2238
3838
4014
1508
227
3027
3761
4063
4058
4010
1286
1317
264
2808
953
1180
1439
1868
2793
3877
967
3012
2890
2471
772
736
3019
2495
2807
1166
2031
634
300
3578
2201
921
333
3040
1127
1759
1277
258
3193
2429
2310
0
3021
1992
2814
3447
3699
3952
1527
143
3085
2984
184
688
3645
3532
3846
4072
3051
4016
3282
2366
966
2921
3726
1448
984
2579
3392
1146
1458
2584
2740
2434
23
1003
1910
2225
3987
943
1512
1743
2084
2772
2406
3122
122
4035
2251
3448
485
1429
3164
157
1176
660
1028
1374
1026
2026
8
2036
3660
2305
1084
1309
479
3326
1814
2959
2806
3150
4089
1292
3065
3925
3275
1029
3832
1975
329
3360
325
1804
1681
2144
3440
724
158
1415
1282
1318
2914
1123
2234
535
1294
1362
476
405
2713
3700
1847
900
1021
3311
3513
1876
3123
2952
444
2982
1815
2198
1860
541
4075
726
1266
1038
1849
2752
4095
3819
2242
3960
1303
1690
2352
3166
1112
1005
3074
283
704
3238
550
2291
2548
2688
2364
1635
3612
2494
1393
1316
3867
3707
1490
3443
1321
1232
1174
3814
304
747
3388
213
1563
1165
3705
2069
360
261
562
2096
3905
4084
3921
666
3045
1199
3070
168
273
2763
3227
2150
2986
2090
3924
2815
1078
1660
2199
4080
4092
3759
3976
278
411
1519
1667
3881
1572
3542
2691
818
2655
3585
1195
497
284
2825
3152
2315
816
1556
3808
2281
1884
52
1881
2988
2816
2461
1111
1431
1965
3086
1695
3655
2233
3939
1864
3784
3743
1558
133
2918
3764
2923
3478
775
1783
1873
2741
2608
1
3477
2101
1101
915
2566
699
524
2485
730
4066
3234
1642
989
2039
138
2933
350
2008
1658
2465
1092
1968
663
3398
3411
1920
2955
2799
1179
887
2399
266
1506
2956
3503
389
540
2828
2391
3017
3959
1187
1043
2489
2244
3741
2858
737
631
2911
108
3929
491
2328
4028
141
1659
2551
2758
3591
3562
3713
2205
3024
3302
2785
2363
2473
103
254
3071
2882
687
799
33
2995
2907
3549
2733
1308
3191
528
1409
1997
845
1417
3209
1054
3537
987
2206
3996
1440
976
3342
2047
1819
3584
3847
797
2686
3587
2563
2218
997
2263
3922
2229
3175
968
3412
2927
380
1218
3941
1700
3274
612
1322
2820
257
1217
3586
2960
3695
3220
1652
3760
1053
2554
895
675
823
1795
3757
3372
3369
3894
3317
1445
384
571
1272
66
2894
427
2190
3232
140
2633
3643
1898
738
4012
2581
3872
1098
1198
1129
1503
2670
351
3278
2301
2447
1803
677
3900
295
882
2274
3641
1288
492
2777
3622
779
3520
2853
2293
1694
421
1883
84
1835
878
3428
609
124
1243
1978
605
186
1061
3306
46
932
3891
1271
2540
3401
1252
1633
3888
3795
3598
3978
4047
281
32
3450
399
53
1828
1193
800
3798
3678
3264
2017
657
391
68
3382
1817
1168
3566
3272
3276
3718
249
2381
1609
2762
1865
185
3237
3025
637
3048
2844
1786
3801
3003
2312
1413
3310
552
3041
3185
1459
1655
3188
2241
2448
1554
1634
1894
1985
96
1454
782
1955
2247
2840
2004
129
2257
1485
217
1619
1326
3531
2010
648
1035
2066
999
9
3669
2875
656
7
3778
2040
1156
3581
386
450
27
2227
1313
1733
658
2571
2961
745
829
2569
1407
3698
2678
1451
2804
1079
965
1727
2409
1410
1878
2638
2439
3931
3115
3988
2999
435
3153
944
2677
539
3747
1590
1486
594
1270
3140
3285
43
2962
3062
2895
1962
1895
3242
4022
2219
3911
1969
1942
3923
790
3621
207
104
2237
3129
3616
1383
587
95
2156
3571
3172
1780
1614
2064
2085
583
846
3451
969
2286
679
1829
455
40
3664
2889
2542
2002
896
3377
670
1755
2162
237
1464
1909
3165
2736
618
3719
2086
3337
3658
1545
3546
3444
2338
3781
2035
188
3775
2128
1474
4069
3407
2842
3879
990
2258
1336
3250
1592
3378
3746
1223
1449
2770
1822
275
3121
769
2137
1361
212
3878
2632
2070
2601
1559
2398
3680
2985
3811
4013
3379
2113
26
294
3205
2210
2124
2262
86
142
4026
557
2088
1342
994
4077
76
3605
3044
3696
3828
288
2159
2329
3009
3963
1501
1085
1122
1995
3544
2754
961
3068
228
1331
1693
1102
362
2314
2543
2684
29
2313
3154
2365
3135
836
1414
892
563
1364
2153
2550
2629
446
674
6
3768
4059
4006
3659
3415
2774
414
1131
3084
2768
2455
3020
1018
3682
1115
1651
2390
328
3038
77
1083
3855
3981
1712
3097
2007
2944
1722
2109
3327
477
187
655
2522
3420
662
1462
2710
3104
1857
1522
1306
94
2912
307
832
1468
2341
499
2009
3712
1465
3198
218
453
1496
1954
1245
3989
1189
958
794
321
3569
3692
3248
1579
1373
1329
3662
408
2061
620
3738
2989
205
1219
3844
2954
3128
191
1674
1142
705
69
3611
2177
898
2717
2576
2556
2886
1943
1797
4023
210
3876
1647
1169
1347
1057
3693
3300
1299
554
1354
2435
1622
327
2437
1608
3702
3018
1446
1076
3489
118
4024
2738
1262
1575
873
3296
1838
209
3552
3800
3032
3818
1891
3410
1588
2254
2139
2466
4081
101
3514
440
2444
1682
2898
3603
591
3602
1343
1645
3909
3179
1524
486
2049
3463
324
1325
3665
3333
2483
830
840
1779
2025
4087
1073
2071
2745
2857
2843
1387
3950
2474
4048
3177
1528
1375
2268
1867
3011
985
819
2184
3972
3840
2123
1081
2200
3095
475
4094
1391
464
3437
2380
2811
1788
1671
1047
1646
1418
1596
1250
821
2537
3334
148
681
115
439
3993
305
208
202
2425
2892
1055
3249
955
912
1497
2812
1315
842
3560
2913
3631
2643
2829
2787
2516
785
1015
1963
757
3729
885
1678
1235
456
1030
916
3270
3269
2538
2876
3000
2130
2120
3233
831
3522
2924
3092
1946
628
1977
15
3649
1808
3110
2346
2525
200
838
2545
155
1436
669
1025
2682
2097
1601
668
484
1710
1982
37
4085
3386
3126
2931
761
906
1480
1621
3572
2280
3885
1996
1160
595
196
1428
400
3638
2547
2661
1994
379
707
2906
1531
3465
904
3073
1489
2192
1510
4019
2038
1504
3180
2660
1903
2810
1285
1001
1744
2747
80
483
3418
1593
4007
2573
1488
2781
1105
1356
3916
1238
805
1041
3574
1846
3098
3244
177
512
2616
2339
179
85
629
469
3567
89
378
2424
1602
1438
1062
2902
3403
2107
1334
1155
276
348
814
2935
3078
2154
2172
2503
586
2646
1649
1144
3903
3523
3328
545
2998
2872
438
918
3046
584
1337
3
3319
1784
132
3610
1350
3785
1874
1404
1538
3013
3291
2653
2056
2675
232
3257
3231
10
2076
2136
1516
457
3203
2904
903
617
3772
538
1763
3615
960
1630
826
3258
3770
2831
2108
3975
2532
1056
2696
1104
2112
1921
1986
2834
2504
653
3862
2021
1930
1192
2388
1125
415
1148
1757
809
2884
2949
344
3835
3857
2705
672
2883
346
746
954
3750
2885
742
1287
2356
3425
1959
2620
844
1502
2727
1627
551
1616
2879
3630
4040
2092
3753
1009
3265
57
2057
3967
2845
3635
2117
3007
2980
147
1229
75
3589
1885
1116
430
3652
3861
1798
689
2454
2496
2663
150
2397
394
201
2052
1774
1821
3573
975
2654
2805
3422
3505
3481
930
376
2098
3194
743
2179
175
3352
2083
2869
1050
2475
1643
598
2692
2311
2599
234
3082
2417
2527
3977
3030
1834
3204
2719
3771
4011
570
2786
3464
1800
1805
3091
3321
116
4083
4002
3029
2966
881
2509
352
3597
2994
2668
1222
2470
2259
2528
3001
1297
353
3985
3829
3703
3474
3381
313
3983
1117
2248
224
2362
1208
3047
2658
2644
248
2685
616
4065
493
3375
2726
1610
1311
3417
289
356
2795
1074
3637
1323
2698
3043
3540
1936
590
2539
88
1128
2862
1725
274
1509
3365
1718
632
1972
64
1170
2978
2295
3869
4088
2330
2788
1918
2068
3260
2687
3057
1460
996
1472
879
2467
2180
3653
2202
60
2174
2186
3527
981
3507
169
345
3767
1754
2598
3469
4043
1580
2165
3349
2712
3315
2592
3202
3072
3769
1255
1163
2671
3240
3825
3036
3970
1211
3259
2176
3350
36
2666
905
802
144
682
1999
1119
4093
2185
2196
1906
3991
3376
1547
2649
880
2764
1793
3893
1368
2331
3042
3754
3624
739
3028
2400
1984
1006
3974
2189
48
24
496
2372
3917
3323
3133
1110
3148
3120
3471
2323
2325
3739
3427
760
3606
3459
3711
3438
354
268
774
259
3901
1225
341
1310
3843
2378
2813
3488
2276
2460
1228
1988
644
2278
117
1153
1305
2335
3235
312
151
1248
240
982
1705
2640
3957
4051
2384
2873
3979
2948
2402
1399
1461
1550
1987
1777
3745
2168
375
58
1234
3022
2583
2697
1941
947
3053
1071
3936
1097
404
574
1581
3930
1397
230
2299
910
3385
229
589
1537
696
2699
3145
2508
3558
1740
2277
980
1182
2746
3186
2193
338
2132
3246
3199
3307
2382
49
293
2166
1324
465
1370
382
661
1625
2690
2749
1487
1423
1032
2730
1312
3217
4025
3218
433
473
452
680
995
2623
2396
525
3387
3789
3406
1533
1201
3774
3114
1320
2360
2628
2421
2484
390
1080
2602
309
2449
2526
2917
1854
1301
2953
1772
3105
788
1656
403
3174
565
3359
678
3483
1571
3290
659
3228
1002
3159
3371
2302
2792
1934
804
3125
423
777
3826
1916
2005
226
3593
1925
3329
3864
2983
2773
109
90
4056
1960
1750
216
1216
875
2498
149
2662
977
1719
3595
171
3763
3834
934
125
2928
2079
1569
1746
206
3355
2755
1181
3704
3555
2588
3841
1401
401
247
272
2410
1604
3535
633
1014
4076
874
1214
608
71
3758
3526
4033
1809
2597
2798
792
3797
3286
195
1012
2854
2376
3918
520
2303
2319
2839
102
1889
839
105
1949
3530
820
4044
238
1845
1135
2938
3619
3626
145
3393
825
2405
1267
2082
3216
3348
2316
285
2148
2864
163
2392
2053
4074
1162
3160
647
948
993
487
3564
154
2334
3149
2552
3486
1620
3277
134
2836
2099
3090
1683
1045
3368
558
1708
2561
41
1908
1973
1692
1130
627
1787
3431
2413
3318
719
2273
1758
2881
1133
3673
4042
684
1716
1548
67
1256
686
1993
917
2320
2152
1513
1467
1940
833
2916
3075
1870
194
2835
2702
3920
1344
2067
2419
1327
3898
3845
854
1687
2657
3787
909
709
2827
3777
867
3499
3744
1827
2766
2445
1863
849
3731
2135
233
853
1980
3685
3661
569
1711
2852
192
1477
3362
1679
1136
1048
3169
2298
3229
3534
197
3995
50
3951
323
2553
3792
2582
1340
2368
715
1748
863
2015
1933
2585
2246
650
3794
3408
2621
2374
1371
533
44
2332
1552
3568
1495
3956
835
2797
223
2436
381
1856
3060
1967
936
3654
2309
789
2796
83
3519
531
3416
3061
1089
986
1132
398
119
1328
815
81
2734
664
1799
2500
1167
2059
3636
2867
2283
3671
3339
1314
494
1523
1816
567
2126
3421
1543
3351
510
221
3106
2377
3131
1107
1261
1541
183
3836
3788
1476
1068
1335
2613
364
3458
2350
1613
2131
2125
2415
1046
1260
3345
3446
3984
729
2490
1641
2351
31
2340
2208
1278
1227
1442
2141
641
2560
1771
55
3859
596
2065
983
1147
703
3113
1275
1826
2574
1000
1853
4049
1775
164
3536
2967
1587
2647
3940
92
56
3848
1553
1688
4009
732
170
3409
1605
4041
3650
2106
2034
519
3675
2832
615
697
3608
2874
722
1433
2104
2575
3080
1264
1332
3294
3897
2947
3793
2111
1790
1011
560
3429
1058
1283
1998
3201
3390
361
3267
2775
3588
776
2054
1124
2414
301
1357
755
3195
728
3037
3600
2748
3949
98
2568
2919
3252
3677
2861
1024
3937
2173
1568
1739
120
2191
801
1291
3100
3033
714
4046
93
2850
3245
1981
988
2458
2622
2619
2333
2739
509
2888
3435
263
717
1624
2468
2265
3510
3827
862
643
1923
3639
2146
3108
511
334
1251
859
3765
1594
4029
3284
536
2142
3613
1781
1450
4068
1935
3684
287
25
3762
3870
2505
5
3055
1677
3579
62
3790
893
159
593
711
1517
3933
1093
671
1484
422
2011
3035
1500
3590
564
1257
2776
3449
3563
604
3667
2506
827
938
190
3914
2759
1615
2639
2361
1966
3493
2027
623
592
3973
4021
1221
2694
176
2863
3156
3063
783
2925
2642
1353
3064
2486
1406
626
38
3737
1837
1796
1570
3214
1172
3688
1638
1911
1164
4071
1546
795
1143
957
2533
515
1756
2182
406
225
2634
3034
3268
3686
973
2479
1090
1714
925
262
3026
1392
1191
787
2091
2187
47
4078
2326
1240
2046
547
2534
279
20
1063
3947
4062
2029
291
385
2753
3141
741
2624
3492
3287
3570
3006
