2491
2289
1569
469
3123
2547
2893
2891
460
2868
2183
459
2766
3044
2635
2330
2664
3757
2052
3003
10
1474
3473
1696
3885
3633
1583
634
2591
2773
3816
2843
387
3247
2830
2268
3461
1758
2780
1110
2996
581
844
2816
3569
625
2452
3384
2172
3501
1213
1388
3159
1694
1728
2325
85
3178
3133
2589
2831
1338
2187
2138
2078
3138
4051
1369
2269
2973
2213
2386
1344
2757
236
3663
1853
3082
544
3612
2412
2099
1600
2948
2709
2264
3863
3528
2876
2598
1431
1718
853
3778
2254
1321
3337
2908
3381
2776
3259
520
2896
3412
1148
3034
2448
3468
2640
580
2435
2135
1580
1905
1619
2113
56
3728
638
1428
794
1307
3840
2823
3222
804
1540
1964
2905
815
2146
1291
238
856
96
942
2098
3167
883
3250
2061
4048
2926
1285
819
3544
948
3559
247
3267
1867
4004
1396
1766
2414
3578
2866
3258
2620
1746
3973
4084
1711
702
1298
51
1514
70
281
2788
3007
1244
703
3759
4058
364
3019
631
3086
3169
2977
1349
3308
186
3611
770
3359
1021
1487
1909
355
3469
111
1258
2887
2173
3275
2244
108
3696
2911
3263
1822
1549
2756
214
3486
185
690
1415
4064
3375
2851
2376
1305
1404
2286
1734
3204
1152
61
2768
1525
2595
328
52
3058
1651
3170
2732
4077
1829
2746
3406
3762
903
1192
1272
2336
917
1988
3604
1599
2855
2700
2454
3775
249
2846
1154
2654
835
2587
2501
1810
1911
1271
1315
3875
3893
4053
3702
1762
1672
3083
1392
2141
3364
867
87
2747
1656
4074
1422
1164
2436
3290
3517
1417
2979
1865
104
2237
980
2423
2639
668
15
2632
97
401
1674
1441
1122
2275
3424
3050
3943
4018
3036
1568
3287
3798
3658
1973
3457
2880
774
3137
3376
3861
1363
3477
3151
1524
500
2566
3166
3693
3447
506
2520
535
1444
940
1492
2799
2239
337
2593
931
4067
3839
3841
3765
729
2279
206
3556
1016
1202
2748
3068
1637
394
1673
2132
2615
3622
3868
2396
4027
3254
2360
2644
2935
3098
694
92
982
105
178
2573
1560
2834
2393
495
1563
131
1937
1828
685
2943
1989
652
512
4033
2493
1901
3081
4054
373
2690
3475
2489
960
248
2717
66
2695
2856
3057
2084
1180
3198
1956
1869
4012
1951
3909
2111
3463
2042
3220
1789
3496
1863
3125
513
2897
3688
3215
2069
3331
485
730
3761
3213
1720
2790
2946
428
221
2673
1977
700
3228
1995
263
3774
2838
2100
1854
2550
813
3801
1564
2869
1709
2351
2471
1614
2116
1467
384
2845
2261
1818
2267
603
2245
1218
918
2933
3992
3443
1512
3605
890
826
3842
287
3722
1237
3615
2227
3366
3451
1195
2679
1776
3307
1773
2177
3640
572
3100
3646
2528
2122
1667
1880
119
1813
222
1119
909
3304
3864
1044
31
602
816
3887
3668
570
482
1112
1145
3360
934
2917
1516
3303
3812
2634
3550
2018
3571
3440
82
1677
2337
2148
2163
707
775
1557
2059
1231
2877
3962
2783
1290
1255
253
1250
3549
4045
2889
2277
3114
3960
2752
1507
838
1595
1158
149
184
2198
3467
736
3715
750
3737
32
1447
2104
415
1104
910
59
1640
858
2584
3883
1952
1027
2033
3024
277
150
55
464
808
2829
3194
764
3683
62
4001
742
842
270
3907
1566
162
3542
1532
796
1857
987
977
1205
2609
2527
3324
2430
715
4082
1087
2510
2900
205
3500
3711
3815
2811
325
2180
3747
1101
2315
3877
2434
584
1424
785
793
1410
790
874
1320
268
2166
2751
678
2233
3294
207
666
2126
3541
3525
610
3901
3825
2281
1982
3642
3881
3686
3645
2785
3226
3235
1260
1216
1495
517
3890
1669
2328
1454
2445
884
3340
1188
2636
3330
1992
4094
3091
953
1486
705
946
855
1352
3966
341
2556
3650
3764
3088
3163
553
1163
1771
48
1376
1460
2439
1377
2516
2293
1539
2335
1499
3157
3224
2859
3915
1918
2949
1340
86
2537
3535
2524
3560
1439
112
1162
850
350
3838
465
3894
3869
1222
3912
2578
2062
2102
1577
2465
3491
1393
564
4029
711
218
1572
0
1926
2159
3374
3256
795
2409
516
1105
1384
1809
3277
1064
1221
3512
1796
902
2490
3311
398
2758
607
2133
3880
267
2626
3109
3823
1339
411
1955
778
2546
1967
1860
1355
2774
3637
1658
2086
1943
630
445
525
1323
843
797
2368
529
3643
3427
2983
3291
2549
3974
3849
1228
2770
3373
58
3180
1957
1816
3589
1238
2726
937
2960
273
1357
2675
3325
3865
2649
2464
1478
975
2441
2273
374
1174
1189
924
4078
422
3853
467
1585
550
2861
2646
737
489
1100
3499
3533
2562
44
3828
4024
2710
1350
629
560
1596
1211
217
3390
1477
2121
3345
1503
3507
1907
1735
3522
1436
3701
1927
508
1217
3565
2077
25
141
1005
3613
1793
3503
3769
693
3238
1030
2599
907
2253
1008
2530
882
2025
1300
349
4085
136
929
599
1342
3187
53
3439
1845
1552
3185
2034
2352
1394
2394
2055
965
2214
1462
1806
274
1149
645
784
2408
2907
1413
534
2771
2714
1311
2119
3660
1345
3236
2007
966
1803
3597
37
2497
2839
714
719
2522
1172
3396
3818
2534
2387
2403
1836
4014
3234
2978
2670
1644
1591
1082
2456
3454
1267
1652
766
653
687
125
3382
1215
593
567
3329
3148
1179
3026
2884
1712
1941
810
641
510
2925
3090
2400
1798
2953
2144
157
1681
295
1607
3627
1760
1165
2179
595
1185
989
873
120
2498
970
2314
1107
176
561
626
1014
368
3934
834
2878
3276
2160
3107
2031
1314
2801
3792
2004
2345
1491
597
3061
228
2356
230
488
3607
2041
1485
1866
2296
1412
2274
1783
262
2016
554
1451
1710
1731
765
1581
1576
1765
1251
2203
3470
3011
3181
1841
72
2091
2503
3481
2745
3437
1108
30
2890
2697
67
708
2174
1489
1618
1137
2737
334
979
3704
2912
2538
1621
767
1020
3551
431
1449
1455
252
470
1143
3033
3410
3740
3710
2199
1432
1116
3110
1034
1733
549
2205
1483
76
920
1980
2219
1788
1555
959
1826
2109
3730
870
2451
1270
3811
190
2822
833
2502
3857
735
1191
2882
2129
1117
3179
3092
1031
2588
3904
3124
2050
1685
2536
509
4073
2080
2950
1930
2623
1026
727
1071
98
4095
1761
3310
1663
1057
2037
2924
1286
1440
188
2692
192
2508
805
3041
3705
65
2936
523
1065
1933
1144
2090
871
1586
3963
608
1819
710
2191
726
3768
340
3189
1166
2249
2476
3587
2665
2431
3635
3536
3679
628
839
1387
2899
454
1445
461
395
211
1947
2343
3021
860
3895
3576
2652
450
3505
3400
1121
380
1019
1680
272
3591
3726
3156
2165
2340
1848
1679
521
2992
2171
3106
2379
1713
3183
2733
3177
1745
1233
2837
3892
502
1528
1940
1753
3628
655
1132
1364
3594
1603
2063
3982
1650
2419
1118
2399
2581
1434
3731
46
3896
1832
3944
20
3446
2152
240
646
1142
2043
651
3361
2112
182
296
493
1954
1588
3595
1695
407
4083
433
354
319
688
250
83
2944
3450
2794
3741
2633
309
1903
39
3695
3483
2484
552
3814
2963
2707
2389
2828
369
1609
2760
3919
1821
2339
1041
1052
993
208
3779
2204
1046
1471
2989
862
3519
1570
2738
336
3665
3367
3933
1196
2582
4079
3476
2565
734
3669
3006
1547
1425
2306
1050
563
2975
2999
2579
3603
1974
3900
2742
1965
2744
3750
1754
2596
1184
2980
3592
2365
3018
3192
2532
1075
3387
3844
2235
3466
1040
1072
2319
3252
1792
1247
555
3929
1881
2231
3733
441
1749
1297
2426
669
592
3832
2085
305
1472
2364
333
200
3736
4035
2067
1688
2453
2371
2009
757
1934
2702
2155
3255
1616
2049
2903
3593
12
2136
2932
3286
1939
3323
3655
1998
1430
1190
3227
3953
225
2553
1083
198
2660
275
2410
3492
2000
2506
986
2184
2291
2051
1984
1239
332
2647
3035
2680
9
779
981
2196
2106
113
197
3826
376
2093
3654
424
1517
1482
2189
1723
3978
2642
2781
1851
1182
2065
3566
3456
518
1594
2901
1194
2872
2303
2107
2297
142
3667
2220
665
4043
2305
3070
2378
1000
3871
2461
3513
514
3788
3210
3931
1139
1519
3886
1795
2798
3626
1963
323
2656
3813
3368
202
2020
437
1283
1518
2586
3786
3495
2310
321
2265
3487
3292
4015
2913
38
3971
2472
1944
3806
2956
261
90
1739
1922
3221
744
895
3152
578
3249
2873
3773
210
663
1268
80
2359
2258
223
1755
612
3048
1660
3709
759
559
1136
3229
3029
686
2767
1208
3787
1414
3699
3014
743
226
146
2605
3176
2468
2479
748
658
1497
353
17
3195
3691
1987
1994
3509
879
3638
421
2927
168
2883
1199
3659
620
1764
1775
3795
876
4037
866
1365
579
3789
2898
1882
2696
2234
1448
1624
3988
3796
922
777
1088
3313
976
3834
1263
3336
1896
721
276
3917
4063
3203
382
4002
3059
2734
3389
3080
1371
1748
2793
3434
3371
3767
1665
3872
2779
28
3111
3191
1544
3518
2353
35
3056
403
3949
3328
1405
3639
2957
2686
99
3524
1799
3625
2844
2485
356
3117
434
317
3957
19
2079
2724
1968
1150
312
233
3045
3720
3149
3684
3343
2470
3685
286
145
1587
2614
499
1554
3678
2683
2511
1341
532
1898
3790
2229
1648
2094
761
680
3209
1960
1418
4026
905
2863
760
3958
1959
4006
3508
50
320
4071
2954
2292
1429
789
318
2965
814
2602
952
1370
1682
1883
3344
1093
2006
3961
3935
1530
2115
3827
172
3670
3708
3459
1375
3664
4075
2750
2117
1724
492
2480
3739
266
2918
2778
2066
402
3413
423
829
3534
1273
1135
4065
2655
1921
950
2260
1972
1330
375
1470
2321
1086
3874
649
3585
749
3677
306
3135
3458
1450
1966
2514
177
1993
300
1916
2621
831
2820
3418
2787
1161
209
3140
3363
1633
362
933
3369
1045
2661
3471
3859
1804
2056
3326
2715
3910
633
1562
3911
425
2713
2083
3899
3866
3452
2841
3322
3352
2728
165
3951
1543
36
3417
3742
1328
857
1629
399
3666
528
2449
2967
2552
1452
2217
4016
2015
1767
2026
1623
292
2288
3843
2218
2852
3012
3618
307
3332
3808
1608
885
2910
865
93
3661
1567
2864
718
3161
2934
3415
3232
1732
2075
923
468
2921
507
671
2188
3829
3913
1029
2674
557
3245
712
2366
751
3623
943
605
1048
3511
1481
2317
2627
2777
4032
906
2140
3217
2362
3357
614
2370
2413
2704
220
1280
1464
342
1265
1617
2835
1790
1763
609
458
1925
3994
466
2404
1800
3754
2443
2209
239
1666
2755
3134
3884
3285
3112
3403
1200
1028
3889
807
1252
2804
440
3738
3908
511
388
684
1777
4081
1317
827
1815
2054
3408
1872
1923
3243
3248
1515
2563
298
3945
1924
739
2604
799
1066
474
632
1990
2993
741
2545
1433
3964
3965
2028
109
2278
1214
1092
3975
3714
3174
3208
3278
1981
3563
1708
968
1186
972
3845
1295
3423
3950
2711
2526
2720
3223
1689
1023
3644
22
174
1852
1051
2259
2885
1738
3335
3052
3547
346
1546
880
3020
1343
1839
3573
1919
1917
2202
2169
1256
417
3240
3584
330
3723
841
4040
3216
2487
643
1700
3621
3572
3682
780
322
1582
2914
2318
1698
2958
1878
2473
2601
2658
2657
822
1302
2459
1511
1427
2283
1830
3497
2208
1316
242
1099
585
2651
414
3264
2719
1266
3460
243
731
540
1535
1043
2888
3435
3273
1276
2860
3858
1009
100
2663
1541
1838
3539
102
2577
2929
2987
1175
40
1716
568
2928
2433
3620
2512
2576
800
2557
4086
2782
832
2316
2571
455
2363
3103
2509
2168
1168
2535
698
2920
1309
3158
1146
2060
148
738
359
2447
2600
2930
1249
2248
3300
2703
2761
135
3127
2008
3489
2718
88
404
682
3242
283
1627
3698
1743
2867
887
618
938
2391
2568
2367
1545
327
1236
2786
456
854
3800
954
1671
616
462
429
3979
164
1219
124
1784
1747
1381
231
3485
2572
81
4056
575
1770
3676
3674
2137
3636
3614
1197
978
2689
3062
1402
3689
1840
3063
3146
2211
2206
1128
311
2495
4039
1864
3763
2826
1697
574
1643
2082
769
594
2290
2072
2947
896
3298
1090
1074
442
2153
2628
1729
203
2395
3530
3998
2482
3631
3707
235
2250
2252
3305
2125
781
2040
1227
3479
313
2221
2089
444
254
3030
3777
1336
1017
1080
2346
1630
791
1837
3972
1209
818
1893
443
1638
3502
541
1493
2500
3049
4059
2625
452
898
152
1573
3040
3271
2422
2342
836
1176
2574
604
2332
1986
1240
587
3987
2806
3548
536
1319
1787
1406
3262
1243
3882
1111
3334
3822
3770
1769
1058
2688
1902
3190
1649
2886
624
3241
1438
386
1702
435
1928
1115
5
3923
2840
2474
1465
1067
2955
101
1306
224
1912
1553
1466
1356
2388
1261
1039
1601
1401
501
1408
3230
3348
2521
160
3888
3051
2650
1606
1004
3425
1661
2307
1999
2972
2241
3333
1469
2256
258
782
846
1061
3601
1646
656
1843
1294
824
2769
941
591
657
491
3115
477
3042
1915
2708
2990
622
4070
385
2001
1892
3514
3462
1212
1138
1193
3579
2022
1022
3959
1494
556
3239
4093
533
2551
1367
1757
68
3085
3066
545
2323
1654
3444
3930
1690
1593
91
1459
303
3833
3004
3552
1203
2276
2931
392
1348
457
955
153
3073
548
2285
588
3121
110
1642
2991
3318
2460
3186
4010
573
3398
1287
3657
3624
1508
4011
1931
897
3855
674
1301
1529
2515
1781
1945
524
971
2442
1509
2390
615
2373
1913
3484
3905
216
2164
709
2192
1785
2175
397
128
4052
246
2682
696
803
848
3153
1971
1721
1655
2486
1820
2961
3172
2380
4038
2017
930
2854
3494
704
2369
3089
3010
180
683
1620
3416
733
1383
3580
2257
3804
2047
3212
1015
2070
1558
1351
2251
576
531
1230
2611
2139
2344
1322
3150
1198
1033
74
3981
3465
3299
617
659
3780
2354
3954
2739
3075
969
1386
2222
667
1871
3116
1936
2499
3132
756
2985
370
1814
1178
2857
606
644
3493
1403
1641
3746
763
1887
1505
758
864
1834
691
79
2266
1089
3205
596
840
3568
2716
2011
133
463
2361
586
673
2223
2964
3145
436
3231
1278
453
1435
2585
2440
1333
2672
3401
1598
1473
2057
3027
3126
73
526
284
692
660
1859
2073
1253
2238
339
280
3379
2775
515
3160
2569
3464
1409
348
1060
2939
2669
2865
140
3490
3289
1991
473
2698
1183
3472
2870
3753
2529
2805
3102
2694
3671
494
771
1579
1476
2010
2817
2951
3599
3015
291
1304
1602
3105
1976
2186
2821
2597
1699
3784
1242
114
304
3854
2492
892
2481
3527
3253
2981
2406
2875
1140
1831
379
2902
1103
1779
161
3350
405
1740
3526
2327
915
992
3358
3851
1003
2014
3184
3648
1844
11
3168
1091
1741
3385
155
2271
1160
1457
3999
2299
232
3567
2145
3940
1626
2466
1097
3897
640
994
2438
1049
3129
3582
237
2612
636
121
3630
3610
2684
1782
420
1358
426
623
212
4034
3955
3113
1073
3211
2477
1442
2507
1318
3990
2548
1835
3732
2740
3378
699
43
3341
3831
2304
847
3783
1730
1068
755
3362
4003
324
1873
4007
2013
1861
547
4061
448
2962
3001
49
3047
4046
2543
241
551
2812
1170
229
2610
2729
4087
3967
2309
2705
2347
3054
2619
3652
823
106
3583
973
3038
2087
183
1846
288
3453
95
2814
1125
1201
1778
3506
675
963
3766
911
642
1013
2076
2727
3097
187
2749
257
1399
2255
363
1522
3846
1856
1327
811
723
754
3819
3154
2280
3096
315
2941
1850
2671
1010
3411
4088
1929
439
830
2691
522
167
1523
951
378
1354
3797
27
3067
2594
2539
1908
1664
1463
2687
2326
1437
530
1615
2236
2792
3196
2483
1548
717
2405
3997
2185
400
3055
3561
3820
2397
1659
872
1670
2753
3388
542
16
776
2567
2833
2232
3976
204
430
3365
3422
3596
1155
1791
2622
2114
1953
3735
2228
851
3725
69
2044
2096
3314
1397
3876
335
3076
2743
2143
2092
2630
3218
3372
2036
2784
1727
2974
1631
2825
3540
662
3025
3392
2212
2667
2730
299
654
2240
2653
8
2027
3419
3136
139
725
2262
1277
4092
3745
1109
3531
893
1824
1257
24
2170
2916
3920
1421
1303
3008
4050
2937
3317
891
2721
2518
3244
1501
3562
1513
1416
2128
3554
2381
3946
995
3197
156
3641
3268
1210
1653
497
3139
908
3349
939
3093
984
1153
1254
151
787
1862
3989
2302
3201
3532
1970
2322
2150
449
486
1717
1551
1259
1007
2071
3675
1876
3860
3632
1811
2722
419
1647
413
2053
985
2019
753
3354
1899
3386
3312
1979
627
802
3327
3005
3891
2488
732
2827
1187
1897
505
1590
3219
2200
2110
1662
3094
3662
2045
1571
1407
3629
3926
3712
1024
2533
215
1070
2681
1337
1053
1950
503
1833
1078
2425
2284
1874
94
1313
1151
372
396
316
496
3545
2097
1888
2531
689
498
2676
1420
2815
1063
3321
1419
2478
1226
3072
1725
728
4068
1542
1085
14
2968
3749
2407
294
107
1914
4019
2349
1284
2324
1241
1946
2618
2643
2131
2723
695
1069
3575
4055
116
590
2005
1461
3233
47
195
1
926
3182
1904
1610
2701
2570
1719
3455
1774
1894
2294
3039
2
6
1978
1312
2832
2383
3558
3921
3342
2462
1084
1361
582
1932
3046
1705
1625
301
2764
2919
285
1124
3649
3993
1794
1378
639
1025
720
3856
2301
1275
914
562
2938
1141
389
2157
635
1002
1036
2519
677
4060
1282
2193
2810
3399
988
173
1159
2496
4062
4022
3756
189
2819
1102
1037
3734
3867
166
3902
859
3986
875
2797
2338
29
3043
2030
2994
1868
648
2375
3449
3914
4057
132
1289
921
1715
1678
4028
1802
343
2455
912
2095
3280
3870
2201
2862
3760
3504
33
2848
2580
3727
3351
1054
2874
3202
1059
3272
2282
2608
1380
1288
3065
1113
2118
1269
1707
1411
3009
1657
1248
1693
3206
3162
366
1849
4047
1675
1827
3173
773
2002
1362
3700
3781
2624
2411
446
2162
3903
75
3377
4091
1584
1756
2458
740
3265
3830
34
788
3433
2494
681
3744
3515
3748
18
57
3586
3482
367
2871
201
2858
3906
1684
4013
381
1468
406
1635
3729
45
697
1480
2230
3577
701
71
2542
2207
2603
3143
2505
962
196
849
679
2504
2167
42
3873
169
4044
1920
344
4008
2699
1012
3713
3480
2942
611
134
1326
768
3609
2158
1077
1521
3980
3848
472
3538
956
3543
351
3570
2348
1668
812
861
1574
302
2134
78
3529
2372
3598
3165
1224
3171
447
1181
1510
2108
3724
3520
1847
326
1534
3996
1701
3320
251
2525
1942
3985
171
3817
852
964
3835
1797
1502
2130
138
3260
2952
2039
137
41
2976
3445
1274
3087
1232
1561
3430
713
3836
1885
77
2377
3144
3782
3478
3346
154
3672
479
3977
2998
3516
3391
3428
2850
809
527
3266
1374
1855
746
3928
1359
2190
3302
2969
2308
451
432
3315
2427
1531
60
2142
3032
1171
23
2154
1262
2457
2629
3438
393
3078
3199
127
1167
996
3850
3164
3270
2762
2648
2272
2382
1293
3991
3016
2161
89
3261
3319
1703
664
1879
3697
3301
1910
3207
427
4049
1645
3421
1550
2772
1935
565
2997
418
1817
2320
3521
1780
3130
3104
1969
2541
637
2583
3755
3200
1126
998
722
4076
868
338
2103
3284
1206
4030
1156
4020
958
670
2147
2818
967
1890
1751
2988
490
2355
2194
358
2101
219
2446
3414
1446
1889
2995
783
3673
483
1808
539
63
4005
3793
3932
957
825
900
1204
3269
1949
1382
1157
1744
2906
360
1759
3293
2416
2879
2467
577
3498
828
3474
3651
2606
3564
1506
1526
3338
264
1801
601
3405
3397
3968
2429
2808
2706
806
2105
932
919
3281
3297
1223
3794
3703
2668
3785
1496
1812
1368
1347
123
1772
227
1095
1536
3060
2432
1400
1360
3409
3616
3118
3393
2982
2300
117
2731
1726
3925
1426
2894
2088
118
3717
2287
3574
478
2735
2662
2046
265
2754
1556
837
1127
1310
2803
598
3751
2517
191
2149
1906
484
2127
2523
2561
2401
1292
1604
583
2607
2064
3147
2463
3581
471
3431
1706
1038
4017
3879
1076
762
1331
1527
4036
2575
2559
1366
2836
3802
1742
877
2842
278
2358
936
1592
2298
3022
1032
1458
1884
904
2712
2124
297
2247
1245
1634
213
244
2331
2181
1479
2357
571
2195
2564
2226
2392
143
2374
416
672
256
2444
3000
3225
2333
2904
2176
1632
1578
245
2385
3718
2966
1605
3128
481
925
3155
878
487
2024
2659
2791
1006
1114
1500
2853
194
1877
199
1786
2475
3809
724
144
408
820
2789
2384
1714
2311
2210
2156
3852
4041
928
2295
3296
2923
3013
3837
3002
2021
4031
2678
2795
3634
538
3803
3
3407
2809
1842
3355
2242
2940
2881
650
2945
4021
3383
1229
3617
1961
983
889
1504
1385
1389
2759
3436
3984
3706
410
1484
3937
3776
3175
1220
2725
2807
3108
1177
2263
3553
1123
2741
745
3947
1533
1768
1106
3983
927
1296
1062
3394
3442
3546
3743
2225
881
2984
1985
4000
2437
1353
613
1938
1948
999
3380
3356
2415
916
2824
589
3600
3432
3758
3429
3079
3257
193
4080
310
2796
2334
1687
3824
1131
3941
1538
519
1391
845
129
2032
1704
863
4069
279
2915
2959
2909
1575
3306
619
2012
3690
1858
2666
1130
2081
676
271
792
3448
2765
1823
1895
2513
2341
259
2197
3246
3752
2418
2421
894
409
1324
1613
3131
3119
1379
2847
621
3237
3916
3095
2120
314
2613
1055
1129
3282
600
2215
3037
3404
2895
1997
944
3606
3279
282
391
543
1611
2417
2182
1325
3031
54
1018
357
1390
2048
569
1900
3141
1299
179
4072
126
390
2428
1537
3922
3420
361
3295
1870
3656
1395
1456
3721
2922
2424
1079
3339
772
504
886
1958
3956
706
3772
438
3395
377
2558
260
255
2469
1281
2800
974
181
1807
3716
2038
1042
1279
1332
3537
1891
2402
3694
1737
1035
3939
3120
3274
147
1334
1423
1147
661
1692
3353
899
3791
537
997
3590
122
1335
2892
3619
2590
2246
1983
3687
1639
293
2074
84
365
1443
170
786
1056
2849
1636
4042
115
3771
1676
2555
1475
1597
798
2645
2068
3927
1622
1398
3653
3918
158
1098
3251
480
4066
2560
3523
2631
2450
1565
1752
3970
1683
3023
3053
947
1488
4090
1134
647
3810
1975
3084
3799
476
1346
2592
331
371
1169
2398
3488
163
1875
2224
1011
3942
2003
352
3952
3069
3948
991
3347
2641
2216
2693
103
1225
3017
3142
1264
2023
3805
4009
290
3647
1373
2685
1498
901
869
1246
2243
1207
2736
1490
3557
1081
4
3064
3555
175
2986
269
1453
3692
3077
3878
2151
3288
913
3370
3316
308
3862
1308
3510
3101
3441
1805
2313
2802
2971
961
821
1001
566
4025
1133
1736
1234
2178
3309
2813
3681
1996
3071
2029
3719
801
3074
329
130
26
2058
1628
3122
289
747
3995
1691
2270
3936
4089
2677
2123
935
949
1612
3602
347
3608
2420
2035
3924
3588
1329
716
1589
3028
3402
1372
1559
3099
3938
3847
1962
546
1750
234
2970
3426
2616
752
1047
13
3807
4023
159
1886
558
3821
2350
1096
2638
3969
1520
1173
3193
7
475
2312
2540
817
64
2554
3680
3188
412
2763
21
945
345
990
1686
2637
1722
1235
2617
3898
3214
1120
1094
1825
888
383
3283
2544
2329
