112
446
4034
1513
2801
2288
3778
1325
1005
1297
3576
990
544
209
2725
2078
3377
4048
3509
1856
803
866
314
1386
461
2326
1726
1668
2463
1495
3942
1777
792
2185
1927
1506
3355
634
1157
988
3757
3853
2179
1611
1322
660
3162
3227
1540
3267
2045
2144
2929
3633
114
2620
762
2101
406
2533
1768
574
1248
2480
3456
2687
1283
3237
1077
23
3967
1136
3445
3818
194
1249
1183
3129
1757
564
1679
101
2377
2690
388
3189
1003
3028
4054
3021
3498
3070
921
2730
851
1463
1552
436
1067
2107
2164
1861
2616
785
1090
2290
1963
1641
2670
2329
1819
1616
1096
877
3144
1337
2220
2910
1261
433
2765
2708
2038
1642
2443
3969
2491
2028
3290
2189
3183
2203
3395
910
672
2030
1109
376
1672
2145
3091
558
1739
143
2902
627
2735
1978
2932
2458
3318
3309
3774
2831
2338
3997
3361
3311
1881
3208
3344
3828
3766
2000
2881
202
302
863
2655
1062
3449
479
246
2909
1135
1476
1825
3646
2679
3591
3372
3931
142
3565
1519
1550
1091
309
2509
1426
3173
1080
342
2836
2865
929
1516
356
857
1308
1648
1263
852
136
1131
1724
1099
472
3271
2110
2547
924
1282
1348
3113
3976
2650
3342
818
1037
1490
200
2864
310
2835
3681
498
1771
3330
555
1001
3158
2256
2767
44
1808
262
3978
3866
1404
2460
744
695
3177
3505
2569
3328
2444
1238
1686
57
2023
1258
2498
1129
3782
3299
2751
1530
4057
3665
4016
3239
833
1878
2319
782
3292
2933
273
1275
3204
1925
2903
1859
761
836
4069
462
81
1705
1560
506
3064
2476
1207
3990
1797
427
2210
2926
3946
2619
643
1487
1920
556
3023
1942
1776
2113
3033
1190
1493
3220
606
550
1752
2259
505
764
3394
1830
1520
2662
306
3371
715
2636
3715
2796
347
3802
3899
477
2672
2017
100
2250
2200
3604
644
287
2510
1383
642
1818
3193
3100
541
2357
3063
1809
2381
131
1073
1399
2391
3956
1049
2254
787
1098
1595
3587
2231
275
1949
1328
2276
2040
1991
1979
3278
2874
3806
1027
430
608
3269
2966
3476
3804
753
1844
1442
1439
1614
3351
1528
1193
2364
2589
1980
480
17
516
4071
3360
1713
2245
3645
4093
705
3468
3105
1761
3517
2064
2157
1502
360
980
156
3797
3262
3642
3643
3945
3848
1053
3288
270
2252
2564
3844
19
2596
1753
1662
3462
1110
1904
3980
3022
2297
1235
2260
2219
1798
1154
718
1222
1972
758
2347
528
1127
2928
2893
1075
205
3151
553
1219
1928
2462
3054
3474
1178
2132
4006
1407
2263
1570
2936
1853
2287
3102
2401
3791
2025
3710
3660
2706
1902
3762
568
1228
2521
3117
2432
2340
1068
3135
2746
1850
1636
3667
2766
387
511
2944
3556
3213
50
1367
3938
349
2007
3160
3699
697
3736
3323
65
2742
2098
1018
3894
3457
3880
35
3809
1459
1615
3508
2775
2225
1270
1720
3378
1130
1517
951
1562
2373
4024
473
1143
1257
1029
3086
2538
2658
2505
2883
3115
3820
1582
432
3297
2703
3121
1609
3796
3481
51
1696
3727
626
2360
1039
2500
3120
260
2573
1974
675
1711
2876
1165
229
2599
3686
147
3652
1706
1727
3008
2396
1254
2125
3685
1274
3194
3644
945
2792
3185
463
927
3896
1159
2586
3546
2267
1118
1489
1085
1810
1156
3682
613
1132
3253
162
662
531
2024
2622
2071
948
2657
1736
2395
3473
2134
3615
1329
710
3382
2537
1016
2140
3862
729
3345
3047
593
2877
3619
368
1146
1432
3249
3943
3001
507
3396
1433
3709
1936
2975
3049
3735
3068
3087
157
3416
1814
3018
1780
104
3825
3532
996
2912
3994
1585
3707
3594
2628
900
2435
617
853
1989
2991
2222
3058
2612
1339
3230
1061
1578
3320
2722
359
3900
1482
2380
12
3767
1994
3799
1744
725
2494
4003
1256
2859
226
3006
3743
2398
2980
3161
2161
1128
1484
2371
1695
1886
2713
4066
1738
1626
717
2647
1948
2397
412
1933
1722
2122
2070
845
4000
2817
1715
3776
2015
570
1242
3926
2919
1397
1697
3730
2272
254
3364
648
943
2804
3128
239
2770
3733
3340
1491
3581
2830
2970
2873
1469
1269
3046
1025
9
1189
3690
108
3742
1046
3176
2743
3374
113
1966
3438
2344
2518
421
2031
1374
18
897
3613
3639
1938
2987
2168
3003
2976
561
1858
805
1993
3882
1917
1747
2841
474
1419
435
1059
14
122
2014
4052
3728
620
2973
1545
482
2158
4005
1852
3855
3758
1022
1929
3849
325
842
1985
2351
2295
3165
2551
2414
1746
3155
611
2937
1253
3293
2072
3751
3694
610
1769
3671
2590
3749
3266
2415
489
1416
2370
898
3985
3586
587
3195
2833
862
1838
942
3442
571
2253
3414
259
66
2955
4013
1273
755
2580
941
2337
1395
2969
696
3637
2896
3182
3657
3039
1472
3111
3873
781
1065
1958
413
3485
2354
2845
3247
3034
1600
2593
1723
3076
1470
1901
2559
3368
2887
1529
3231
3041
765
2011
1733
3826
1384
3480
1890
688
2527
2327
3714
819
3952
932
4062
786
2481
152
1418
2345
1610
905
3501
1317
3381
1045
1627
3935
3126
1599
1955
73
3446
2366
515
3202
1501
445
828
1821
3916
3511
1593
3817
689
2545
2118
1554
598
2988
1896
3140
2021
876
2067
2714
2159
2682
1860
1448
3923
126
1848
1664
1060
1357
3630
621
3486
1653
591
2196
1176
1402
32
2050
855
3631
3365
2786
3957
1209
2130
720
3384
1106
2911
3618
2788
1866
902
1175
418
234
1983
3390
2142
1017
982
1288
2598
539
2627
178
3038
956
2094
2872
2112
3841
1334
2022
2174
2056
3872
224
2312
320
549
3588
3569
4046
1296
502
1712
538
2829
2339
181
3035
3611
1895
1524
2121
1533
2993
933
2906
3792
3465
2308
3490
2851
2341
60
2768
3659
1368
0
2239
102
208
3696
2952
649
1134
2451
837
540
3326
1756
1279
2119
784
3166
2029
1014
542
415
694
2311
1703
734
3168
3822
867
257
3380
2197
411
3595
545
2075
2699
2513
2135
2600
2105
1903
2745
2279
2854
1343
292
2192
1965
1661
95
3770
83
2471
468
3800
3963
4075
169
2353
2737
1475
341
1630
829
333
625
1425
3409
1681
2465
2503
91
3092
748
3720
1153
4018
3897
861
3624
2275
3610
895
3881
179
3109
3489
308
3127
1671
3254
3979
903
2785
3902
783
449
2824
1935
3768
2176
196
2296
968
1460
120
3531
2445
582
2051
1707
2585
2482
1781
3179
3329
536
638
1897
2080
4012
2685
3304
2723
2262
2137
3029
1330
1285
3275
1539
3654
2918
2399
3349
3488
3678
4039
1651
3773
3914
2623
1823
1310
2626
860
1205
1590
3280
1364
707
1919
552
2776
366
747
2348
3024
1042
1406
1203
3132
1594
47
1871
256
2846
187
1743
4027
1766
771
2204
280
2115
2621
135
635
236
1891
3607
1229
2055
1415
426
1760
313
918
25
1186
1030
3655
2582
3358
1467
2529
2205
1638
1280
883
3276
286
3116
3270
2989
3688
2857
3215
2813
907
1807
1160
3298
195
343
3574
2428
3332
1534
742
1152
746
2507
2999
3920
3915
2035
2081
2780
3846
3941
241
2822
167
888
123
1126
2957
2430
1518
3383
548
2479
3865
3777
2540
1363
1822
324
1719
1441
2834
679
797
3493
1729
2433
1211
1558
935
2818
1401
2127
2614
1012
3429
2230
654
3669
3415
31
1340
2418
1804
109
3903
3466
3273
2913
2129
2961
3647
1833
3234
2949
2467
2478
3819
124
2206
923
2442
40
1796
2331
3572
3214
3251
3277
1396
2571
4045
3625
2810
2587
2358
2194
3790
340
2733
1801
1486
3603
954
1458
3211
1774
76
3648
3813
3703
535
2642
2096
3507
2597
3554
2637
3198
578
2885
1602
1380
1102
2736
2318
2336
1422
3138
2508
1188
3523
735
1617
1957
2496
756
3906
110
2100
3242
2617
2356
132
802
1119
301
3864
2522
396
4009
2904
3716
2536
3755
3042
885
1281
2226
2265
1775
1800
2515
3932
2221
248
2369
1710
911
1731
3936
3693
2217
1259
1214
2086
3420
2541
3421
305
2120
3621
2057
1382
410
2777
739
4060
1622
2640
2436
1351
2748
49
1964
1499
2697
1445
36
799
3114
2625
3014
3164
2421
1323
2160
2922
513
854
714
3827
1181
871
560
1857
1748
478
2920
2710
3575
1883
1262
231
1303
3219
1171
3937
75
38
579
1608
1867
925
3484
3453
1598
1412
10
2711
303
3333
1961
2727
3871
2669
188
3059
2244
1567
1924
133
3884
283
2214
3888
1314
3970
153
3876
975
1345
2449
1233
835
1564
2549
3392
1959
11
1023
3454
483
3496
232
1914
46
1553
636
2126
2716
2520
1081
1112
3960
2646
2419
2390
186
1869
3347
2088
211
3300
2235
1356
3385
48
3463
274
2791
4065
29
1388
216
2519
2425
3423
981
1473
1184
467
840
4084
2837
1289
2917
1526
2307
2334
2552
1266
3948
1290
2825
700
3553
1295
3961
987
204
3389
503
3334
2606
3248
1468
3335
3439
919
3679
2166
460
2663
2039
2879
4021
2406
1121
3537
1674
158
671
740
650
2446
1583
1568
2403
3850
3713
3072
3833
1166
1789
293
1138
1770
55
2404
439
1124
1056
1865
244
2269
2437
2270
3616
3579
2313
2153
2477
3285
261
225
2410
3296
2316
2420
2686
2077
190
3259
414
583
750
934
3858
1741
2300
1813
2087
3638
3205
3118
3673
2630
2707
2324
1199
3244
928
2531
2453
2535
1072
1847
2645
3437
1749
403
43
1909
3959
1251
1876
1474
3725
3434
1051
3875
2026
3640
749
407
3698
843
3354
1137
2501
3265
3798
1581
2566
974
2525
2858
780
962
1387
2695
2798
3907
2195
3013
3540
1359
2870
2964
2592
889
1792
730
1811
3055
267
2043
2608
3425
253
2407
164
1827
1305
856
1304
3609
1338
2330
2692
1952
2720
3418
741
1918
1385
1644
2907
137
663
1882
2034
2389
1635
551
1684
1008
1465
1538
1
745
1795
3112
1787
1179
3987
2493
3867
1298
4064
447
814
904
3082
3614
3284
3598
1864
1906
1687
390
1889
3190
328
1899
3427
201
1685
1187
3106
1019
1667
53
947
2238
3030
3845
886
3734
983
237
3545
2556
2002
2004
3905
3636
298
4051
693
2603
2429
1751
425
3702
3664
3051
3101
3737
3096
3388
562
957
3539
664
521
2304
1161
3084
2827
3886
1510
2378
659
316
3518
2613
2473
821
1557
3279
3200
3011
3502
1805
881
2867
2958
1990
2061
597
3444
2152
332
795
3424
669
2010
2456
4010
2108
526
3719
2689
4081
3632
79
3199
327
1633
3930
3088
2644
3705
826
3078
2815
1750
3585
3506
2981
2317
2855
682
1142
2266
517
367
1682
397
2891
1507
249
3223
1031
1885
1024
909
1036
1444
955
1125
3890
1655
54
2901
603
2497
429
3753
3620
361
3504
1930
1461
2863
3426
3002
4095
1174
2280
3145
1327
1108
3538
1946
3831
1245
1971
323
3592
453
3043
1313
2361
1284
3110
3322
4032
2281
107
2079
189
2359
2216
3816
1632
839
3529
1405
612
1043
1527
1494
1728
3125
2450
297
3314
4022
2439
199
1730
869
3134
424
2385
1625
3666
767
1058
3025
3373
2683
3143
1690
3009
2413
3241
3519
2400
926
1170
3534
3066
4017
2447
1606
377
3547
476
2530
2717
74
3146
1931
533
2947
600
2143
977
4074
24
3711
2869
2093
1923
2680
825
1849
879
3093
1855
1212
3069
3704
559
2769
3795
901
1826
3191
2923
184
1321
3428
2578
2083
3835
3924
3477
1566
3451
614
1173
374
1569
2285
41
678
3163
3455
1874
2188
3044
2488
3993
416
2173
1167
3154
2726
71
3272
3122
3302
2607
4076
965
3367
2832
3245
3612
4015
1637
3306
34
2099
3448
3495
3079
290
2183
3589
641
2352
1960
2732
972
2979
3147
3228
1905
1237
3852
3085
3823
3555
3461
3571
481
1937
276
619
733
1660
3178
4047
565
3181
1512
2577
3851
1536
2594
3868
2201
3067
668
2103
3376
2950
2223
27
401
510
3303
1133
868
4008
3184
1709
3551
3440
1877
2005
2805
22
3623
1803
1911
417
967
3860
1563
2894
372
1546
264
1033
2323
130
1057
1592
434
2823
348
2738
2581
798
2236
2868
3015
442
1619
438
3
3263
816
1649
2921
311
3503
2562
2018
1691
773
3260
2523
3672
1319
3740
520
3560
1447
1887
3989
2066
2984
2648
2417
893
806
959
2363
2148
1977
125
4083
145
3315
2668
1462
3787
3981
3408
1692
3939
3236
731
3721
2036
939
1234
3410
1945
3815
2058
30
1360
3137
737
2793
2601
3139
3366
3099
1656
1217
630
146
2807
1894
3210
2438
754
345
1601
875
2610
4082
2053
3874
2799
3026
2848
2422
596
192
1276
3412
1302
2258
2423
2914
493
2772
1114
2899
1478
2924
2673
3291
809
2843
2321
985
1514
2747
206
144
1786
3944
2060
4035
1565
2003
166
1525
3706
1799
3004
1361
3840
278
2212
263
3107
159
3950
3286
3570
2890
3522
4036
2405
2771
708
1893
1457
2461
1287
3483
207
3761
1201
1508
976
3670
1050
3622
567
1561
3765
284
1376
3401
2322
2095
322
2886
2388
2897
3634
2666
2116
3801
1542
1717
118
1428
452
1618
1584
269
1607
2335
572
3470
3744
2821
986
1150
1097
936
1718
713
3925
2696
3995
2576
1429
4049
3785
3229
2782
2298
1754
3073
702
149
3192
3221
2332
2927
1355
1122
1779
1436
3958
2294
2678
2802
3108
1812
3196
1315
2512
346
2333
1694
1659
97
3515
518
2611
3343
1208
743
2402
1456
2972
1172
138
2233
72
937
4001
3081
3056
1573
1699
2702
4068
94
1162
3464
864
21
450
966
3339
2709
1240
1103
1580
4050
2548
1898
2664
1613
3836
1437
3399
3548
1628
1680
2431
1403
4091
197
2393
7
3472
3510
3402
3430
1639
4087
1265
1336
4030
950
2249
488
1366
673
2167
1845
3542
2528
2392
3450
2475
1007
970
464
3895
686
3898
1084
408
3567
1688
2032
300
938
1006
2930
154
121
1716
355
1817
1443
2543
1450
592
1400
2367
3494
2365
1430
1260
1700
1480
657
1658
820
3600
3662
808
1572
993
989
590
751
3779
645
1758
2568
103
2800
4063
2661
1371
4040
3526
2499
1976
847
2532
1824
2681
3543
185
3310
1277
3150
3940
1548
1071
2809
3608
3661
523
339
2982
2659
501
3124
1409
618
2740
1839
2147
525
1381
3391
139
3174
3977
3258
2758
3180
2320
701
2750
599
2781
82
247
892
2033
3207
1842
3422
458
1669
3313
3119
2632
532
2232
2971
631
958
492
2208
3695
1210
3889
609
3965
3722
1953
2588
994
1868
1951
2483
865
2074
3680
3839
3717
2466
1574
759
3857
2715
441
2455
2700
4044
1645
639
1587
455
1185
3157
2803
576
2154
543
685
991
1353
3053
2187
3668
354
2794
2925
2342
1139
3577
1158
1531
1837
2712
2762
2306
4086
2688
1663
1424
3741
3911
2651
127
1278
2946
484
2387
2314
1488
3974
3964
4004
3769
1576
1116
508
2068
1391
3524
68
245
1271
1191
1312
3891
1362
1044
1647
3910
272
4056
1577
3752
670
1455
581
1910
1392
252
3287
1772
1816
2605
3020
3156
1377
1763
1241
2676
1939
4011
1221
1521
2561
1962
3583
1177
1734
3491
2753
2178
624
2411
1620
3375
2693
778
160
2293
1863
2938
1164
3031
2448
2954
3691
712
2248
2963
3077
2106
2409
1100
1230
2065
3252
217
1311
2019
3837
800
2090
1307
3635
3653
1015
589
92
658
451
1349
1631
4061
971
2847
978
3949
2951
3999
296
2880
3759
443
870
1264
3843
2434
2985
2368
637
3549
268
3467
2362
547
3363
3325
1624
2247
3803
704
1423
3918
666
4073
2718
3197
3019
470
494
4080
2694
2186
1438
1773
3149
772
653
318
2502
3017
3947
2974
285
2983
177
28
4058
1665
2744
3689
1485
419
3605
1544
2542
1832
1995
2218
1500
428
1515
456
595
3771
961
1999
1675
2412
227
2163
676
3683
2900
1354
1040
3357
1634
3233
240
3348
3097
3387
2169
940
2170
2567
3793
557
873
774
26
1105
2546
469
3133
2215
2264
2635
1440
1884
1503
623
2674
3832
3780
3829
3203
3536
1092
569
357
2138
1505
3045
573
1272
2934
931
321
3763
3724
1180
1851
1389
3123
1192
378
2246
3075
1104
1621
2001
375
1148
2229
2698
3460
3282
2671
1880
222
3745
615
1612
2427
794
2811
1342
1579
486
2555
3552
760
1093
3010
2948
2953
3379
1451
2908
2789
822
1194
2729
1511
1785
651
1840
3786
601
4029
3788
960
973
2289
2784
584
3016
2374
89
3629
1742
2234
1604
3821
3726
1956
2274
3012
3760
1737
4070
1683
2301
2945
15
379
890
2654
3601
4033
3370
471
180
3808
385
1252
3701
4031
2182
1453
2875
3966
858
1988
1466
2372
3479
3469
3201
329
255
3142
223
3729
1333
1555
336
1286
3350
841
228
655
3098
3861
2305
2452
1559
381
3909
1041
2852
546
279
2871
2526
2558
353
1123
3847
2151
3048
703
487
3656
1120
3441
3431
3172
1413
1586
183
96
1755
2820
3738
1032
1198
3062
1390
1427
580
1069
2454
1411
1783
1064
3080
912
3308
2756
2282
210
1410
1623
2124
665
3060
282
2960
2172
953
2472
1740
4
677
1079
1055
2156
1932
2027
2416
59
1074
2931
846
3584
2667
3712
2190
726
2162
3649
2426
3148
2251
63
2956
736
191
1145
3224
1862
1020
1246
2557
838
2240
3559
334
2624
4038
52
3973
632
3606
1643
235
2853
504
3718
514
1841
915
3167
1326
1204
2009
3283
1698
265
692
687
2584
534
5
1300
2675
2641
1063
2634
3651
3057
3602
3218
790
1341
369
295
1997
917
1149
393
3206
1915
992
1670
3037
221
2741
827
214
1335
2020
3563
709
1078
3877
3535
1076
2898
3159
588
722
1344
3550
2560
2114
2574
3955
1652
3983
3599
519
1086
674
271
2968
2808
351
1479
1926
86
3692
3913
3369
891
3359
530
319
2773
2489
3807
3775
2838
454
1509
2177
2997
1944
1225
3352
1013
2888
45
2237
3435
2059
3397
577
163
716
203
1107
1629
848
3838
2935
3152
3362
2277
3908
906
42
1784
882
1226
3090
3869
2271
2286
3413
1239
3403
1815
3246
2534
2959
1875
1095
220
2553
3904
3336
3301
3968
289
922
87
1213
350
116
2633
1243
326
3626
2111
1306
444
3452
2441
789
129
242
352
1087
916
1591
3307
399
793
1379
2165
402
2469
711
16
2484
2591
2618
212
384
1922
3783
3558
3346
219
2149
117
830
2097
78
3530
2754
1782
238
3216
1434
2739
2474
667
2849
1144
3520
3732
522
33
3406
699
3153
3281
1657
1721
485
2128
2840
691
913
1982
175
2012
1987
337
815
2884
437
3842
64
3747
3708
698
3050
2915
3341
2583
8
1969
788
3676
1038
2085
894
105
61
380
1666
4028
1316
1101
2992
3870
656
3235
3885
3217
3478
3321
3007
1117
3294
766
2579
106
3175
3074
683
4002
1973
2209
2013
777
250
3582
652
457
1267
2092
3921
1035
872
148
99
56
4041
607
2292
13
3596
3316
817
2639
119
299
2109
1943
3883
2440
37
2042
3731
2091
1794
2850
3497
3663
1941
3971
884
757
4078
3812
382
2044
3319
2048
1215
605
1318
1182
779
3471
2962
398
1224
2677
395
1070
2721
1947
3243
1052
1206
661
2665
3305
1532
4090
3393
155
218
1913
2117
776
1765
4092
1708
1292
1141
719
2175
3312
1352
1223
1048
3972
1202
2977
2382
3232
1365
2046
769
527
963
3988
291
2609
706
2691
3500
2783
3131
770
3568
1088
2069
1571
2241
896
3512
3274
2816
2181
1916
2346
2806
1888
1291
497
604
4085
3954
1449
3065
2731
2136
2468
3962
874
490
3040
1802
20
85
39
554
1358
1998
3052
2343
763
77
1934
529
335
1791
1452
2539
1454
3289
4026
266
2278
3514
3975
2202
1244
997
2492
174
3356
2734
849
859
391
1398
2998
1650
2424
2656
2524
2787
1378
2511
2
3675
1788
4023
1151
2866
465
1346
459
3386
3533
2705
3953
1082
1220
2242
823
251
3433
3781
3417
811
807
2797
3443
2774
2701
1483
2615
1250
3597
3922
1294
1589
3170
3250
3436
3036
2495
1009
2063
1169
3912
466
3856
3933
998
3327
2814
1640
2076
422
3561
1431
1836
1921
1714
2487
3005
3854
2261
3928
2550
1375
3513
2006
1702
499
1332
3188
1168
2310
2861
3324
3331
1872
2752
3419
1004
3991
2882
1940
1762
3499
2728
3697
84
796
168
2763
1767
1693
3027
1196
3617
3141
1140
4042
3459
594
2844
3982
67
128
1597
1575
3934
2570
277
3887
566
1421
1549
2315
3447
171
2383
3083
2812
409
2394
230
1543
1195
1011
2328
791
3187
4055
2243
1986
2408
358
1236
304
3674
3268
1907
3261
2842
4079
2184
2839
2486
646
2350
3541
62
2150
3756
946
420
2572
2379
2349
1435
1981
3830
1764
1677
1541
365
3411
2878
1834
2180
4025
3824
307
288
2375
1535
1605
312
1673
1347
2133
2141
1522
3516
140
1735
969
1293
161
1155
2041
2139
281
2131
1854
628
1496
1372
4059
394
1010
2255
3487
2889
2102
801
2198
1497
3104
2155
173
3405
2171
2629
575
2941
3089
616
3789
2284
2459
1026
3984
2517
2819
3578
2660
294
2856
1115
1320
182
198
2516
1704
537
3687
944
2990
2384
3917
3901
2604
370
213
2089
2631
2649
2207
2995
1481
1373
2719
724
134
2303
732
3992
170
2996
2213
832
3171
3772
1028
362
500
1414
3225
88
629
509
2299
633
151
1420
768
999
647
1992
2228
3095
1492
2257
1646
2602
1701
1083
2464
2224
3264
1759
3573
1828
3475
1066
405
1790
2595
2457
3748
810
193
3222
4072
80
563
3337
3805
2704
1523
834
1725
1806
330
1218
3927
964
3544
3528
1301
1950
3814
3677
1111
386
1588
2643
1089
2325
1968
338
3590
1820
2082
1676
1498
2759
2008
1835
2860
1464
979
1247
738
1547
880
373
3919
3255
2544
3566
1309
404
3295
3764
1596
721
2273
3739
3723
363
1299
1002
690
3238
914
1047
3169
1471
2191
2724
1113
496
1147
2104
3929
1331
1537
3859
920
1000
4094
804
3863
2939
1870
371
1954
2302
440
3226
423
389
2062
315
1021
2795
1778
728
2037
2905
2862
3650
4007
2490
752
1603
3998
3593
1829
58
2565
2514
585
2764
2211
2283
984
4067
2779
3186
4014
2504
831
3071
2638
111
850
115
1370
93
887
1394
90
3032
1446
1163
2146
2554
243
400
3136
1912
4037
3754
1255
1477
2760
2199
2994
524
6
812
2761
317
2778
680
69
176
930
495
2506
1408
3794
1324
824
1054
2749
1892
141
4088
1843
1227
1908
775
949
3641
1232
2895
475
1996
3562
3627
3212
4043
2485
1393
70
640
215
1732
1873
344
2563
1879
684
2940
899
3996
3893
908
165
2376
2309
1967
1793
2653
952
3482
3784
4089
3458
602
2790
622
3432
1417
1369
2268
1350
1094
1970
3986
1745
2073
2652
364
878
1654
2755
3398
1268
3684
2049
1551
2227
3658
3061
4019
448
3527
3103
1831
1689
331
1197
813
1231
2470
2291
2054
2828
2757
2965
3353
844
431
383
3878
2016
98
3700
1200
3257
3317
2942
3810
3492
2943
512
150
172
3811
1034
1900
1678
4077
681
2916
3094
586
3407
2967
3521
3628
2084
723
4020
2123
2892
3580
1984
3557
1975
3750
233
1556
3951
3256
3400
2684
2047
2386
1216
2978
3404
3338
3834
2575
2826
491
2193
258
1846
3879
1504
2052
4053
995
3746
3130
3240
392
2355
2986
727
3000
3564
3525
3892
3209
