1345
321
31
3069
922
442
2900
434
1389
3211
1570
1824
3675
4004
3613
174
1494
3153
366
1745
3201
3197
748
338
1228
3517
2868
3090
2559
3092
1311
2602
1635
1930
2393
1023
1027
1611
2065
161
2627
1711
2109
531
1557
1077
3741
2490
1610
2687
566
2971
3599
3875
859
3831
2158
983
1414
1585
1348
404
3144
3191
3462
3574
877
2782
2337
1059
375
392
1699
1453
713
3513
3156
1968
3661
3089
2716
847
101
1801
885
4069
1038
1222
1363
2361
3955
3377
3079
671
2555
3783
1380
3559
2662
2800
758
643
4065
3194
1338
2655
46
1290
563
3545
3937
2391
1301
1820
1795
1656
2413
1670
499
1165
2069
1355
1997
955
2764
1322
585
3173
1922
545
83
1744
2809
656
1907
524
1915
1867
1181
2641
2734
3977
2705
4023
1651
2315
2425
344
2721
4049
1127
1303
2715
1336
2937
3953
3134
3659
3260
1674
3076
240
2083
116
2918
3117
166
1637
793
1636
2829
915
2975
537
3333
2163
2305
12
3077
2437
0
3895
3150
1097
2961
2034
2182
1088
89
3992
1871
675
1682
477
1790
1567
4042
3711
3585
1186
3949
242
2736
1509
79
1210
520
1743
2173
579
3237
1957
3074
3753
1677
4018
1517
2066
539
3787
4058
2948
3670
37
636
683
3019
1805
1344
3241
2632
1003
2611
3137
2930
468
1532
949
784
3284
2227
1236
1469
1521
187
446
1799
3302
2798
2614
1307
1244
568
3944
1048
1525
3459
1371
606
1103
2463
1218
708
2226
1167
3303
297
1604
1260
3731
2522
2351
2110
2405
1542
3370
3650
4059
1771
3979
2788
1897
139
615
3326
919
876
3311
3896
2204
1269
3758
328
1365
3576
841
3512
110
544
4009
2810
1614
2377
542
2986
812
1835
2077
3737
3676
1153
730
4048
2923
1951
3596
1253
3336
2738
2397
647
3799
2272
2333
2372
2916
2306
3881
3063
1101
1544
648
1808
1205
213
224
3293
1960
2249
3023
3313
492
2931
201
3553
2275
1443
3679
2452
309
957
553
2815
1330
1784
4013
2675
415
3577
1543
1251
3159
3860
1419
2616
974
103
3488
1277
3623
1634
1428
3467
831
2656
1170
998
2561
204
3541
2188
2594
3606
667
823
2740
136
3840
2394
485
1017
541
3665
1399
657
3310
1472
2973
2878
546
494
3663
794
406
411
2873
1445
1708
1854
2762
1406
160
1913
3756
2143
3314
2089
3148
3786
183
2508
176
3061
1278
194
2597
3780
1727
1809
1375
3782
1044
2760
1901
3891
3593
2301
3251
3525
2966
2374
4067
1886
1615
3028
3743
4056
2609
964
562
3188
3065
1598
4031
1090
57
686
1483
3874
2088
910
1786
3233
2334
1772
982
1523
2205
2465
3761
4047
1680
3119
2322
1714
1155
2517
867
864
3281
689
2755
1295
2593
2590
2164
3721
3802
1609
2114
3085
572
2328
1999
112
195
2155
3098
2261
599
2489
1439
2387
3748
3031
1558
792
2542
3425
2776
900
266
3030
2588
1481
3234
3603
2215
1751
2131
3286
3335
3807
2589
2645
646
1698
3542
1052
2223
3983
2137
3975
1623
1035
1844
3910
3124
98
2481
2320
763
412
651
2347
1760
2120
642
154
1024
1998
2252
2871
2789
3185
1925
3078
3108
2290
441
1292
610
2521
1122
3273
1265
3307
1484
109
2620
3463
1538
3001
3901
312
388
1135
824
3044
941
1000
475
3160
616
2270
2359
2047
788
1152
904
2286
3905
208
391
3581
911
3128
2338
1358
3345
2412
3841
1628
3544
135
2685
3941
2092
2016
1444
4022
2818
3636
2832
8
10
3776
3980
650
3259
2498
256
3049
3853
3625
2722
248
2472
48
2036
3256
52
1342
1843
3317
2543
493
2150
2381
230
3546
618
3718
2824
306
3359
4039
269
3510
2938
3025
3231
3206
3217
1700
2643
3340
787
2766
3087
3762
215
1357
1094
1177
1888
1206
3175
1906
130
863
4088
2149
3739
450
2008
384
2682
151
3271
2292
1264
2516
3238
1368
528
1730
252
1149
3324
292
3945
3320
3368
357
844
3476
3549
3592
1350
2515
2820
3521
2635
1273
1175
1990
399
735
3196
1924
482
560
324
2210
1022
2179
2317
3611
1522
3898
3245
3698
2098
2201
3873
3483
2976
3027
2032
1679
2450
3859
1932
1268
3509
244
2006
443
3618
2307
3985
1029
3500
1374
47
2259
3702
3402
277
2336
764
2046
1660
21
2996
1327
1005
320
3689
1597
851
1463
2562
2327
1279
2886
3469
2177
2090
1137
2078
1271
1119
478
3730
418
1465
2530
3115
2094
2363
655
231
3537
2565
3026
3522
2171
2647
268
2846
1589
164
3930
3520
1011
1060
2843
1591
18
830
60
1
3495
3032
2462
3331
1304
3472
1617
1546
852
1215
389
3210
921
995
879
3016
1789
3832
3608
2373
2052
1089
2002
1840
3255
3939
400
4064
1912
382
3152
1654
2756
3584
3239
1624
2814
2512
1232
690
1263
3454
3821
1369
2732
1014
3040
1565
2224
1196
3398
2428
950
1083
206
3508
2432
740
564
1796
1692
2271
3427
2202
2919
2995
2197
3057
3916
2603
732
102
3176
813
3653
695
288
1881
3550
3051
2537
1156
3922
4086
3794
1875
2729
3607
1054
723
185
2170
2630
180
265
973
4003
1272
3498
462
2142
2456
4043
3536
3248
3471
2331
2033
3639
3795
694
550
3889
2310
774
1726
3590
3846
38
2619
2560
339
2117
2613
834
3410
2495
2414
245
2070
1540
2454
1422
2670
100
2883
219
832
2836
3643
3742
2752
3672
2983
2174
225
1288
2790
304
1535
2936
593
1305
1995
143
155
257
781
970
3913
782
2329
749
1885
2208
4041
2045
2783
3958
317
3354
115
369
3845
3366
3403
3357
3888
2605
1030
272
2636
724
3973
1318
1825
1202
1853
2191
1996
3561
2085
1313
1475
596
1774
946
3518
3532
2598
2920
1178
914
2293
39
4053
386
999
1992
2123
3970
3775
2749
170
1274
3796
770
3492
1752
1510
1702
604
1034
3235
4029
217
2778
586
3662
1519
3003
67
4034
2238
1720
2797
1880
3091
2139
1813
2411
1042
1836
3729
2612
2458
3146
4077
2493
105
3485
1780
4071
649
351
2195
3750
626
1804
2441
559
1819
2904
3555
1568
693
221
275
4055
1860
2386
602
2742
1162
2837
3686
587
433
2448
3514
2851
918
3907
1800
3932
2689
3515
1933
2679
978
1918
1857
1194
448
1499
1974
3852
2892
2079
2001
263
1763
930
2308
2953
3764
2099
1652
2664
2731
378
2232
157
14
2281
2335
2304
1762
1959
3097
658
2420
2804
1107
1329
590
460
3052
3710
3869
3598
3885
3854
352
1788
3417
3172
3589
3779
1878
2869
3879
3833
3329
3223
293
1953
2027
533
1665
2255
26
2520
2113
2153
1099
3978
1948
3412
1898
3093
3371
353
3822
1861
3972
1442
2978
2398
1949
314
2895
1031
2075
2260
2959
2708
2314
69
3716
1066
1460
3112
1594
2035
547
1697
3120
398
507
3736
1356
1381
4028
1621
2833
3
3699
2759
2791
4021
2972
61
1986
1242
1841
1057
1412
117
141
3084
315
3655
800
1831
438
2674
361
2426
2781
24
685
1779
634
3503
2942
1115
370
580
2041
3774
1025
3118
3407
1794
261
3535
2704
588
527
3383
2050
2488
1364
1086
521
3474
2004
3444
1722
1828
425
1495
2049
1064
2744
1491
1526
1571
480
4084
153
1855
3205
2199
3976
2858
2802
286
571
1416
77
4035
3871
1555
3325
1100
3757
2169
2860
3529
3082
577
624
1641
1404
2725
1173
1797
1917
197
796
2330
3420
4073
3073
85
2194
3385
2690
1498
894
2933
291
78
760
3628
3915
838
3414
799
2475
2062
2152
2097
3048
4010
3511
3279
1600
1140
3534
1028
670
2064
1829
2888
890
1977
1403
2757
3681
2922
3341
2072
1903
1108
677
3745
2634
2534
2599
3392
1220
517
3819
1230
3401
2879
1062
1198
3997
3360
700
440
2677
3209
2181
513
3464
1911
2464
2661
3450
2112
3538
3174
1150
3974
1069
1845
1306
736
1691
1249
2279
3265
1562
1457
2576
1395
3849
296
2214
2385
1662
1425
3959
873
3996
2750
1451
1631
3439
365
2546
3423
2237
1075
3575
1969
4017
934
3868
1171
2857
1929
3887
1988
2433
1353
243
2258
2102
3180
1545
3321
1874
2446
2251
714
3342
1705
622
88
2239
3903
3554
2042
3923
2207
3373
3254
2288
497
1847
581
1291
3145
3431
1765
975
2650
346
1837
3990
2735
2706
4014
954
745
3162
3586
3203
2263
2124
2457
2925
3240
959
2491
2246
992
804
3438
2999
2421
1039
3800
1511
775
2812
2104
2712
1037
3080
3614
3466
2468
3882
2429
1281
2699
182
1410
2792
196
698
2492
3912
334
906
3272
1513
2723
35
3177
1518
2548
2709
933
2501
464
525
802
2378
1668
3365
2040
611
3017
2552
1613
2633
1671
2225
236
1869
632
121
2669
1434
3204
2928
142
2063
1217
2849
1138
2557
2601
278
2954
2277
1963
2568
1243
2698
4091
3595
3987
2403
1736
1051
2774
1694
2582
3187
156
595
2060
3230
3071
1982
3706
3436
2108
2256
2535
2086
3683
3099
1661
2134
2727
294
3270
519
717
809
2356
1914
1560
2245
3142
1758
2360
397
1559
3039
3113
1130
875
2692
4032
909
3029
2059
3674
310
707
2496
430
2701
1984
2623
205
179
3292
1016
912
2865
1053
574
3348
825
916
1891
554
4001
3192
3961
250
3129
3914
300
741
664
1868
1826
2236
578
1954
1872
731
1983
1916
1431
2856
2567
3733
2899
3005
2528
1188
3264
2667
1976
2250
3013
1964
1904
4019
3982
1473
1199
2469
718
530
3803
3047
2319
1756
1810
2551
681
3198
319
2038
90
1309
1622
2230
1435
2875
1899
938
3482
2980
1223
2480
2563
395
1919
481
2401
862
3565
2466
1429
322
4085
1332
2743
2180
1689
3068
424
172
3812
2874
2189
186
1659
81
1241
3356
2932
2289
1141
3215
3633
1516
379
1607
2068
287
104
2823
2719
1049
1681
2945
3186
1669
1706
1738
1225
3708
3428
199
2539
124
3597
1515
3820
3334
509
1185
58
2587
3704
452
3038
1975
1128
4046
3298
3767
3502
2621
1514
3867
1438
1132
2318
3297
163
2276
3890
987
299
779
991
2821
3616
1884
1454
2631
2909
1479
1110
335
2747
755
3569
2135
2834
2659
2418
305
1176
1768
2673
3228
1448
641
1201
2691
1512
1464
1902
2213
4025
2376
631
2012
1798
70
1923
209
298
1359
3892
3323
850
540
2717
3362
2402
3163
2127
1724
2235
3638
2807
3312
2511
1418
630
3957
633
2500
661
3181
697
1877
3400
2688
1184
1896
2805
2768
3018
2842
3387
2974
3666
3088
1180
2404
1386
951
2765
3421
1168
3394
2144
3372
2122
1449
935
2654
270
33
330
2585
1231
3418
2053
2007
2825
1074
3948
1556
267
1216
2554
1554
3578
3610
2266
381
3422
2890
4057
1136
1340
45
620
1314
2136
811
1085
11
719
3275
356
3697
427
3130
1102
1582
3688
1725
967
1792
1579
2323
3847
202
3036
3376
3929
1952
1120
3669
3627
1172
3451
3062
432
523
3352
558
1905
2993
2970
3727
348
2908
1106
2780
3548
2190
1209
3857
402
1143
1507
4020
247
2048
2608
682
2209
710
210
3701
2482
3378
1991
3691
457
1573
2672
3164
159
264
3434
3644
1785
2514
2234
958
937
822
405
1723
584
2504
840
2219
1421
1807
1548
3367
3110
227
1578
1013
501
2447
2544
556
1486
1415
2951
17
2813
2057
216
1876
3765
3897
908
2583
1701
3855
3216
25
1553
1848
3449
1889
2840
3022
3433
2119
2269
1552
1737
3190
2777
372
3963
3768
3445
1633
3772
893
2165
848
1296
3388
3926
776
455
281
2148
3703
2311
403
311
2710
1009
2228
3043
1427
2
3305
235
2741
1563
3580
3842
1478
2955
706
2055
709
583
59
1729
4094
1524
2943
2003
3556
3075
1298
1117
1940
980
3690
43
678
2649
333
3397
4054
573
3081
2510
2009
1863
1462
1941
75
2784
2615
2087
902
1704
1927
814
2082
699
3169
2711
1649
771
1213
3533
1793
232
190
2183
884
3814
3138
3364
3437
4050
489
3126
1456
2067
3863
3719
471
407
2572
1685
2503
526
2160
192
1791
1255
3866
3182
4027
2896
575
1973
3009
1021
2889
3744
279
1618
1747
2509
2580
2478
3319
2297
3094
3687
191
3826
280
2911
2471
1068
996
3998
2761
3778
3229
2342
1666
3219
283
1893
40
3111
1378
3954
3836
721
943
3072
9
1091
2998
2076
3726
3391
4052
1382
3147
2388
3034
3947
1012
2364
2216
3678
1384
1402
2642
3058
1420
1739
3899
703
3851
2439
387
652
1072
1316
2039
1235
2262
2371
2733
3327
1710
1214
939
3862
4060
1032
1339
129
2646
3220
3816
53
2140
1437
3218
3102
2847
2668
1887
3646
4075
924
1354
1655
1166
3104
2982
1943
1275
2022
313
1079
1033
2901
2859
2349
1245
1447
3632
149
2303
1426
3409
754
108
2357
2532
1467
2575
3818
1308
2154
1047
3328
3253
323
1411
2332
396
3125
869
19
1398
377
1393
1663
3705
518
1981
640
220
3426
2449
3630
355
3682
1488
1749
3350
393
726
3212
1191
3766
854
3458
2018
490
3684
1187
4026
2442
436
905
226
1962
1595
3155
1620
42
1989
2713
1533
1312
152
1020
2506
371
1392
2058
2380
907
3564
132
148
929
2037
119
2898
3880
3962
3477
3288
4089
3641
3479
445
1259
3543
1592
3226
65
2026
2358
3396
1862
2610
27
3971
2604
1773
1496
2885
729
2111
2410
3353
2880
426
2278
1247
2019
1858
511
837
2162
3122
2206
2185
2979
2233
2084
2461
463
3658
2017
3179
337
3167
2921
3200
2573
413
878
2581
3876
858
3106
903
2786
3332
952
3680
3221
901
4015
431
534
3429
1261
1894
3651
2881
666
1500
3139
1006
1203
3393
3707
435
173
3797
3773
3184
505
238
1577
2054
2172
1566
55
1163
1890
1160
2519
2745
1536
2550
1270
2811
1001
2950
2927
3178
451
691
3861
817
3337
2146
3850
1782
2926
2660
966
1482
3634
2801
627
1423
3050
1586
2015
1193
56
1002
84
2877
2344
2887
3386
2211
1224
1286
2772
239
1493
2477
2014
665
2939
1111
3506
1781
3121
2362
1528
2295
569
1433
128
2345
3725
3900
2739
1095
168
223
13
1233
3530
871
2915
3494
2796
3951
3424
1550
3496
3132
3640
178
3380
2758
3777
3751
2445
73
212
827
3792
1712
465
1910
3981
1987
3395
3858
1045
3801
3728
2291
1753
360
2718
3615
3208
1476
2455
3924
2023
2570
1783
798
3940
733
2894
1341
984
3055
332
2241
456
2822
2502
609
972
2737
3732
807
1686
222
892
1967
662
2769
769
1626
473
2370
2030
3528
1709
76
3995
619
3095
1822
114
1477
3346
3499
1658
3010
3571
2299
3815
3865
394
767
2989
4070
131
82
2147
1331
4051
3301
3411
2816
3587
1343
2578
3551
1055
4045
727
608
874
447
3647
181
4
2526
416
2751
1076
3886
1851
3933
1811
2853
1605
3806
1407
1812
467
290
2855
2952
1367
1777
428
801
3893
2056
3835
258
2607
3266
1430
786
144
2771
603
2392
1643
2684
3560
284
1892
1192
4083
2178
2905
3629
4037
1534
965
118
3347
1561
725
1497
66
1321
2990
2382
2267
1767
3648
1328
421
1638
3269
3140
3531
1947
2917
1596
16
444
2624
2591
3247
3390
1574
739
51
3864
625
3382
1043
3008
2384
1716
1920
3848
2963
1838
2629
453
3671
2903
2545
2592
2884
41
3943
200
1787
229
3135
1830
1200
364
3993
925
2967
3059
1502
502
1551
2247
1126
3478
516
522
4061
2011
1827
3446
3823
1979
3505
2354
2389
3193
2935
2696
2838
1866
3441
1391
1587
1346
2864
4033
1294
1144
2369
1742
2145
3249
246
1007
3375
2218
3547
345
3452
2476
1602
3046
2321
3717
3827
2913
2129
1490
3415
2686
1985
2714
254
2396
2121
3567
3318
1833
1688
2882
1142
2460
1466
561
4074
2724
1926
2192
1147
3969
3012
3749
1936
1379
3461
614
1436
629
2977
2494
2754
3114
2540
147
3384
158
289
2897
1351
1326
2415
2020
3222
1865
2383
1257
2531
3526
1842
742
913
3790
4030
2817
3759
773
1921
2746
2803
3894
880
3605
888
510
3763
4087
1693
4044
3770
1289
3960
853
1501
1850
842
3170
3621
1455
600
3315
2753
3067
3406
2071
702
1239
1189
4000
1735
2467
1046
3285
7
3552
810
538
1715
207
1593
3096
3473
2105
2924
2513
536
3735
255
1803
4095
2525
759
861
1084
960
32
2793
2409
2586
835
3369
3501
63
2861
1237
1212
549
979
3290
1928
3870
567
487
1657
2785
872
1728
3086
2284
2985
1503
2726
3652
855
1256
1958
1644
2473
342
674
2648
881
2663
2571
696
458
4006
2298
1019
3700
1703
3282
3946
653
3617
2960
3242
1195
3289
506
1619
488
3789
1895
253
3936
1650
3754
3442
2126
2651
1302
1134
638
1955
2773
274
71
3527
1096
251
358
3171
687
623
548
3516
2300
591
3989
454
3785
1221
2653
3143
936
3351
318
1240
4038
1870
1821
3657
3986
1078
1492
1575
36
2029
3339
3878
680
1576
1248
4092
4079
218
476
3443
193
1748
1508
555
1980
1252
2693
1056
2355
3304
820
2866
145
3925
1676
2399
2852
2683
2025
2422
2870
3225
828
2507
1067
669
1408
2518
479
2203
3277
2934
3566
1081
1746
1505
746
1775
963
756
1229
576
3968
3456
1125
3475
3755
3002
1211
2991
766
1717
2848
4072
969
91
3793
2240
2702
1124
3165
2106
374
1004
2964
2839
988
806
2367
3274
2541
1733
303
508
285
1050
1531
940
821
2365
2157
1385
4078
439
469
2081
3810
3928
961
1882
3906
2596
140
1673
3207
2703
953
1082
466
2830
126
3149
3291
2914
2313
2994
705
1109
2867
947
422
1282
1397
2748
2400
3006
688
316
2324
668
896
601
1683
2274
1258
2198
2487
2533
1776
162
2787
3330
3435
3539
2584
4081
1678
408
302
2406
92
2876
437
3902
2556
228
948
3024
1183
2527
3696
308
390
826
1226
1625
3066
1372
1387
1036
376
1993
785
3168
1994
2579
750
2695
307
1008
93
2720
3788
1950
1816
2957
2312
72
3064
3811
3189
1588
3507
2841
354
3105
607
1713
1909
503
2368
1324
326
22
594
2997
3834
127
1250
4062
1846
762
2694
990
3715
1335
3563
3673
2316
3408
2229
1065
2497
491
3601
44
3667
1759
986
2564
1323
3967
1405
2680
3956
2167
3558
4024
2244
3504
2474
189
3489
1646
993
3243
1377
3042
4090
1547
734
3877
976
927
882
2767
2242
3457
895
2043
1939
211
679
3747
883
429
2505
1116
1632
1070
498
2929
1104
3136
1164
301
3609
3781
198
1653
1883
2132
3299
2569
3100
2091
1207
1285
3309
2353
2348
295
1041
1480
2902
1741
2483
2484
2339
582
3416
184
1146
470
829
2309
2268
3909
2444
2770
4002
2730
1537
2549
1944
3637
2096
3804
3405
676
3752
3919
772
2340
3540
1320
1667
1965
146
3562
3713
1937
3612
701
660
3252
341
1832
2969
1731
2956
1572
3224
1204
385
1105
96
1458
2707
808
1639
2988
3588
111
3740
2168
2863
1757
214
1337
639
234
4066
3839
3481
1276
3760
849
3685
2175
613
2644
3830
3491
663
2416
2453
2302
2459
2176
4008
1246
2294
1732
3999
2910
368
931
1647
3430
2217
1966
2625
1778
1946
887
417
1687
1208
349
1401
1123
2161
3813
1370
1366
592
2799
3570
977
557
94
1129
1159
1606
3419
1182
2196
2220
1942
645
3202
532
1754
3123
3480
50
3809
3693
169
2808
2451
2166
3316
1616
2366
343
2138
2845
3045
3620
3109
3455
3263
1612
1299
886
598
928
1114
712
744
2200
777
529
1315
3557
3166
2835
423
3133
3904
2523
570
1721
2080
3004
2430
815
551
3246
2819
1590
2159
3931
3917
2671
1564
1935
1961
3694
715
2243
846
4093
1934
68
761
150
1630
2431
1238
3033
2844
2946
2486
1087
797
3784
1645
120
659
2595
188
4011
2273
3465
3635
1145
2379
3724
2622
3695
2850
3151
2417
3722
2912
28
3927
711
1541
1063
3244
3493
621
2681
2941
2779
3966
3965
3738
3883
3015
122
2626
2222
233
1608
3872
419
1764
2436
4068
1373
597
2984
3250
486
1734
106
3824
1409
2827
350
1325
3283
2423
1675
1284
1695
1376
1361
3600
3938
720
1018
644
923
765
3468
3287
3470
2440
1879
2806
2151
2987
672
1766
753
3389
1601
495
2115
125
2438
1450
2658
1413
383
2981
1133
3035
3300
1945
1839
1684
2826
1718
3591
1058
3642
743
1071
2947
2103
3358
3448
1080
1834
449
3361
2375
2093
1770
2074
2854
3677
997
3573
3103
2231
2891
819
1849
2010
4040
751
4063
1461
1151
1971
1629
1908
3232
113
1026
3227
1383
1640
3404
87
2254
3720
1755
1672
3484
3582
768
2666
2600
3579
981
134
3934
4082
3021
1489
3276
409
1696
2107
3344
3920
1432
1485
1297
2443
1817
363
3771
2350
410
3791
34
2676
1267
95
3991
3654
380
789
3296
1334
3884
866
1154
2617
1073
401
3734
2118
3037
6
2606
2499
512
331
2763
3935
1627
673
3645
1471
3838
1581
500
2326
2574
1061
1174
325
897
1310
3769
3460
1015
738
962
3692
1740
504
868
1707
605
3746
3798
3712
2073
2280
3656
637
1319
865
2657
1603
2095
3524
3994
942
1121
2265
1970
3020
2346
1459
1148
262
2248
635
3107
2283
3007
2264
899
515
2100
1347
2965
1190
2013
1474
2529
2566
1584
1761
1769
74
177
1814
80
4016
2640
1417
2697
359
932
704
367
956
2479
2343
3127
2831
3308
99
3011
1317
2652
327
1161
2553
722
3988
1815
1823
2470
2133
2005
3056
752
3911
805
2639
2907
1262
1118
1487
496
2524
1300
62
968
2893
2257
589
2352
20
612
2728
2958
3195
4080
1972
133
30
2435
23
1254
5
3619
1452
273
137
3453
2968
3338
985
329
3805
362
2141
1388
1139
2558
1280
856
2186
816
2628
2678
1157
3014
3964
989
461
3829
2000
889
3664
3183
757
2395
628
2794
1719
2325
535
791
2434
3413
282
1266
3101
926
2116
3349
1864
780
845
3257
870
2193
692
1520
2485
783
1802
778
3487
3258
3568
1112
2125
3843
1750
3261
2130
654
836
1856
3280
2390
3236
3158
1852
2419
3817
1539
2906
2944
420
2700
1530
1806
2637
1333
3083
138
3572
3942
474
2024
944
994
3602
1179
459
3306
3440
3594
2407
1169
795
1690
2408
833
3131
2156
2282
843
2940
64
373
3622
2828
260
3432
2021
1583
2577
3295
2051
2949
1504
1664
1010
971
3278
4036
3060
97
1580
3984
2427
945
3355
2536
2618
2665
898
271
1349
1113
1093
3837
3157
1283
2031
2044
1938
4007
3856
2862
1441
1131
747
3519
3723
3631
165
3381
3447
839
920
2061
4076
237
1900
3497
716
3154
2101
3808
2638
2212
3054
472
49
1506
3908
3714
3161
3363
2775
3214
3490
1931
3141
3583
484
3844
3660
1158
2872
3199
3343
818
1287
2287
2184
1098
3952
1394
552
340
2962
3825
1446
514
1648
684
3322
1234
1360
2253
565
2424
1569
1227
1642
3918
1470
1400
2028
2538
2128
3262
1529
3116
3523
737
803
1873
2992
29
1859
1468
1978
891
336
347
1219
483
15
1092
790
860
259
3374
3626
3921
3213
3053
1956
276
3070
1293
1390
2187
2341
3267
3486
857
2221
3041
241
414
123
728
3294
3399
203
1362
107
917
1197
1424
54
4005
3950
3709
4012
1818
171
1396
1352
175
3604
1527
3624
3668
2795
3649
2547
3000
167
249
2296
617
86
1440
3379
1599
3268
1040
1549
3828
543
2285
