221
2954
3326
961
3638
627
3793
3373
810
1408
1463
3025
722
1268
2013
3140
2237
3650
3325
1473
743
419
1537
96
2489
2569
1048
3328
2009
257
315
2995
4055
409
2953
900
3893
2991
3044
3665
1719
1960
939
3827
813
3933
2378
2710
1519
3624
821
891
469
3610
897
1369
2514
615
2208
2338
2118
1020
2980
2772
150
4088
1641
3679
698
329
2819
1296
1405
2141
3896
533
2055
3728
3838
1454
201
2151
1524
1126
2417
3088
814
666
555
1583
3103
1323
3121
4014
123
617
2863
2384
2040
2159
1758
2716
776
1879
1664
3778
2894
2029
2380
1735
707
3860
3138
2278
2913
634
631
3385
1009
1778
3514
3342
1830
2168
2466
1736
2904
1419
2059
2047
449
1346
2300
1312
2831
3171
3146
3099
2827
1573
1748
4071
3600
298
206
1013
1826
2581
3894
3531
848
1372
2760
448
1855
1125
4091
1070
646
2629
1491
1004
1635
972
1681
128
3801
840
186
3086
4017
2362
354
4057
3703
699
2855
2232
670
2727
456
3582
2761
2584
934
3034
1229
2130
794
1197
246
879
1753
1192
2963
1033
2572
2359
1344
1499
2062
24
1199
1759
2718
3558
3772
3296
3761
3492
953
147
719
179
264
3881
2377
3653
723
491
42
2588
4023
317
3408
1680
3202
1443
64
3588
3231
2607
2882
343
1969
1623
984
1427
3205
1399
1242
60
3096
3013
2114
2987
2821
3035
3792
1885
2120
1836
2526
3762
2315
3332
647
3649
2476
1841
910
2637
2774
3515
542
2740
171
2000
2636
3319
3928
1481
1378
3187
1150
3093
140
3300
1337
2260
3366
1385
1858
3042
504
908
1884
118
1617
2285
1374
180
1554
172
1131
377
816
2002
2632
3030
473
2915
1708
3955
3156
3563
2108
2462
2287
1320
612
2513
501
3766
3940
873
2163
1012
2962
624
1783
3883
2573
1238
1569
954
3091
1986
1467
2818
1743
1661
926
4094
379
3421
185
965
3611
181
3174
167
1639
3189
940
3291
777
880
4067
2508
3294
465
3419
0
130
137
2851
20
4082
3179
1958
2830
3805
2948
1086
1040
3701
3691
3363
2279
4079
326
1415
1685
1191
3083
3268
1893
3247
2132
4052
568
2295
2857
2985
853
516
1190
1840
2064
1887
363
405
1100
2301
1551
2940
1682
3180
2896
1220
1854
2902
2683
3488
2620
3571
2363
1548
2551
3381
2832
3182
779
2379
2790
97
1065
367
1007
2399
849
3127
4084
311
3244
3251
175
2276
3708
2690
2682
334
283
3499
3859
1671
1769
2371
2136
604
1539
1864
3503
3028
857
2890
2291
209
263
2517
1400
2568
170
490
3915
2658
1813
3108
3954
3095
3225
2027
1637
2501
966
429
2538
2713
3872
2071
661
3750
2196
360
1987
3331
2938
517
3226
1843
3272
3438
271
1831
211
1038
2461
2150
3797
1264
2565
1549
375
3784
1092
3007
2455
3657
2229
1970
985
1261
1173
2049
3245
3471
1747
146
3051
3500
3726
606
3437
3274
3934
2240
1103
978
2918
3163
225
3165
286
1145
285
964
3077
2739
917
2376
1619
2686
922
2652
684
1081
157
2777
3201
1301
376
2142
2866
3700
3323
3448
1281
1334
3351
50
3344
2689
937
1478
1160
2576
3555
632
3738
2437
1495
3335
2273
1278
1333
3425
45
3260
2416
250
1120
2585
3259
3642
2850
4063
2487
2329
3213
2418
990
1624
3190
148
3641
1485
2076
3975
1889
2668
3898
4037
1318
2505
3505
3276
2868
2117
282
4002
847
2236
3901
1684
1570
382
700
607
1050
2575
1430
1815
3768
2320
350
1622
3391
2479
1237
4032
2977
2140
2952
1520
1788
2411
115
2640
1140
3773
3782
472
279
3031
2397
2390
3159
2754
3917
784
2089
2152
2135
2674
1625
1468
2557
2101
21
546
761
1137
2523
407
1618
3157
3673
2034
278
2982
3724
103
2408
3330
2731
783
2421
25
2567
3207
1945
2672
812
3005
1891
2125
2035
3442
2402
1027
3584
713
1064
2093
1349
1837
3602
3215
3040
168
1806
2442
2583
3557
1729
4073
1231
1699
1292
1526
2972
1440
765
2516
2928
174
2274
3659
1159
2293
1751
3457
3494
4048
1706
1417
889
3817
3175
1435
563
1923
3117
3620
2406
2920
1358
2038
455
1828
1715
1245
3352
2817
10
3836
4042
3930
1721
2183
155
1410
1876
2773
3413
3906
1917
3124
1129
3177
3633
1812
1820
1810
3945
69
3130
476
3111
2084
3097
2916
1475
3920
481
3313
3829
651
3727
1235
3697
3710
2025
1791
58
230
1202
2659
418
1429
3849
1195
450
3747
3541
3769
4008
2269
834
3073
3824
2507
915
4087
767
3889
158
198
3995
1309
3003
1943
3818
1944
3237
4040
3880
3426
3021
3603
3629
1904
1588
3322
593
2906
1322
797
2566
1992
2986
234
664
374
1553
3890
620
727
2709
498
451
534
3098
1148
3664
1088
4068
3865
3493
1972
956
2828
4069
2532
3345
2198
1283
3145
1098
2155
1966
1985
1158
106
1711
2019
3767
694
487
44
3233
3453
1764
1068
1998
1094
769
4075
1424
681
3904
2365
1835
1132
2531
1515
3737
982
2996
1653
752
3430
3333
2216
1647
2899
447
284
2973
411
1660
2075
2465
28
2723
2446
3937
4076
2800
169
3621
2043
1375
3155
3041
3839
3066
3032
3950
1073
2039
4013
36
2214
2067
203
1774
2286
1418
1407
806
2162
2880
2434
1057
3483
3575
1775
2447
2475
3360
583
3744
2104
2490
390
2753
1457
3886
2065
1257
4020
274
3678
4061
1233
3862
32
838
2847
601
3931
1388
1490
2246
2527
3532
1171
2458
3497
4035
557
3581
1654
1260
2661
1051
3416
3863
2021
216
2268
357
762
3925
1798
141
1724
3181
3314
2702
2579
905
3502
205
3902
680
2580
3279
3550
3487
3909
3536
944
1101
386
495
561
2267
3401
1155
2324
3939
3431
969
3617
2839
3763
408
1518
1087
399
2006
2497
191
1163
771
1839
3441
2107
3764
2955
3698
474
1932
347
2046
2313
227
420
728
1967
3682
2436
3026
4034
3696
2808
1540
2735
1431
3084
3135
2213
2820
3079
1512
967
84
3222
2318
2621
3120
802
904
1727
3282
2743
991
2350
3107
2503
1760
2897
3125
2881
1543
1308
1332
3372
3855
1800
325
3528
1214
653
1859
3357
1628
1241
1284
3837
1589
2746
3235
200
238
3706
588
2081
3960
3436
287
3220
2999
2219
1679
1336
1965
3820
759
1083
3522
1949
18
1698
2498
2143
3312
2966
1267
134
3038
3971
3234
3932
2732
690
161
1971
2767
40
1650
649
3690
1061
3601
1045
3802
2358
2971
3481
652
2073
3658
1377
3306
689
2265
1203
3080
3897
2323
31
2348
2299
3112
648
3914
3361
3910
3144
1535
830
1975
704
3164
3721
2684
2124
3947
2464
3994
2230
667
959
2947
998
2382
3468
3899
878
1115
370
2144
3740
1662
569
3921
3160
1862
1688
3604
3523
2401
178
1954
3979
3014
3982
2468
430
3087
1391
1872
1244
268
673
1734
3353
544
3166
2707
3116
3540
2226
859
1581
1739
1601
2865
1113
2486
3444
3287
2052
3988
1036
1568
2445
2308
81
3815
2587
936
521
3301
8
1555
2015
1763
1144
232
156
1906
3170
2126
2799
2374
3049
2872
1952
511
3399
1773
1983
2728
3061
3192
3884
823
1452
1881
66
2776
2290
1182
2911
976
1496
1803
3197
871
2195
3607
2638
1287
868
518
832
4089
1398
1720
2342
3926
522
1674
1926
3987
124
3854
1599
144
2103
3716
3958
3316
1902
99
3963
1657
2225
193
2360
105
1464
3232
1340
2473
3962
2344
3288
2900
2383
3671
2254
770
3680
3469
3831
288
2959
1521
1216
2022
835
1899
2780
2179
1330
2695
856
3878
1890
3029
3521
2550
2400
2354
532
2316
1503
2165
395
1784
1288
2478
2386
3402
55
2133
2578
2173
2646
3239
2451
4047
2414
841
3561
1379
3753
2424
739
2138
2631
1331
3289
641
2547
1563
479
3788
3734
805
159
380
2485
980
992
2181
1266
887
3252
2797
2435
3417
1780
1538
3835
1502
2898
3891
2804
2482
2816
3258
1080
342
2625
22
4036
1005
3654
839
1207
87
1387
2480
2097
1612
1187
2778
3785
478
2893
869
4041
1366
2180
885
3992
267
3327
1918
1446
3723
960
1338
844
907
3729
3968
4049
997
49
877
1428
2554
119
2875
3304
2960
4030
2961
775
2783
711
1280
896
682
932
2449
3439
1575
2910
773
2028
2644
226
2484
2177
1226
2450
890
3472
3936
2769
1910
3054
3626
1047
2407
2438
924
2334
918
3951
572
3253
3065
2706
1351
176
2109
1790
1942
1956
2691
1049
1109
1370
2677
3796
2876
2187
3644
3741
2263
293
1471
3364
860
654
2791
3959
1219
3176
3606
3210
308
2849
3911
256
3964
874
3407
3348
1060
741
1842
3476
3867
756
2176
1423
580
1272
3613
509
2641
415
2747
2026
4000
338
2284
1310
1043
1709
1963
3527
2419
2110
1793
3043
1566
2933
2934
2391
672
1279
2349
1895
3686
3720
3266
443
4033
1632
3114
3973
3556
3713
643
2696
3048
1824
3000
1362
3779
1957
1193
836
2813
3983
2001
1470
231
1406
321
3589
4081
1298
3074
2841
3715
1437
781
2074
702
1147
3712
2041
327
2705
1606
1651
1062
2281
3063
774
4019
1037
3409
3578
2871
90
352
2656
3371
2845
1556
1069
800
837
1907
732
1877
1809
2944
962
2366
1044
3918
1636
2398
2426
2500
1740
2511
1821
1594
3228
1175
1689
1476
1355
2873
2385
384
3655
346
1078
1631
1633
2023
1225
3628
265
1892
2645
3864
3674
1920
2835
2370
1587
1938
1768
3848
592
3070
1206
921
2160
1690
2541
2994
2156
1501
4092
4059
2525
2809
577
3526
2622
815
3813
466
3542
530
102
1356
4003
2553
1384
1511
1718
3152
2256
697
2862
4078
4062
3267
2895
2704
2635
1856
4064
3109
1002
3513
3508
1911
3570
2317
523
275
1294
2060
2184
598
2792
3133
2520
3329
3423
3458
1896
2907
1249
1761
1156
2951
440
3509
43
3868
2840
1438
2782
1329
1629
3804
431
1964
1508
1029
2730
2974
828
2024
2593
1989
2171
1121
1723
2139
132
562
696
2854
642
91
460
1176
3800
261
870
2744
3567
4022
3498
1161
1665
1697
3027
2719
335
3278
3676
862
2758
1295
3758
188
1595
3168
3941
2950
2072
2175
1851
3903
1696
400
3783
3377
3506
2664
3106
1846
2410
2368
3309
1128
2750
2182
589
1728
183
3386
3998
330
3254
826
2016
2623
4024
2711
1026
591
77
1184
1096
3052
2930
3298
3009
52
373
1687
1198
1567
3794
2233
3158
2903
2798
2687
38
2560
1516
1602
1185
975
3178
1598
3390
2978
1248
3337
2937
1015
160
2289
304
3709
2556
2673
53
2312
331
2611
3015
1082
955
3695
349
3368
3631
935
2057
353
2275
3223
3952
519
2367
3356
1533
1732
1797
895
412
2864
453
1506
1590
2943
272
2561
3861
2078
3467
3082
1620
3039
1814
92
3660
902
3257
2158
2209
1976
1451
3302
2098
2220
2425
1673
2297
2586
730
3731
1263
2241
669
2929
173
3583
2404
2164
764
565
396
3579
427
2116
4053
3953
573
3525
3428
2037
239
3362
3389
3110
2834
1402
2766
1935
614
75
548
2802
989
3001
505
2926
2787
901
928
2542
85
3119
1169
677
4015
2592
3412
3685
3984
3858
245
4090
3485
1712
941
2793
3370
240
2612
502
1999
2042
2653
2751
1484
1063
110
738
2997
104
2346
1873
2415
3263
3823
3264
2914
3227
3828
3972
4045
2602
1212
2692
3929
3396
3806
3388
1878
197
1901
1865
37
3705
1997
301
1290
3572
3537
766
1961
1572
1934
1536
1186
1111
3318
249
2601
720
3879
242
2303
2347
3905
1416
2764
3560
3822
919
1297
2444
584
2559
3339
2061
2460
753
2633
2051
3976
19
2469
4056
925
795
3643
729
1541
721
3002
3072
3218
1032
782
1311
1286
2858
432
3592
1055
1075
27
1560
3033
3775
1305
2939
585
3151
204
780
2121
618
1243
999
1796
1450
3564
3075
33
1616
3321
125
801
3143
2137
1365
244
1090
1053
2005
3435
35
1228
744
2309
2331
3262
1648
2634
2066
3907
1561
1483
3970
1799
622
3113
3053
2304
2605
724
3725
1188
3067
190
3148
2429
660
1610
931
291
1584
3666
3573
112
344
947
553
3489
2340
2669
2127
2796
1213
1324
792
3777
3118
2440
2879
82
1845
2178
1947
3594
2598
1874
2666
2870
1373
3985
2811
452
309
413
1067
485
3852
2090
4085
793
67
3229
1951
863
3293
686
640
319
1250
3510
98
1861
2212
1850
3365
255
1350
241
2277
3470
333
2145
1441
3719
2129
16
650
2698
3816
4007
2860
948
2680
735
2869
2471
2191
3147
3670
3037
1600
4012
993
3759
637
454
3369
1341
2409
1746
2989
988
3856
2794
1456
3350
1817
2887
525
94
54
2801
468
3765
2396
3076
1927
3882
414
1133
492
2433
2964
2785
3473
1059
3496
1152
2217
2018
2412
2752
86
4029
3064
2549
2068
2335
2768
3787
996
3280
986
526
3991
1771
1411
297
824
1913
1643
3459
911
3539
9
100
1201
4039
3825
846
1401
2715
3134
564
1412
372
2351
2733
2922
392
224
2249
2494
3115
266
688
1034
3745
2502
3024
46
2856
1597
192
3214
3008
3534
1240
3154
195
644
1174
416
1224
3888
2112
3317
2271
1453
1883
3422
314
3927
1700
3456
3900
1052
1102
2403
1562
893
3714
1167
2345
3292
2756
1527
1474
3718
1848
2356
1270
1853
387
1141
746
3830
2824
1787
3530
717
1246
3349
575
2688
3844
2369
1686
444
2306
515
2815
668
2643
2574
151
368
1908
1180
1767
3627
1770
1909
164
1534
1656
2843
1545
145
3566
111
318
3612
3656
2671
3474
2577
3045
2283
2749
2770
3956
2272
2539
1808
1255
1593
1915
4005
3871
786
26
1630
3733
3702
2011
365
2257
1509
4060
41
2981
305
133
1466
1196
3427
2227
295
2343
3853
3559
1574
276
2983
3403
120
3324
3614
3059
2488
914
1105
2017
1900
2238
1164
3404
3683
489
3609
3250
2812
2493
2775
3196
4070
2280
2670
425
1672
2558
3735
1371
482
1056
1314
3455
1905
1993
3749
470
3672
1576
1393
1912
3269
1179
2998
1403
3748
3482
2597
2207
1136
306
1742
80
536
2146
1299
1726
2206
2755
2036
1756
1343
1609
951
2087
3562
2007
3877
194
1667
678
2533
2373
13
981
3730
3243
426
3812
567
626
59
1386
1634
742
1981
3935
29
903
1455
2703
1498
578
2392
4009
3185
538
1517
1221
3989
7
659
1023
3717
625
2717
1492
1234
1678
1396
1271
3786
619
1571
1903
1627
3892
1097
3307
2228
351
404
3803
2231
3504
858
1426
337
3376
1425
228
3104
600
2202
1477
3795
520
2357
658
586
1339
3645
3387
938
1984
850
1447
1782
1028
1804
3271
2255
3667
3340
3480
3580
2738
1135
1315
3217
3981
1946
3071
559
1802
1194
3443
136
1962
1988
1178
1546
1750
2086
4021
1614
1095
778
184
2270
1465
39
3754
1544
710
2325
233
393
3393
703
1640
2375
2582
3722
1
3948
550
570
83
3016
2521
2432
2803
3590
3173
3908
494
1489
2157
1866
551
3128
2311
3599
1860
629
2676
1285
3036
3081
2518
1875
1670
1603
2111
3047
2883
3548
252
712
3283
2321
2524
1066
3919
3397
3597
2552
2079
2736
3684
1217
706
1585
3675
3334
2504
943
2604
2477
2302
715
153
3219
388
809
439
34
2211
3799
1733
2033
1054
2697
348
3434
394
1445
1084
3122
3394
3851
882
3153
822
2976
1829
3743
2388
1230
3692
2492
1218
1251
3230
2014
3139
1857
3305
2534
1183
1108
2170
716
2088
1565
855
3451
3310
2128
223
1151
883
290
909
73
1488
3449
1532
852
1716
1738
3618
1959
259
963
3949
1928
645
2149
3807
3623
3501
260
3347
2395
2251
3944
2355
117
142
2844
1041
2020
2193
2528
3221
2546
1730
1505
229
299
2941
2650
3241
2188
1348
675
3004
611
1307
3475
3668
1493
754
1282
4058
2091
2185
332
605
772
300
2614
371
1785
1955
1669
1772
1652
3464
3533
3821
3990
1550
1239
3286
2134
2651
3916
1397
361
3576
277
1940
162
1035
2210
126
2618
831
1300
3776
1710
3771
1325
2333
3946
1531
1313
560
1504
3023
2714
950
1852
312
1177
829
76
1277
359
3484
861
1472
657
3050
2341
1367
751
457
2852
219
3841
4038
1162
477
3887
1469
1006
3167
1779
3791
1722
1692
1994
535
2148
3591
2264
269
4006
1929
3411
2647
2364
139
968
3630
1579
3586
2946
750
543
2935
2624
3211
3126
2655
3598
3405
2810
1626
1461
6
3384
258
1363
2083
1528
3651
2970
1717
1713
693
2190
527
3832
3208
825
149
987
340
2327
695
2931
2823
803
2235
1409
1154
3454
1273
2004
2965
933
1930
2806
2322
2662
1079
2288
3395
2509
1001
2759
307
949
1776
2420
3206
3507
270
1107
2909
3137
4027
1931
1542
63
1752
292
1695
2878
2413
2726
3162
212
4066
2221
3255
322
2627
23
3085
3336
621
884
3090
1076
1258
3814
3308
2885
1210
2003
582
942
595
581
3303
2252
2657
833
1725
1352
3270
3711
280
217
1252
109
3938
3529
366
3742
1138
2100
464
4077
1578
2642
3873
3277
1345
2119
1882
1462
3281
3826
3554
2422
165
3704
2779
113
748
358
1744
3203
1116
630
1871
2259
2967
1613
3460
2430
1143
3967
3378
1658
2921
701
62
3757
1754
428
2372
3461
2889
1789
1605
4016
3648
3383
114
1977
2082
3105
3246
2563
1863
1649
2258
1781
3746
1031
3195
579
1434
623
2708
788
3639
1335
2085
635
458
2172
1705
1413
323
3942
2326
189
3980
2519
1898
3811
3452
220
2984
1236
676
971
1414
3876
979
1995
2814
2106
4025
4095
424
1104
254
1953
294
93
3974
1383
4074
3358
2054
1523
2762
2218
2244
1991
957
3440
1442
1353
2917
3965
89
3622
108
383
2757
1941
3216
946
665
1181
540
1291
3186
1439
2892
2099
3101
692
3491
3092
587
545
2044
3845
1449
1072
3790
3486
3751
2102
480
2908
3732
1980
2660
1586
898
1741
1816
2439
2069
3172
2540
2734
876
3774
1868
3736
1328
3275
539
913
3977
328
1677
3020
17
2394
2594
2094
2387
1615
1170
609
1459
3
4046
513
2310
1326
2169
1157
1360
1822
199
3636
768
1215
471
336
3634
2599
369
1529
638
945
714
2699
1046
636
755
135
3240
1487
3161
3315
324
3756
3913
2795
2428
2337
1979
3524
2262
2250
881
1123
4043
3808
916
101
3188
2389
1293
1354
152
5
2788
2648
3551
3199
1847
2167
3574
1008
1030
2600
930
2988
3410
929
1638
3577
3632
1368
2867
1811
30
639
1513
3619
3850
1564
3689
70
1497
3966
2332
417
576
3957
2694
1276
3545
2405
1494
1580
796
1448
3755
1200
597
3699
3760
3463
817
1395
2441
2992
2113
3465
2617
2942
1937
736
2630
3354
210
1021
3810
4093
2654
1939
1327
808
2884
894
1731
1968
541
1420
2675
3249
1421
2339
88
1014
655
2242
122
251
435
2842
3625
3516
2628
459
2979
1127
3924
79
2529
2393
401
3585
3923
1134
235
3553
2722
423
1547
433
2765
4001
154
1592
1146
1364
1482
281
1950
3018
842
1289
1552
3320
737
196
789
1016
434
3341
503
3019
1745
2685
2427
3543
864
2070
3739
4026
1130
3840
725
529
2737
2725
537
3462
1838
2590
2626
2742
78
2174
845
2032
547
3311
1211
708
3978
56
1683
3635
3842
2472
2781
3605
1390
2515
1124
1010
2693
1500
3183
3969
2095
2063
1209
1663
3595
1675
2261
2838
2215
3652
1596
2969
1844
2545
923
875
1894
51
2223
757
410
3495
1093
2452
1916
1801
2603
1522
3284
2619
2544
2077
3094
2925
2701
1018
436
1262
1849
2564
1389
303
2197
3149
202
3193
3204
3212
441
2474
2712
3544
3022
2912
1486
1805
3236
1807
1757
177
3123
3999
745
1025
2161
3565
3011
2248
3535
2771
500
662
1982
3961
556
2201
1755
385
3060
2825
1827
763
602
747
3295
1259
558
247
1003
355
3546
787
1825
3517
1204
2292
57
3256
2848
2296
603
3224
1139
1254
3343
1834
2298
4010
1666
2448
1460
512
3869
2729
691
3058
594
811
1832
1017
1642
927
2608
438
289
1786
3450
1117
970
679
3265
1577
47
687
506
906
791
2453
166
1000
2949
1559
973
1106
3290
1381
4044
2483
403
2665
3132
445
4080
3418
2153
248
2319
574
2096
1973
1765
3248
467
1996
442
362
3847
4065
2745
1582
760
819
818
3057
1089
3997
222
1436
865
2050
1433
2975
1302
2537
566
510
952
2807
2663
2510
3986
1645
2105
3568
1166
2649
3993
705
740
2352
3809
3131
2092
1818
381
3424
398
262
1936
2784
1676
499
3382
2154
1022
3062
3194
1925
827
129
1604
68
749
507
1316
15
596
2336
709
1074
731
2
3169
3511
1404
1557
1644
758
116
3433
3379
1269
422
2330
1011
3547
608
3068
3392
1823
4
2571
215
1024
1762
1703
2353
2294
3141
3552
3446
2924
4004
74
2853
1621
1205
2616
1707
920
1458
3078
2530
2361
2957
2990
1274
554
3843
4018
726
273
1071
804
799
1222
3355
1691
1833
734
2454
2239
207
2186
2058
3875
1165
2053
3242
1655
2443
2861
3198
214
886
2874
341
2945
2859
2166
1480
1922
1607
3142
1886
3834
1319
3297
131
3693
3129
1919
2253
2595
1359
2536
496
3479
1608
1232
1149
345
633
2131
1611
2993
218
4051
983
3089
1694
3380
462
1714
1933
339
2789
1091
790
3661
807
2199
2927
1558
1514
121
437
685
3677
12
391
1479
2282
2123
2786
3569
4050
798
1880
237
2457
11
1256
2836
127
475
892
4072
3374
2328
867
1702
899
143
3770
3338
514
3209
1122
820
3150
663
3447
2932
2543
3593
1189
3012
2589
3055
2012
1869
389
2266
2381
3046
3136
3429
316
1253
3184
1749
1795
497
2555
3069
1142
2679
3681
1591
1990
1357
3637
2222
1376
3662
253
1039
1303
4031
3299
3538
1766
2958
3100
484
1525
872
3445
1304
107
1507
2829
3398
3846
1077
1646
2891
974
163
854
1974
1777
2115
2192
2506
2923
14
3200
2877
2122
3688
243
3056
3414
364
2456
3943
2243
2305
2203
2700
1342
2639
71
187
1042
378
3006
2048
3694
1530
2314
843
3780
356
2194
483
2522
48
3640
4028
4086
2613
590
1921
2189
65
1119
2681
1361
785
3285
2008
3669
1347
1172
2591
1422
1306
1794
2307
1668
1380
1792
182
1247
2919
2423
1265
3490
2822
296
3616
2056
1659
2205
461
3400
3519
3375
552
3010
508
1888
1701
397
2570
2467
95
531
2720
1153
213
1948
3261
2678
3647
2741
599
2045
1099
320
2535
524
3789
72
1693
2499
1019
3596
3895
1867
236
2031
1085
208
1275
1897
2463
656
2495
3432
1168
1317
718
61
3273
2805
3646
994
3798
2512
2763
3870
488
1112
1510
958
402
674
1924
1704
628
2245
571
610
3238
1978
3346
2470
2956
528
3191
3833
2596
2200
2846
2615
2080
1819
3874
2491
2431
613
3687
995
3466
1394
1870
2481
616
3866
2609
1382
2888
2936
2459
2147
866
421
977
2905
2724
3587
851
549
2606
3478
1444
2901
2224
4011
4083
3518
2833
3520
3608
3549
302
3102
3359
3922
733
3663
3752
3857
463
2968
2826
446
3996
2837
2562
3781
2610
1208
1118
3707
3017
3406
2234
1110
3885
3477
1737
1227
2496
1114
406
2247
1914
3912
1223
888
486
310
313
2548
493
912
4054
138
2748
3367
3819
3512
3420
2667
1321
3415
1058
1392
2030
3615
2721
2010
683
2886
2204
671
1432
