2105
2109
604
1869
1783
67
3523
2899
1081
1671
1059
3609
1902
1002
64
1283
1225
2149
3065
1803
1948
1558
610
1649
3596
2508
2770
2614
2023
2420
365
2111
1582
3759
2185
154
3241
2230
965
443
1237
3476
4058
3378
297
3436
1154
737
2784
3796
3524
2191
1964
584
2198
3245
1073
1831
65
364
2697
2912
3276
501
3024
2485
193
799
1813
1793
1648
2882
1235
1521
396
186
3027
3364
1110
3081
3935
2026
2738
1240
1835
3705
2016
2478
3087
3947
287
953
1839
1801
560
47
3789
747
2339
228
698
850
3295
3906
519
244
3354
2705
414
2456
3710
3198
117
2589
1184
935
234
3908
3788
2914
2434
105
3339
3178
871
184
2350
2264
2059
3260
3122
1547
4073
3691
3418
252
672
1897
3422
4057
601
3552
2457
3626
497
1569
834
374
3228
2766
3167
1970
3188
3451
4047
1888
1566
1043
1423
1932
3658
1925
4095
4044
1907
2353
2890
1287
594
126
308
1070
931
3878
4026
1690
4091
3382
3383
1873
296
1781
1448
137
1661
2590
3155
2376
1393
1165
408
3934
3798
3931
3618
1761
3326
3359
2327
2081
3227
2202
3550
2075
1093
3566
3628
3046
2354
2509
1509
3784
2983
2702
2152
2314
3972
718
1707
2883
3250
573
1402
2122
3300
1735
2921
3707
368
2013
3708
3280
670
3670
1046
3430
1475
3495
3361
3838
11
3160
1616
207
2364
4014
104
129
1515
801
725
3857
3704
2143
2602
3311
3319
1774
1924
3489
393
3151
1546
4016
2482
532
1499
2113
990
3763
1711
2968
4028
341
1087
3925
3390
122
1163
2998
3769
2717
3161
1254
540
1233
568
1685
423
1758
3666
2379
1738
49
4010
2834
1
3464
1403
1104
1150
661
38
2479
3994
562
3079
2212
3130
2126
1623
3549
3134
760
524
1118
2271
2771
1590
2247
84
2292
2585
1084
371
2030
2076
2313
2734
2240
2187
1485
1606
3283
2787
3274
999
2331
2177
3005
1005
1144
1672
1607
1193
1931
3887
3086
4086
1167
1957
4042
2974
1806
2431
2480
2014
1351
715
2047
1855
1639
1089
3209
1023
500
1589
1312
1824
3801
3439
2068
3797
505
3762
213
1675
1487
2982
1221
1405
1978
682
758
624
2695
1387
771
1455
674
2512
3641
1580
704
2206
3622
1338
1723
2988
1872
260
1086
2915
2274
2950
3433
2949
3294
3114
259
2868
1359
238
1811
897
2559
3881
185
266
608
2086
2514
818
2441
1807
3078
1573
3233
574
3914
1481
1205
106
3144
3154
1679
3882
2686
2200
1695
177
787
2421
887
853
2401
2547
281
647
934
782
3569
2066
2315
2470
3417
3330
99
3923
1369
3116
2375
2926
1336
1016
1636
3992
1982
2063
1555
2726
778
3487
3465
2615
1396
3942
1952
1882
1274
700
1822
3126
1828
2015
2535
2698
2383
3765
3461
3363
431
1846
1849
2317
1072
549
3213
3518
3557
3056
612
3845
2183
588
1572
1844
2532
1212
972
3725
3175
1139
2757
1703
1768
1847
781
291
1974
706
3498
2454
1281
3196
3818
1574
1542
1704
925
2905
3019
2896
996
3864
2397
37
924
3016
270
2616
1397
719
1673
3899
460
3104
2207
176
1942
1164
4019
3424
3403
3803
1411
168
2188
2395
404
1304
3132
3723
3410
139
2657
2139
3092
3331
3967
1727
449
1187
2815
3482
2147
2352
3249
2127
3140
16
3907
1048
2960
267
3720
3689
4070
2324
224
2578
3369
2319
3259
2814
766
153
1101
1773
3008
2464
762
2613
278
3267
4046
4069
888
221
1914
337
646
162
2019
2887
2536
1289
1464
1019
1766
3165
644
1725
3463
3551
1265
690
2789
475
3112
611
616
138
3877
2699
313
1928
4075
2543
1427
1431
485
1341
359
4052
626
1083
1041
3543
1832
3204
551
2133
1886
1013
2004
1785
3329
1610
1510
3860
471
2362
1770
2836
1643
3601
1429
752
1795
5
3041
1971
1827
3976
43
2106
3974
3654
2880
1213
2707
1034
1074
1162
3453
4078
3171
554
1791
3990
39
236
3617
2774
3737
1622
1669
486
558
142
2357
570
3886
3247
3097
1352
3335
511
1535
78
1531
256
2538
1469
2256
3606
420
3285
410
2889
28
545
178
1492
2022
3528
798
3398
741
2661
863
303
3636
20
209
45
3894
942
2072
738
2145
3713
2135
1037
2900
2531
2060
1200
323
3688
3568
339
370
816
2411
2865
3073
3745
2933
2033
3313
3973
1500
2625
2877
3450
1038
874
254
997
3921
2605
3258
1419
4021
566
2486
400
1033
833
976
2427
306
3726
4006
1133
2312
2073
1188
3286
108
1549
1269
3603
2583
2904
2739
2727
2034
2415
2007
63
840
3229
2172
765
2829
3597
3239
3012
1386
2035
2761
1608
593
2795
2344
3438
493
2439
1241
2581
4074
1595
70
1779
949
3038
3901
1271
3238
3094
1382
1895
1688
3937
2307
3393
2931
2997
1400
229
113
389
3837
3273
526
436
1763
2316
2854
3119
680
1493
824
2493
547
2574
289
377
906
1864
2361
1989
1071
3979
2688
2712
1896
3985
3719
1158
3781
2179
3754
1373
744
72
240
4008
1437
2372
3891
788
932
1991
575
3746
3648
2028
3139
3485
3328
832
96
1008
2586
1798
433
815
1319
1627
3457
3108
69
3067
2747
2878
2763
631
3839
196
2481
2166
1178
2640
1496
2681
928
1413
2467
3903
779
1294
1851
2579
2178
4066
3683
1458
2962
2752
2189
1629
2498
1564
2360
2964
1985
664
865
4049
1000
733
1190
2451
3096
3077
882
2779
3599
1462
721
1498
938
679
2446
2291
3497
3342
4062
1438
3070
2969
2500
561
503
1476
3823
1354
3262
2984
867
2452
1211
265
1540
3392
3202
2184
3102
1992
2678
353
314
3645
3545
3367
3480
2733
1049
2970
1599
3176
2473
1689
3341
41
3456
2151
3028
35
2284
2443
876
1999
3922
687
4029
1615
3221
2333
432
3874
3600
3251
3795
1471
2549
200
3817
468
1208
3594
3722
1692
2831
615
807
2114
3668
2281
3474
1514
658
735
3246
2494
2332
2224
276
930
2308
453
1347
3811
1559
1288
1421
2772
1642
3427
2720
300
961
1818
75
1968
2937
923
656
1578
1318
2992
3500
600
3018
3997
3516
1124
403
3539
3083
336
3340
3232
3732
830
3336
3773
1365
4043
3334
1749
3407
1780
3099
3460
1751
3721
275
1107
416
1141
2966
120
1963
1415
1372
2419
1644
2719
936
728
633
3841
3834
3293
1645
1945
1532
2233
2570
2045
2629
1010
1173
1159
1787
2220
2496
358
1263
2630
3195
1275
1760
2488
1617
1512
3496
1752
2894
1697
114
2864
1865
2732
3982
2020
627
3827
233
2173
253
3873
956
1313
379
2211
3440
2283
821
1244
3970
1284
974
2398
175
455
1057
667
1940
1518
3408
1108
3211
1394
2946
48
2374
3987
40
415
1322
3828
2107
1552
2572
309
3181
79
1954
1444
3738
1676
556
1477
3957
2428
763
2008
1060
2052
3605
3793
2856
2860
1734
3317
2527
2594
668
1370
294
1520
1332
607
3478
1116
83
3153
2876
2275
429
774
2788
516
361
954
1874
1051
3926
736
3507
1764
2056
3470
2692
2268
2387
3244
3592
911
2404
1337
3699
58
1979
1613
2971
398
581
2216
3586
1947
734
1472
1820
701
271
3501
3292
1568
794
197
217
1216
2924
2918
1700
232
3270
2740
1399
1663
3924
937
2667
2080
2595
3805
3855
3468
394
3397
159
1344
1040
2422
2377
1303
109
195
1597
1903
4067
3406
3072
145
3449
2808
2879
2635
3534
3869
307
1825
2260
3043
1778
809
2621
877
3698
2142
3619
3226
3714
2513
1371
3623
2701
811
3508
1926
4039
2715
101
1789
2929
3414
3608
3872
2351
2328
2337
1058
2533
1922
442
673
2566
57
316
438
3370
3503
2941
576
3207
1722
919
1489
2389
3581
1866
2343
128
636
2201
885
3011
2813
727
3522
957
3879
2131
1126
1654
2433
3060
3200
3404
2146
3761
3138
3411
3580
3758
552
2746
3547
1276
1445
230
124
1604
1718
3173
3681
1927
3612
2956
1941
93
849
279
578
1065
2444
2923
116
732
3861
3538
651
32
4051
3727
1432
684
2765
243
3558
3529
669
2251
1082
856
1255
2238
1450
2248
127
1745
969
3062
2094
3655
2101
3835
2580
2329
3787
3136
2437
3715
1857
1227
977
1320
3766
1115
1720
125
2593
929
3969
3071
2416
2280
3964
2461
864
1917
1230
2861
1833
2067
2619
3863
3928
1278
2367
2243
249
1920
1201
2664
3575
89
3372
1096
2469
3268
3162
3672
2182
81
939
2438
1537
1100
751
1630
3324
2128
1605
3697
1678
3916
2250
4002
3003
3520
3281
1527
382
2844
2186
1026
3371
2525
3420
1045
944
3084
3332
2700
2736
3215
2065
2325
3448
3959
543
3671
2120
2483
1250
3779
507
1653
784
2552
1858
1705
199
1881
2369
2940
141
609
3703
749
437
2321
3379
2119
1380
4013
2891
517
375
3677
808
3109
933
2263
3458
2561
3514
3971
3830
2282
3675
1042
2780
4071
3559
1571
2961
541
3702
484
149
1356
2796
750
3055
2373
235
3288
1863
1560
1408
1809
1586
914
1777
2608
1012
3265
597
742
206
2816
3346
3307
424
2029
3169
959
42
823
354
2426
3611
3010
900
3349
2558
4000
3314
620
3117
2623
539
1098
652
3880
1684
3777
1468
1131
351
3620
2041
3384
837
2497
2644
3804
2520
3650
3696
3958
2617
2990
3061
2654
119
2347
2622
806
1426
422
1862
2495
2694
786
3066
1075
3919
51
2219
2079
637
1598
3261
2231
1976
1796
3208
868
3395
399
280
1453
2587
3825
3194
2408
6
2835
3842
68
4036
191
1677
345
3555
3646
3933
2157
769
2222
1956
2110
843
2862
2345
1955
3968
1473
3020
284
2519
506
3025
2112
3927
3885
1451
3535
3287
123
943
1759
731
13
2320
385
2871
580
1350
3149
2050
1730
2843
2802
2153
2381
3591
3938
2725
3678
3284
3602
3836
1390
829
3045
2501
2083
1611
3240
3883
859
1395
3172
1614
1619
3963
3627
1936
3301
1298
4080
1790
596
2499
3026
2299
381
1986
3701
713
3664
2645
148
2272
2229
21
1138
2037
386
1921
3050
2254
3747
2801
1223
1056
3639
3166
3517
3183
1169
3633
3567
1378
3905
2683
447
2628
332
3337
2510
2334
3357
3510
211
2759
3320
2161
1588
1443
2051
2691
2716
2502
14
1052
2393
466
328
3791
3583
411
1860
151
2505
1021
456
1182
946
2091
348
3635
315
2985
660
2910
527
1406
2986
2553
2922
3667
2303
945
90
1253
3943
1775
3631
3851
1345
1142
1594
1650
1088
3740
3152
915
772
3730
3771
3432
320
3854
2217
3350
3687
3756
3999
147
2371
3148
2517
3190
1185
427
1228
3530
1297
3242
2218
2267
29
311
4079
599
2556
2204
2636
548
3277
3712
2466
1302
2386
3391
1024
2078
2750
1014
111
1035
3509
504
3767
1534
1988
3822
2925
3445
2342
1226
3902
3742
3412
2662
317
866
2825
2424
2384
3006
80
3419
1181
1340
1845
810
2241
1699
1239
2557
1123
2484
3076
2330
2979
3118
210
2669
3904
3604
3237
3452
3533
3546
3512
3815
3467
2286
1830
3598
19
62
1739
3127
1260
435
3578
3030
3849
4054
4064
132
2609
2053
1317
1843
321
1702
2872
2132
3978
2121
583
135
3047
192
1375
407
836
3389
1786
901
710
2196
150
201
2892
3649
1736
1894
3123
1929
1102
4072
3728
681
2242
1194
2385
2693
1511
340
2682
490
1410
3095
3426
2341
3960
343
1446
1343
268
531
2130
614
2225
2807
4015
577
2294
909
891
1732
2503
274
2842
2881
250
1392
1541
3385
3093
1893
2515
3629
724
2199
440
3944
3275
1691
2378
366
861
1716
3409
1516
212
87
2545
2866
190
625
1875
2208
2462
3616
388
2244
2653
3187
3223
1192
2953
3033
1563
255
2043
1744
518
1391
1694
347
2791
85
401
792
3659
1581
1327
1099
2885
1085
3772
947
1389
3133
2442
2677
2978
3323
1463
3343
845
2649
1587
3499
3564
1128
761
2554
194
1195
3090
985
3184
1248
1441
239
3101
2148
3961
384
1898
1891
1053
2406
1125
3652
1323
1358
3085
3113
1794
2768
743
2980
3296
1091
3224
1176
770
1020
3321
3647
2811
1217
1333
2711
1938
2718
1526
1696
242
2675
2560
1028
2164
2648
2304
164
9
530
2293
2901
482
3867
3486
1943
2917
3400
60
97
494
54
3613
2036
2838
2637
1460
2643
3752
3563
2943
895
2777
3656
3544
1105
3768
248
2523
1209
3951
2096
1494
4077
1079
941
3381
2902
777
1435
3352
1252
812
319
699
528
2575
298
595
3168
1179
430
2785
390
24
2159
3764
2468
1174
534
3318
3716
2104
515
1055
2571
3573
2025
3554
4063
1189
2839
3585
2903
1301
2847
3744
2288
1170
585
1548
1666
425
2565
188
1009
537
1753
1050
2168
2855
1698
1482
3157
454
378
3871
1757
1750
219
2440
71
2952
1368
2911
1715
709
3870
1553
2858
1980
3063
470
2449
1996
2869
3269
169
1634
629
3820
2819
3733
775
3475
2273
2938
3218
392
1841
100
3387
3402
993
1273
3064
707
4088
179
1967
2402
1647
3915
1981
3945
3446
3356
1904
1876
875
220
3644
4050
3852
2955
2165
1132
2300
3680
878
4012
1135
979
1625
46
589
2174
476
2355
1307
822
3840
2898
666
2144
322
1404
1447
3052
2171
4045
1522
3939
1266
473
3193
800
2423
2338
971
1234
3570
2749
1884
1122
3058
973
1286
3309
3013
1017
3625
1565
648
2821
1731
208
33
1609
1530
841
203
3243
2947
2540
2049
740
3734
628
1836
1295
412
1349
3163
793
3373
380
2380
1296
3282
2285
3966
828
3022
171
3129
995
3494
498
2296
839
675
1360
156
4094
92
3297
3040
302
483
1242
2729
1850
2297
3082
3729
2024
848
1047
1112
3918
3051
1090
2798
91
1191
3576
1285
2255
1683
2714
2674
2516
523
3821
3493
2175
324
2916
1121
31
115
2021
1934
2103
467
180
902
685
227
1958
2782
1502
582
1808
1256
2797
3502
796
491
642
1478
4041
3898
1078
1147
174
639
363
3866
3120
2252
2610
1061
3810
592
3035
1311
950
2366
910
2710
3977
2195
3936
4053
3694
3080
2658
2118
1726
3399
559
1316
1130
2262
3272
110
2936
1621
4084
2125
261
1638
3826
1355
372
3755
450
705
879
2064
1861
2663
2620
3156
1536
2758
825
1077
2169
3015
2358
803
3115
2209
3853
2365
2786
3217
1068
1997
1519
2487
814
1706
452
3950
3009
1765
2723
978
2492
542
665
904
2783
1348
1583
3587
1011
395
1916
1878
3739
3521
1259
3953
3405
1456
773
2972
3751
55
1503
2830
1251
3548
2976
1129
419
1177
1506
1651
1454
3299
3298
1377
2822
2336
2800
729
3158
331
3749
714
2671
3105
2193
686
3819
98
1665
387
441
1261
711
1025
883
3783
3562
1585
3205
1742
457
2046
3053
3049
4040
2744
1491
3588
1737
286
844
2465
1618
3380
1324
1539
2994
1379
2668
2713
3376
3353
1966
318
1659
2390
2115
2597
1961
1381
3434
451
722
1680
1686
2817
226
2874
2886
327
12
571
2927
1425
654
1529
2136
2944
3014
4089
1155
1439
797
3948
892
3932
2633
1713
2163
3098
3875
3682
3995
3322
2959
2287
2611
2160
218
826
2873
3911
1556
3537
3843
3844
405
3893
2804
214
163
3222
2326
1171
3718
2409
3219
1593
1504
247
3304
1905
757
2453
112
1367
898
1032
3661
2253
1064
3032
1960
989
3256
350
426
157
1815
3892
4
301
3929
2652
951
2027
1885
3146
241
759
1436
1823
754
2356
550
3477
2799
1467
3998
264
2170
2724
1682
3634
2359
3425
3150
3145
2108
1219
1717
1044
2827
2762
3832
338
755
3029
967
1804
1814
3527
1853
851
1146
3473
3048
1602
144
1660
402
1612
3988
1243
1601
1027
3191
326
2042
1257
1913
2812
1837
2388
3813
1670
3582
1626
3401
2687
3657
1640
2728
1206
2939
1935
2935
205
1533
3037
3374
2544
2932
1867
3553
986
2948
2138
2820
3210
1646
2920
855
1693
1136
3091
1308
926
3017
1923
285
3674
2310
730
1829
330
2018
1490
2853
1407
2306
510
469
2227
4035
3203
852
2606
30
1330
3365
2176
1325
4020
349
357
2670
3621
2214
1030
1819
3192
764
183
458
3782
1664
1577
3483
1183
2604
3660
439
1788
2400
2391
3856
708
533
884
525
3778
693
2760
3824
3662
3447
3913
640
2897
434
3930
3686
1973
2542
1156
3252
3731
1984
2818
635
683
873
4076
3888
3638
4061
333
88
3212
1119
1495
1120
1353
2156
3236
2001
858
618
1258
2684
3775
1483
1363
1452
4059
3147
3847
1911
2696
3676
3651
2100
2197
1871
1812
446
2851
94
2769
3164
2537
2598
1538
785
107
3345
1152
2781
3128
1459
1095
1620
2737
2490
3491
4034
983
1334
3031
2511
912
2167
3884
3225
3257
3075
1740
2392
2995
2226
917
3177
1111
2742
2767
966
3506
295
619
2656
2002
889
3532
1782
3036
2010
2743
1097
2348
489
334
1993
2405
3954
1962
598
653
3590
2631
3743
1887
2638
367
225
940
2722
2061
1305
3780
1816
1106
1412
1385
1029
2852
908
555
1069
173
2491
2596
1721
1889
603
346
2840
2850
2071
2459
1374
2058
1417
4060
1109
2753
1007
662
975
3034
17
3952
1859
3021
2192
1215
1631
3709
1245
1113
2194
360
2859
3069
655
3790
4085
838
1484
1062
1840
3504
1428
3289
3423
3692
3643
3579
1658
1328
362
2239
2085
2521
695
2009
1817
1784
1264
2731
3984
1551
1937
2790
3986
15
4090
1628
3735
3632
1681
2413
3706
913
3760
4024
479
1470
1282
1983
2908
1554
2232
1004
4023
2228
1657
3574
1741
459
1724
290
623
1203
1236
167
2349
1901
3068
2102
1880
246
605
2685
1854
804
237
835
820
36
907
998
1076
2529
1987
1277
790
204
1466
3753
397
2546
3185
1562
881
2213
3106
1687
1746
2382
2407
143
1950
95
723
2012
1291
3774
76
1238
1505
2098
3540
2809
4030
3848
3415
2826
2530
1915
1249
1220
4082
2967
4055
4025
2526
2647
158
2582
3993
2706
2659
1995
2069
3255
650
3488
789
3100
155
2756
980
2476
767
2601
1422
3002
3263
4092
251
2672
293
3792
2977
406
613
768
1214
2210
2458
564
369
4007
2269
3850
2646
3443
1517
3186
1930
1160
4087
428
2215
2463
53
643
688
2095
2471
817
553
2528
1166
3325
1006
1199
2092
3303
3560
418
462
1810
2957
981
3542
748
3858
1457
1479
2564
1292
2660
2090
606
2721
1388
152
2309
3137
918
2038
514
2276
1127
1747
880
3572
146
1290
2906
4048
182
3809
161
1067
3291
3700
968
50
2708
1409
3413
2057
1523
3511
535
2305
2298
872
1229
23
2754
521
1668
1733
2190
677
257
2735
488
3431
846
745
3142
1635
634
3428
663
1022
2599
3785
3004
1362
2088
4009
2460
1852
3607
329
1656
1465
1280
2679
2794
3454
2945
3519
3235
1805
131
3940
991
1900
3231
893
1802
3806
2396
1570
1440
2632
3531
2963
461
3669
1442
692
1066
3614
3526
1576
3305
4032
1662
2322
2445
1134
1299
756
1754
1310
283
720
2942
2017
465
916
3690
2237
992
2006
3561
1094
2548
2089
2447
1910
1959
18
579
676
1424
1222
1712
3981
3103
2346
3125
557
3920
1508
2158
61
2203
2709
1710
1326
1207
3610
2806
805
352
1309
3868
1633
2410
1624
3595
2981
1300
3308
1550
3466
2265
3059
4093
4081
2837
1933
3054
2180
3441
3685
1335
697
3876
166
4027
3124
3366
1092
2567
1567
2087
1641
776
2568
463
1592
1197
2032
2370
657
641
645
538
391
2412
694
1224
409
3859
2639
3724
1561
2368
1596
481
630
2259
1364
3865
2541
3306
783
2236
1908
1434
1315
3388
513
376
3444
3044
1003
831
987
2680
1826
2603
2477
3007
3800
1357
2775
1401
3807
3711
739
621
103
964
2539
3386
3941
1339
3234
492
1140
3279
791
1474
3435
273
2934
2600
2261
3358
565
3513
1772
2958
2518
2040
1204
726
857
2084
2996
689
2848
272
3088
2618
862
638
2031
3776
2703
2
1667
2245
1906
1946
3912
2124
2235
3571
3471
170
1953
3266
165
546
1994
335
3023
1398
1674
59
716
1545
1433
960
2257
2000
282
1202
3833
2077
659
1544
3897
82
2975
1480
3684
1151
2246
1883
2573
2849
2258
649
1461
3375
1346
3673
2704
1196
3890
2755
3490
356
2951
2893
3750
2930
3536
3615
1709
3663
172
2448
7
1528
2318
2833
927
1418
3799
3216
3996
3001
3131
1449
373
73
753
1990
2751
827
3481
2805
269
2181
1939
1701
215
134
922
3624
1877
2895
3135
632
984
3946
3316
2266
1342
187
2475
1001
3983
920
563
223
499
3310
1965
1262
3248
3179
2141
3949
3653
1821
2150
3505
2425
2070
2803
2403
2776
2676
355
3693
3455
3989
2436
702
277
3895
444
2507
464
2399
2097
3121
496
1543
1591
1488
3459
2323
3429
3360
3975
2989
2117
2778
22
508
994
4031
870
1114
3057
2888
292
2666
3814
2311
222
3786
1890
56
342
3110
245
3492
2301
3794
1218
2612
1652
3541
478
3962
988
258
2954
2846
1603
3829
982
3665
3199
1762
102
480
2155
1186
1776
509
847
2651
952
2793
1972
2626
1944
2340
3640
2973
2099
2690
2003
1272
1975
2302
795
2154
1767
586
2673
2472
890
2048
2555
3757
1868
569
3000
2205
1145
3396
2082
1414
691
3416
3327
955
304
813
3355
3220
4068
1376
3965
2435
2591
1039
2279
1321
2522
1771
1870
2506
899
8
2730
2991
2414
121
1743
2627
417
2824
3278
2011
1524
2987
1969
2913
3889
2270
2909
2741
1231
3312
1879
2039
3917
1600
1416
3333
3182
2828
1756
3189
502
3348
3900
2823
2430
1331
948
1792
3302
2137
74
2140
140
3141
572
2062
1728
3479
133
325
1918
383
1729
3831
262
2432
1799
1507
1246
1637
3717
2563
2665
2550
3074
216
3808
2576
1180
3271
413
305
1232
2584
445
1366
3143
3377
4033
2841
2277
1769
903
3525
1148
1848
3315
746
3802
181
3469
4003
1031
3253
1977
1557
474
27
2417
1899
1161
678
4011
2044
2455
3197
1800
1293
1157
2650
958
1719
1268
1856
2489
3344
1430
3214
1279
1501
2810
522
1168
1912
2577
3089
2870
2129
886
512
1579
3230
1149
1584
86
0
2999
2592
520
2504
1172
2748
3
963
842
77
3254
3201
2857
495
1306
3472
160
1267
2249
3515
1210
2093
1247
1036
3180
448
3630
44
202
477
4004
3442
712
1314
4017
3484
1175
1842
2005
3042
3351
590
1655
2429
1103
4056
3347
3679
34
4037
1420
1117
2928
1525
3556
3955
3206
860
2278
780
2054
1919
1748
2764
130
25
2655
3736
2134
3589
3642
3362
2875
2221
136
869
1054
2162
2624
3170
602
3368
2634
962
3290
1198
1949
288
1018
617
3991
1909
2867
2641
3264
894
3741
536
544
4038
3909
2588
2234
310
3910
2919
1951
198
896
2845
2689
2773
1998
2289
1063
2965
1708
472
4022
299
970
4018
3770
1838
671
3039
2295
3816
4065
567
3812
2745
3956
3338
3748
1632
312
10
1143
3846
2832
2290
3593
3437
3896
1153
2642
231
3174
1497
2116
2418
3565
717
1015
1834
3637
3695
905
4083
3862
2450
3462
2534
2055
3584
2474
118
2562
4005
3111
1080
2074
2524
3421
1137
2335
2551
1486
2884
1892
1383
703
263
66
622
1755
1361
3577
921
2569
2363
421
2394
1329
696
3394
1384
2792
4001
26
1575
2907
1270
189
2863
2993
854
2123
587
344
1797
802
3107
3159
1513
819
529
2607
487
2223
1714
3980
591
52
