2916
3063
2345
99
1736
674
2114
692
26
1772
2415
3513
3242
1444
3229
807
814
1673
1509
3486
3131
620
999
2076
3512
1626
2558
3203
626
3793
158
1857
857
302
2912
705
3791
3289
438
2829
3670
2115
2356
1308
2904
3488
2542
2745
3442
3903
2118
1232
3749
3799
545
45
2331
3214
1764
177
3266
1137
3806
1987
933
2990
1169
454
3646
3263
3256
301
1568
3890
3639
1647
971
3465
3868
1031
3299
3378
3636
493
259
1870
2229
2902
1309
1879
3921
2819
2509
3608
3156
2468
168
3976
2433
3403
3498
3706
2141
2368
2464
2028
670
3924
3715
2731
2048
2743
388
500
466
3707
269
2768
569
2691
1192
2377
840
3760
2776
1187
3287
2728
637
3282
1283
458
366
3841
1793
2209
1088
1388
3086
828
2568
216
2119
3949
1941
1475
1916
3066
3067
785
3735
1708
1573
3725
2051
3820
2360
3276
3973
2961
3192
456
227
442
2621
2435
230
3340
3090
2730
1852
1454
3615
3367
650
241
248
989
568
3901
1351
2919
2429
2865
2203
2804
2307
1440
1403
1380
3038
522
1892
3825
665
2079
3761
1701
573
1960
1060
246
2221
2966
2917
356
2185
937
1946
2709
385
1143
2592
1382
1402
1415
1320
2894
2168
1966
2822
712
3739
2324
71
2637
296
753
3516
993
2499
1157
556
2226
680
2616
1163
3638
3137
4089
1134
3274
1743
2729
1352
1974
970
2339
36
3334
201
455
1310
2398
1589
952
1517
4054
1344
2190
73
3837
3482
1565
3768
2797
2254
360
167
513
2952
2410
19
1061
1914
1973
2046
2371
446
2328
3314
3318
2968
1465
2851
2848
2747
2868
2437
1634
3309
3682
3474
1004
2994
2187
3602
3120
1427
1690
1490
2625
1951
2308
3237
1012
2598
2354
2913
3857
3647
3352
2534
2942
3457
624
238
322
2275
478
619
2763
97
2288
2529
4082
1293
171
2250
3522
3173
808
2455
941
555
1037
1582
3040
2283
2009
4043
679
1056
1863
1449
760
293
483
1381
1668
911
3115
1420
2332
521
3843
482
2094
4063
2227
1500
2474
3039
3136
3523
822
38
1964
3009
3578
3311
2595
590
741
1118
3470
2831
398
2758
2294
1401
2216
2417
991
2277
2642
4023
1641
4035
578
1435
2757
1834
666
2781
1791
1882
3851
1739
10
1015
3783
3532
3119
2634
1385
3573
3211
3174
292
2948
3421
3463
3446
2980
3844
2486
2944
4056
3869
699
2323
1223
3456
878
2349
3221
55
1447
321
1189
2160
3453
1099
1014
1839
3053
2545
1429
1576
954
3824
3850
2926
731
74
2165
658
1837
889
3265
242
3393
340
2264
103
2351
320
61
3929
1512
2213
676
3345
3055
402
2654
2738
2158
1005
3305
953
3626
3674
1461
2285
631
1467
2986
1142
1927
2823
2597
2313
2582
2639
2911
2531
3568
805
4010
1724
2988
1312
297
714
1263
3503
2475
1443
3876
271
3098
2477
539
1905
2511
2419
3684
305
601
934
1216
3537
866
3574
1702
138
736
2196
2855
2487
3645
4034
3324
756
393
800
2108
1510
2362
1481
3621
2310
2289
1556
1313
1571
797
403
1058
265
967
1577
272
347
3077
3984
338
3860
1949
3932
3236
570
2113
1201
1083
1478
2220
181
639
3186
1194
133
3424
1199
1016
1025
274
3284
2657
3363
1245
1778
3962
2249
3814
1866
3072
3005
1269
1742
1931
2408
3916
1460
4087
846
2150
2605
1184
2258
530
2775
3695
3471
3595
1564
2223
2251
1638
586
3923
3410
1753
2898
823
3206
783
1545
2706
1755
2449
2447
2072
596
1374
3144
992
3159
1406
2409
3409
3817
2138
63
407
1360
35
2943
1214
3147
3110
3813
3593
3198
1567
3848
3692
1253
2267
2569
1801
298
2397
1302
121
749
1663
3501
722
1383
1880
492
2272
628
3080
1008
2488
3709
739
2767
2601
3056
988
2422
3271
4088
3101
2879
2897
687
936
2453
2589
1807
2959
2083
4006
1901
3747
48
1399
2462
3412
101
2549
2697
2017
1340
562
1712
3651
1397
363
1497
3423
1685
3356
1353
2152
1895
524
1055
3283
1919
3560
1423
2498
335
3372
3894
3683
3732
864
4011
3712
4083
4005
3676
84
852
39
966
3108
3975
2414
3972
1288
170
1903
2143
2014
349
2068
2877
1156
3035
410
1676
2125
3546
2972
3258
2970
2208
595
1643
2700
487
2353
2346
3048
2726
1822
3995
560
2765
1002
2936
3122
1683
2867
229
2333
3384
1658
1588
3355
408
2067
877
3577
3671
1212
339
2807
3142
3819
3633
623
2682
2918
567
2382
266
2830
2909
3596
3983
2243
1410
173
1790
2480
3587
2856
1046
3224
365
4066
3479
2390
0
1164
1268
162
3325
2759
1369
3153
183
775
2176
476
996
3104
1062
422
2370
2358
94
1623
2811
3554
2671
2085
2394
792
124
3346
1871
2874
3161
2963
2426
400
1218
663
1291
1787
1711
13
1290
3778
308
236
3001
3612
2869
2169
3397
217
2719
3099
3288
3625
3742
1066
1174
723
2171
1530
1704
2673
1913
1426
64
1605
2655
3168
1409
3018
3627
220
1522
1456
42
3718
3132
2996
3610
330
350
3233
2147
2733
1165
3575
2993
1524
504
2550
872
3993
957
1586
1205
2565
3539
3254
2166
2792
4060
3495
790
2590
1146
418
3213
1566
691
244
1747
510
1053
1735
3152
2233
1211
1618
4053
1124
1193
1610
1737
1557
1349
2102
737
2570
3753
169
1518
128
3196
1404
1933
1411
2037
3013
2981
1926
1391
3402
3277
1082
88
2538
1969
473
2065
3151
1195
3014
778
1203
781
3658
2967
3426
392
1238
592
2035
2581
324
3112
3765
2003
3481
1154
598
4039
2721
2644
2577
78
2052
3654
1198
3754
60
918
114
2965
3127
2863
30
1996
3268
376
2270
638
2515
2159
2987
67
901
362
2230
289
3
1652
450
3073
1775
2396
1286
930
1876
3564
1665
1794
1003
747
2772
2334
537
379
3208
2199
3935
1608
1336
434
1992
3491
1666
1277
885
1695
1458
2423
95
833
2633
3016
1051
3489
925
1135
3648
251
2315
1392
3413
600
186
3484
1081
1468
4040
3681
2626
3716
2689
862
1237
1185
870
2504
1067
507
3124
146
2862
3190
395
383
2628
3880
2205
3134
495
2896
2694
2234
65
1632
1162
3467
1613
1436
2092
2031
2843
118
1300
358
926
975
2136
1434
1649
646
1249
1111
3705
1285
908
397
2663
2921
924
1281
2484
2540
3329
946
326
2932
997
3304
4080
1217
2895
3021
740
2676
1327
3307
2228
1614
467
1144
2977
662
962
1260
1120
1311
591
1278
3506
2666
884
3081
2207
2491
2686
3089
3366
3102
733
1606
1948
1230
1993
1824
184
3926
4044
3109
3696
635
613
2832
1911
1050
519
2099
1888
3576
3757
2145
947
902
2290
795
550
409
1850
2606
1595
1148
279
686
3141
1354
2900
3140
3673
655
3337
1455
457
2989
1555
2451
2629
1734
2899
3796
766
325
1147
2727
1328
579
262
2327
3881
4073
3184
75
1519
3075
3257
3061
1698
3874
3200
3541
3126
2555
1231
981
3019
858
2842
1292
52
2470
2459
2086
3298
3404
1389
3888
1983
252
1802
729
980
3722
1345
1998
2806
2803
3507
3631
3301
3980
1424
3945
2322
3917
660
618
2446
1042
838
112
2478
2785
1884
2583
3365
421
3801
3970
3458
903
1976
3505
3603
313
2502
1059
377
2827
353
1462
3476
1180
3031
3399
3241
4012
1846
1515
3856
1810
1140
1678
702
2660
3401
3762
581
2835
306
3759
854
3563
503
1975
2646
632
1659
1093
3598
3170
460
1256
3444
540
1000
4065
1991
2681
2599
2537
1190
1627
1889
3354
3210
2298
2218
2461
2969
3548
950
225
2995
3809
491
2237
1384
3436
2319
2703
1452
3669
2101
2180
3272
1228
1236
1591
3358
945
222
2519
1877
1274
1592
1048
3262
4076
3900
3907
1923
3330
2777
1697
3082
2019
1334
1751
1425
1390
3727
57
3836
942
323
1018
1537
3255
1718
1924
1581
1074
190
2620
3117
3655
3379
3338
1774
3521
525
3493
3183
2576
1550
160
490
156
1386
2974
1551
610
3700
1219
2922
3326
3997
815
3847
122
782
3162
3193
3861
485
1039
3292
724
2027
3660
2000
1579
3440
20
2787
1222
976
2956
2886
3599
50
2508
3046
1874
3220
2976
3952
1326
2735
888
2090
3180
3025
199
836
1560
1416
730
547
3188
1272
1133
344
1723
1364
920
127
2800
1670
1738
2001
111
3743
2938
1990
1242
2179
1079
2170
106
4028
1405
1100
1504
3452
720
1244
972
3396
718
1789
3672
2656
1554
212
2350
1563
54
3940
2011
3988
1604
2624
427
3734
2177
2717
1007
1052
270
2857
2110
195
2860
849
3158
1502
364
3877
1367
1607
2140
2722
748
2109
1959
3904
2724
1930
1204
3317
3407
810
4064
337
2870
3729
544
2146
1691
2005
3244
2104
1706
1915
179
3779
1177
440
1282
1821
2321
2680
738
2754
2801
3704
951
2454
2173
116
2432
1304
932
3114
3555
2042
2029
3968
3430
599
3100
373
3802
746
4
3079
3579
1932
1378
2266
1997
770
417
3913
1089
2707
1197
3414
743
3597
2062
3194
2845
2510
2175
58
2287
1501
3557
2556
12
1661
3475
3787
3024
2546
1872
2057
1765
677
758
905
3360
496
2135
3275
2813
841
1494
291
2748
1732
1319
3037
1505
2984
3584
11
2950
1234
1065
380
223
1503
3157
2493
3566
3022
283
2840
915
2658
34
2947
1506
1057
2023
4020
850
518
3094
3010
351
85
464
2588
1688
175
3538
1664
3650
3905
3589
1796
4047
816
3469
4000
3789
1612
2122
3485
2201
3699
3551
3443
2192
1862
1210
2600
1445
582
2490
2186
2934
4025
1357
2357
204
1544
3875
1276
2999
2553
231
3123
4072
588
1826
2444
2050
3771
3300
1825
3540
956
1453
62
3331
3322
452
3550
206
2367
370
3312
1474
4071
2045
3852
1885
1622
801
2103
3931
742
3517
4037
345
3720
1788
804
554
415
3798
1943
2908
860
1247
1063
1330
2325
1022
2614
3985
2038
3116
3838
4085
2746
4038
3772
2645
1121
3382
2128
2552
3862
3767
481
4007
2901
3556
2915
2471
543
566
3518
394
307
3620
2431
2741
2399
2937
1348
3328
2617
2456
2306
1438
2111
1798
2667
2713
2232
559
861
3051
3960
1267
1804
751
3279
2214
990
882
2603
3934
1408
1221
3724
3845
3375
472
1917
2714
725
444
3833
2580
1092
3553
1417
2742
3981
839
2361
3336
1937
1072
1602
3957
2683
1733
131
489
145
651
110
3613
207
675
3347
3472
2749
3182
2638
3914
3918
334
3581
3873
3830
2881
1168
1849
784
2374
2262
1339
1273
437
260
3786
3897
2305
2521
2530
3752
2253
341
535
2610
3225
3755
93
546
3688
1333
2941
2063
1102
3609
317
140
3052
526
382
3432
2025
1970
2755
2983
1109
1868
3004
3172
2
1251
2259
3042
1297
237
3163
2609
1902
3145
2312
710
921
3264
3514
1041
1671
1306
3946
909
3998
3777
2342
15
1655
3027
2436
2998
1495
2861
1805
486
3253
809
2578
3832
498
3823
3661
3641
1887
1534
2593
368
2018
2774
3064
2245
3800
1179
1125
719
1844
1233
853
1486
2472
2282
1797
2554
3590
2687
3332
1258
1682
2070
2791
1984
3477
834
3015
514
1107
2476
208
1108
3029
994
709
3781
1523
3534
3991
488
3278
2200
1539
874
1115
3028
211
2692
3411
965
1729
256
3033
3240
1777
3721
2678
4086
3766
3915
2536
1414
1675
673
287
29
3499
2302
2960
3231
2816
2395
3812
1150
134
2517
2044
2643
1229
1832
2239
275
1767
1301
243
3455
1726
2204
3177
1977
33
1758
1159
1270
1830
3227
214
689
2560
3195
2760
80
1239
462
2613
574
3204
1904
958
3895
798
3955
1696
3728
319
253
4081
2078
2406
125
3228
3323
1464
3011
2809
3954
912
1361
3723
3726
218
191
532
32
1106
516
4090
1172
706
1985
3069
1087
919
1972
1936
3218
3148
1437
3827
2483
2770
1590
3091
3383
2184
2808
224
3006
4027
432
3714
1129
2183
3542
102
1068
2802
3750
3653
2217
1243
1761
414
3675
2873
711
152
3925
968
2284
3635
553
1084
1611
436
843
3958
3543
2241
3464
1375
1038
46
3559
571
1817
2049
1471
1660
3733
3552
3219
3294
2834
1246
2788
876
3583
1828
787
104
1161
897
2559
1448
2876
100
1017
848
4002
2010
3773
1368
1103
616
3679
378
3644
387
142
520
1783
2440
3118
1538
2095
3657
2566
1719
2314
3711
108
2412
2858
3628
1540
2602
2872
2991
3226
1377
249
1259
226
1912
3084
2548
4019
3737
2222
1105
3386
2817
209
538
1119
2539
863
2271
2343
3302
3107
1806
1528
3293
3500
728
3146
3966
2257
759
1114
2043
3708
4042
96
1864
1477
1615
821
2744
2212
829
1814
648
2688
2378
609
875
585
1898
761
2732
3417
3811
3217
3580
2828
2571
1393
484
1170
1033
1529
597
2198
762
3569
2574
4024
859
1989
3886
4078
1396
2142
2400
391
1359
3887
107
1266
2054
1507
3249
1040
91
2320
2034
1600
477
2496
3296
3290
1527
2702
2120
696
1275
523
607
3979
59
1584
757
1329
2383
2442
361
796
2924
1487
1127
3391
3775
3095
2153
3269
197
3460
847
1770
557
3496
4033
245
3530
2495
435
1779
233
3400
2696
3664
2448
2427
1020
533
2669
3344
2261
1011
331
2608
1656
69
1585
3764
1847
1252
2585
2864
2055
2162
4059
865
2623
3308
2047
2336
247
329
1624
832
164
3510
928
824
1466
2405
3433
1483
1338
1935
2255
867
1045
258
2883
1341
2677
508
1250
1097
929
2533
3057
303
461
2340
1090
1001
1036
3310
2612
2326
2716
405
1741
2997
1479
3849
898
2335
1264
2098
3003
44
1255
3406
439
2662
4057
1110
2375
2561
150
2022
3882
1316
2391
2403
89
3315
4014
3846
468
615
3947
3549
1207
3050
3908
3281
1026
1463
3879
2780
2615
3611
1781
1925
2492
3392
3462
1995
977
2954
2061
2181
4008
1241
2636
1044
2372
1896
1358
49
1305
1459
1800
3368
2789
3687
2964
527
1265
3770
449
2016
3736
342
2248
139
1365
109
880
2291
174
3155
3939
2951
92
3222
3536
2279
1521
708
2157
1470
2705
812
3449
135
2225
3185
1907
2058
2930
3020
773
2188
3697
81
887
2404
2441
1138
2127
2933
3128
3468
3105
1803
1851
4015
1971
3774
643
627
2299
3291
3447
2420
652
4091
752
754
2711
1086
2734
1473
3713
2641
2469
517
1035
2503
985
2024
198
3339
3525
2489
3212
2020
3600
2640
2026
1469
602
117
1131
3374
3965
1836
2698
2012
3448
327
3519
3216
1934
3438
2039
548
1400
2844
1644
917
149
3175
2144
3494
1432
232
147
1371
667
3179
2979
1766
3971
1773
2547
2348
817
940
511
451
3959
3377
4032
2798
1875
1541
2563
3320
3910
2985
3950
2117
3865
159
794
123
3454
3665
1376
1128
644
1043
187
1248
2163
53
939
70
2971
2015
2089
791
2246
2407
213
453
2853
1922
3629
1091
2982
2071
3041
2112
2164
1421
2260
1149
2564
3390
974
2782
3794
1954
202
1709
47
1013
2500
881
780
1594
1428
2013
1071
1010
630
3963
647
986
2363
4069
2219
3197
25
3982
2156
2116
717
2151
2506
4036
3614
196
132
3891
3215
3562
1754
672
1350
1621
589
1183
14
3445
2946
1962
2365
3694
844
1078
240
250
1224
1710
2779
2524
3572
1098
1029
3487
3139
210
2467
1637
2541
1858
4009
1944
764
3526
1744
79
1843
2693
1715
2244
1597
1687
3065
2818
2195
2737
3370
1284
2091
979
3570
2880
105
3828
3074
1842
1558
2439
2771
2373
3864
1750
1145
3235
3642
3677
1322
2388
282
2428
3007
2069
1141
1654
608
2846
2753
2907
1981
656
1484
3280
1543
3544
1191
575
2413
3601
2401
2939
2875
188
502
2699
3246
389
2892
4030
806
1226
2418
2596
24
2805
2286
3273
299
2280
1980
3938
1651
1363
542
509
136
4084
406
1398
1640
1331
3369
2041
3866
4013
735
1642
1225
1988
3790
1113
2337
3321
2303
3978
892
1786
4070
883
2269
1075
1845
3619
625
3943
2087
3113
2815
3964
2836
1819
1355
2649
927
3912
4041
3826
2906
1407
3351
1536
771
3017
166
1314
1833
1526
2712
3243
3381
3150
1069
1578
37
1816
1674
2685
1533
3990
2591
3909
2393
2059
3987
2376
1151
811
2914
3349
3804
2522
772
3623
2544
3784
2411
704
3087
1759
1287
1861
1938
3422
372
2814
3160
72
899
3758
2036
3630
653
3000
2366
3769
604
2923
2242
3607
255
3078
1694
1413
1419
309
285
587
3883
2281
3710
2619
3169
1569
1692
1860
1929
617
2056
3885
3930
3088
22
3788
200
3165
3259
4093
3085
429
3898
1785
3238
871
1945
2416
3618
3547
2386
1897
1422
1531
3167
1049
40
2482
2172
727
3643
2653
2635
2236
768
1132
3535
3342
1167
715
1820
1730
3937
3408
3023
333
1485
2293
315
1318
683
3435
3250
3604
189
3821
605
3191
3571
3744
148
3418
3803
2723
3703
2940
2066
777
2465
43
1499
4031
3810
3839
4016
3490
774
1227
3388
2006
3829
27
1848
1835
1085
228
3928
3062
2715
1513
2256
3508
3785
2821
1457
3154
3515
3319
3527
1298
4068
1561
3252
2514
3492
949
2739
944
2161
3558
3083
1686
2191
2648
3286
3343
3731
3691
3640
2479
1599
4074
2661
3951
681
2064
1808
2507
2167
855
3380
1208
2276
3565
2304
2473
87
803
2387
6
3135
3359
221
1955
2670
1373
5
2607
1855
3341
868
3818
469
3927
281
3480
3632
2854
1431
126
2839
68
2131
789
1740
3415
154
66
2604
678
3248
4055
1019
2100
776
3335
1064
475
3663
1446
386
3187
4001
1894
835
1433
4094
2309
959
1829
3428
744
1693
813
348
284
1366
2824
424
3121
688
1616
3624
1173
1677
2093
3592
445
906
943
2265
2263
2562
2084
3434
3509
1893
2329
1337
1639
470
1593
983
1700
3996
3189
2810
215
3797
982
2579
1104
185
891
2708
3994
180
497
1684
3353
3207
314
2481
2651
4029
2030
2761
3232
3247
3863
2452
636
2756
614
2497
701
401
239
3419
661
1034
2573
1202
593
750
3815
1130
1986
115
1792
1799
1957
3591
914
2586
3792
3652
2859
4075
2252
1840
141
203
3662
1909
355
369
3520
3093
3060
3032
267
430
2794
2958
2826
3977
3763
443
3333
703
144
987
3878
41
3478
2882
769
448
695
2438
1006
1126
3896
3892
1213
416
2523
2784
4067
465
3043
311
1542
1906
2512
1294
2032
1713
447
3585
690
2833
381
1867
1823
1021
531
1598
3425
3441
1054
290
2445
3049
1620
2820
3617
895
1721
2278
3816
425
1815
399
1553
1890
3394
1299
288
2197
2945
1181
2630
1707
2318
1900
2174
471
837
1493
235
4051
3805
2526
4062
3746
669
3306
31
1657
8
922
1629
3678
2931
2106
693
3103
2955
3205
1095
3529
3439
642
295
3234
3047
697
3398
1968
818
2053
3586
1482
254
2211
1827
2126
1596
558
2292
1240
1112
3690
3008
2352
2679
2425
3270
1491
1854
1811
343
894
2097
3125
1575
1562
2527
536
2978
2664
2301
1362
1609
346
961
2520
856
2949
2443
143
2107
825
1630
1262
4092
1153
998
3668
2518
1982
332
2878
1953
3685
2082
1813
4045
1101
3756
273
423
1883
505
1749
1601
2392
1681
3545
2235
3437
2215
819
2871
494
2740
3702
1155
3920
3936
433
551
2088
2647
3649
2799
564
1394
528
2105
3680
2750
1182
1617
2557
1220
2154
1752
278
4022
1317
3919
1635
2618
1047
552
2675
1122
3807
913
2718
3974
1662
1323
2535
90
721
2300
2155
1746
3350
3511
1580
1030
404
3616
3872
1963
1776
474
1878
3459
2316
1782
3371
431
1762
3698
3933
799
1
23
3834
2206
3730
827
2849
2231
641
3251
1763
3181
621
2825
1492
119
205
3854
2007
374
1572
969
3376
1921
1587
98
3054
3969
1689
3138
17
412
2021
3667
649
3245
2347
873
1928
336
3634
682
879
1727
1838
1178
2725
1942
1633
2311
1387
1024
629
2004
357
2783
700
1379
3285
2975
851
1073
1853
120
1023
234
904
2764
300
194
534
1451
1703
354
2665
1271
1619
3961
907
1356
2888
1442
3853
2925
1116
2920
3348
2812
2132
1705
2672
3745
4046
3036
3561
3267
3899
2273
1549
1939
935
2139
1332
802
310
3911
2494
1508
2668
3171
3461
2866
2841
3666
3071
973
1076
1780
2793
793
830
192
1646
2077
2123
779
375
869
694
2384
176
2430
3751
698
130
3076
4049
1307
2450
1488
1841
3531
3473
1967
2652
1748
1324
2929
2766
2380
3738
1546
2736
2359
411
3889
2008
312
3782
161
580
1206
501
2466
3606
984
3948
3058
1535
2381
1570
2274
612
2890
352
396
2458
2240
3431
137
2002
3361
3504
565
2850
1372
2344
931
157
1525
684
3387
1321
1908
2910
2893
1480
645
3316
2690
611
2485
2268
3385
1728
3106
2953
2182
923
3295
3502
86
2295
1117
2296
549
4095
3567
1325
1335
2341
4018
2075
2796
1947
2505
3045
2389
2957
3524
3149
1196
2659
9
1261
572
955
1027
1648
4017
2790
2513
2379
1418
1918
155
3313
2838
3870
2769
153
1961
2905
3362
561
3842
1717
1315
2210
1795
3528
2532
3594
786
664
1636
765
1653
3034
3893
2073
2786
964
3953
2338
3261
3178
826
3967
3395
685
1439
328
193
1856
1152
51
367
3992
2516
441
2622
1760
1669
640
3129
1186
1625
1548
3420
2684
257
3327
286
3164
2992
276
4052
2224
1891
3364
576
1809
2202
2402
77
2695
3133
1395
2891
1756
594
2121
2040
3373
3717
1516
2887
2567
2369
3780
3605
1869
3986
2434
264
3871
845
1725
2587
459
413
995
2795
831
419
2889
2751
506
767
3686
2080
3097
2584
1450
2525
584
1176
2632
390
2674
426
2551
3637
2611
3808
3427
1583
172
3719
788
963
1956
1784
1952
1768
21
3466
1965
263
1280
1028
1514
2528
3999
1720
1745
2847
3429
1910
3111
4003
3859
1166
2773
3096
1472
3070
716
3201
2148
1958
1680
2594
1699
420
3450
1476
1979
1347
3858
4050
1769
3260
1672
1279
1343
3941
3297
268
2627
512
1679
1532
1757
1552
82
1215
384
3416
1722
820
1559
3906
1289
2247
3835
499
2424
1295
1818
316
745
2885
1831
726
3012
1441
2935
3902
2852
1158
359
3389
668
165
3533
2149
657
1667
480
3202
2457
3989
732
896
671
3956
428
4004
960
1631
3497
113
1498
1574
3942
1865
3030
1430
3199
129
2884
2501
2973
3059
294
261
2962
2752
1070
1136
3776
3582
277
2124
2060
1511
900
1175
371
1080
1650
2355
3689
2364
3622
479
56
83
3944
2194
4077
1547
978
893
2720
1412
1489
7
3483
1978
151
2193
583
659
3840
3656
734
1716
3740
842
3044
2081
1873
463
3130
3741
3922
4079
3176
1520
654
3795
2137
163
2543
1950
948
603
3223
2189
1881
763
938
634
3405
2704
1139
4058
1899
563
1200
1257
886
1188
76
4048
3867
2701
2134
2927
3855
707
1209
1940
2460
18
2837
318
1886
1346
3230
3002
916
3701
541
2778
304
3068
1094
3451
890
3239
2572
515
178
2928
1303
622
4021
529
16
4026
2178
2096
577
713
910
1731
2297
2421
3166
28
3209
182
1123
1994
1628
3026
633
2650
2710
1077
3588
2463
1296
2130
280
1032
1603
1160
1999
1096
3748
1714
2129
3831
2133
1771
1254
1009
2317
1370
2575
1812
606
2330
1342
2385
219
3659
1235
1859
1645
2903
1920
1171
2238
3303
3143
1496
3092
3884
2762
3822
2033
3357
755
2074
2631
3693
4061
