2812
1065
1177
1922
1559
796
2029
1014
2893
3351
1061
2346
686
1419
2339
255
11
2949
771
1879
1586
3493
3599
3987
1567
2412
3359
4023
1204
1637
3838
2070
3816
619
547
2314
3408
2183
1034
2068
1695
482
1633
3668
1206
2435
2159
1260
773
124
1798
2425
3014
1325
1977
3517
607
880
821
4022
3119
3620
210
2098
1122
4043
3622
1428
4066
1663
3405
3753
1894
1298
1015
2959
1224
2575
2053
1487
3563
3466
502
3629
1379
2738
2873
3134
2604
946
3898
688
729
2553
2586
2492
3887
2033
3797
3171
1580
1453
2137
509
3883
3176
1481
2760
165
3040
2820
3397
1677
1995
3070
1511
1549
2078
3055
925
2229
2543
1768
1364
3068
2232
1632
3371
3337
3881
871
1507
1858
3481
3996
1123
2131
1045
2811
2485
286
2064
1572
2678
1931
503
3839
3168
2028
2512
2462
299
1078
3059
787
3484
1812
2420
2190
3028
2836
2514
643
1801
208
3430
3238
126
926
1843
2180
927
2705
3486
2399
257
2045
2806
3274
1350
282
1486
3643
1932
3685
832
3841
3906
2467
1899
1989
3764
1142
3550
3674
532
3045
2013
1622
3817
3080
1510
2145
1459
1772
2792
3083
2503
1680
1476
2036
1714
3967
1727
3686
3551
2796
3769
614
3092
919
3340
368
641
4049
1318
1189
322
344
3444
3712
2450
1660
3546
678
2056
598
2506
3112
3025
2454
384
3290
1036
4019
1081
968
1394
1785
1612
2282
851
25
2622
2248
704
3046
2848
3035
2096
2658
2303
283
278
2395
3480
727
1213
937
3310
439
3079
2091
2770
2610
1306
2879
2430
1564
310
3443
2913
350
1947
3375
467
3023
3385
3042
2060
1173
1500
2657
2991
1333
3257
2955
3896
1205
3464
555
3498
823
3002
2491
1763
1565
115
1895
1716
4040
2715
1319
3242
618
2379
3885
3576
2573
4009
761
3433
3154
799
1670
3148
2209
3160
311
672
396
1797
3681
852
2432
3296
3196
1199
1381
585
3597
2436
3278
740
3406
3158
2166
3398
3765
1358
1221
1569
1857
4048
3933
2479
1275
2714
3121
2149
33
3516
3748
1340
1870
3420
1935
94
2574
1907
2632
2260
93
2790
1150
3602
568
1779
3699
3518
3130
1343
595
3005
3370
1803
3285
3618
2521
3442
3085
2350
3227
1508
3109
1938
1765
3970
1585
1554
1985
1485
1682
3669
1473
362
2464
2293
3553
2763
1664
3770
702
3062
3256
657
3724
1219
313
545
198
2158
2925
182
546
3696
4094
2595
596
315
2519
3461
870
3388
1301
3705
1886
463
162
2182
3969
412
3488
1049
3983
3631
3018
1246
809
1558
3432
3110
3919
2860
810
3733
1062
2376
1210
1415
3972
2603
1220
3701
1217
2194
1208
2854
3381
2498
193
3856
1013
3661
4047
708
2809
3087
1175
1017
1058
1678
1774
1259
1376
1064
1959
3224
1052
2801
2722
2686
352
577
272
3302
2481
293
2903
2317
268
3667
2165
2275
1975
24
2721
2132
2517
725
262
2398
404
3258
2077
1367
1465
2778
2465
3053
1515
1701
3673
215
207
2532
2814
1781
108
3500
623
1105
1145
514
2755
3473
1450
3761
714
2329
3768
2378
1234
1268
4031
3608
219
563
416
2489
2761
3338
3269
1317
2907
790
3515
3807
1192
1621
896
3308
2772
2370
999
4015
3859
3892
733
3043
1188
980
1027
3652
3
2049
323
2606
2533
1917
2237
3914
3548
426
3465
151
2830
557
466
2114
110
1202
3934
1392
3052
3265
922
3392
1775
518
2739
3559
2895
1889
3491
3367
1363
2709
123
3633
1361
3182
2980
3800
2528
3760
241
3177
2584
2707
2475
1433
878
2411
2458
3989
401
1054
4050
2643
1365
1284
2565
2719
2067
2523
3417
2371
3244
893
617
1640
1631
938
1882
2383
2167
3780
281
3020
2847
2638
1069
1884
912
3319
2074
1753
2846
615
1466
371
3578
658
3968
2134
3917
512
1252
3496
3966
3604
2025
3013
2696
3678
1827
2942
757
2433
3325
1876
72
2791
2857
2631
1658
1736
54
3243
3297
3022
1556
309
4078
3799
2240
1684
2386
2392
1611
1287
1532
599
3541
2774
2542
1413
1735
3514
2419
3211
2175
1178
2813
2765
908
1520
2205
2094
1821
965
3637
835
1170
1037
204
1590
3088
1496
2985
705
3247
175
1574
237
2111
2667
2853
2807
1993
3624
363
3314
2982
3958
2937
1125
1891
812
3787
3524
1429
1721
860
3362
3806
2382
3688
45
1921
1163
1200
1834
3648
3660
655
3291
2459
1297
820
1281
2347
475
3401
2912
1708
267
3200
419
698
877
239
2022
613
998
399
3682
2766
901
61
2217
2472
2189
2841
2868
2718
1548
769
669
3462
2748
2148
603
1817
2628
3832
389
1738
2725
254
3301
3047
4081
1691
1759
1480
2549
2353
3487
528
1251
612
1832
4063
56
2627
802
1722
2597
3273
1310
2100
778
2673
591
723
2057
874
1881
3855
2681
2414
750
2364
801
3425
298
1460
2300
481
1425
3585
1082
2683
3039
2030
2002
2692
29
3208
3759
1261
2493
1047
838
3715
1673
369
1933
833
991
1130
1941
1845
1244
1915
2084
1726
397
2046
3827
3311
3522
3343
127
3006
1121
993
775
3298
2653
1093
3136
1207
59
288
3081
3628
1816
3057
2609
2717
2878
3364
1757
1232
1616
1427
827
3166
2711
3212
2393
2704
3202
1690
2191
1011
3470
3490
1856
6
1939
4067
3015
3991
2121
1581
3400
4058
1111
1837
1865
1139
2917
902
2863
891
1705
3723
3973
3036
1366
3573
409
461
3459
1160
253
879
842
680
1867
2697
1143
2567
3689
2193
3416
2581
428
3888
2199
3184
2995
1720
1414
1095
2602
2286
2020
1527
68
534
231
3736
3169
817
653
2161
2876
3076
476
3229
1088
290
1099
3097
3056
2280
1740
3339
35
89
2500
2362
455
398
2434
158
3845
1925
359
3583
2749
3162
3877
764
1555
2155
3099
2998
876
3447
194
2662
1430
2291
3172
728
3060
1378
1141
3539
1653
2285
3740
2744
508
3223
1418
2674
1362
1649
1007
1707
1241
3654
2677
3901
1110
3564
989
3562
4057
1324
2301
529
1341
3848
2298
1323
3156
3150
2365
2112
2835
2394
3152
972
417
2723
1404
890
261
3027
3210
1228
4032
1838
1144
713
2223
2894
2218
1911
356
1248
673
1791
994
366
259
434
523
3077
95
3874
2015
2072
1482
462
2759
2085
1872
2886
1212
2936
715
2713
1853
1250
3218
2369
755
3479
1831
3904
3021
3413
2867
1197
351
1657
1826
2138
956
645
954
1386
3316
1195
1844
2319
3198
3863
576
3194
770
147
659
200
473
3641
1905
3299
3422
1646
3050
2052
2795
3431
2676
1440
1897
2315
2892
3959
3990
594
3061
373
3997
2850
1583
2660
2368
2731
609
635
1635
1106
258
1603
944
2405
601
2338
2106
3672
2615
3801
2
865
1009
3402
2916
435
3438
2799
1607
3820
4093
590
1498
906
2406
2784
4034
580
3519
2128
3283
1600
2116
2585
1077
3026
1006
2838
3545
391
560
2457
1247
1836
1285
2439
1003
454
472
195
2449
1191
2642
2024
3782
1032
3716
226
1267
515
3151
3386
1412
958
584
2267
3170
188
1300
920
2389
1001
1888
814
2948
1041
2535
633
2396
3089
3823
800
221
1256
185
58
1327
4065
752
2501
1283
2911
216
1655
383
1913
2257
1724
1368
1561
2453
3403
1752
1688
1997
2304
431
1874
2238
667
1794
1681
1769
2699
3709
1594
1479
335
519
3423
1598
3321
206
1656
2328
47
2058
3124
1871
1706
19
3636
174
1328
1063
3475
2988
440
2352
759
3185
2859
3180
2967
2829
3222
3094
955
2249
3179
2358
2162
1512
2511
1050
1679
2031
538
3902
114
1822
30
743
4005
3777
979
3861
795
2247
2827
2788
2968
2305
3075
950
583
1185
26
22
2644
1542
1467
2210
3793
2882
101
1274
3086
1969
1134
3534
347
1946
3391
3159
3209
2428
3241
766
3216
2875
2608
1651
2342
2251
2885
600
2685
3472
670
3577
1100
84
1852
2909
3963
2695
464
622
3530
4062
3943
270
2035
3383
1331
1776
978
2309
3814
2088
111
4025
1937
593
2136
2560
2012
3708
3207
3044
408
2310
4001
2141
721
1060
3378
1764
1560
2840
2518
2659
2294
96
767
1449
3735
1692
1349
2330
1980
3662
1497
2115
3942
2526
4086
3268
2354
1806
1712
1754
1971
2311
1370
3183
3704
3111
2727
3742
3521
707
756
153
3103
2616
3091
4080
3288
1533
2576
1108
2805
2984
1322
932
2265
2401
2887
2665
3346
349
3129
2630
2672
1811
1627
1896
1
75
1446
2008
2619
1307
3632
2266
2561
3203
3931
1463
3680
3225
1187
1787
3655
289
1864
2614
2186
248
1861
1849
2568
1960
3718
90
154
1751
160
2539
894
3249
180
3744
442
1855
3226
798
1119
2083
3250
2253
903
1789
3979
3132
3458
443
3525
1164
2455
3894
2323
112
947
69
3508
201
3854
1668
3506
3865
2188
1994
2513
2502
1541
1903
2366
1291
2777
285
3118
3034
3165
506
3639
448
3300
1098
1019
1620
3995
3702
1407
1847
305
1614
1506
3293
337
1718
1783
212
805
2307
3840
1102
2964
646
1490
393
578
2832
3365
3683
997
2337
3918
251
3448
2486
651
3145
2006
1602
46
3981
2230
1644
121
3455
2041
3745
3926
106
3579
2536
3842
3831
3940
381
1438
2999
1892
977
2931
3999
804
2427
1005
747
1162
1626
3747
176
1059
2384
184
1650
505
2551
602
449
3781
3925
1966
2881
2823
2626
1357
3175
676
218
1700
3440
1604
1802
3322
793
458
682
1647
3626
1790
234
2284
3024
1927
2981
1873
826
3399
244
2950
511
3646
3875
2607
2000
406
10
3041
1503
3954
1748
969
3074
213
459
2888
3098
3645
3944
2590
1245
497
141
1439
3107
1743
2997
2679
1264
2869
2164
236
3805
939
3549
2929
1304
2252
2978
792
3587
99
3164
3277
3197
2975
1417
240
2579
1168
2316
1883
2480
2786
300
3421
2768
3663
3318
2716
2743
277
3644
3387
2762
1725
3237
3128
2900
1589
3988
973
1992
3994
1538
844
2026
1135
2633
2171
205
2416
1079
1669
3457
2844
1990
191
1335
2256
1964
1437
1312
1524
137
2444
48
1625
4
2810
3009
489
718
1401
3173
189
830
1967
559
3717
1760
1289
2269
3589
1492
1578
1755
918
1900
540
2032
2047
2391
2764
3126
3732
2208
3355
3691
3714
565
784
2443
3670
422
314
543
2906
3666
3846
364
325
2225
143
357
3860
3254
625
1638
952
334
134
2021
2483
1551
4016
2288
3251
2484
3864
1729
1996
3155
3451
889
3779
1421
3614
3756
818
79
3978
2124
223
1083
1976
1447
3315
3868
1762
2105
2824
2016
499
1021
1732
2019
1354
7
3828
1982
1126
3544
2152
3921
3794
318
3532
2580
324
2864
1986
780
1525
660
772
3956
49
3395
3976
2154
192
4012
3191
3262
951
3048
2752
319
904
2403
1277
1804
2437
1537
749
1758
263
3757
2656
2363
1395
1713
586
2559
1296
424
172
3873
2966
1420
354
3453
3434
1242
2373
4092
3803
1084
822
845
3561
533
3659
1038
3980
3409
3907
1352
2234
1477
2969
2636
2118
3857
1634
1893
3017
1675
2197
4007
1624
238
2663
336
122
1181
427
2488
4017
2591
3905
3808
2048
3100
3246
1026
243
2476
2200
2125
3580
119
4085
4008
3253
3341
3743
377
3303
15
4091
284
942
2442
1978
1887
2789
4053
3526
1237
465
647
3072
3843
2794
3596
2341
3306
2828
2101
3830
2302
629
83
3012
2940
1051
1402
3106
3601
3862
1786
3377
1728
2007
1076
3424
1661
1766
3389
2295
634
1442
3955
1030
1689
3239
3537
3003
1387
1737
3335
441
1171
1024
945
1830
4064
3427
3746
2299
62
71
1693
2003
3271
355
3903
4071
3349
1880
550
2694
132
1531
1513
3538
808
2061
302
3000
3234
3485
1609
2891
2611
3342
2418
1940
2334
3924
1719
2884
611
1823
856
2456
1067
1629
3890
2690
2361
1456
928
530
1777
542
3930
1756
145
3785
1930
3878
1595
2564
768
884
2941
1227
2463
839
2862
2066
2355
3623
1166
712
531
1962
2400
1522
3730
959
3547
3010
103
1584
3879
1374
1114
2741
246
2675
3998
1954
1087
2474
405
1441
98
1029
2468
342
2505
20
1715
8
905
1846
861
2278
1293
1956
1257
3146
1405
2845
3347
1080
3069
2308
940
716
1952
3029
637
1908
2776
1372
849
501
3707
1094
3181
1619
3788
1457
2524
2843
1435
4024
3694
1371
276
2219
4052
3908
1225
913
3307
923
1672
1674
39
2196
3789
1266
3584
2728
3916
863
2496
1805
984
2918
170
1226
3084
2176
1279
2703
3766
3108
4002
3960
1491
2957
1848
3037
1839
2858
1968
899
211
507
914
679
1086
3560
1999
1983
949
2233
1233
867
626
1869
3497
1924
1744
681
3948
3376
3819
1380
2889
3720
1020
3032
2866
2108
2993
3762
2359
2201
2143
1771
2732
3679
345
2552
294
1866
113
3478
3082
2227
3692
2970
1493
485
3711
2192
2133
1730
2092
692
3463
402
2821
1868
1167
1723
3985
332
1875
649
2571
1860
996
1484
2775
3953
2009
1216
1337
2062
1452
2625
582
536
2326
3467
2852
1039
3774
2221
2374
1403
567
2478
1601
1462
1196
1128
4076
2661
774
1686
1788
3650
214
990
3330
2367
2239
1074
1813
3727
3429
329
2972
1573
3270
3426
3161
3616
2898
135
2641
687
2160
1028
2757
3213
3671
487
1396
3833
2629
3928
1348
217
425
199
12
1377
1169
3366
3982
129
2095
474
307
3555
3135
731
1885
2075
333
3809
3810
948
2525
3698
3594
341
2932
1158
524
2306
3476
3284
2689
2522
2236
77
2520
864
479
2297
2509
1795
3922
2623
2566
843
2417
152
777
1552
1592
225
2693
513
562
1890
2220
4060
1193
295
203
3304
1471
2729
2742
1115
668
987
3329
985
2313
1652
3120
2250
1468
2263
3205
1254
3700
671
2388
2700
916
1958
605
2469
3067
2429
3558
3609
2038
1854
829
2144
3899
2343
1345
4051
186
2965
3294
2099
2746
2698
2639
2648
2849
2620
1424
3776
2178
4003
910
1950
840
1536
353
1351
468
1618
2902
2426
3149
430
3007
3144
936
3775
929
1326
732
3749
640
1928
1201
304
745
886
169
665
116
1902
274
2246
2605
1998
478
2287
520
575
1276
887
3489
3138
2348
3603
3572
3937
2325
190
2708
3642
418
2670
709
3139
222
3125
2548
1901
3664
3889
2422
846
3737
2974
187
2756
1140
3647
1044
1451
13
1623
2034
3725
3657
173
1929
3557
888
1269
2103
2135
2142
2470
734
2107
407
1842
403
2397
2242
3502
3738
3876
742
1183
1665
1309
3317
3870
3653
2097
3851
3606
247
1373
2572
1747
2961
2499
2185
3913
3529
2069
306
3927
196
3232
1388
2647
1916
1529
1746
157
1448
1320
2202
587
2600
4069
1599
1613
535
1810
2372
264
2547
2181
3505
269
2079
3574
976
321
3750
1072
120
3078
2010
2424
4006
2004
1012
3418
3739
1965
1953
3063
2177
1862
3469
1382
960
3710
3850
1342
3410
1518
265
456
2153
2890
746
3533
3635
3331
556
1478
2174
719
3201
1165
1593
1023
1957
1339
2684
1523
3276
1018
4079
664
3361
2507
3527
2261
1742
67
36
40
2996
934
1186
2645
3946
1336
2494
3867
2971
1516
1409
388
971
2402
738
900
1211
50
2706
3638
953
3556
1539
3567
1617
4072
3607
3592
1818
3936
3986
2413
3975
331
2545
3264
87
1124
70
1643
1683
1659
872
744
2817
3640
414
1575
2908
3192
2798
807
4084
2596
1231
525
57
3741
438
3123
690
3287
1338
1955
2387
2431
91
859
789
2851
2951
3586
470
340
117
666
1991
423
966
2157
3157
451
3382
131
1800
1109
3912
537
2588
1949
1698
3504
413
3929
2577
1877
273
2005
1120
3821
1945
3411
656
1172
3127
491
3591
4027
3313
3436
3450
228
3844
1687
4083
80
961
1550
1972
2901
2001
4020
3167
2769
1587
3813
1504
3767
2063
3051
2943
2508
167
348
1521
1347
763
2119
2292
797
3147
3033
1474
3380
3872
365
1236
2090
1702
2952
2986
1104
2994
2833
3328
1278
3957
2345
3792
3811
2349
3634
2831
2410
2621
460
608
1265
1528
748
343
3163
3260
2324
3971
3439
495
2883
2562
450
521
3204
2593
2409
256
2688
2915
2421
579
589
493
17
4004
2963
3790
2702
2126
624
3690
1934
3939
4082
4056
3886
1025
229
1820
1149
2495
3938
2040
1116
3773
2557
1878
3104
741
3193
2146
2076
2272
921
1851
390
1385
627
1696
850
23
1709
824
2880
1155
2140
171
3552
654
1906
3677
3665
2082
2156
2213
1243
1393
266
149
146
2448
76
4038
1540
917
2815
1545
3187
1828
2245
1974
2558
964
2960
4088
2169
18
3513
2441
710
2956
2243
3911
2856
1043
730
28
1979
4021
3613
181
3456
2736
1426
327
652
156
3853
911
3233
1605
1118
280
3309
3947
592
3117
2946
73
2423
55
3441
3272
819
3065
2204
2110
2014
1282
816
941
421
1808
3880
3619
857
1408
1383
1502
1240
2987
2927
1179
2122
97
2277
3295
1571
52
3893
1615
4045
2826
1920
736
1850
3798
3137
2129
1330
1919
1636
3266
3687
3684
3528
1741
2440
2787
648
2910
1859
2490
1597
494
1566
420
504
700
3419
2446
3812
1176
638
3454
483
597
3932
3049
3542
1910
1002
2899
385
1137
3305
3435
3612
3615
3248
3588
3897
834
1316
815
1369
3605
3153
2634
3437
3142
2113
1262
42
2051
3350
1010
130
2839
1174
4041
3651
1198
1230
1909
897
235
621
3595
2027
3501
2262
1022
3186
41
2318
220
3977
2274
484
2375
3871
831
2733
380
854
762
78
1356
3468
1280
2333
346
469
753
5
3721
2206
1133
1308
539
788
995
3951
663
2992
1033
3791
2785
250
2445
2664
1739
3356
1229
875
2415
3582
2356
1641
1398
3358
3786
2720
992
2877
2578
37
1711
554
63
60
3279
2258
3852
179
644
1154
3482
3649
2510
3706
1780
2222
138
1547
376
1053
2865
1353
754
1519
2921
2331
1642
1073
737
2783
2408
1151
1146
1963
1390
639
2924
410
3114
3909
2011
1311
3570
2527
2322
522
1391
1048
1075
400
1470
2385
312
3038
1422
3221
1833
4026
1090
2017
3449
1645
2710
392
552
1606
297
3815
3590
3323
4089
1138
2958
2270
2896
3729
118
3415
3289
4087
3993
4073
2618
2460
3267
1987
3569
100
1778
3962
316
2254
104
683
3008
3011
2516
2039
2594
2109
3140
2264
1942
2598
1654
3974
2914
1494
2259
3320
2871
3261
3568
1807
783
963
1096
813
3240
2043
699
3847
3784
161
2613
3509
4011
2321
3471
883
1948
986
2271
3116
2173
1288
1591
2340
898
3178
3280
3189
372
1694
320
486
2793
2130
3073
570
2583
1272
3882
1132
1303
3731
3230
2589
382
1411
2646
197
1434
3190
2404
2163
3935
2904
3483
1091
3093
1416
1562
1157
2671
1535
105
3054
2184
3778
3071
358
2290
551
1961
1152
701
2928
2451
1863
2962
604
935
3734
374
3235
2666
296
2773
610
163
3895
4046
1815
3102
279
1004
2377
1040
1489
2080
3352
3019
3695
1745
480
2920
1630
2531
3236
2779
2540
1334
4030
2231
836
2281
2825
394
1085
3627
2059
2351
2390
1904
1546
3001
168
791
3199
1667
3219
2554
975
4028
828
726
2682
661
1406
1796
4070
1767
338
2055
786
2534
841
895
387
3826
457
581
3543
1103
1209
943
1332
1292
3452
3324
375
128
1568
862
3512
3245
1608
2407
691
2819
1253
2482
642
2215
3941
2668
3866
3824
2550
739
1235
760
1066
1514
245
3344
1031
3818
1295
3255
1793
1112
1129
1704
227
1784
2537
2947
3772
2168
2989
3393
706
566
2268
1923
3064
32
2255
3016
3697
2104
2687
853
496
3961
3336
3374
689
558
517
378
2938
88
3771
722
2147
3575
1454
3869
148
2919
2767
1436
64
1671
3404
107
1819
967
1194
1223
1035
432
510
2797
1344
694
2624
632
662
1926
490
21
1180
1475
3835
2612
1313
1505
1799
2976
2935
1464
2750
252
308
1055
1299
4037
2930
572
415
717
86
848
907
1750
2117
1495
1329
2652
3858
287
970
4033
3610
3327
3332
3384
3141
1825
1988
711
2102
452
3965
697
3474
3113
1970
3837
931
3195
3368
933
3333
164
1501
233
2244
2216
1107
1000
166
868
3031
873
437
500
1046
1239
549
2842
2808
3658
1203
2466
1936
1375
3095
2380
2515
2753
2861
2897
1302
2081
3536
125
2312
606
326
2592
909
3900
386
588
1710
3460
140
855
3495
2781
38
1008
3600
3617
3923
379
3030
1089
2461
4055
1305
328
4095
445
3499
43
3511
3964
3492
3849
492
2874
1113
2023
1570
630
155
3133
2228
9
3984
650
674
4039
2563
3231
1215
2327
866
1488
915
34
3252
4013
444
2745
3096
2541
102
3494
677
2701
3115
367
3066
1461
4029
150
3345
2855
2336
3950
2211
2734
3891
3625
3752
1214
1809
2724
271
2452
1249
2150
3520
65
2283
684
3676
4074
2979
2357
3540
3834
2804
301
930
3565
3566
1699
1918
3949
1898
1321
3412
548
3531
526
1610
2530
2599
1773
1576
1517
3281
695
2800
3836
4042
1472
3703
1483
2544
703
2037
3952
3571
882
2818
1469
3217
2923
14
3282
3829
3503
4090
573
1666
291
1423
2276
1263
3621
27
2195
3795
1676
1190
1770
2637
1156
1131
3353
983
574
361
2569
693
685
981
2782
1792
3414
1543
3131
1944
1563
1445
785
1016
3910
2235
924
1273
2073
1509
1286
2944
3825
4061
1444
453
1355
3507
2289
411
1544
2086
2977
869
209
1400
3004
2207
1588
1148
2172
436
1153
2296
224
2740
3722
3751
561
85
2139
3477
1101
3915
2214
2617
2226
1068
2555
275
1553
2934
2953
1070
1315
847
2529
3396
2587
1455
2120
1582
1973
142
2065
1703
962
3360
1222
1127
3373
4035
3090
1912
2933
2332
3656
3286
3220
3390
3407
2780
2087
3363
3122
109
4036
675
139
3920
2754
2538
370
2071
1717
330
1399
1685
2042
2926
1071
4054
3510
51
2381
2556
2050
1557
31
1943
1161
1499
2224
631
1092
724
782
4018
3523
541
2973
3348
3275
2360
498
74
3598
1431
1389
2680
4000
1639
2335
957
885
2127
2712
1443
696
2044
1579
82
1530
2546
1596
1458
447
553
3206
1271
3884
2570
1577
3675
3188
544
1733
3719
3758
2669
433
477
92
178
3802
16
2834
133
806
53
3214
1410
1238
144
2655
3105
3228
1042
2990
4068
2212
2802
811
136
183
1648
3754
892
628
202
1294
3763
3372
4044
825
2497
858
1951
1829
2477
3445
2650
1662
292
1147
2089
1984
360
242
1057
3611
2504
1824
3334
2054
794
3143
2737
3713
2735
781
2726
446
982
779
2582
3796
3728
2649
2691
2837
4014
2203
2241
1258
1628
1397
3263
3101
1314
429
3693
2179
1384
751
3312
3354
1697
3326
1218
3292
1360
3357
974
1981
3379
2187
2816
3259
339
881
3369
2939
2447
2601
3992
471
3554
2954
2651
1814
2635
3446
527
1782
2922
2870
3428
0
2730
3581
2758
2344
735
2747
1117
765
776
2822
636
488
3822
571
516
1184
620
1835
1749
1432
2640
2198
3630
1346
3215
1255
1526
988
317
2872
1761
720
803
159
2945
1182
2438
2751
1534
44
1734
1840
1159
616
3755
1914
1136
2170
3174
1359
2473
2123
2279
2093
3058
1290
4077
3945
2471
81
569
3783
564
66
395
232
1097
1056
837
4075
1270
2771
2320
2018
249
2803
2654
2487
303
1841
2983
2905
2273
2151
3804
4010
3394
230
4059
3593
758
260
3535
1731
177
3726
