1358
115
694
2036
106
754
219
2023
953
487
989
1283
1828
770
413
1373
1938
1594
1000
96
516
262
1535
1232
1008
1896
1363
275
939
1730
1891
1654
120
1736
894
820
97
566
1929
1184
1280
1840
129
441
1188
806
1031
78
1235
604
984
697
445
1663
910
135
1973
2002
1678
1086
1571
645
118
421
457
1635
749
1366
859
1421
1202
809
1362
1420
581
190
739
1560
1426
1529
740
709
1106
1657
1963
711
944
230
545
17
1615
300
442
518
685
95
985
498
1756
182
1627
1732
1414
1582
572
1042
1821
1955
1980
390
61
1650
2041
150
977
1853
598
1824
800
58
1291
44
1064
833
1268
1783
772
1982
259
1479
717
1287
1403
1002
1047
1559
1266
514
574
765
1986
1972
2008
184
404
1261
629
1461
83
269
342
793
450
1586
556
431
1455
747
826
952
1763
483
481
873
7
1481
1797
1971
1890
1328
500
2033
665
1942
1134
1622
1116
677
1898
1916
805
254
835
1003
834
418
1553
1482
1310
979
1520
2007
742
1598
1794
1032
147
1150
379
2046
399
1855
416
1814
947
897
666
1124
909
1220
1387
1976
1671
1753
186
776
857
365
1
165
385
657
137
373
1579
905
672
1562
1801
1151
1072
1570
496
316
799
1224
461
1083
482
1621
1383
309
646
967
1477
1965
1966
1827
1404
1549
891
1539
369
1057
1166
45
1883
455
1380
758
727
1675
1762
1606
2034
384
1147
1522
1195
171
80
1350
1309
813
370
1957
1307
35
313
326
603
1227
1906
210
447
237
1011
1336
630
1103
495
822
1614
1201
1719
312
422
1999
249
140
2030
1186
188
236
704
1989
1476
1254
1512
2
1053
1344
766
986
1256
777
14
1012
607
1204
1634
1089
109
938
1616
846
865
1300
936
815
1702
934
295
2042
2027
970
1861
297
277
870
1211
330
1518
1653
91
380
1712
1335
976
2001
349
655
745
499
364
174
124
1879
391
156
60
437
882
981
595
1810
584
1519
510
686
1784
664
263
726
398
892
479
31
1878
674
975
1347
1279
1182
789
464
928
1911
432
1931
1752
525
1550
1293
592
871
420
1857
1807
475
1599
67
703
954
1822
1097
489
1978
689
542
231
143
715
2026
1077
673
1645
169
1556
1038
2017
1123
738
771
1758
796
923
1854
684
1126
469
206
2015
1108
1498
356
1684
1399
652
914
56
250
1646
1950
1413
85
884
318
658
1859
1904
222
1665
687
810
1324
1521
1346
1353
1516
1023
1534
1078
1877
864
1574
1845
1525
597
1401
1128
695
1728
1761
1698
593
741
639
877
1958
924
1285
874
1033
994
246
185
1316
283
1923
434
92
1438
649
474
759
1933
242
2013
1605
1947
1255
1540
59
1017
1214
72
1087
1624
1679
1869
27
1472
767
900
361
555
1141
773
43
1048
1524
1834
86
1132
338
1342
69
307
594
682
1637
1378
1352
1573
660
795
779
1035
1725
168
508
472
1063
1815
419
1304
618
847
1009
718
1240
1049
335
13
305
353
951
1382
787
698
1705
1409
968
180
1915
1110
1746
1398
1241
272
208
1497
1699
1492
570
411
1707
217
1088
1802
521
2044
1995
173
154
1389
1656
1908
851
130
1140
200
1216
1157
1729
600
1766
458
2003
119
791
1215
296
477
764
614
565
216
1715
1547
315
972
1830
176
1839
669
1781
1900
1120
1257
2043
1885
1262
440
1977
220
1369
567
240
116
1786
886
1484
1994
902
1154
971
825
1457
1494
1842
907
1249
527
1423
1668
256
347
1489
381
1239
251
997
1706
1395
1601
734
1985
351
1912
452
524
1816
1384
164
1466
412
383
955
1034
1703
778
1541
866
906
868
122
497
39
33
751
940
407
720
1173
1765
1302
1589
1390
444
1721
1659
743
1620
612
1817
784
983
916
396
702
1193
1894
2020
547
1505
203
1189
1823
988
693
409
1809
838
1937
803
945
25
1852
1365
801
1102
375
920
1682
470
90
1415
339
633
1826
755
1496
393
647
1748
1030
1542
852
811
1555
1445
1029
1074
172
1626
1741
999
387
134
1178
729
768
1115
1743
157
224
831
1640
37
1114
1954
925
18
1873
533
1433
895
89
931
1910
1075
253
1062
1175
701
30
1987
1213
1036
1183
964
480
1956
360
690
753
1084
1112
744
1499
170
273
737
1647
132
289
867
1709
1248
1210
1745
1386
1168
1043
1450
1960
2021
1860
1609
1798
1618
1710
1407
1418
1005
1325
1652
623
1381
1666
1546
1867
279
1205
1046
1919
1025
1780
1301
1617
1775
608
234
1847
1320
670
1156
538
1649
214
1299
708
850
1566
362
650
1508
1612
692
946
557
679
245
327
596
221
1323
520
82
752
821
1081
1311
896
311
304
761
395
1051
1604
830
505
287
1953
358
366
937
317
1561
535
284
1334
1513
111
1292
1144
1303
1633
2045
1018
1244
448
261
1446
101
1372
243
1192
1596
1247
1943
626
943
705
843
74
52
372
1760
853
54
1021
1683
1759
1949
1306
1242
476
978
714
64
1493
1692
644
1530
1486
280
2012
459
57
1171
1055
1502
1799
1014
728
1162
293
1464
1101
1436
537
580
23
887
1226
1027
511
1416
1181
1004
602
605
1465
1936
486
344
1286
1308
613
1356
1981
1969
5
310
332
1903
1152
1507
1370
1190
1597
1079
2047
212
577
1179
733
1685
2037
139
1829
1926
1469
38
908
1974
990
2039
1430
1585
1349
6
340
41
235
576
282
392
922
1924
1219
648
1085
141
1229
1990
1849
0
1952
889
1133
746
788
1129
625
84
1317
1788
901
1448
1772
560
1252
417
1368
1400
105
1164
1113
1533
1296
1136
1222
1681
1475
678
1406
1069
1253
290
48
1059
1629
1143
1695
1928
223
1726
268
532
1099
1909
842
1429
1073
712
1767
1868
439
1148
818
2018
1354
1500
1967
927
2009
1805
4
957
785
346
756
117
2010
1628
1713
1509
1862
827
1135
780
676
1343
1751
1527
414
34
331
1595
1851
1364
1104
890
1037
1010
183
1554
15
941
62
1946
1146
1970
2000
1281
1944
1690
218
1846
1504
1733
325
79
966
816
699
621
1425
1558
561
1020
1234
1251
1548
1773
1095
1039
1581
1526
11
1174
1091
637
1693
1833
546
1661
1888
32
1359
1825
640
1613
875
837
466
2028
965
713
1435
378
590
211
1968
427
1648
446
1392
160
606
1330
1975
257
350
1610
323
1895
388
1298
1688
1803
619
1800
121
569
1874
42
1806
1639
622
1711
1631
88
675
1876
1061
548
661
1523
205
1288
152
68
935
921
228
1991
1569
1804
1447
71
1899
632
1440
1388
1054
748
1040
429
1041
861
368
1468
562
1385
615
1082
1864
1473
1672
415
1405
807
654
844
790
1391
271
1470
522
1230
1836
1278
1080
1893
158
1680
494
294
982
1351
1026
1274
1844
1584
320
918
363
1642
1731
840
1850
1122
1664
1619
354
133
601
1718
1774
1142
1060
1691
343
980
99
1138
1408
1329
1068
1161
1295
583
1076
1722
860
1270
586
541
430
376
1165
267
1374
151
1514
1510
292
509
1259
1537
1396
1856
782
1641
610
2029
394
1245
1768
2011
1920
1820
1575
904
1318
1100
950
1940
276
161
1394
1506
1545
1907
781
558
1207
1376
1651
2006
1592
278
1177
252
757
710
1865
1686
1544
336
1228
651
302
638
229
930
1327
202
1787
308
1218
880
1333
1491
1832
1932
1160
1191
1096
199
1314
568
1348
1485
53
506
671
1458
1793
534
1727
961
1988
1603
1778
1460
65
1187
731
1538
1442
888
227
1170
974
962
917
1417
10
1769
551
1557
812
195
1607
735
526
2014
484
544
192
706
24
193
1742
1246
449
1673
1858
1212
104
959
1914
723
126
531
1402
530
66
123
1339
485
617
1208
1511
16
155
564
2032
423
75
1724
1478
634
400
314
663
1452
285
108
1662
642
374
1808
1412
700
1771
1197
225
1066
1167
1109
26
750
1531
1670
854
993
303
1831
1236
992
1058
357
501
209
258
1543
858
187
288
1716
1432
998
1411
775
872
145
1094
1660
1332
401
149
265
519
424
725
1437
1945
194
856
716
1345
1996
2025
1052
1444
1422
1818
662
1567
1755
553
113
1105
9
454
266
1117
879
1453
291
286
1501
1644
1572
1934
1948
1887
1886
958
167
1811
1276
1434
1331
239
8
63
1790
166
502
1837
1159
1576
1700
1917
1754
956
1875
153
77
255
2016
131
529
1199
1424
1467
1636
1925
1367
794
539
1375
2022
1176
1451
191
1638
49
1001
919
197
624
1441
620
696
1998
1015
995
1577
1701
926
1483
929
1552
628
428
528
1737
189
1658
575
691
1260
762
1591
1708
1056
1028
127
578
1196
1275
1297
1951
478
1180
198
783
736
933
426
76
878
355
1139
144
1361
817
841
1338
1456
403
839
1305
1791
492
453
1905
656
1098
1796
1779
591
513
1723
1979
1551
808
50
1889
1992
1419
1913
306
215
1137
1517
667
1341
1149
389
862
1734
1284
1993
769
832
579
960
460
585
855
1984
1677
270
543
386
763
1892
1961
1983
1313
1273
1593
20
1600
635
869
162
1625
1125
1838
819
1871
2040
2004
233
1687
1145
1463
1294
1835
281
1371
87
730
433
319
1357
462
3
488
668
1740
244
2031
321
1997
1118
1198
181
179
301
631
2005
802
942
2038
1882
213
1843
1927
1939
1921
1590
1795
21
1340
1717
110
653
36
1013
552
912
47
1271
1764
1880
885
51
1462
1397
828
707
1676
1792
1812
1747
443
146
328
73
559
1070
471
1258
1669
148
1694
204
248
883
2035
1277
845
405
863
1704
1480
507
2019
523
515
1158
329
582
969
659
1016
2024
903
1503
681
1217
93
1206
1203
1127
898
410
823
1863
1459
114
1045
899
138
1267
1427
1495
996
1050
491
1355
1564
1071
1870
377
1785
1714
324
1578
103
932
348
876
102
1111
627
1588
1379
1163
136
274
1474
1410
1130
177
949
1022
1326
1568
468
1377
1515
435
848
550
232
438
178
1269
22
1935
201
1209
1643
1431
406
382
1632
1093
264
1264
915
322
46
719
456
881
1360
688
517
732
1090
1153
163
1490
359
98
1782
1918
1312
798
463
1172
1065
1608
1902
125
1185
112
1233
1265
1006
563
490
1428
797
1243
913
636
247
1488
397
1623
1964
1194
299
1630
425
973
804
1536
724
1959
70
1272
1922
1884
1067
948
1282
792
238
1532
1121
345
1789
402
1881
683
100
1471
1565
1749
1007
81
611
408
1819
334
1223
1872
641
28
1848
1289
1563
722
1738
1735
298
1238
1674
1587
512
473
1321
207
142
333
1200
159
1770
549
1750
963
175
1290
540
1602
1580
107
1319
1439
1757
1689
260
1866
991
571
1901
1231
55
1107
536
1667
1454
1739
1777
1941
1611
1322
128
1696
1930
12
504
241
587
760
643
1583
1813
814
1263
337
341
1841
1449
94
1169
1337
40
1155
573
493
1697
786
465
1655
196
1044
1528
1221
680
1744
1092
451
1250
19
829
893
1487
1119
911
1962
1019
226
588
774
1315
1776
1393
467
1225
371
1237
599
352
616
367
1131
436
609
987
554
589
836
824
503
1897
1443
1720
29
721
1024
849
