680
1639
1729
1855
1996
179
608
1501
1179
1329
1531
1334
695
1591
712
1205
1810
1560
687
1388
1146
9
75
1595
1606
593
982
975
1284
1361
578
1556
728
178
1787
1089
657
1412
1548
1909
2043
519
48
717
1422
1651
934
1570
1337
1818
115
1281
722
1973
877
1261
1127
962
1435
795
1499
1328
234
1418
1116
1330
1854
1482
46
1463
1151
99
1070
343
159
983
1141
1201
150
1062
817
49
209
1395
902
1230
628
1306
1896
1821
623
232
1748
768
146
1304
1272
2039
1189
90
1977
901
1039
727
667
720
1078
718
2023
1376
373
125
1518
693
1515
891
1667
878
711
415
1345
560
630
1893
478
459
133
454
758
401
2028
207
800
1319
1959
142
176
552
584
1999
1257
276
40
197
577
1550
823
1032
1184
1263
1820
1668
521
182
1691
1138
43
1771
83
1126
2029
195
964
738
392
107
1741
345
782
1879
1994
81
1942
893
1085
213
793
205
1954
1459
62
1123
1923
1211
731
1892
1722
961
897
538
909
1998
1276
1495
1887
1795
745
168
1731
566
1847
1525
1015
698
1166
85
1558
1700
434
1989
1026
174
1674
1465
1867
860
21
1843
1803
1193
1747
492
69
300
682
796
1993
1602
950
1374
108
342
1804
2024
22
1710
1115
1703
549
1172
905
1744
1814
2035
439
472
697
568
242
1059
466
1825
165
149
1373
364
710
1653
530
850
212
177
1247
1551
41
1377
1627
1479
1663
468
479
1623
273
1050
1327
1801
1081
1505
66
1491
64
1442
413
1759
2016
155
502
1679
1450
671
0
2018
181
565
1572
1793
1962
2002
1755
1287
621
778
1023
313
605
1087
501
992
2045
1237
1790
3
2037
1723
493
591
56
763
921
1114
1194
1690
1178
124
1658
790
1208
241
2032
1198
592
1061
1431
1666
1778
471
1934
462
1240
1072
953
862
130
1789
1527
655
408
690
528
1292
97
1617
1103
315
792
229
1405
917
332
531
1726
1975
916
1535
658
1217
29
157
1302
1299
1253
1885
1779
829
1381
532
65
1010
1173
1898
2033
412
1711
659
444
984
1462
754
359
1177
1884
606
1168
567
1045
1357
1715
729
247
4
1619
418
121
691
1569
1655
750
76
55
1889
773
1631
417
1878
1603
1708
1458
874
1782
1312
344
1582
643
1592
230
839
96
864
448
845
496
873
837
1626
1900
169
762
1586
1234
290
188
61
1034
1278
1404
1410
1781
138
36
420
1112
2021
1972
105
1144
589
1213
1610
140
1577
1393
267
196
1226
1191
403
1645
1275
1131
1913
1840
1911
1158
948
171
1835
504
761
668
1864
1680
547
285
963
2017
678
38
77
1453
1899
193
1681
79
1544
1530
935
1636
192
543
152
318
871
421
151
1111
563
1385
1221
1161
1084
842
1241
1277
1699
743
431
110
506
2006
1320
1915
2025
1901
12
100
1425
1564
98
635
1318
813
1665
2026
2
1806
1346
1449
436
1415
849
1008
160
1777
713
200
1197
13
1812
164
109
379
1338
131
272
1991
1157
993
650
147
1382
395
384
366
1274
1488
321
588
965
1951
237
1963
1705
1413
1255
624
512
397
206
719
612
1076
735
1874
1132
348
18
1411
1988
1672
1095
1829
814
1129
640
1441
706
1153
1316
1017
243
939
1774
1952
809
1029
1858
1597
639
825
371
173
507
375
1438
956
1799
1120
644
919
844
1472
1019
1016
158
989
1578
1182
2012
1918
1283
190
669
940
900
806
1948
625
647
1212
1584
515
1354
185
194
386
978
1130
882
703
172
37
820
590
1267
258
204
1268
1876
1966
1532
1202
1675
491
1364
1466
947
1783
951
1286
282
662
217
1912
990
256
14
1492
1429
1587
779
555
1824
1457
1538
1881
933
1669
1906
941
1122
1486
376
223
28
610
688
170
1504
1231
1367
904
637
1409
387
1455
821
1635
245
191
1474
72
139
1725
1536
853
451
184
314
894
1567
1256
1713
617
1808
1007
677
1845
1526
1218
1826
1508
112
1444
918
794
422
1543
1096
791
340
748
1051
843
437
1514
1135
1323
765
1786
475
2005
1947
189
1196
1537
2038
581
240
428
937
1642
1245
416
425
744
1833
34
474
1350
1384
210
1868
1301
808
1280
557
570
1640
1305
1594
287
23
1516
1401
910
377
45
1677
890
1930
1563
311
1336
737
622
1352
1020
1638
2020
1239
851
660
1534
353
257
16
442
533
1321
1038
489
1888
895
503
269
777
915
298
1398
542
649
815
1742
535
305
1575
1339
1386
1503
673
1271
1802
880
1403
998
435
1056
797
802
1609
1356
614
410
104
277
828
71
1018
1686
694
93
1160
409
726
1920
465
35
1176
1152
388
810
1890
818
426
394
1676
960
946
1939
1634
128
1186
1372
1860
1886
481
764
1066
524
1181
1546
1552
955
1882
1102
456
971
1941
44
930
541
117
586
1766
1477
1140
1873
296
1697
1005
1470
1171
724
316
1073
1150
1955
1671
1399
944
968
1539
653
299
1228
2008
2047
1190
317
551
482
91
544
24
1279
214
312
288
1695
2042
73
685
928
440
585
1768
875
322
583
260
1490
1074
251
705
1298
6
485
350
2010
776
1220
42
629
163
227
1264
554
1853
807
1326
1743
2014
700
1521
518
1758
1207
952
320
1749
991
398
1862
1155
819
1145
137
627
832
161
306
822
540
32
1670
1902
1443
1236
1162
67
861
58
597
271
595
1788
292
446
47
1251
369
86
1289
414
1683
323
470
162
571
1751
1370
559
1964
879
1355
1510
473
1740
858
1067
382
607
1914
1493
1946
613
1816
1021
676
1125
1647
927
1817
1351
1568
1004
785
1165
859
985
1483
1880
1576
2031
1649
1588
1040
692
2027
616
2004
1611
1604
1464
1324
1960
54
749
1118
1371
218
1985
1432
805
548
974
175
1945
2009
295
1822
870
1936
1035
721
959
141
742
488
938
865
1836
681
684
1427
564
1657
27
1273
1243
631
1224
1599
143
280
1454
1167
1798
1565
1475
1094
78
558
1249
396
1850
156
1956
1
1969
1233
1297
1188
1916
604
349
1417
994
250
664
1082
1309
253
1461
87
225
1838
1308
812
337
445
1244
679
1720
520
1192
615
284
954
390
2003
259
1285
351
1519
1419
1870
1209
1227
8
51
1195
1128
1363
427
836
645
1924
1420
80
114
799
1805
1827
291
648
330
1310
1476
997
539
383
534
289
1776
30
111
1573
1390
1200
1500
1502
510
1554
1689
1844
1396
1387
1557
1932
1013
1353
701
1792
642
261
7
911
1054
599
1053
704
1983
221
1001
220
1524
1507
461
1480
670
636
949
741
249
1451
575
1624
1540
760
145
368
1043
977
1093
1044
498
1058
275
1434
732
788
967
1414
1402
1730
1585
1613
1509
988
838
1549
333
1752
1520
896
1069
1090
1842
447
848
536
411
116
180
1485
1030
756
1659
1841
689
246
1303
2041
1905
1688
867
1222
1625
1794
730
1961
696
1566
370
1580
1315
103
248
1846
84
1343
1014
1216
892
389
579
1086
787
1433
1979
453
1071
1342
265
1219
334
1614
1400
1083
753
1242
715
517
1317
1506
652
1709
102
1970
407
236
262
136
1897
767
319
1260
53
1940
1143
1134
1735
1943
1294
1753
1894
886
297
1101
10
187
526
1646
1027
1738
1528
734
1992
270
912
1456
1865
278
1170
561
1203
999
338
1036
2000
1293
148
441
855
1031
831
1928
854
869
1265
632
885
1430
1042
1511
483
906
686
1661
1717
674
1652
633
1238
1210
996
1694
495
1938
324
603
1712
231
1325
154
101
1637
1929
1445
1187
1757
1763
1065
1608
1857
576
1719
1002
228
1473
1109
166
1574
1258
979
1739
1926
135
499
1113
233
1949
898
438
976
1971
362
1701
1416
500
641
1736
907
683
1917
1214
1922
400
1733
1156
922
303
1378
52
339
1944
449
1246
746
702
665
651
1139
1986
430
1660
1467
1110
546
1379
786
450
309
770
945
1047
1555
1033
1091
11
1612
308
26
1055
537
1727
1706
2036
1392
307
1000
1974
1341
513
374
856
57
1707
1270
784
672
1092
857
1359
1080
1644
1380
1990
1662
1452
1119
716
20
1163
1397
1545
301
1426
1063
887
1605
740
1022
1581
1148
1204
216
239
1682
1693
1124
816
1796
656
550
1800
1863
219
1791
381
1650
759
106
936
1496
1447
1498
480
1562
1174
1630
1295
1075
908
293
393
302
1079
966
1921
328
883
1615
226
208
153
1057
423
783
1547
1837
1024
202
1331
1981
1775
1523
1925
1767
824
1785
523
399
391
1365
347
981
281
847
573
1982
1750
1950
1529
1003
580
244
1266
1807
63
634
1068
266
1428
1440
1232
1903
1225
1978
511
1704
94
1439
926
1448
1772
1159
1958
70
1041
661
1859
1358
1937
1408
2044
772
522
1183
1756
352
39
2007
852
2040
1784
1809
1813
1773
380
942
336
68
827
920
714
958
331
1107
1633
1487
803
1088
1980
1908
25
2011
646
1737
957
17
1064
1589
811
1347
1872
1933
1290
509
830
1437
1593
1927
516
1077
476
279
1849
1494
19
497
995
74
841
1108
1762
1333
460
739
707
268
5
1724
903
1583
1469
1478
562
755
365
211
118
1423
1984
1259
457
969
1823
1692
254
252
357
505
1104
1229
1780
1866
1133
1375
1009
1121
1745
986
294
1252
1512
335
618
1136
2046
1199
129
1391
733
238
553
1834
1698
1819
1407
404
222
1656
1621
494
1607
881
1097
367
1389
356
1296
913
1335
1559
1164
469
1436
804
274
626
1175
1513
929
846
467
304
487
264
1997
889
385
654
931
1714
1869
1553
1765
1678
899
490
2015
1761
1877
1852
326
235
327
1754
1830
1468
925
1629
876
263
199
1517
699
477
1721
123
884
973
452
1904
15
458
1106
201
1684
508
1269
747
638
1641
1307
1618
1348
1702
1011
1891
1696
1105
405
1596
611
1839
1828
1770
1254
1235
780
1421
1250
1060
1957
771
167
1215
354
1616
1856
1394
1533
598
120
1848
757
1664
1601
775
1147
1471
31
329
127
1600
1716
834
1406
708
1907
1012
224
872
1760
310
186
1968
1871
1206
1875
360
33
361
464
92
1910
346
1484
769
1046
255
358
666
752
1262
1734
2001
1797
527
122
1028
1288
1967
1685
1687
325
1098
663
1764
1561
1831
1935
486
1368
569
1851
736
443
1322
923
1995
2030
1366
1291
1340
620
1052
582
1673
1100
432
789
840
95
283
924
1895
203
1154
463
675
980
2013
1769
1149
402
826
1383
1976
1446
406
82
529
525
1953
183
1541
286
1369
1185
987
1987
863
602
1169
1362
943
1648
1883
1489
1628
1919
1815
1965
594
1048
1542
833
484
1718
1620
1931
798
1598
970
1300
801
215
1460
1811
868
619
88
1099
1314
574
1746
1571
1180
1006
2019
355
1049
601
1481
556
1728
1632
429
1360
751
1643
587
1142
1137
835
60
1311
372
424
1861
134
932
1522
972
419
914
709
609
1732
433
514
1223
363
89
1282
1654
378
1313
1579
766
888
50
572
144
198
341
1037
1332
1025
119
781
1497
596
126
866
1590
113
2022
1832
59
2034
545
1622
1344
723
132
1424
725
1117
455
600
1349
1248
774
