1809
1681
416
1856
491
1353
771
843
1222
619
1935
1485
1461
407
782
796
730
365
1129
606
1603
1394
56
1378
245
664
760
611
1820
1722
550
145
1030
381
270
184
1643
212
405
1825
1149
1794
1797
795
1119
530
2047
323
1660
1026
1364
567
1316
243
660
834
70
2012
882
1474
1343
1931
1278
1670
618
1692
1452
1363
620
1733
1350
285
1553
505
239
89
2001
236
1740
922
1819
1654
903
819
1954
328
1114
183
1207
890
940
162
551
1607
1210
1214
1417
788
380
1723
959
420
665
1836
206
1816
970
1453
1811
459
1619
1477
837
187
1243
241
710
841
1136
561
226
1240
214
301
947
1541
1653
1223
1980
496
860
437
738
1763
526
1940
802
303
1889
1948
1685
1284
1059
971
347
1171
1124
1751
963
806
1308
1901
538
1613
224
528
508
1219
984
1965
292
1066
426
77
539
950
1944
355
1297
408
727
121
1783
471
74
362
1117
6
102
92
1096
1801
1490
1960
1020
208
289
88
1525
1815
929
557
589
1063
1077
26
791
1097
410
585
1724
751
928
835
1440
1764
322
452
432
1914
1895
221
821
1932
1543
351
1262
1621
165
768
424
1307
1191
1091
602
128
905
142
1805
227
199
76
1696
1082
525
157
1277
308
1167
920
95
1362
22
126
623
108
139
662
1721
724
1368
1772
1683
1385
1457
1158
255
341
1128
1995
436
828
21
1582
1978
1817
680
535
1427
468
339
124
807
894
515
1406
881
886
862
1634
1793
627
1985
1273
766
966
1686
876
1885
913
63
439
1979
1139
196
1977
861
393
370
1828
1126
1529
1314
1934
172
1213
1738
875
272
1425
1580
719
64
1421
1719
518
514
463
485
847
1674
1469
1180
1766
1617
125
1497
1270
621
914
593
1594
824
1824
2018
763
1571
1559
1402
804
1231
850
542
329
2044
1799
1123
2008
1326
1012
1851
264
1902
1292
1637
1926
552
1021
1110
1220
1814
1177
1684
1667
368
734
1323
1876
1138
529
1072
961
29
1244
926
716
1846
2025
729
1739
2017
1841
318
836
1476
696
1507
1707
449
1443
1224
911
587
1626
597
577
483
1520
293
1090
884
1976
1147
704
229
1682
1804
938
1535
1677
342
1747
842
740
1019
5
1470
1501
189
1412
503
1755
848
447
744
246
1009
256
1700
302
932
1688
596
1930
1085
1033
1838
1988
1950
1790
1491
956
1780
37
1196
1386
122
343
614
1475
1638
759
1069
758
46
713
1544
1228
1429
1922
1982
1200
1765
830
808
129
536
615
818
2021
1847
1984
1671
1068
435
520
72
910
697
1435
675
2002
644
160
1570
898
127
610
297
1784
493
1715
630
1565
1302
1756
248
989
1436
869
1955
516
2036
482
11
1516
367
1887
180
811
222
1929
288
608
401
574
997
1115
1835
800
586
1792
442
629
197
840
1941
1217
201
699
375
1928
1383
158
1920
48
213
1614
1345
1037
1022
1936
572
930
1569
1407
1566
377
188
1989
1305
418
1849
1250
230
767
1208
1043
1759
1044
1423
448
1924
1673
673
865
1589
1112
812
1635
838
81
1204
1550
641
1253
1925
785
1915
757
1716
1242
1416
273
870
1591
708
1338
1449
761
2030
902
467
1175
379
2029
512
1602
1694
1311
1465
1495
1439
639
590
1373
1767
519
564
1588
707
1002
1300
252
786
167
582
1554
1486
845
1168
1701
1281
242
1424
1165
1000
556
1432
1726
1769
1268
1455
1473
1517
494
1127
1803
464
117
498
1381
1296
454
1972
1046
1333
1878
1693
671
391
631
599
1015
1430
1142
1055
583
1874
110
8
1286
793
1551
1004
1732
1330
1754
1821
1886
1633
960
1877
931
813
1562
1259
429
2
1324
425
430
1104
1818
1227
1556
1408
358
384
1299
1968
411
397
1005
901
1099
1623
944
568
409
240
868
1380
1581
1032
1334
1195
1384
679
562
720
1555
91
1395
1392
1282
827
1388
113
1956
780
546
1992
1267
624
885
695
500
1612
75
1143
1467
193
394
1458
1629
628
752
1017
1802
1183
134
1086
175
1504
1071
1148
540
1910
1404
992
1880
280
473
832
1318
2034
156
456
1359
1506
897
1961
1787
1450
1494
20
1264
1357
1057
469
1639
2013
571
1788
1321
580
762
1261
268
192
721
1731
1235
962
1095
220
1185
1537
1060
60
907
1010
399
863
253
864
973
1084
872
1786
1745
1728
1319
1274
773
725
1007
985
1593
1234
1256
80
1446
97
945
826
1209
1471
290
1257
1289
777
1502
1348
154
1387
131
434
259
217
975
233
309
357
1957
460
1584
1108
326
404
1666
815
787
1711
1676
887
47
1352
12
1577
573
921
2028
164
1937
1493
1335
453
340
484
52
1444
809
457
1678
1865
1713
1549
888
1789
656
445
263
999
1276
1042
554
977
1003
98
1567
1049
927
1317
41
1568
1472
1205
2045
1398
670
1035
1288
918
764
1749
1221
957
1826
649
1531
1587
169
1070
1255
55
801
2035
1464
109
747
1351
1144
1650
1269
617
501
369
915
1247
1563
642
833
151
1641
1480
1891
1514
317
1592
1999
1558
1260
1609
1962
581
216
223
1704
1400
279
1969
651
1913
1532
1522
398
1169
178
1600
2022
315
1484
155
1186
661
42
101
531
364
1645
1911
1437
51
706
955
1448
722
933
1426
613
1202
893
1164
873
1161
1741
935
271
1515
1753
659
749
28
254
23
1656
147
1528
723
1349
685
609
141
889
287
1468
521
1646
1823
547
563
996
1399
640
1534
506
1170
1869
746
736
150
231
687
1949
1868
1652
1611
1597
1342
1058
810
781
1710
1899
1875
982
1488
1122
107
325
709
1981
1668
372
1298
1539
1283
361
1451
478
739
1482
1576
1873
595
153
1547
73
344
655
978
1709
349
1189
1080
854
637
79
1511
829
636
1275
299
495
488
1705
1098
1172
683
1748
1038
112
1604
1198
170
312
647
578
859
1831
825
594
1546
507
1703
1663
1018
1132
1583
412
1337
1390
588
983
106
1572
1540
772
732
1040
1280
235
345
1135
967
1011
1644
646
163
1414
1843
1702
1188
1628
1034
1201
35
207
1714
1808
714
668
1212
1075
1415
69
1141
946
545
969
403
1377
1523
431
492
899
1664
414
1241
1560
634
446
477
1173
908
817
43
93
316
1921
1760
1492
1850
1513
1309
1598
784
267
1133
1687
1254
1107
33
737
993
1295
1409
115
814
1778
803
1608
1640
1266
90
1331
149
1358
566
2027
1249
1855
648
1746
2037
855
717
1727
1192
1382
1093
1691
1344
283
1625
177
1512
853
161
1236
82
350
923
99
1303
1735
54
400
281
291
559
1367
2005
1327
1610
1973
643
1279
1487
1945
544
1375
258
1376
1065
1575
1898
1263
1340
359
2003
215
601
1151
1918
138
480
1777
1420
1822
645
1813
1893
1854
1489
672
753
1971
1179
939
1758
1561
1441
770
919
2032
1503
331
1848
703
669
413
116
1413
1370
964
844
185
534
779
702
354
1775
1839
1078
1372
1496
1225
1605
1519
626
1105
653
1860
541
1500
805
168
1121
504
1742
1943
191
1518
990
1552
1538
137
1150
202
1853
15
1442
1229
234
257
310
1481
284
667
1355
1527
509
1251
987
294
1859
1087
1146
237
86
1601
510
1888
820
839
465
203
194
1903
604
852
958
1301
1964
912
1428
1890
13
1844
1460
558
1218
698
58
96
1230
423
1152
4
1237
1048
1521
1285
1779
300
1730
1131
1536
1466
307
1632
1595
378
735
1630
1483
144
327
1102
311
1341
1064
953
849
3
937
44
174
754
366
831
1620
2031
1211
266
1100
100
1675
1028
705
2011
1599
1092
1881
952
949
1557
948
1325
823
333
2007
1014
652
2046
1291
1829
2024
576
1734
1008
1736
1991
1190
1431
1785
1397
1679
1332
1354
1596
690
1720
1946
1271
198
1862
658
575
338
204
118
622
1160
451
36
1798
374
1782
874
148
38
924
560
553
1322
190
1031
1245
24
816
2020
386
1858
1137
1118
489
176
1810
390
120
548
244
1806
104
979
726
1672
799
878
363
2026
27
1336
1909
353
1908
406
1657
1369
31
1896
87
1883
249
565
2014
250
1463
2040
1422
1966
851
701
1837
607
71
1996
1197
1162
892
360
678
925
1134
638
200
433
1445
1433
1651
794
19
1861
1615
1360
419
972
743
666
689
336
130
2042
1505
486
965
1304
1773
1872
1774
1882
1194
1750
1320
146
968
1509
756
205
321
132
1863
211
84
195
1166
461
219
1923
1807
681
774
1054
1447
1379
1145
1781
9
592
455
1027
1083
18
1717
1039
1905
441
1737
1959
980
1013
1140
1545
1795
61
1983
1990
67
218
1239
1328
879
1967
7
53
305
866
532
1081
1356
1994
1867
745
1827
1215
152
1389
998
790
1904
1636
1089
247
1659
182
765
438
570
974
676
286
591
1410
2000
715
1111
598
1939
600
481
1023
1947
748
857
1712
83
238
584
605
728
278
2038
45
1248
1310
260
1216
1938
1203
68
579
1106
298
1036
2039
1842
1840
951
114
995
296
1892
1181
1016
1997
517
458
1061
269
1698
1986
1579
103
133
883
1029
57
1418
62
1456
225
395
402
179
1894
502
511
1768
1942
450
1907
1206
1695
1396
1315
1618
1857
1462
1041
462
0
1265
1052
1405
1708
1952
1526
1365
59
1159
228
1226
1113
616
232
1648
2019
1076
523
603
1393
1669
1770
513
1662
1665
1897
1246
909
700
1079
140
1689
858
1624
1871
1339
1001
143
798
778
1163
487
1864
1109
330
2010
1047
1725
527
387
991
159
692
396
2043
1347
440
1771
10
1834
32
417
741
1294
444
916
1757
1812
936
1951
712
304
1252
1574
1411
1970
166
742
1176
356
718
1680
1074
324
994
877
693
1101
682
635
136
1655
1006
1051
1459
1178
943
295
1182
1542
1743
1094
261
282
1045
2041
421
1564
1870
1974
632
65
1130
633
1919
171
555
373
306
277
111
186
1103
1053
1125
941
1622
443
1258
1832
262
1155
1845
733
533
499
388
822
265
1403
1647
1391
1917
1174
1498
50
1233
1987
1024
1642
1953
320
654
769
711
1374
1963
1067
1718
476
934
663
427
900
867
173
1627
755
17
522
39
376
371
543
1852
1524
871
1056
1761
466
1975
1346
1371
123
1884
684
891
1573
1729
392
1438
1658
314
1933
85
49
1401
1361
1631
1088
1478
1366
1116
30
25
650
497
1510
313
383
332
210
789
1927
1312
1062
2004
428
691
135
792
1916
1578
1293
1791
472
422
490
382
686
78
1606
856
66
1776
1154
209
1290
119
797
775
415
612
276
1329
1156
346
475
1548
1699
1616
1508
1586
1649
569
895
1958
181
981
1697
34
479
1187
524
1306
105
348
1238
1454
1025
275
750
1690
906
1900
783
1533
1830
1590
1199
917
2033
1050
1157
1993
988
986
274
954
776
1585
2006
335
1866
1998
2016
537
1434
389
1
337
1073
677
1272
1833
40
731
1419
904
549
1796
880
385
1800
1193
657
942
474
2009
14
1313
1879
1184
674
846
334
1499
251
16
896
1906
1706
625
688
1479
319
1661
1232
1287
2023
1530
1153
694
1120
976
2015
470
1912
1744
94
352
1762
1752
