1840
1278
1260
1462
846
2019
157
923
277
1921
190
1952
726
490
697
30
18
1852
220
1079
1683
1121
926
1785
1440
1908
1403
1360
1791
1743
324
713
1636
529
955
1365
1650
1766
349
973
174
1770
1528
1744
1052
2013
1039
1376
1452
1877
390
985
340
1076
1951
1280
1526
601
200
1055
690
761
1736
732
1983
240
427
2042
1321
17
1940
1092
675
48
1504
347
401
1296
2035
1790
900
1389
499
659
1073
668
662
1185
450
436
1009
1761
80
265
207
1904
7
763
896
1242
872
1963
1655
1696
275
2020
477
1408
21
754
1878
68
257
996
2026
1985
122
466
714
613
1797
1671
528
577
823
1585
1385
1010
1178
1713
1710
40
1069
1746
1588
1213
139
1004
1143
1161
961
1261
575
1601
1401
1117
1934
1358
582
1693
19
147
231
115
1496
1442
925
862
426
1600
406
1842
1547
1630
760
579
1646
1210
769
1987
376
624
1979
939
509
1418
968
897
888
1971
773
650
1120
1175
1427
281
743
34
1765
1787
971
909
1662
119
1295
1582
1677
639
924
140
76
423
1586
1850
1298
1635
1658
372
960
2006
1992
989
1246
1613
1848
1382
1641
1533
849
1479
2027
721
571
351
216
1387
1492
1507
493
1851
535
1349
435
323
883
167
1616
455
1020
360
1711
727
1981
77
169
460
1903
224
1113
345
1227
868
1089
1868
1838
737
1708
821
201
1122
796
1649
1267
963
1316
437
1488
1429
405
945
1699
121
333
1049
1734
626
712
1947
1513
1310
365
1902
661
1379
1644
459
578
1067
1781
1740
617
1857
2014
149
1863
103
1330
395
805
342
1827
1245
585
1417
156
532
1128
320
1739
1393
1945
1957
306
86
992
835
1048
1991
1670
168
1602
1323
583
990
482
931
1054
1032
1898
921
221
1566
751
828
2008
308
517
930
1545
194
74
858
953
233
478
1521
1105
1690
182
191
1473
1829
50
255
1769
193
444
1467
454
1653
1173
708
1717
798
292
986
1172
1501
1168
1003
1302
866
1788
735
1431
1509
518
1338
1688
1982
242
1518
1107
1002
895
25
1021
802
1811
1685
1195
576
312
421
1253
107
801
1337
1022
1548
591
1727
1623
1609
1154
496
1978
1549
225
978
1455
1866
905
1270
443
82
1543
1493
875
43
774
434
2018
865
1430
556
1103
907
1798
279
63
165
1538
2022
413
72
1363
741
1317
733
504
2041
1448
790
1627
913
709
1511
1999
1759
1943
1621
1590
894
1836
863
1832
94
1328
1034
352
1720
1571
2010
1180
1861
368
243
1872
2017
728
855
210
685
151
634
1994
1284
845
779
599
1441
1410
1313
214
1563
1980
878
1053
163
1764
290
1535
1747
840
2012
935
117
1464
988
463
652
154
707
1844
1422
236
1967
393
0
424
453
1890
610
1905
1250
22
278
1131
1466
135
1914
1334
178
1094
431
1527
1152
166
1517
972
1771
755
1495
272
757
1524
1556
673
1268
1763
1228
338
744
1138
1108
1778
736
270
687
927
1008
1779
3
1083
1553
369
1179
809
1552
1810
552
1219
488
172
1731
73
651
486
1989
429
623
1664
71
768
1910
1204
1596
64
841
203
767
32
501
297
1406
1801
356
1929
1546
1040
791
1859
1159
564
1411
983
1474
326
222
1752
1269
1028
251
497
527
15
1343
1170
1523
1160
1095
627
1732
602
1036
1805
543
1924
967
1570
1573
1900
1510
1024
594
113
1508
60
1818
1557
445
1820
1680
1867
148
922
1255
301
758
1499
666
1374
1222
1112
632
879
513
536
747
1470
1576
70
830
267
75
871
173
1537
1783
1619
844
694
740
1491
1698
1923
829
1879
467
792
1174
309
521
344
808
127
1243
1335
1031
1815
1177
1678
1591
1953
198
1990
134
1344
1541
641
1461
1959
1223
644
1147
1935
1745
1118
993
1849
152
1438
682
385
1793
671
998
884
492
1109
1930
974
397
1249
329
908
4
1737
1006
1855
1451
1446
256
396
1368
820
702
375
756
904
987
155
771
581
1500
1101
1891
1271
1472
539
976
284
1336
1241
838
637
1282
951
1767
660
514
1294
137
1800
1383
479
184
1149
11
869
784
1860
1326
485
1236
1760
334
1825
1762
1428
1156
332
711
794
1445
442
616
630
1482
1437
1631
322
1051
1115
1327
1789
1938
1218
65
557
1439
1577
1165
1574
66
580
138
268
1142
1381
209
305
1822
29
1129
192
1881
1738
510
874
337
1469
36
2039
1018
1973
389
2043
1216
1796
1550
189
812
475
852
656
1864
1145
399
1332
1560
1077
1148
995
1530
28
1927
1254
1351
1723
1315
239
1672
153
1398
432
1712
1444
244
1155
124
1862
458
1689
391
1786
1691
1196
81
116
1988
1892
1209
1831
850
1035
932
1819
1804
1561
1554
568
57
1928
1279
266
170
1709
1014
1000
1941
658
487
831
1033
1093
642
315
674
525
470
753
625
648
280
1414
600
1615
2002
615
1970
379
1484
219
1828
1276
1638
1304
382
804
132
1661
161
412
826
1030
519
35
1719
1191
533
836
1494
1997
1476
593
764
1954
1799
144
1308
1106
729
1882
480
1964
1633
861
1939
1023
1603
1072
1071
848
977
1043
982
958
1027
739
1865
1916
1587
381
1436
67
1755
1714
1135
811
1995
877
2045
1802
1666
1078
911
204
118
2037
891
291
253
1919
142
180
738
597
1657
120
1776
1607
2005
1502
588
1932
1946
667
1780
2032
598
449
1487
1277
261
999
710
507
1399
288
1300
549
1166
686
1151
524
817
814
1558
330
1813
520
1477
1726
51
2046
489
1060
1001
645
1614
1912
59
285
782
1663
1965
325
1119
269
1211
547
742
1378
104
1841
84
1333
910
851
2033
1735
1620
554
1205
1933
956
1297
1339
834
195
1045
1522
1909
5
1359
1632
38
1676
1907
722
229
530
55
952
870
1251
1373
785
164
876
1291
655
1214
1750
1262
1637
934
1993
701
586
770
1889
1950
824
1486
1809
1534
1665
341
631
1443
1704
1225
943
636
1926
175
1955
1082
457
906
1853
699
136
87
47
949
572
418
428
1208
818
512
447
1931
1748
1617
491
99
370
276
9
803
452
1839
1220
1013
966
853
1199
537
1505
936
62
786
1532
1081
1729
822
752
620
1388
1595
1651
1489
1318
837
665
439
2016
476
1874
1966
1353
230
619
158
612
1894
1660
1405
249
1824
1572
2
1402
41
295
212
854
387
1234
245
371
54
448
629
1356
1986
892
464
1753
562
1705
44
1792
843
1682
1380
604
825
177
1784
8
1707
734
313
53
1229
392
1814
1186
1202
614
1673
1575
915
1450
778
232
1391
2025
1182
1275
2009
1286
1880
937
112
27
783
128
441
355
1459
889
1480
979
1256
724
606
749
970
810
592
238
1826
24
964
881
781
150
1215
544
61
1626
1485
83
1856
917
1870
1289
503
79
1562
1733
250
205
550
1773
1669
611
677
1395
78
1259
1244
608
813
446
1435
1611
1091
566
1768
1265
505
1163
1085
1058
1871
1364
1098
1668
2023
402
1070
918
1400
1377
1329
567
538
941
1367
1876
1498
125
366
1599
1806
300
2029
1873
213
208
1350
20
419
226
1597
494
885
1198
335
681
433
984
264
1722
1394
1721
343
1703
260
1569
596
696
965
1895
1125
1593
1137
145
1396
1514
587
1794
1150
1833
1314
887
954
483
832
348
839
962
1041
1642
1200
1835
833
1996
569
2000
643
860
2015
1371
223
1306
1618
294
1273
2047
1345
969
663
1065
304
1116
1648
1883
689
1687
1728
1146
720
298
1084
1654
425
1100
1742
414
1702
1629
1331
98
328
350
123
914
1190
1817
14
282
605
799
465
331
1299
902
1206
185
531
730
1197
657
1409
1803
248
1264
1854
472
1305
1730
1454
1692
1248
114
898
1263
563
1589
176
621
146
957
1307
1432
1324
52
1099
1063
1357
1046
670
1598
162
484
108
1235
1643
1449
1525
573
217
1830
105
1047
1325
1139
1724
1285
310
1529
271
69
679
1281
471
1292
400
384
561
1808
143
1425
1110
12
409
1184
1610
698
1697
141
386
1086
473
683
1490
718
1266
13
1016
1288
1756
111
1062
1354
1782
211
1133
1758
1958
286
1366
88
1718
1960
1944
1652
1042
1272
1434
940
289
1956
187
1886
1453
1207
1412
1456
1127
1162
199
1843
511
1888
1426
719
1540
1238
991
26
1977
378
1361
273
609
1088
1581
1885
316
717
1176
1846
1130
407
1751
235
1565
1968
933
293
589
944
704
959
516
607
997
1347
1667
928
1320
1564
42
97
901
1287
1645
548
357
456
880
882
723
1080
1167
130
664
1005
1875
787
1639
1694
186
807
654
131
946
1158
2024
234
404
417
1519
731
129
1303
1433
1144
560
1413
1423
188
678
1164
1181
912
618
1568
227
468
765
815
1274
938
867
1896
916
160
133
1622
1536
857
1061
1695
1311
515
2036
903
362
1340
1037
1774
1579
1516
1157
1906
1998
354
1640
274
416
495
1074
254
411
100
847
394
299
1352
1447
541
776
558
1111
1974
1948
705
109
1342
1038
1624
262
800
508
474
780
1969
1192
258
819
96
688
2007
827
1231
994
16
750
1015
1949
2044
1503
646
1355
893
183
1059
1475
716
638
859
1681
430
2031
1194
1226
1369
2011
942
1478
1893
1675
1497
523
336
1421
283
1972
1821
1834
980
672
553
1594
1647
102
296
628
947
1416
1140
759
31
975
748
1506
1169
259
1187
1659
6
777
1012
1807
317
327
1341
649
1884
1845
1458
948
1019
1608
1725
1375
1468
1555
1917
1749
691
1126
1348
106
522
540
633
1847
398
410
363
1897
647
91
2038
1258
534
1700
595
506
1816
806
886
92
1252
181
2004
1925
1230
1559
797
1044
1823
1390
584
388
1858
1634
676
171
1911
246
263
1384
353
58
1188
500
1025
1754
1471
37
1625
110
1068
640
1415
700
1539
1407
1457
789
1066
451
816
1606
1232
1104
95
1913
684
1102
1097
1224
570
126
383
1239
33
793
1096
1715
49
864
307
1567
1026
314
1899
1075
45
1283
1372
1544
1481
2001
622
746
1584
715
669
1247
788
692
950
2030
438
795
1757
408
1193
461
1123
1962
39
1087
1007
196
2040
1701
56
502
303
1915
1772
101
1679
2028
1918
197
1370
1322
2003
1189
1132
179
90
85
920
766
1942
23
1134
1124
1674
1592
1937
842
2034
1346
706
361
311
1887
2021
247
373
403
772
1463
89
1795
1612
1203
1741
358
1706
1716
1515
1419
1920
339
1136
1293
590
1580
1684
929
1114
1605
1628
10
1465
252
1183
481
775
1240
546
1777
1656
856
1221
603
46
565
359
745
526
1309
1217
1057
725
680
1604
1424
159
542
1201
1090
364
1976
1460
1583
93
1936
1578
206
202
1237
635
215
555
1171
218
422
1397
695
1483
237
415
241
693
420
1257
1312
1029
559
981
1686
1922
319
1386
1542
1011
1512
1961
380
653
377
890
321
1
287
873
919
302
1812
1975
1301
1290
762
1551
1233
574
1153
367
1319
1362
1837
318
1056
551
1531
1404
1392
1520
1141
1064
462
899
1901
1775
1050
228
346
1869
440
1017
1984
498
374
1420
545
1212
703
469
