1434
1308
1461
764
818
1929
649
2015
466
1467
671
24
1661
1258
1848
1752
318
961
863
144
1019
1872
1750
958
895
455
1741
548
252
1221
1606
1954
1032
488
1191
1973
804
40
290
96
1893
311
679
1305
1815
768
666
983
1194
342
1671
1842
1389
1665
1999
1608
1192
963
423
357
1150
1327
464
1133
792
1759
214
2029
813
289
1048
1050
1120
715
492
2018
518
1707
1960
1851
197
177
1543
1523
350
1698
950
1995
1043
1709
684
145
1858
970
460
111
1546
277
1394
1991
434
980
835
138
1313
1654
1652
646
1111
1717
360
329
532
1167
271
920
272
2047
1107
886
596
1275
1821
2039
563
1471
1273
1938
956
1751
1778
825
750
1013
1777
1249
1244
1776
880
1965
1631
1513
165
1695
1260
451
600
1476
1668
168
1807
347
1868
1782
547
416
823
1808
924
1090
249
540
608
1909
112
854
1211
991
152
391
394
1588
848
1746
892
1722
1981
1006
54
483
326
1708
606
53
1790
118
209
1202
808
634
691
730
1493
595
598
1291
1086
906
1786
1775
110
1749
1855
282
1629
1414
1017
482
613
1774
721
1144
653
1571
1134
1054
66
661
1736
1188
1109
331
1442
313
1317
1126
1725
65
390
1744
686
1215
413
699
1950
408
279
2005
1151
1796
709
674
1128
89
225
1544
821
377
1937
294
388
2009
90
58
536
1266
1035
386
1510
1403
1012
1181
251
1342
1418
354
1091
1400
870
143
250
64
1268
295
966
1531
543
846
1768
749
981
11
1673
1663
438
731
1895
744
879
1828
1613
1022
1923
202
36
1422
1869
1779
1070
926
757
244
1704
847
696
703
1885
1102
593
619
1129
1209
1280
1154
236
645
1914
2001
589
1197
1811
745
14
210
274
885
1152
1847
186
2000
1793
1302
268
973
1427
1286
832
718
283
1334
1385
1472
515
866
1651
525
349
1224
1684
614
1643
683
1269
1754
1873
580
1378
506
1535
248
374
834
1331
1358
933
1213
1112
1867
729
486
1281
1948
546
217
794
192
1748
1310
114
1627
55
797
1830
1934
356
861
156
953
42
1964
175
928
1945
1392
239
551
100
365
366
1336
554
21
56
404
577
491
1051
601
1820
1718
1407
1238
1837
640
1265
328
1574
1372
1564
1989
228
1456
1755
1905
1335
116
1514
471
1561
829
1254
633
517
93
1026
639
334
182
743
779
1010
1935
1931
1451
1638
139
399
508
346
1362
803
481
1177
216
424
1278
1547
370
428
121
753
620
1176
1970
1436
1959
899
59
1067
7
1143
1573
1053
1401
41
257
420
712
278
1982
235
763
891
1716
514
102
931
1984
1835
1423
875
1212
1595
786
957
908
84
1569
2023
136
1082
659
412
470
312
1340
1253
1720
1321
1838
858
1216
1077
1283
1356
1233
1702
1345
733
17
417
198
805
2024
367
1431
782
1008
960
947
989
300
1397
667
1552
1028
1886
1726
869
1833
436
1339
1871
57
1803
32
141
1044
1728
1072
977
992
1562
1168
776
1139
437
1732
2002
519
226
1367
1892
442
851
722
1114
1735
841
1455
877
1772
1093
1570
1374
8
1386
381
2022
265
127
453
1388
444
1874
789
1430
400
1727
1166
474
39
761
747
558
126
2017
450
1271
490
604
473
224
1719
2041
737
1227
431
1413
1298
1634
1036
1180
979
1805
79
1068
1866
343
137
254
1243
232
74
362
1925
339
1977
954
304
937
1734
1231
978
1159
1380
180
1011
987
1646
316
1196
1628
948
1201
986
321
1444
1575
1789
838
694
982
124
1591
1069
903
1256
1295
828
706
1687
104
1127
815
711
1679
1990
1551
1402
2036
1660
267
1347
201
857
592
658
1352
1343
1179
1046
253
1609
1057
628
1666
1904
1222
194
1932
923
510
1155
701
1095
1065
330
1486
10
793
499
1440
1657
161
1832
1014
635
636
46
1262
1507
234
432
75
1505
476
440
16
1498
220
1141
396
714
1915
1927
1903
1364
1974
537
86
830
1103
146
1676
149
29
1140
270
1463
780
128
2034
935
208
1764
629
135
655
452
1390
12
556
1408
1533
1351
1645
739
1783
292
309
34
307
131
1417
1881
652
1438
1360
1988
1058
92
1290
570
1549
1208
47
1412
212
231
1952
1940
1692
1745
1584
549
1649
1890
512
1690
1825
534
1996
567
1887
1894
1064
1519
1163
1016
859
1541
2003
700
561
1297
2004
1933
140
1220
1582
1074
1084
397
414
778
681
888
922
529
893
594
185
298
1282
1737
4
1098
119
1604
430
1658
783
723
1986
1910
1619
1908
1879
1566
1653
1969
1958
1225
799
2038
1489
550
1257
809
1906
1323
1839
784
1135
807
1462
1912
682
844
513
1729
1723
1045
1897
3
1794
688
642
555
748
1479
1622
1539
1289
1694
345
680
2027
1875
1942
2021
853
1572
1033
1861
1827
1880
154
419
0
972
727
795
676
647
911
407
716
616
2037
583
1836
62
1445
207
418
353
338
1859
1555
1059
1553
1229
1040
976
1453
578
573
790
1686
990
1682
1799
1005
1975
206
1029
1083
552
663
1596
1537
425
489
964
626
1761
1816
648
773
155
1882
241
576
929
1966
1075
1092
945
826
383
810
409
1883
719
1132
60
1110
123
1175
1047
1589
995
376
1483
1953
1293
896
115
621
23
1424
1800
1062
1384
88
1330
1326
48
1009
1896
1659
179
1824
1579
1117
1248
1003
1419
1607
332
280
187
1348
1509
1375
910
507
740
1363
816
999
427
371
463
98
1944
1113
1662
421
1085
533
874
1809
1849
1185
1773
2028
1199
1118
1004
77
1603
352
1207
299
181
1251
1655
1198
1721
204
303
1516
996
49
1420
348
1494
1647
1639
959
1236
974
1976
665
918
1441
69
1195
883
1968
856
2019
1122
1415
1411
1630
1625
1599
1522
1632
1617
1674
732
1678
1864
605
1319
72
2043
695
673
504
1542
751
2010
1104
1030
1600
1532
1076
777
541
662
1263
1640
713
560
1504
1557
1798
2006
1806
1368
591
1240
1443
650
690
1165
952
905
1217
1416
1324
443
1301
1080
1361
887
76
1136
2040
564
1669
364
1318
766
1325
15
1106
579
285
1667
405
448
897
1757
1099
5
890
927
1470
1094
35
1287
1612
1711
1540
769
501
1813
1391
969
1063
1501
1957
1232
801
1801
87
1259
178
871
1148
302
1267
849
1448
264
411
1567
800
1349
1920
862
1713
493
1329
898
133
1930
1586
447
1153
284
511
1039
1597
382
1889
1962
176
1700
1994
1536
1683
475
1038
1015
43
1495
1477
767
1379
259
1878
1753
1214
1034
1853
255
962
1730
668
125
1279
1020
1840
2008
320
806
351
378
1784
839
1814
219
1870
1078
1763
1171
1865
850
1355
238
819
876
1437
545
944
941
1845
1689
398
167
1641
301
1432
1475
1710
917
1371
582
936
200
860
108
1563
163
1205
1626
68
229
516
503
985
359
1650
599
788
1758
1818
1524
1174
1917
1747
1460
1500
942
26
1918
1162
1247
1474
1138
387
710
1724
13
1822
1601
1922
538
1346
148
913
129
1568
1000
429
183
609
1296
754
864
1819
798
373
2030
1478
585
1978
1288
865
297
94
73
1161
907
189
520
902
1846
781
997
1844
1429
932
361
741
1101
566
472
1615
955
677
894
1548
1525
1956
245
2
1369
2042
1100
840
1160
1183
495
385
687
188
327
1169
479
500
170
785
675
1115
193
2025
1985
615
457
1097
625
1464
836
1309
1900
132
734
909
940
237
814
454
1797
230
770
565
587
195
1023
196
1527
603
485
843
811
459
1264
1354
1850
1706
81
531
1002
1071
612
526
872
638
817
1292
1299
756
439
1164
1131
993
760
1393
631
2013
590
380
654
1398
445
1274
1635
530
1565
1306
762
842
1433
678
446
2026
1037
340
827
173
1949
1618
708
71
1804
1315
368
1979
611
697
586
1001
527
1891
774
1178
1450
1186
651
159
1760
222
1860
1644
878
462
1382
1270
1383
528
1365
20
324
502
775
9
1021
1219
1998
291
904
242
669
1656
1884
2044
1435
1446
337
1193
1558
1672
1316
30
1454
1381
1226
449
1130
1480
205
1888
1556
1621
319
1987
211
469
557
1007
1605
889
1376
1512
968
1230
1771
1300
984
914
95
921
410
306
1187
288
1503
1359
1314
1409
1089
1173
403
998
1593
1496
509
1526
305
2045
1452
406
641
1924
1967
240
930
1578
1425
581
1395
1926
559
1936
1955
919
1304
1863
672
758
524
456
52
375
1521
22
873
25
1831
916
553
728
544
2033
692
771
724
912
1620
1241
833
746
33
82
1992
1261
223
1073
1834
1554
322
685
1125
855
1146
191
1585
61
1911
315
1898
1862
802
1587
1276
1184
395
130
401
521
900
1322
134
943
461
796
1602
308
693
1610
1428
372
1157
1738
949
157
2012
588
1701
1581
1156
1027
256
1951
1468
83
1252
1611
215
1108
1508
868
317
1105
1458
1517
624
1469
1856
1826
1250
702
498
1675
1528
572
335
101
1792
562
1997
1780
1149
1473
742
1285
1576
1680
1637
369
19
1147
759
787
1664
837
158
150
269
1377
575
1145
643
607
644
1983
584
63
1592
1901
755
1182
1488
2046
468
1142
392
2031
822
1079
1946
1681
704
6
480
1963
85
1795
190
1733
1742
325
1235
1614
1123
505
344
1703
1116
522
622
1087
263
597
78
1119
1223
752
358
1648
1357
1506
1854
1843
994
1802
1715
1518
484
1697
151
1337
1344
1633
1947
1616
1785
623
1137
1787
45
705
1810
1237
535
1972
1490
171
707
310
293
965
1350
1829
1677
1857
820
630
1696
1311
1739
199
542
571
1928
618
323
1580
106
845
939
657
1590
1769
286
355
379
1907
915
1210
99
1916
402
1189
1328
393
568
1971
1303
1515
1096
1457
610
1426
153
1899
660
314
1307
281
107
1705
1366
884
164
1961
1980
1066
1770
296
275
574
109
1670
1272
523
1228
1041
901
1124
1482
160
717
1158
1312
1688
664
831
2035
1685
341
203
1712
478
1338
2020
1487
1239
1823
142
477
44
218
458
1353
1921
1246
975
50
1049
1499
494
1852
882
1731
1699
765
1024
336
1492
1255
233
698
1206
539
925
97
946
1170
384
1511
113
971
184
80
1623
1756
1913
1876
1481
433
637
1025
852
1502
1320
2011
70
1714
1277
1018
735
287
1056
166
881
1636
243
258
1642
1766
967
1396
1061
1693
1190
1410
569
122
1284
1370
1941
105
487
1439
1484
867
1993
1538
260
247
1534
1052
726
824
37
276
1466
27
213
1399
1791
1042
1781
1598
1031
91
117
1762
221
1902
1200
1447
791
1459
1877
496
31
1245
1387
1491
467
227
1332
441
363
1405
1204
333
1530
415
422
51
772
1203
1817
389
246
2032
1740
1841
736
1404
497
169
738
1583
938
812
18
1559
1520
1333
1529
1743
1943
1545
689
1624
1560
1919
174
632
162
1497
720
1172
1088
1550
1341
1081
1121
1218
1812
670
103
656
1691
1788
1234
951
1465
1242
988
435
617
627
1939
28
1060
1421
465
172
934
1767
2016
1577
147
1294
1485
1373
120
1449
2007
1055
266
426
38
602
1594
67
1
1765
1406
273
261
2014
725
262
