362
1683
1453
187
1490
2026
1847
640
1390
447
1228
573
1094
1732
216
69
1069
413
1186
593
3
1899
585
70
968
1449
1664
344
402
107
1596
1854
2028
1961
683
190
1084
132
526
1691
1350
189
1642
903
1278
871
602
649
1398
592
1098
1759
1005
301
1935
2044
1849
1992
670
1236
1852
357
271
1237
1994
1426
1573
1541
1618
1616
61
938
653
731
1668
1507
1896
489
870
1104
563
1413
208
1728
1303
914
429
1622
661
565
1628
1866
104
976
1855
947
481
1142
383
1451
224
1107
545
1220
779
352
626
371
1392
1512
1366
1822
1127
949
1319
604
818
1095
515
511
1829
906
1455
622
970
414
75
372
495
1218
106
620
1570
418
1965
1022
1136
66
2013
1639
1206
1736
569
444
466
404
1835
1078
161
1088
686
26
923
118
1655
1701
412
1900
1660
1183
1543
55
1007
1644
643
1246
764
140
1151
1704
1337
1279
1545
1871
751
1461
905
1441
654
305
501
1100
1060
448
1680
1970
1719
1687
1598
386
171
1740
469
1916
461
1165
449
766
92
1179
1874
1738
237
1812
1050
1620
1216
218
709
477
1510
556
1205
1089
1941
1637
619
621
682
1434
1230
166
553
2017
1937
813
1056
929
220
1115
1203
1606
1233
455
1194
1155
698
786
885
1010
211
725
1682
12
345
51
1395
502
1762
977
1362
711
1872
1686
862
1594
1163
1526
1222
1075
1776
1079
1443
974
11
918
1122
1201
512
535
1356
79
456
580
384
900
913
719
1997
483
1221
1049
1099
419
311
1038
1820
1249
273
1081
243
1489
258
1659
165
1092
2043
1493
97
1690
113
2007
1287
1328
1743
44
298
555
168
1445
1456
210
1769
1495
600
1087
1275
1962
687
1966
1250
1072
993
616
646
1067
1702
738
1945
2031
1309
1864
943
1566
1288
516
998
999
1633
1513
749
1018
150
1884
1630
745
1814
1689
1834
510
956
1703
1914
1662
318
1274
1800
232
1143
327
1828
991
582
865
1412
1996
700
1242
1940
1344
881
397
1944
1903
1560
48
1269
194
411
1119
1878
1026
614
120
845
1299
1108
1467
74
309
1892
763
281
928
57
507
1125
777
650
355
295
431
259
1891
781
1714
1204
19
876
759
460
1795
1643
1927
67
1470
1894
1499
1572
1469
225
851
175
1379
1991
1422
2019
1015
577
1047
2006
276
1332
1000
323
277
1501
1466
1386
757
673
771
192
910
88
1547
1936
1528
1457
1932
136
1147
911
613
1774
1890
1248
1857
244
761
644
178
1930
498
319
842
1859
694
1879
279
1138
726
1313
274
1619
1747
549
648
1385
1137
300
2037
1672
1934
1767
2020
1463
1772
1184
971
147
629
1322
718
656
1305
1523
814
480
1306
1096
1247
1943
1053
149
1316
844
704
1723
1483
1826
548
1700
202
812
420
1074
2036
93
1154
1627
1393
758
1788
1459
596
945
1346
1227
1571
882
1831
986
196
331
2018
584
1284
773
1365
1416
2038
1371
1818
1307
1959
2035
633
1080
825
1207
1602
253
1394
824
955
706
1331
471
662
127
487
1956
247
1048
1887
1535
1440
1810
1823
316
172
1819
251
1975
793
54
1039
1677
1347
491
1555
1293
1161
855
215
685
1011
278
1955
915
1722
1534
849
1804
537
1001
231
1162
1491
1949
1670
1425
581
1024
41
1272
664
24
836
960
173
708
841
389
1806
207
783
1484
1391
266
1901
227
635
1263
952
292
1567
948
967
68
1873
240
21
1548
1657
710
1527
1276
1589
659
329
1537
1787
615
430
785
343
23
365
523
1352
432
1424
254
1695
250
1259
1381
792
1629
896
324
112
1189
1983
541
153
1794
1808
1698
1675
1697
1289
1335
2014
198
1685
1297
0
7
538
671
162
39
2027
638
129
854
152
315
142
131
657
1739
624
148
675
275
1957
58
212
302
1979
1270
1068
794
398
1876
1575
1054
1358
1411
369
695
597
1529
983
157
1177
339
126
811
1202
837
1240
307
5
1635
296
722
409
1169
1716
245
1870
425
286
608
2045
96
1430
1631
450
293
255
169
1268
668
476
1260
1653
667
1734
15
2011
1595
36
1588
1145
1503
217
802
454
1850
1314
206
1037
506
1656
880
1264
1082
1336
1710
1761
748
222
182
249
658
1438
1195
269
1922
978
669
1102
529
1612
1816
570
875
798
508
1641
1135
1262
83
1302
242
91
1273
177
1121
1817
907
1785
797
1652
1525
1522
1400
753
1848
1977
470
1478
1258
410
1238
1969
1367
1232
1292
834
417
303
459
830
2025
1558
984
590
1753
724
739
233
1134
421
30
1388
716
628
42
2040
1981
1215
1836
31
1608
1140
1465
160
46
1853
1016
1076
159
1989
807
574
697
2012
1539
326
1
1893
1423
1964
47
1976
241
457
1077
467
525
1721
1926
1568
1802
203
1741
1516
705
733
966
720
623
884
1694
370
1626
1883
1025
1744
820
1990
736
2004
1942
280
1193
416
1065
1928
29
887
547
1150
774
1182
714
1809
1418
137
1898
78
835
1640
2047
2033
219
1452
1617
1729
816
283
819
1615
727
1308
145
427
873
1654
586
1460
1156
1673
1153
85
1845
1298
2009
1033
1865
891
883
1002
1245
1120
1009
205
1681
1925
1851
1252
1070
37
1799
1172
1239
1905
2008
1531
750
1175
848
1244
1726
933
1339
1296
1923
760
437
1669
200
1720
1061
291
822
531
561
699
10
1008
877
272
252
564
1006
493
396
1839
572
188
406
1066
1524
583
443
1446
32
1960
95
1561
1766
1448
1751
270
1318
1583
916
381
1775
16
201
780
138
1897
395
1811
688
1727
723
1565
1542
641
1003
925
71
488
154
1330
1825
1803
1435
1130
1984
1511
263
1051
1209
453
1404
509
735
922
784
1497
610
894
223
924
1045
191
346
441
889
265
1192
524
676
163
1577
850
405
2029
1255
359
2046
1718
520
557
1749
1214
1334
306
294
262
953
1320
1579
1972
747
1198
1291
1971
1824
1406
451
333
1958
478
442
1877
772
1433
4
99
1597
988
347
755
1910
100
742
803
1180
989
1464
1158
1372
1454
1354
1993
1832
595
663
181
1591
826
1325
1886
1933
1281
1023
1462
827
144
1355
858
401
1587
1368
25
1911
2000
143
2042
1091
111
808
1953
1551
1578
1073
123
1333
796
1530
1585
897
1041
1059
1621
1492
358
904
72
1663
902
407
336
828
445
1235
1097
1837
1912
1711
354
1243
1086
462
1515
1111
846
1830
890
2024
1348
60
1948
1650
170
1582
1770
1353
213
1982
82
1213
765
1904
1793
1709
681
59
627
387
1742
1995
1432
350
1725
517
1200
363
838
1869
1407
1304
674
1113
108
920
1841
1556
121
45
909
693
452
1481
1693
334
1614
1705
1601
2032
226
1661
987
1623
304
528
1488
1648
1146
290
1384
552
926
13
1480
174
1369
356
98
921
374
1116
1540
601
587
729
321
53
1562
1429
1341
117
81
821
1792
532
1647
1867
1679
2039
1980
423
737
982
1285
1342
568
898
1505
1773
1402
1012
1442
712
1752
1915
605
435
1731
856
872
645
1779
289
1174
1431
1057
1838
1396
1667
908
1166
1815
1590
1724
133
415
530
660
936
734
859
1784
1159
996
1032
946
1421
1986
1373
1576
527
1768
400
2022
1646
684
1777
1044
84
1586
522
1978
1473
1014
1196
1600
979
1737
1931
1842
80
809
1500
1300
1380
542
288
1974
588
229
1538
692
1745
1807
332
762
519
551
606
1034
680
176
1199
1882
77
1888
775
560
533
433
919
8
1532
1144
146
703
665
439
1518
756
1699
1861
1312
1340
158
1043
1764
1149
1450
1559
1919
1789
801
494
677
1730
328
992
1377
562
957
1907
18
912
1921
235
376
1763
632
238
1758
1031
1359
1624
385
485
1733
1544
1946
1112
197
1004
935
782
639
1771
518
1062
484
1778
364
1947
1063
234
27
1164
981
598
1533
320
1863
1999
63
1963
438
893
1064
186
1514
1632
1389
115
1476
863
64
817
1093
312
707
554
1131
472
2015
1283
1610
325
122
403
1133
199
1267
799
975
1909
1327
1052
1790
1251
655
701
1939
267
375
997
373
1494
1408
730
1129
1055
366
1323
995
1638
743
119
436
361
728
607
1708
521
1712
1257
940
1126
1908
1197
134
1885
1613
1605
1783
1938
599
567
497
268
490
1843
1508
550
282
962
1364
930
393
951
1735
284
1085
806
349
1797
2001
1017
1902
1574
297
1280
901
869
340
744
221
857
1106
721
1603
941
591
341
1286
1973
1226
1636
1148
990
1231
1713
353
895
1756
1409
1550
1604
76
285
746
931
1482
852
377
1361
1397
308
394
866
2016
379
378
1167
690
1171
130
961
446
689
380
1370
927
1295
1487
479
317
1889
1563
1472
348
1027
128
1376
1439
475
939
540
1428
630
2
1110
2023
1437
1498
1301
73
539
823
505
474
617
776
1160
1241
2002
892
1696
833
2034
843
754
1030
236
1906
101
40
1427
1265
1217
1105
832
1475
164
503
878
1338
1474
1821
1985
90
559
185
631
1862
1625
717
1968
534
985
932
504
1692
1833
65
1651
391
392
1858
1229
1375
1357
768
496
1750
360
1185
1447
1706
1399
52
1840
422
22
1141
1035
888
1414
1658
942
1592
1345
637
1170
156
1748
767
1486
1918
486
1117
1754
1261
804
195
1717
2021
1813
1343
864
1504
1417
248
770
954
1564
752
1109
1234
566
1880
1924
440
34
20
1208
790
180
2041
183
114
696
1796
879
1028
1401
678
1645
634
1387
636
17
1277
6
1546
310
388
1780
492
109
1383
1403
1954
1114
959
1191
1791
1782
1584
513
625
612
1917
666
1410
342
1611
1020
228
994
1360
299
33
1666
789
338
1090
1036
1868
351
514
1042
1856
330
313
741
868
1444
847
264
56
571
1132
543
1349
141
1415
1311
246
778
89
1649
805
390
1634
1210
713
464
651
62
1844
1419
110
1517
1168
1805
715
1781
230
426
368
1569
458
1554
1253
1684
642
810
1506
963
1266
408
1929
576
1271
1310
382
1139
1609
867
1479
314
1254
647
609
1382
1715
1058
603
1521
1998
38
800
934
1786
1755
672
1951
1187
463
917
839
1496
1536
43
964
500
546
1436
1827
1950
691
1920
973
815
256
1029
1101
428
937
9
1071
367
28
87
399
1509
1351
322
1665
1290
861
558
1326
1321
1317
575
261
1519
788
1176
499
1580
1913
94
35
1477
1118
1678
874
1674
179
1746
1553
204
1181
840
980
2030
594
1875
1599
1420
1103
740
239
1178
1223
468
579
1083
1021
1549
618
214
1152
260
1607
1212
965
831
1188
1895
102
578
1676
536
1219
1581
589
135
473
1593
1987
1019
1157
1468
49
972
167
1225
2003
829
1374
1846
50
1881
1798
791
1123
287
1557
1801
116
1967
124
1256
1552
611
155
1405
209
424
151
1378
1952
335
14
1707
125
1760
482
544
1128
702
1688
1282
257
795
1988
950
1173
1124
732
853
1315
1324
1860
1765
969
337
86
787
2010
1224
1520
1013
1190
1040
1458
1757
139
1294
652
944
1329
1471
103
1671
193
769
1485
434
886
679
2005
1211
1046
105
465
860
1363
958
184
899
1502
