1175
39
921
1289
1247
454
744
1784
1799
724
1775
1317
1208
1086
94
1420
1780
1305
500
447
1091
1809
549
1284
324
1323
320
507
444
353
449
2011
899
1390
553
148
1109
1443
387
301
456
1457
439
1666
1891
681
558
700
1523
770
50
1483
776
1700
29
707
768
1691
328
1628
504
1413
1167
1385
716
1998
1592
499
1660
1850
174
1800
1856
1159
1009
1250
545
1818
1177
1273
1782
1029
165
1875
664
1219
245
742
489
8
451
819
419
1395
539
393
596
1533
1594
402
611
1203
1235
380
1067
362
608
73
1343
1633
771
1828
852
1374
1525
876
484
1037
112
1556
186
1268
1461
1262
1654
326
555
1509
1055
1075
1181
1822
1427
508
1407
1269
738
412
10
1849
693
425
119
1180
578
448
909
1414
193
834
407
1260
1988
1803
457
1599
378
397
1566
1480
1341
644
1274
1552
1332
416
1578
1902
1643
1421
1720
398
1637
1277
898
1468
131
1703
1191
273
1226
1981
1842
210
968
1242
592
347
1955
1188
765
932
1319
853
55
1833
356
1838
1377
248
1372
967
1958
5
1953
636
1612
1176
1154
1835
1404
319
1482
1827
1447
1469
1150
1667
446
971
1585
997
1465
1334
1555
103
1897
1285
1547
1857
288
261
1064
753
1368
588
2015
2020
1760
1853
185
212
1311
1878
516
761
1344
66
649
1774
1941
267
1949
1198
1653
502
1352
1153
1068
1627
854
172
191
1607
1968
278
523
570
1161
825
2000
974
1836
661
1487
1806
1228
1989
2029
1756
581
805
1927
213
872
1622
476
1394
204
53
483
996
1571
289
401
116
265
225
1815
1757
1896
1424
1214
1230
1355
2044
609
735
1863
1560
1417
12
1640
846
485
973
139
268
163
1577
517
601
871
1474
373
318
1990
1678
1936
550
1398
229
537
585
1781
1992
1406
1777
1281
1821
1841
202
952
1499
575
436
1433
1475
665
36
754
410
1910
1035
920
810
1848
1909
1263
741
1014
1574
409
459
141
264
63
270
1331
415
1209
1584
1671
1133
43
1313
1869
463
1229
1961
1676
1752
1929
495
562
1617
1477
1321
1965
1921
565
1164
1540
654
19
1914
369
1705
597
450
385
720
1696
115
144
2026
1690
678
703
1272
1199
515
1868
161
526
934
1187
1248
1659
1880
1217
1974
832
1097
1812
680
2027
1076
1494
586
269
170
1866
658
737
1732
1019
1018
1527
254
1701
251
2014
1847
756
308
469
122
1063
674
123
1048
582
1439
1970
766
1911
72
156
418
1832
1117
337
35
580
331
1028
1629
859
1963
929
1473
175
918
1211
1521
755
1979
1639
413
178
519
1672
1843
2030
1844
679
1605
1292
908
110
475
1569
80
140
46
874
933
423
1611
1999
842
220
302
233
887
1580
1098
2006
395
672
849
286
809
892
1464
948
1367
1684
133
1855
1862
1156
259
795
159
653
1975
604
60
1892
2046
1908
1824
86
726
1886
85
1071
612
1733
1205
1854
1903
897
618
388
355
1472
1007
926
1769
981
1286
2009
342
76
364
1419
1916
1204
711
1038
168
312
511
1033
1595
1513
1309
882
1062
277
1174
1294
536
48
799
904
1982
1984
214
358
1145
1453
815
792
1307
1722
623
465
1593
831
987
637
242
1387
21
1291
1751
1940
1163
945
1789
717
74
109
833
176
1162
746
367
736
1056
1275
787
1157
1881
1053
437
1345
757
404
1212
630
1544
1435
1522
1938
1991
111
1805
177
58
1834
127
860
1148
1656
1651
1786
758
591
1436
1575
162
1770
1193
1537
1008
639
1467
1320
715
1207
1233
1096
1519
982
1885
722
2038
1694
650
1415
243
1779
1267
1496
1802
75
1952
207
800
467
227
1625
3
1251
1750
460
497
1934
798
1508
440
839
718
365
1112
688
26
1761
655
22
33
1506
1213
1661
638
14
1362
749
274
71
1359
1434
1816
1811
1977
927
794
325
1967
1995
1147
656
1339
179
283
1329
1695
1366
471
1409
820
533
836
850
1357
1360
65
1928
1488
1261
292
1511
1944
1610
474
928
750
486
2010
1747
1240
1669
1080
976
2040
1066
1149
1118
190
1105
889
1365
1646
1022
1658
468
863
1534
263
619
98
135
595
838
104
990
1125
760
78
1754
880
100
1184
600
1057
1017
647
1851
1183
1858
368
540
1570
567
1558
694
1254
1635
389
1514
1210
345
1462
90
1889
797
414
961
1021
1725
1330
1495
1141
117
1039
157
1143
956
931
2034
763
813
645
1297
1011
752
149
1830
1904
1518
92
1674
1005
983
827
1026
1335
372
1562
1036
84
1541
812
313
1190
1136
45
862
687
1785
998
1376
154
1529
1699
1389
1767
379
1152
1510
959
296
253
1689
878
796
1040
1010
1704
1295
79
307
1298
947
199
1197
935
907
817
826
1466
1441
590
1976
960
132
1524
1490
1002
1706
1049
192
733
101
728
427
1034
400
801
357
1735
566
599
858
1130
1179
777
953
303
1099
625
747
1546
1920
583
1925
837
0
118
344
1353
1410
1723
802
1381
1922
1739
183
509
576
1478
941
1171
1340
1887
2001
1104
942
1864
1142
725
1517
1964
1264
1531
1306
1950
534
17
547
668
532
980
359
1058
538
151
673
352
774
1621
1771
2012
1795
479
1283
1354
2037
806
350
1596
788
1107
1900
1378
910
68
1641
1127
626
662
520
1232
1642
1126
685
652
1470
1581
912
1429
1438
1655
1231
821
333
1455
1972
194
496
1710
721
1249
1189
573
1425
1369
1804
1586
305
732
1411
1315
433
1567
712
895
1000
1497
13
1743
1943
1917
1178
1110
1004
524
1382
1412
1221
772
1013
1023
1173
627
844
1158
129
1874
244
1715
1798
208
642
1945
602
1165
1956
1845
316
949
102
150
386
1241
7
1683
916
2045
643
1316
1090
1393
922
121
1001
25
1682
453
1933
975
1602
2039
218
988
993
1027
195
1692
702
697
1428
1155
491
2028
383
41
258
1087
2017
376
999
1591
660
1025
2024
332
1708
1679
1288
1554
745
633
1431
1652
1322
861
651
128
1405
1020
1106
1060
478
1144
343
1094
659
338
723
1884
464
246
691
1876
1860
62
634
1697
1726
32
180
1680
1742
1749
958
816
310
1598
1557
1239
81
1796
890
1202
641
219
1373
587
2005
1238
1947
1730
1942
1006
1304
1545
1293
1348
1045
1983
443
1959
2019
1384
49
1620
864
701
1460
919
1074
1716
615
1681
529
962
1883
9
731
126
420
201
1182
1430
171
1539
1445
87
1463
1245
106
1185
551
814
494
2022
1403
1736
181
1871
472
256
1252
1923
330
676
1015
1663
271
1081
1734
506
1721
31
1783
546
442
1484
1794
287
675
865
891
843
1966
250
682
1137
808
1915
142
966
784
1520
137
950
1327
1301
1873
341
1714
1003
589
606
1893
95
1810
1046
1253
913
923
1670
1024
646
107
198
1632
1985
1609
782
384
719
1807
99
1664
856
1290
1244
1748
70
146
695
1702
1280
2023
297
1236
893
513
1648
1790
1792
1070
2035
2016
1116
1227
138
360
145
739
430
1619
579
124
1194
232
284
1634
1303
568
1139
125
334
657
1243
1166
1276
155
1135
431
300
1597
1124
1787
1392
1012
381
667
1808
47
1129
221
1114
1072
1082
1215
881
914
1054
1437
1852
1338
1492
902
1270
946
37
1994
2043
789
1813
1256
964
1993
563
1446
1877
1432
1626
224
1084
1257
30
1078
954
498
314
1724
266
445
1601
930
89
1418
1738
1765
1741
730
614
1764
1899
1865
775
97
616
1894
937
1870
1088
239
1042
173
1318
1978
1186
521
230
780
1132
1768
1901
2036
989
216
2004
1051
915
1731
924
2042
1299
51
556
1225
1913
690
1606
455
1829
143
979
1169
1820
279
1890
828
666
1512
1688
1103
1031
544
1837
548
1220
1328
1326
1729
995
885
206
1479
1375
684
559
610
779
392
1686
906
1996
830
1456
1636
1030
635
488
67
1712
963
240
113
785
955
1823
217
408
807
1590
1631
522
1083
986
1032
1422
434
1
2041
1423
290
120
1589
1986
743
211
577
6
1662
1101
105
1380
69
1744
1503
965
493
1549
552
994
939
778
857
1201
1140
477
1797
593
1085
1861
1553
136
42
867
1759
527
759
1657
1296
617
648
370
1093
1271
147
1138
1073
1788
1867
1946
205
1115
811
1668
1879
1065
870
426
911
640
1278
1980
512
663
605
1618
374
1935
490
875
734
1196
1778
1644
1361
1951
940
1089
160
572
20
1325
1444
751
348
557
1907
182
574
984
1962
1924
936
1486
977
371
1898
441
203
1698
901
603
1615
1709
1791
1895
1426
1128
1647
1500
1776
1745
315
1817
1218
1043
223
2002
1349
1728
231
1538
1265
1333
1095
560
1536
1324
257
713
2
781
1134
473
501
435
972
327
335
304
1451
1753
1535
740
992
1939
1840
322
1528
1111
1532
293
349
2007
1224
272
1383
705
1576
1507
96
699
197
767
492
957
2031
164
624
764
905
1573
226
1452
424
438
543
1408
620
598
1677
291
670
888
790
1505
1400
1440
1059
2032
403
528
1516
1711
628
336
1448
1119
1542
710
1973
1565
1971
1685
1583
1258
1912
692
1614
1069
57
1624
1872
696
1957
1604
1399
390
1905
285
632
1515
669
969
1308
855
671
727
1192
1931
294
167
1356
1719
276
280
1044
1548
706
1266
514
1997
366
1564
1650
1839
729
900
309
64
2013
152
1713
1388
554
38
704
1718
134
1551
108
188
27
1960
1350
1559
44
1402
944
793
542
866
1222
1336
1489
311
1948
241
351
249
166
822
396
196
686
252
189
1930
1160
1123
677
1391
818
2003
2021
621
1401
510
531
2033
295
1563
299
1108
762
970
569
16
1762
1476
2025
462
978
114
363
480
847
340
375
917
1588
236
1172
1773
91
1200
786
1937
835
339
894
1826
879
24
1737
1493
868
215
1623
1954
689
1121
622
18
1370
458
482
1170
1831
525
1310
629
1279
1543
59
869
61
943
417
1061
377
877
461
470
1347
561
803
1717
1645
698
1793
93
1801
1616
235
1363
938
1131
848
28
1151
804
298
1819
391
829
158
1846
1481
187
1047
1450
394
2008
1195
1608
481
238
1223
1216
886
1825
1397
851
1582
200
306
1471
428
1987
503
683
541
1092
4
1442
1859
1485
1102
607
1459
1358
228
951
985
1206
708
925
883
631
564
1561
34
1314
1926
1763
1371
275
209
1587
1740
1727
282
1888
884
52
824
1458
1772
1501
56
1113
237
1758
1673
714
422
1122
346
1052
1100
83
1364
1300
82
54
1386
1707
405
247
1687
452
169
1814
1016
571
1050
1675
1638
783
518
255
1491
184
1630
1572
1755
2047
411
1255
1077
1246
505
1259
1579
222
382
1416
317
896
903
429
791
1146
1504
1454
1526
613
323
130
15
1342
234
1568
845
1746
584
88
1969
1502
840
1600
1665
1282
406
535
1932
530
1041
1234
11
2018
1766
1693
709
1918
77
487
1287
841
262
769
1351
329
1882
1168
773
823
1346
1906
40
1649
321
399
281
466
873
991
1603
1530
260
1302
1498
1613
354
1550
1919
1449
1337
153
1379
421
748
432
1237
1396
1312
1079
594
23
1120
361
