1821
244
1482
941
1059
544
212
1483
1411
1931
1510
340
1605
333
894
225
335
64
2029
1367
1258
1244
1201
781
1427
912
1214
180
1431
910
1255
235
1256
990
135
79
383
105
48
968
49
1041
874
893
555
139
481
1616
847
1144
556
1903
300
1921
924
1561
760
176
1022
1950
1452
1872
908
536
829
407
1220
1098
1804
565
1365
647
1648
140
959
2013
625
12
4
269
1169
1079
1812
1716
558
1474
2026
1805
134
144
699
1937
280
431
1440
412
405
367
1591
433
416
315
1741
1489
1053
1385
1126
784
593
826
80
153
1305
547
1350
1372
290
282
566
1043
644
1216
55
960
1087
821
1432
1816
1699
898
446
232
1362
1578
578
1715
1106
404
633
1121
1506
2015
683
1219
368
1798
1476
1929
1524
600
991
1066
92
427
1566
1131
1438
1376
1114
1027
1326
1908
881
1564
1495
1457
1823
830
1279
1094
400
707
1193
1558
2002
1890
1702
1940
1792
773
511
2041
597
1585
1508
1217
577
1870
438
101
970
224
487
1176
1102
1057
30
305
1451
1071
1420
836
1754
1657
649
88
216
165
1182
726
62
230
589
904
1684
806
733
783
190
1541
1787
766
779
1894
2043
759
775
844
1269
1711
1009
1468
1570
1996
123
507
1675
1437
1834
1124
163
1971
718
1456
17
347
1533
27
1696
721
792
866
996
191
621
1900
482
915
787
1858
241
1603
1415
1290
1884
648
1744
599
1966
938
1745
75
35
1732
1776
1527
1463
61
987
1249
2024
45
271
1946
1797
616
1658
1481
1218
1156
929
1293
1497
997
1629
517
1814
1750
661
65
1766
1458
1765
650
1339
858
1912
1239
1886
1189
288
1857
1802
1270
37
1160
1387
341
234
1242
1503
1807
1446
1867
540
490
332
1496
1240
1138
995
124
429
875
1055
1751
1951
652
1667
200
2037
692
622
1202
972
983
1028
1368
1117
1768
294
250
1004
1901
687
1253
1267
895
1738
744
359
1356
1082
277
1572
816
1109
653
464
567
1518
60
923
22
854
1264
1095
1992
2003
859
226
1746
475
1369
115
1842
776
777
1179
1623
668
434
1046
1441
532
238
885
1640
1669
1849
979
2022
574
1050
111
1315
832
1647
1
838
28
443
1393
1726
1777
916
356
93
1577
741
138
306
1288
892
722
1014
1987
237
1168
751
646
1008
1853
1785
587
1680
1632
529
685
803
1852
586
2031
1840
2027
1832
160
1101
215
496
1909
882
949
1115
1773
1685
1692
1868
1748
379
845
466
1547
1955
114
822
266
1254
1836
1502
283
151
337
1171
1639
2014
1883
425
974
323
2017
909
38
261
1800
175
1076
149
1370
1587
147
515
1271
1005
312
1351
805
1803
1333
899
724
551
1659
104
1544
1589
174
1281
712
630
1227
189
609
477
248
835
94
1211
1408
846
1575
1136
1678
148
999
509
590
493
1839
1152
1767
1275
1608
1307
632
1522
504
1223
767
1531
296
1563
1786
50
1443
811
1535
1100
697
1728
1970
133
768
116
656
1088
11
51
703
1969
245
1174
819
738
887
939
185
935
705
528
251
1976
869
106
975
1021
1646
1930
548
1204
953
1925
1309
1455
1380
1567
258
1321
402
167
1521
815
627
1187
1963
696
1080
1593
1985
1974
1698
1820
1781
867
36
1690
662
969
962
1232
201
1860
1475
1609
5
83
1398
1074
1302
1733
510
1984
364
1573
199
1345
1990
67
87
254
1015
162
1626
788
1727
1924
1922
313
460
538
1439
56
747
611
117
1195
1936
1664
870
1068
211
223
1416
84
384
947
1133
863
1381
926
362
263
922
1914
253
562
1701
1977
1378
1880
827
1691
1634
1118
1933
394
985
1285
9
161
1660
1694
1300
897
1105
1673
1753
1712
503
1294
1273
1568
817
1557
1366
1651
1861
932
1548
1250
1423
1592
1718
1887
91
851
957
1243
1949
1624
42
1841
423
1003
1002
918
1357
171
1207
1020
1942
1676
1178
715
852
391
90
617
579
445
1377
371
228
1241
1859
1530
1700
461
849
1788
618
1710
321
1484
1123
1200
592
289
342
1245
334
1460
1824
1056
1040
113
1551
795
674
168
1938
1148
793
1783
549
675
1918
1472
755
98
209
1523
119
1513
1610
1774
1827
1782
2020
771
785
1149
1668
936
1461
1545
1471
208
1445
389
252
1430
272
1360
357
1263
603
1434
1835
278
1764
513
1760
274
1671
1328
1206
831
1459
820
1348
72
2042
131
1083
1092
52
204
809
307
428
451
455
1739
1335
325
473
731
1081
264
314
459
1843
564
745
348
432
479
1997
569
619
1999
1943
40
1620
1621
365
1789
1424
571
484
560
137
1428
1601
1033
2001
1268
377
387
1221
1341
1962
457
1793
595
1877
1677
310
220
828
1607
1799
545
642
799
227
3
519
450
1031
568
1358
1507
856
902
791
1761
1828
103
717
386
77
1453
491
1320
505
657
2019
1400
1039
877
1520
1618
63
1808
1132
1628
917
1873
691
948
499
635
607
807
704
604
145
1183
1061
879
891
516
1070
1532
1303
676
376
1012
236
118
813
1499
456
1763
861
1175
804
620
1306
152
440
1791
1044
1863
1871
1295
120
1729
994
1399
613
360
1282
1897
1069
563
361
240
1553
222
1653
508
1099
1844
1363
1390
725
1322
681
331
1617
914
1964
1885
350
57
1707
73
1582
945
413
623
506
925
888
480
1948
1493
498
1780
1719
8
435
1120
353
2018
956
444
1312
716
1276
1627
488
39
1596
670
173
1559
537
641
286
54
679
1815
543
1477
682
458
1192
344
1104
1819
13
1343
608
823
694
470
231
769
671
1325
1346
366
1892
157
1679
107
594
873
268
1329
218
14
246
1166
814
292
1615
447
1034
978
552
47
424
739
638
1161
205
177
1469
1112
170
1569
1850
1515
824
1154
520
15
1879
1538
182
1723
1185
1635
1332
1562
1038
426
1122
219
1141
346
1127
1266
1310
1199
1965
1286
1625
1086
1373
546
521
1196
1025
1314
260
1614
654
256
864
452
1926
1023
1226
930
797
1730
1029
1771
900
758
70
2046
903
159
1674
1150
1407
1107
1742
2034
214
110
1097
1644
1689
1278
1784
825
631
375
523
796
1287
1536
1237
25
1960
203
1316
229
1203
1891
1151
497
1825
686
1550
629
1078
414
181
1473
711
18
1145
1758
417
169
1130
1959
1119
636
301
1304
1534
1775
125
591
1422
1665
1007
302
474
68
99
158
737
1693
397
1389
602
1817
1129
868
492
598
1899
961
184
664
1491
97
1611
1795
1048
533
794
1165
818
1642
2036
1208
1072
1047
757
1480
1961
575
615
401
267
34
1654
931
247
780
19
1552
395
512
44
761
2021
880
1705
127
1579
708
410
1994
436
363
946
1089
1222
1194
1449
853
1391
1260
411
1013
448
1064
1602
1939
1655
1093
984
1125
1935
1957
1539
102
279
933
1280
285
489
963
1818
982
862
1888
843
53
1308
409
129
1238
1594
1017
729
284
678
1139
1213
518
1526
430
553
1298
1128
1565
2038
1205
1433
736
735
1395
624
937
1911
993
1630
1595
584
1261
373
1051
454
1941
680
1075
1035
667
919
308
1252
1759
1215
1454
1847
1822
810
1932
136
291
233
309
1364
1772
1418
1485
1874
1537
614
154
531
1720
643
1042
10
588
2009
1396
2030
1037
1011
1686
1583
221
920
742
213
2035
393
1529
1412
1983
639
1159
485
202
143
1488
1649
467
197
0
463
1337
1995
382
752
121
2045
645
179
1714
669
698
789
1923
573
1581
1296
1113
1919
637
798
1016
132
23
1173
1910
734
1403
1779
217
1704
530
141
1652
249
951
800
1505
855
178
85
1062
398
1394
1590
1140
989
1392
239
1284
29
1334
927
1406
1299
1845
1402
1975
1181
2010
2000
1188
1058
354
684
964
150
1661
1688
1324
710
576
1895
765
1778
1809
1512
374
166
1030
1546
998
327
89
392
1855
2039
276
1409
108
1796
748
1158
580
1146
1180
525
1479
1896
1447
330
714
1317
526
1709
1584
1417
1090
1893
709
304
273
1084
1344
1143
257
1349
1981
527
471
812
1379
164
324
673
1032
1388
399
441
183
988
1662
155
1487
1466
1272
355
345
865
1991
1386
1077
1875
732
1830
2
1234
808
172
746
494
468
1225
720
1829
1197
1419
1342
1147
406
1172
834
1687
1898
74
1246
326
706
774
1988
439
46
728
1426
1902
1413
69
1560
1998
1229
542
848
778
524
1769
1498
1770
100
2033
980
275
1734
1283
872
1865
1111
1599
772
372
1811
7
1404
1954
142
572
255
1236
1670
419
2044
695
336
750
965
1920
596
21
666
422
1001
1228
1063
901
486
2011
1091
1421
1085
958
841
295
1162
1186
1837
1516
890
322
1374
122
483
1666
1944
194
612
1543
1448
86
1980
1359
265
1486
437
1972
95
1442
1747
943
905
1231
1913
1327
33
660
59
1905
6
2016
1230
790
81
1876
1465
1384
896
1755
950
1904
1982
1735
1401
43
1277
1361
1947
1318
1347
677
944
96
476
2023
1490
112
1251
928
1549
1110
146
1708
539
1054
857
2004
26
883
1856
986
1436
415
651
833
1292
66
1470
71
1878
764
1157
1574
1191
1986
1866
130
1643
1233
1425
1917
311
913
24
1756
156
1500
1713
1164
1319
472
954
690
243
1681
663
1641
293
1525
1462
1116
1598
297
871
462
1979
756
2032
1429
1142
1869
1153
1953
1478
585
1810
1989
534
1915
583
605
388
1018
1331
1019
1637
1682
906
610
20
1289
907
1927
1045
921
58
655
743
1405
601
1846
628
1717
1636
339
626
1619
689
693
1509
1170
1864
889
2006
1049
1052
1645
1235
1604
2040
971
886
109
1414
842
303
207
1790
1259
659
420
186
763
967
966
442
634
713
1854
500
82
2007
1291
1737
1952
1371
1224
1492
349
210
495
1683
976
606
319
1024
1576
1096
1519
1435
1612
977
1833
1247
1613
514
370
1330
1656
187
740
1137
753
665
1504
1177
701
381
1906
1740
1588
502
449
242
1108
1697
329
782
762
1762
541
1036
860
1571
1517
2005
550
878
934
358
408
1638
1494
1882
1450
1752
41
802
281
672
992
76
658
1340
369
1184
1006
1806
1060
1163
1973
1722
1354
198
192
1464
343
421
287
1155
1311
1352
1167
1600
403
1336
688
390
561
700
770
1410
1297
196
1826
1313
973
1397
1556
1301
2012
317
1135
1757
262
1586
1580
1801
32
1382
1967
1198
1065
469
1978
1945
1907
754
1606
1672
1749
1650
16
1353
1813
1851
270
535
453
940
396
840
128
318
465
385
501
1725
1134
730
1262
1554
351
2047
1622
581
1848
557
1212
1703
259
1375
1889
1838
1633
559
1663
1323
418
749
1831
911
981
1958
582
2025
1928
1067
837
1794
1743
1383
1274
723
78
1731
1501
952
554
1724
522
876
1073
850
702
570
206
955
478
298
1103
338
195
188
1248
1706
1968
328
1540
126
2008
1528
299
1721
1555
719
1916
1026
1542
1597
1467
1265
801
316
31
1257
1444
1695
1338
1881
1010
1993
380
884
1511
352
640
942
1000
193
1736
1514
1209
1190
1862
1631
839
727
1355
2028
378
786
1956
1210
320
1934
