891
922
279
1575
994
1479
1708
164
1984
1277
1922
959
1926
731
1268
448
968
2002
382
625
1083
1804
850
240
403
1824
207
343
1656
1403
1726
663
1110
235
120
634
1008
1181
197
1090
1880
30
1463
875
1001
2032
867
1714
914
2030
1323
1808
1197
45
1506
427
593
957
1769
863
472
895
793
667
777
1320
1501
1555
180
576
409
1598
474
46
208
804
1392
1800
802
759
594
1997
917
1065
1602
1664
854
592
1118
1207
1891
864
1237
893
1119
483
1782
2028
1302
1745
719
1643
722
285
1674
791
1258
694
1987
744
1072
1094
73
597
882
950
1269
2037
1890
1284
1532
792
308
1967
876
20
1972
1844
806
1908
742
1963
1607
1106
1965
1082
799
1349
580
1324
1700
1410
726
1638
1988
101
114
1242
1374
901
1309
1741
352
364
50
1153
134
1321
428
451
1840
803
669
2012
1807
1235
99
1103
1205
1548
590
1535
1561
1245
1852
394
1979
509
131
1505
1060
628
87
755
1791
1878
113
1359
733
614
2016
1689
1687
1267
303
1925
1294
689
1603
491
1898
1227
738
245
1670
1148
419
839
1765
1583
1592
259
1045
1431
1939
1289
1542
1484
640
1710
1626
1067
537
611
109
1883
1088
61
1477
615
1650
222
1914
290
316
569
741
1593
1876
1969
1213
965
1663
1142
624
321
1122
335
1504
1586
1928
674
781
915
1525
1492
1848
49
1262
1352
825
1209
198
1613
736
844
58
318
1644
390
1508
1311
1833
1032
1759
387
1161
1605
1348
1395
1225
21
770
162
320
1275
520
2042
1037
1950
289
1272
1828
1786
945
776
812
610
1190
620
351
1372
516
1549
607
684
1445
1964
85
836
1338
412
1749
682
1718
117
711
827
219
702
1831
67
1202
932
678
94
986
1234
1439
1931
1276
1483
1434
1558
1489
1853
1628
1582
1770
1176
324
1578
958
1980
1109
606
1865
545
979
1994
38
1215
1862
1677
856
643
48
1702
683
119
257
1671
542
801
258
907
1300
851
789
244
2027
82
647
1306
920
13
157
384
1779
1846
2014
1259
1584
1907
756
550
1493
1618
421
1224
249
706
934
1012
1299
1945
1672
807
1050
855
407
648
1261
1552
1697
631
1401
298
325
1339
826
778
158
1170
2044
1744
805
110
1076
1709
1559
910
251
898
337
1379
1198
978
140
493
897
1849
454
1425
1783
831
1909
1651
1412
505
554
1377
887
886
31
1388
1182
1134
622
1916
1587
1905
388
1845
1938
1822
878
405
649
494
1440
1188
1851
1487
2004
543
1524
1859
1279
1342
2038
355
1069
1843
1249
2034
221
588
1369
372
1343
899
1692
717
89
1682
292
1307
504
1391
524
102
845
181
753
1860
1386
1167
1058
305
800
1442
1507
441
2024
1959
1101
925
1393
1140
1678
849
822
1534
998
1056
601
840
4
224
813
246
1155
612
1232
176
847
1201
718
1260
547
2021
1189
991
338
954
1034
774
128
1746
1413
1923
982
177
464
34
1332
1662
1537
488
605
1787
1055
1527
1104
1283
575
1116
137
1636
709
1566
1357
1601
1035
892
1257
1194
1042
953
1100
465
619
858
1792
927
1715
386
1660
238
484
301
328
2000
1358
1825
1429
677
1511
93
408
1370
1737
1231
381
1686
1580
1466
617
2045
1191
1438
906
860
1138
327
1856
672
713
287
655
966
1385
271
2031
819
1545
460
786
1798
1406
796
561
1286
70
1387
1491
1805
116
1657
1172
771
145
512
1147
1326
2018
881
1346
1124
430
1793
84
1096
434
1649
1942
962
1704
1738
439
541
1758
1690
1146
785
551
539
1732
1462
391
1015
121
482
1226
739
1806
368
1396
1541
933
152
147
1520
216
835
1918
1365
1340
363
1304
1572
842
1210
1052
1514
926
178
376
1353
1247
1567
124
395
1183
106
675
309
1465
1648
1206
2041
278
277
1027
556
1634
775
344
1131
637
1316
88
1073
1265
43
2023
1941
132
832
401
1615
784
1642
501
1446
869
1929
530
798
1427
1539
334
1706
183
418
1407
1585
522
686
912
608
837
414
1107
349
373
497
294
990
1899
817
947
413
1208
1478
1424
1766
1533
1495
904
651
1143
859
1604
629
212
1048
967
1457
462
366
1729
146
135
1982
188
1523
1695
1006
378
1162
74
1337
254
469
1398
348
921
1044
1193
396
503
1255
458
1815
1886
518
51
112
1453
273
880
1882
1185
658
1049
1855
935
1097
1785
1157
1436
829
105
1133
1080
1735
729
523
1529
1933
763
265
929
1962
160
481
1121
2008
757
999
1218
276
1887
2029
323
971
1362
1204
691
1057
1992
280
28
1166
1033
78
645
985
1756
657
14
307
1986
1976
1949
1751
1836
1755
1875
1281
1266
1301
1956
943
758
184
723
445
1799
1345
1932
964
1813
98
750
728
1041
225
347
1809
521
1957
192
654
816
1893
1776
170
1633
336
1470
558
1797
1556
1685
500
1900
909
565
828
1488
1230
846
746
420
1317
1375
1292
1364
234
1303
1471
1904
1826
1659
1036
288
1780
1496
1368
1031
1681
306
626
795
2015
952
566
1736
1435
843
1115
1733
1631
41
1513
302
1095
1577
312
2025
1696
1350
1214
679
65
1946
12
560
1927
557
1599
1629
1025
1725
707
810
1952
1573
1879
423
995
459
661
1400
1399
1071
936
1888
705
15
905
237
1290
865
1419
1328
916
1271
86
1127
1344
1873
66
342
673
754
1472
218
1821
304
1223
1637
1999
1418
230
175
353
1917
1293
27
264
632
243
577
609
1646
527
1985
55
1433
1164
1113
1253
1005
340
291
322
1026
358
1458
115
1144
310
1752
1597
182
1767
760
1778
52
1252
1829
1351
1452
1125
1837
1857
1171
1000
1444
1254
1581
2040
1676
1068
57
1551
214
1093
144
1990
1889
467
1009
90
698
1721
983
1943
700
538
996
1753
1951
187
1716
1518
951
1250
1606
262
1128
1619
1070
1291
963
568
202
0
1053
821
1974
720
261
1184
1016
1441
239
2020
1297
848
2017
169
1761
486
227
400
1896
341
714
1720
1123
138
1570
1623
24
1789
1901
1698
1510
603
1282
852
123
1784
1639
1517
788
185
745
375
53
1108
992
567
884
1881
438
703
1175
1310
514
1278
369
367
1775
103
1485
1814
1924
1757
357
883
172
1913
161
1173
1114
1420
1654
329
857
95
455
1911
1158
269
646
1536
1895
664
1074
1280
424
1091
623
1530
1021
406
704
1816
471
1246
1046
1112
1447
911
1430
274
1743
286
429
1023
544
127
976
1632
1366
961
1866
815
533
39
1240
604
630
1747
582
766
830
937
1051
1961
1014
1885
642
1803
1569
600
2026
814
1244
940
1448
1360
548
1099
699
1423
1608
452
1414
1432
1248
168
515
284
1038
195
196
1991
641
268
690
104
583
1117
72
100
1722
1970
1812
1903
1383
650
36
1341
1596
980
1590
618
1192
823
1665
692
931
563
584
91
1543
1691
1274
1868
489
636
735
466
1105
44
1165
1661
918
241
549
712
18
242
1954
1251
1422
1264
1796
1740
69
697
659
189
1930
1921
1832
1151
1092
1620
5
283
456
1713
734
1228
1568
510
531
1609
1327
416
1960
1020
1408
987
877
902
1186
1823
29
2047
247
1145
449
330
737
1404
2007
780
250
1544
437
1673
1935
1315
949
517
502
236
485
599
2033
1333
1680
874
695
1212
1482
1820
1563
1061
811
260
473
681
1089
1612
1600
1531
133
1081
377
930
173
534
1063
1768
35
696
809
1864
724
715
1897
200
639
480
97
559
680
1287
928
1397
248
356
708
768
11
118
1983
1416
528
457
511
598
1371
1405
2001
818
1456
1839
1975
1788
1054
1494
552
442
299
1861
924
75
1004
393
955
526
797
1313
331
1712
156
1490
1285
1763
1066
1288
142
1199
203
1449
1220
1611
1538
1550
1077
1085
399
2003
743
1305
1667
1762
1553
1384
1777
1993
1621
71
1102
1502
532
1728
1509
687
199
1910
1078
1754
1742
1062
1707
889
1149
1589
861
885
1748
263
1645
1263
1159
295
1498
1480
1870
477
748
1934
136
1003
1200
540
1838
1150
1947
1160
339
1872
767
944
1040
1361
1771
1981
215
1421
143
492
1723
579
621
727
1958
1574
913
1476
272
1380
1971
1944
475
440
1519
154
1591
721
1335
2011
772
422
171
1174
1560
506
37
900
1854
685
1376
296
1325
1579
536
1936
1411
476
126
1973
1010
1461
361
969
1906
981
871
490
1017
139
1475
578
946
1195
1029
293
205
311
228
1156
167
1641
461
223
1811
397
231
1437
872
211
9
1948
345
710
1454
571
732
890
942
573
866
1915
108
2005
1314
1705
507
660
201
1298
1610
1270
1111
896
232
1724
787
155
1211
525
1635
977
535
1239
1871
1625
1217
1168
782
1459
1354
1415
1966
1013
1464
1711
425
2006
671
174
1152
1426
453
350
81
1616
1996
1912
1417
1827
765
16
1169
1381
204
2009
56
1819
1329
1319
1273
80
764
1002
1233
220
1652
1773
941
1731
1842
1877
1312
159
76
1455
1937
389
1727
415
1136
888
314
1180
1802
1203
1847
1019
1978
431
644
360
129
193
1256
281
1522
666
1402
255
546
1222
1630
1790
432
960
92
1394
1688
229
513
496
1858
190
1565
426
1120
595
1126
206
1516
1557
1977
1428
1196
1841
1295
317
1546
1087
1995
555
153
2013
150
2039
346
495
1940
3
919
253
1011
1512
562
1884
1515
1129
1576
993
433
808
633
1363
1322
1739
676
1308
761
1390
186
1818
974
1919
1640
1028
1989
149
1084
275
1378
326
1701
33
371
1666
1409
1141
1863
410
1772
1653
107
779
1007
1347
1039
1998
1693
833
740
130
652
783
2
1830
988
256
26
1473
68
148
1955
470
122
838
1835
435
17
1389
267
1734
479
319
79
1243
7
1467
834
468
1521
1874
487
1774
1468
362
824
354
217
1795
59
313
1356
938
141
385
586
1334
1047
1216
398
1024
1562
1
868
1355
1694
404
1794
1717
668
908
975
332
266
1178
96
564
1373
1075
1834
1647
1564
1132
498
1892
1318
1622
670
270
1902
1760
665
447
1703
688
63
1229
653
749
589
359
1730
1022
163
873
40
635
1499
300
1236
450
2043
233
2036
581
1137
1382
1098
315
602
379
903
820
572
1296
638
111
529
841
656
1750
191
747
62
297
19
1079
77
762
596
1460
1679
282
790
1617
1869
443
1594
2022
1367
716
179
519
1658
1043
613
436
1330
701
194
1540
1675
1486
1481
1624
1064
508
60
1764
383
370
585
1219
166
1086
10
1588
948
1699
1474
725
1179
752
2010
8
989
769
591
587
446
1500
1336
972
1130
1450
23
870
574
1595
794
374
1719
64
25
1817
627
997
2019
1684
1781
1451
42
125
2035
210
392
553
151
165
1554
1238
1163
1187
1547
879
894
1571
47
2046
570
1683
1801
32
209
1177
1135
1030
1469
853
1627
1655
1241
984
444
1497
1968
22
226
478
1059
365
213
939
773
417
1528
1139
1526
662
499
1669
463
1154
402
730
411
616
1953
1018
1503
973
956
83
1867
1894
1920
1331
693
1668
862
970
1443
751
1850
252
1221
1614
923
54
1810
380
333
6
