586
870
570
740
88
147
1578
388
1541
1732
2041
557
1378
1632
1706
1493
344
1371
1977
1316
1682
1814
2040
1673
1854
1601
1928
1863
1312
1458
873
206
1194
1658
1339
2000
711
464
486
1213
688
1381
1942
1522
1589
1870
1425
1551
1263
382
1960
395
278
1383
203
2030
320
1162
640
1552
1475
1933
1526
1582
1762
1279
1848
1007
1416
1759
156
1410
1618
1136
512
2005
748
287
1694
115
624
828
1437
1733
171
497
957
1713
1268
138
1722
97
98
435
1690
258
866
454
279
696
27
662
840
433
26
1796
821
1284
475
883
1032
83
1267
1399
1293
1390
945
787
1068
160
354
879
103
176
613
942
599
289
1015
390
1800
666
667
1826
1127
970
938
987
937
102
1734
1395
944
379
876
1953
1294
777
612
16
276
1014
1351
698
1159
190
1726
1411
1434
1183
700
1839
887
1920
41
1885
593
1140
765
398
1071
413
1298
1122
542
538
1300
1512
602
817
173
560
582
1010
374
1360
1040
75
2043
64
556
2033
1787
1170
1380
1402
502
1251
243
297
1112
1220
588
473
1571
1523
1542
849
1631
380
1705
2015
1753
1093
1474
1177
321
976
892
1599
1483
628
514
1954
1033
895
148
1709
1566
1490
819
1556
1234
680
2004
1273
1097
1446
1244
1531
296
1676
741
1408
1495
543
1365
295
40
1902
616
338
1740
3
150
1261
1392
331
814
1788
1497
877
703
349
44
81
45
1574
736
2042
509
52
481
1215
96
131
823
1269
1491
1171
175
1227
1180
1073
638
1195
1646
690
1668
31
808
1104
1515
1278
316
1855
1451
754
652
1409
1276
1167
2001
1669
1952
2025
730
1207
257
1356
850
308
707
1165
1173
1193
809
1711
1605
1019
1484
1970
488
1841
799
517
905
1685
1428
1492
834
882
1930
862
943
755
1615
1209
1335
1470
1687
1505
1397
636
1786
561
623
1813
1981
2027
1083
901
701
1394
1309
1645
637
1008
1581
654
1287
237
1407
357
1499
489
1080
504
954
1318
2009
1697
47
286
1304
120
1200
265
362
1540
672
1384
210
2036
1315
635
669
1715
1281
19
1046
1535
659
1789
1985
528
17
694
1114
1919
77
1388
704
832
773
510
2029
1003
126
1550
458
1182
989
74
1429
251
248
1295
562
1305
355
1555
209
644
1594
343
1382
1038
1043
1105
1591
1880
1903
396
402
405
263
1895
894
452
33
1576
1307
833
1629
1053
609
1124
1111
450
743
313
1852
1752
1922
671
326
903
186
975
460
309
1070
1057
1265
1749
839
1130
1323
893
1979
180
1306
1099
1600
1321
392
1913
418
1757
1616
1256
2019
734
1843
1819
1224
214
674
1148
1986
1069
1421
1188
631
1881
1834
1401
909
806
325
1507
1253
378
158
1129
801
139
76
1138
1347
235
225
525
110
1900
547
149
1961
1945
815
1785
757
632
106
1980
1185
1738
558
293
611
544
227
1376
267
1611
1975
1151
1204
1058
825
42
1704
1143
1527
170
1350
1884
964
1829
759
85
2039
242
1564
1938
2021
141
1657
749
705
377
534
1299
229
984
1860
470
541
1275
274
264
569
1175
408
926
960
53
284
1005
1911
1545
403
1784
459
453
1955
318
1374
939
737
1291
1061
421
163
471
1593
401
868
245
1972
451
1422
1076
762
1532
1400
786
1678
474
466
935
735
406
417
1311
966
1226
416
813
805
845
1190
301
622
1544
1463
782
400
1217
1755
192
766
1746
1570
1228
1452
1995
1808
1320
90
878
1557
643
1288
1664
923
668
779
1372
768
1013
1508
1695
1152
1417
1525
951
1172
2034
107
838
508
1890
387
603
397
1652
1192
929
1767
641
1106
1009
1831
1277
1363
1348
384
540
29
1412
513
1590
1156
1346
117
948
1806
1809
1095
346
1667
1480
399
795
751
485
125
1469
1036
1719
781
312
1176
1956
1577
1481
1359
979
516
967
18
1225
1994
477
11
1684
1883
1448
1002
600
1477
1449
505
142
1791
2016
1700
1797
949
1858
784
1744
841
256
1258
1679
105
664
897
518
871
785
1910
930
116
842
606
218
670
324
1686
520
252
907
137
1941
761
1280
501
60
810
908
1272
1776
1034
1636
732
1181
645
1021
136
619
571
1798
1835
1865
217
1891
1583
37
1729
23
554
1487
584
95
2
1978
1438
1637
440
1168
1161
991
1248
121
38
772
1837
1126
1125
856
676
280
307
993
1418
254
990
1055
843
1025
386
2003
183
303
1302
1191
1488
1519
2008
1889
744
816
911
250
981
240
1391
112
114
371
1991
1764
591
461
1123
1231
620
1096
1334
1457
350
1763
965
959
1553
775
1375
1414
1982
1110
288
247
1771
1472
1349
1724
918
529
708
750
535
322
1692
1489
1554
1142
683
1614
351
1352
1341
484
1029
283
790
1856
566
1066
1923
1818
1257
1205
998
1203
947
412
1859
1827
630
796
337
500
710
1086
332
919
347
86
1886
432
1621
419
1222
946
215
900
472
2037
181
537
1462
1441
393
1082
185
492
660
1524
1274
1107
1633
272
1153
1092
1135
487
1815
7
1782
2018
1882
1736
165
1816
1504
152
1189
427
983
1712
731
565
745
483
1017
1703
340
352
1091
6
1137
82
608
1659
912
1366
1608
653
1993
1358
1503
1775
1651
869
596
1184
763
1328
774
715
1041
980
1243
934
361
1379
73
1701
155
1864
1935
1144
1501
200
579
1042
1622
1326
1873
1117
359
385
1988
244
1427
1969
1336
1088
1479
462
1721
1004
1810
1538
917
66
146
383
1828
874
1494
1419
1547
646
1022
1756
2035
273
1909
1101
1530
1639
647
1946
530
549
1240
1656
39
1648
425
1063
93
1850
1085
1045
216
1255
333
532
1322
1892
319
1968
304
827
724
1453
1610
1921
1266
1974
1329
56
1838
1718
1822
1628
1866
20
36
2020
863
409
1793
1874
490
2010
1688
902
812
649
1443
1638
527
55
189
1876
1959
367
706
1237
1052
1964
130
1693
1758
2023
860
1901
1537
552
555
1812
1847
820
1296
1624
1761
282
1833
1426
1871
830
275
896
595
940
438
1044
977
266
1146
1573
678
1178
714
1830
71
1345
1016
109
788
723
79
420
1543
341
798
1765
129
311
1730
986
1931
851
25
1051
1824
1559
716
890
1089
968
2024
1239
1163
1917
1707
921
1250
709
1415
1844
1568
1672
1939
1035
656
1325
594
58
684
506
1965
718
1049
673
365
521
697
598
686
1134
1313
1179
1849
1361
128
1999
437
1962
1026
494
1887
1878
1337
134
1169
1230
853
491
969
1580
642
1018
1823
1817
80
164
1211
884
2044
1625
1944
1465
1252
1799
1511
1840
499
791
1102
1098
847
1485
1310
1219
1357
1567
434
639
1966
191
551
1731
1644
1513
226
626
1510
174
1464
1241
1
222
1079
28
49
298
1699
1596
1967
852
1077
1212
151
789
124
285
1867
1666
925
1037
1486
601
753
1743
679
1154
1997
999
356
589
699
255
239
1301
531
1064
1174
1603
246
67
436
1710
99
1790
576
1271
545
559
681
207
1006
479
1027
1286
108
1627
323
426
1131
1078
1689
1164
62
587
394
91
68
220
1908
2014
689
1620
888
482
241
135
1186
1054
685
519
524
334
1558
100
627
1845
327
837
848
928
1655
290
604
1521
1081
1393
1396
30
48
159
1950
1579
1445
797
441
1926
692
2011
1626
916
415
1149
1634
1308
771
1783
195
1355
1158
1842
1116
1748
898
1660
1147
1516
92
712
1663
21
444
1506
1338
590
1768
123
1246
373
34
366
1447
803
87
127
448
1984
563
1741
1691
1989
187
1760
496
722
927
1442
1509
15
1214
1949
1717
495
1155
738
281
1354
143
113
1773
465
305
746
24
1670
133
422
891
1606
867
1565
1723
1060
14
1461
1460
1517
962
1297
111
1431
742
1602
861
780
1218
971
651
4
1735
1643
836
302
493
299
1282
478
1157
455
963
826
1653
1696
1772
1433
144
306
1862
1708
1285
932
1229
84
583
1750
1774
885
577
1145
369
213
523
46
118
1028
818
1319
1546
1987
1888
208
1235
1727
1232
1000
1223
1047
1897
996
574
10
1260
1905
580
317
1916
1119
70
625
846
691
168
1778
910
985
1121
204
1259
1548
154
618
1406
1677
1242
328
1353
592
178
924
1536
1072
348
391
1386
607
1971
1059
1344
1011
1389
920
2026
2046
169
277
9
1957
1745
1020
1932
1640
865
1635
1292
2038
858
578
1108
859
1779
2002
197
1436
1912
202
961
1899
1444
1586
198
476
881
1562
1206
1936
179
1973
199
992
2028
719
1238
1747
1343
1671
1498
1996
1976
955
1877
682
720
145
260
770
824
1370
1680
1825
956
1094
958
1958
550
2012
122
104
585
342
59
1377
468
1925
575
1662
1907
804
756
428
1496
1139
467
725
573
1001
2007
339
360
271
792
1031
728
1561
161
1781
43
922
972
1598
982
802
793
1087
727
1367
1857
1120
1794
1832
50
1947
1915
739
2006
1216
1963
1404
219
702
831
913
1050
253
8
1283
1067
1398
661
1471
1109
1948
1201
57
1792
941
1737
2031
446
1572
63
1869
22
1166
1290
443
533
864
658
196
829
1233
291
1641
78
336
469
1342
1084
1777
1473
262
1585
184
89
449
778
1595
1413
228
1714
794
410
546
194
442
1141
1369
1332
177
1467
1039
330
1528
1210
1150
94
414
167
1992
1875
880
1681
1074
188
1868
572
1592
1387
1569
1795
389
1820
1650
1478
1468
268
1423
1617
1103
1924
1534
713
172
1893
457
1630
249
1623
1476
1456
665
1403
1533
1716
752
1770
695
358
522
1728
1990
1654
567
157
221
430
1607
372
1914
1303
132
1665
1619
835
1898
1254
621
1454
0
2017
1500
12
2032
315
1674
1090
1754
1459
515
1030
1803
376
904
223
1683
629
69
1642
854
1520
166
1208
193
439
1236
1851
717
236
1872
1802
205
335
54
1364
1373
1115
767
1853
663
65
375
764
1929
952
407
233
655
1331
1769
1801
429
1587
721
1937
212
370
536
886
1518
800
650
1368
72
978
615
988
1549
1024
1502
1317
1894
776
1327
872
1199
1539
314
101
933
1333
997
230
368
1742
899
733
431
1432
1439
1062
1132
292
1100
353
1751
1128
1725
657
1362
995
1940
224
539
811
1661
1604
1270
153
363
936
1805
1934
1529
614
1424
1951
726
1247
162
51
5
1340
1289
1012
1160
1906
564
294
1450
182
931
822
675
1861
1330
1720
526
1584
855
610
568
140
1405
1836
238
953
1113
119
1466
1187
1075
617
1575
1430
364
511
1998
1048
807
693
687
32
424
463
1612
857
61
13
634
648
270
844
1420
1597
2022
605
1698
1943
581
1739
1118
1918
1133
1198
2045
2047
201
1563
914
1202
758
231
507
503
1514
677
480
1196
1314
1221
889
548
1896
1807
447
1647
1435
553
1649
423
498
597
1904
1675
1821
1609
747
950
2013
1482
1780
1983
875
259
1846
1324
760
1588
1613
1455
1811
300
345
906
1440
1385
769
729
1879
1245
456
1023
1927
232
1766
783
404
1056
1702
1262
211
1804
411
1249
445
973
1264
269
234
1065
329
1197
1560
633
35
974
310
994
915
261
381
