814
1843
850
295
716
226
986
1892
535
1709
321
1415
1453
1266
224
537
297
1782
1253
1558
1882
1514
1984
1016
1207
520
878
1033
1101
598
325
1106
359
1299
1716
183
1468
662
1970
670
1120
1580
1522
539
32
2012
1877
1316
56
580
1810
787
1772
1191
1683
1290
116
798
353
19
1001
1323
1163
1596
1272
1170
45
75
1322
1610
279
929
1344
547
319
190
1360
1858
2002
829
626
963
1677
1006
1941
773
1836
436
518
233
583
89
1523
236
1088
1362
420
92
1921
347
1249
1969
684
411
370
369
1609
2024
318
239
1977
278
789
367
911
287
1171
1673
21
1422
560
1130
464
1229
1050
1320
1134
2029
1573
1235
1953
1855
1512
512
1341
890
1713
633
1439
54
1861
335
924
1423
1521
1405
777
1201
793
1851
194
582
1783
1274
1880
2014
739
552
1983
1343
1805
548
1395
679
1338
1470
892
1714
955
400
977
592
443
802
1940
1022
915
1070
77
131
1026
1528
930
1037
551
1679
1459
801
740
129
1647
1643
806
680
202
936
1132
1309
1401
2030
419
1224
505
1456
627
337
950
1852
603
682
352
1902
1583
182
1780
310
317
1883
1588
1906
1230
669
1621
742
1330
2018
763
1959
1808
234
1273
1806
213
1632
746
1727
27
1555
521
753
344
35
1488
307
1287
381
1410
752
866
128
883
397
1150
459
604
875
982
553
1248
1268
928
1291
1603
1258
1960
2043
1828
1066
885
2026
1773
1797
1095
442
1214
1518
7
694
939
1232
1005
1275
1802
1520
69
132
609
1866
434
250
1317
228
1389
1469
1142
106
1592
1825
188
1557
1318
1143
1233
1505
1827
1822
475
1680
1100
454
624
1636
1430
1546
1751
1355
673
1003
458
130
546
785
1041
1061
1083
849
1908
1531
879
1646
2003
1739
886
1981
1049
1475
1868
416
1879
1404
1907
1265
1628
1584
800
830
1738
1329
701
809
968
1315
1492
623
1926
1895
1955
1059
120
59
405
1612
1978
595
1114
1452
730
485
1490
568
600
1220
433
1853
1350
1987
390
1008
1077
1958
338
345
797
1954
981
296
530
1688
513
1141
997
979
1038
178
276
654
834
1705
52
826
676
1157
725
500
139
125
1607
1369
481
393
902
1047
1617
723
1747
803
1962
517
1127
621
1515
1282
84
1508
700
754
158
946
872
90
1034
482
1604
82
1046
453
1737
1495
1720
1976
1746
104
1504
538
1655
2033
1310
323
316
1284
644
1271
1058
173
189
1085
650
1064
1702
1445
1198
1606
1080
1189
1203
542
414
1412
95
1007
1298
1722
308
794
1131
985
1
424
1891
755
341
1564
1824
1165
631
1568
2004
491
527
1065
1618
1188
729
733
258
48
1040
1391
1113
391
1082
1659
1501
599
1874
17
792
690
1885
215
1126
1541
1428
1791
11
1458
1862
1597
1478
23
574
473
398
750
771
1937
563
923
1784
1830
1472
564
1055
33
88
1417
895
62
299
865
652
1278
808
510
1598
874
612
201
8
1460
1996
227
96
1764
455
791
1140
252
922
637
905
828
1358
868
594
326
1664
43
751
813
881
759
857
1387
1425
1226
1847
920
778
1112
431
1481
137
1351
799
126
2025
810
805
298
241
1187
1777
452
615
851
1589
1111
1361
1454
1681
871
389
726
976
843
925
133
1185
1487
1538
1145
1097
1718
508
1994
1499
926
1925
340
1177
894
494
1374
430
1237
1968
1357
1601
1327
1182
953
1152
1832
2045
738
1381
990
293
784
223
245
940
686
1102
1153
2041
1378
815
206
820
1735
1932
1348
363
402
1814
1117
967
1635
1094
1532
478
1093
1388
220
703
854
1200
1511
1579
246
1156
117
1711
1385
695
269
893
2037
667
764
376
1931
1985
427
1653
1147
1183
2046
67
1769
1516
747
1741
46
203
1294
1654
1377
2000
1682
1563
383
1072
1471
1431
1920
526
86
1392
714
1913
965
312
1971
1489
1449
2027
217
1762
1174
1767
638
1760
970
980
1076
1834
761
1781
235
1624
1554
1261
1251
1089
1485
653
1899
630
1675
499
1645
1502
1227
656
629
722
2047
1393
1648
1048
841
1633
781
846
1031
917
1547
1730
1972
121
944
795
267
1867
711
404
707
212
825
4
1826
2036
1611
1314
687
1776
1247
1745
490
60
1914
1600
1800
1444
660
1540
1397
1103
1807
772
1276
1763
1024
1073
642
706
184
597
91
501
1119
288
81
704
864
1986
622
758
1835
232
165
561
2023
425
1785
74
255
1326
1474
532
1524
575
1339
736
1567
2015
1794
12
1084
1733
3
1742
44
1238
351
702
713
1927
674
1246
945
160
399
1167
294
897
366
1328
244
665
1963
1625
1421
1816
176
1009
606
1262
1091
533
360
954
1910
1878
619
2020
181
1219
426
1053
1535
1068
908
916
1700
462
378
1728
1870
1916
1116
187
47
558
859
72
972
1035
1173
1042
282
394
343
175
1543
1039
1534
463
164
218
1506
1483
956
941
1013
1560
1125
1869
1876
274
1197
1379
1331
971
2042
373
1765
1345
101
2038
435
1918
876
1334
1301
1640
804
1242
1252
721
1283
260
503
935
1993
1353
334
231
1373
1137
2001
1324
1164
648
1943
1416
1848
616
471
765
163
1462
461
827
975
635
31
1129
1296
403
1023
807
1533
839
355
94
1054
305
961
818
960
899
732
966
1264
1180
180
292
407
1014
567
1484
1021
1166
362
388
549
948
1213
225
1599
1349
770
263
1997
639
519
2021
1884
57
479
1429
1678
111
634
122
655
2034
525
2017
663
447
1386
1803
2032
422
1982
1753
821
502
401
1551
840
1817
1704
534
1384
13
731
1025
1576
1657
413
1809
900
205
1726
767
1295
745
387
914
124
1903
2044
1898
896
1619
300
396
904
1829
1414
42
1464
410
1441
823
1313
1437
912
932
311
1990
614
783
1894
1756
889
943
270
171
831
906
484
608
1333
1234
40
1359
1900
1169
1577
1790
1426
1693
1162
1004
1838
55
1919
909
30
1823
110
1897
1905
303
1019
1575
346
705
277
994
1989
969
579
415
1286
1875
204
1626
887
543
266
428
974
301
16
162
154
1218
2005
1690
148
497
1890
2035
392
256
1775
1356
1027
1244
2031
1012
1581
1973
65
1901
1698
448
284
1319
247
118
488
107
1833
869
1571
1665
467
578
992
1871
123
602
272
349
1108
938
1263
470
313
108
1342
36
581
166
1011
1210
1155
1840
596
1365
1613
1383
1715
64
1461
1432
1549
1259
1754
379
487
1436
898
198
719
1723
511
524
847
333
1642
768
375
1757
1467
591
691
1186
964
457
675
1465
848
1912
230
251
931
1277
516
1447
1734
41
625
1510
882
2008
1706
1168
1002
1570
1872
952
1595
1239
76
1498
1929
708
668
159
1933
1550
1766
195
1819
1402
489
766
191
1062
361
1135
1063
1886
222
29
1346
541
1837
880
2007
259
474
127
1915
1149
1308
1839
856
1496
1813
377
1904
179
565
958
987
1787
78
1448
254
253
1128
531
1194
143
1529
919
140
1873
989
364
647
1638
1507
659
757
1190
812
1663
1199
640
1440
1676
1988
34
775
100
356
465
651
1179
1079
942
1211
717
70
1744
423
1240
1221
51
1650
1124
289
207
1778
1368
1418
1104
155
1854
1195
1297
693
138
996
845
576
509
1818
275
1622
58
451
1950
737
219
1403
150
1696
437
959
1586
324
1407
618
1057
566
185
1420
22
1087
306
605
1399
613
1572
947
1105
1254
1450
97
1539
1223
1865
281
1574
2040
735
1639
237
1793
1206
1849
1644
610
348
1965
664
1212
112
1792
483
1759
1708
1269
114
1656
937
1480
49
265
136
817
444
562
1279
1202
417
1974
646
1815
681
2028
949
1245
1280
1998
1463
836
995
1032
368
1732
1109
1413
1366
486
1831
1267
1078
1151
1992
24
2022
724
720
718
177
421
450
1375
853
617
1146
1494
248
249
1380
1863
901
144
1537
1957
1743
1260
1340
951
933
921
151
1438
1761
493
1406
658
1804
1930
762
1938
577
523
1044
320
211
105
172
1967
1289
429
903
439
1364
1056
844
1887
1107
1966
504
466
779
257
408
2010
570
1758
1740
229
589
1193
1184
1608
339
1052
727
314
861
1347
302
1148
1634
170
741
1010
193
495
1255
590
1641
1548
1841
68
1217
83
1434
569
1881
2013
328
1672
1215
1071
1605
1312
15
271
1121
477
649
1936
957
1122
1099
192
374
1176
1409
386
643
683
273
1225
978
1652
863
1306
611
1473
689
927
1090
585
1856
61
636
432
1798
1372
867
1668
280
1922
748
1098
870
1566
1911
1602
855
1893
1433
1614
1562
357
1923
167
492
1717
1500
672
1975
1303
1593
1980
168
18
782
135
342
1689
1725
1692
1748
1455
671
1587
1250
1845
1669
1695
1896
1542
1045
1256
20
1615
1779
1770
1491
514
208
554
572
1074
934
1029
1482
1691
749
449
1630
1479
601
1616
835
907
645
1719
1427
1300
819
1951
1860
1243
788
2039
441
1376
811
620
555
858
1934
1842
238
1139
71
628
1367
103
1075
1270
1442
661
822
1556
1530
657
1043
913
1096
699
1304
1138
1028
152
5
1768
2011
1812
1928
1398
1979
1795
365
372
406
1192
1067
573
1086
79
412
587
1175
1661
1585
1796
1559
264
1123
991
113
692
1336
286
507
677
824
371
169
1786
1285
1995
999
283
385
1627
25
1178
1136
200
1578
98
468
480
1961
1687
146
14
1712
685
395
440
1949
837
1446
1172
409
93
1020
891
350
1435
476
50
1457
156
80
1526
1509
456
1332
161
709
1701
1302
696
1942
540
1307
1846
1620
216
1909
1396
309
446
1844
1205
115
1749
545
1400
1707
1686
10
1370
2019
1382
1000
469
331
1864
1703
790
262
1623
53
962
63
2016
559
760
445
196
1724
1451
743
1160
1060
1799
1236
744
983
290
918
688
214
1952
1325
1666
0
1948
1752
666
1527
1582
1305
1789
1051
1565
1181
134
1486
354
1684
382
209
145
1311
1411
199
243
712
515
1947
1335
330
833
1850
242
304
87
1721
1649
1390
838
358
1917
1288
315
1371
910
586
1755
418
1228
85
1069
438
816
1443
1774
1924
1788
1017
1477
9
1517
1667
1536
1216
1231
1503
186
1352
1408
336
998
984
1631
99
584
28
1281
593
1658
6
141
1939
1670
1964
2006
1133
1209
1888
240
1685
1363
1946
1945
1889
1637
786
39
268
1519
174
1196
1561
1699
607
1030
1671
37
780
1513
1493
796
852
1015
888
384
1394
1081
1731
1158
1544
119
147
993
715
873
571
1161
1419
1771
327
1999
1820
1204
774
285
884
1292
1354
1801
1424
329
544
728
862
1553
1991
832
550
1944
1674
522
1321
1956
26
1018
2
1590
557
756
1208
536
842
1697
380
1594
197
1811
153
1144
2009
261
38
1729
291
1159
1545
632
988
1110
769
109
1935
776
1466
102
1241
710
460
210
1497
973
496
1662
157
678
698
149
588
1525
1694
221
142
528
1859
1036
1857
1569
1476
1092
1118
529
1736
1552
498
1710
641
1293
1337
1222
877
322
332
1629
556
697
66
1257
1115
1591
1154
860
734
73
472
1651
1750
506
1660
1821
