687
1074
139
1268
893
928
1099
970
1154
791
1144
1301
257
1894
1111
641
2019
1651
1473
646
1778
642
985
141
1792
1235
1635
1812
1052
513
2005
1739
1770
1341
1809
1490
1307
920
1590
1721
93
63
1372
1476
1532
1880
1602
867
204
213
1621
986
2021
538
1165
312
1453
1712
499
1278
1317
1934
1203
1720
1407
1678
2008
1313
1776
405
365
54
1008
1332
1551
654
1516
441
360
1863
912
1305
1724
1597
1507
2028
25
1791
1047
755
1865
999
98
493
169
41
883
46
282
399
232
1989
789
498
1584
842
1455
7
1184
432
1949
1229
946
979
1204
1864
1787
478
1789
1888
427
847
114
481
752
1323
58
802
1897
878
1246
103
632
491
1152
10
1139
227
297
1294
1671
1351
809
381
2018
1673
1452
512
1525
180
1209
889
423
876
125
1002
221
769
1350
1553
1876
1119
1781
1239
875
1783
521
100
217
1950
339
724
1797
1251
1738
1
760
1161
338
476
1680
1107
962
1560
1723
1183
1389
289
1731
2003
60
532
503
1804
1098
959
743
1446
1800
1489
445
772
185
2036
20
530
1748
1044
1972
202
1806
334
362
189
1794
140
1878
795
1110
1143
34
160
228
812
1536
710
1125
1998
987
1472
911
1079
1409
1426
198
1020
463
224
892
152
1039
376
1194
1232
945
922
545
733
544
42
2043
671
801
1390
406
523
178
183
909
1474
1834
382
1630
1995
1814
891
24
411
380
239
1373
1431
684
645
1992
1087
1487
417
680
1694
1642
1785
854
650
1422
779
209
1393
1475
563
1859
1830
407
536
640
1124
1065
534
1837
1533
1928
865
2024
1038
1614
992
1613
1877
514
666
1395
1090
696
1662
569
677
1576
1550
1011
1225
1025
327
612
745
1108
373
557
1700
1695
464
1919
1056
1287
1289
255
1575
147
2038
27
624
1175
82
1661
431
1333
1734
1744
211
1449
416
351
1619
590
1749
1129
882
966
355
1997
1906
301
988
1601
910
501
101
2
1921
1914
1854
1871
1586
751
1199
1793
30
106
627
592
1697
1669
1761
786
17
1342
1123
1250
1281
1915
363
199
1852
299
1609
778
2001
818
1990
413
1736
220
957
307
1611
1668
2013
879
350
1016
907
467
316
1169
1334
919
1762
170
1104
1109
1223
203
1252
2042
1086
133
378
722
1816
1066
1925
734
902
1286
1014
1382
848
1648
1207
1971
13
1102
269
1328
868
38
832
303
242
1114
890
757
1256
9
607
1596
1458
40
1148
550
425
1752
1003
1218
1269
633
1249
161
2022
1078
118
216
938
934
1088
205
435
1112
1537
664
465
531
596
400
1147
275
564
1552
1618
1741
1385
807
1638
304
424
371
1360
520
146
906
803
1811
636
825
1427
547
1612
690
1909
2033
1705
453
1050
1031
1083
1913
1368
1344
1198
1150
908
991
123
43
162
1722
171
1186
395
869
187
792
1211
85
799
763
165
1059
1653
657
1075
418
895
1046
4
1836
1790
1924
49
555
1823
244
1244
176
941
916
474
767
319
931
773
628
1040
391
1117
1707
676
1556
485
2015
1542
1643
694
504
323
57
1414
739
1798
742
1362
709
137
184
1037
1632
404
1421
994
695
634
623
129
804
1030
1980
815
748
422
1974
758
1180
1371
1767
1028
609
586
850
1399
97
781
59
1838
1903
810
1965
983
651
674
429
1418
730
1387
345
717
397
956
1773
678
1004
1456
820
1629
1168
1984
214
1521
1049
1501
720
444
1264
305
997
1855
290
834
1227
643
780
1577
1293
479
1316
527
1667
2025
120
1272
1522
322
470
1188
982
961
656
226
1959
1967
1131
577
1644
1848
15
480
826
936
150
874
620
1445
2035
421
105
836
845
1130
1708
1956
1655
53
1416
1018
1759
1676
1366
1983
1932
379
2040
229
375
1097
317
610
729
398
1715
466
692
1953
143
1541
965
1872
617
1947
127
1711
708
990
87
963
186
1886
898
1325
1917
1160
1891
618
1818
1688
1436
1968
613
870
233
1051
1665
1392
736
352
950
1617
88
14
1248
811
473
1208
1710
1187
1013
490
1963
181
969
483
579
455
843
1569
1136
35
278
1054
706
762
933
606
1786
2041
1024
494
539
572
1053
16
1135
1045
1986
419
6
250
396
1326
827
1777
947
1348
1224
1641
553
390
308
546
1696
856
2020
1555
584
1779
121
1463
1991
1048
402
556
1645
1981
148
487
145
770
714
984
1952
260
1682
21
1664
796
1964
976
688
374
1957
594
595
136
1157
578
182
1266
830
271
196
292
1122
662
86
122
1465
619
285
1367
518
197
279
798
1627
1309
702
837
637
310
2037
588
1254
296
1545
1296
1386
581
71
1860
124
1283
1437
1067
580
251
1916
489
158
1548
1177
1164
388
998
1604
1084
1145
291
663
1441
452
1874
201
70
1554
1756
685
1861
981
252
1469
39
1853
866
272
2004
1478
1092
69
119
1447
575
787
1429
1581
689
2009
567
554
519
1660
835
361
298
1702
940
649
1763
926
156
492
1728
311
364
394
1639
2014
83
974
1460
188
790
1659
1593
2047
1391
1626
1518
210
1654
1595
1126
1058
50
1352
437
1202
325
1454
1954
1908
1127
268
359
243
1290
377
154
1041
1815
565
718
1267
1423
1946
192
593
439
1196
1978
309
817
263
36
1486
903
1585
1068
79
1424
670
1568
771
1358
1377
267
1001
1562
723
1709
732
409
1930
932
1383
1027
1128
191
1263
318
1167
1466
1591
51
223
1517
126
1201
1583
783
1026
393
1364
840
1955
900
117
1494
923
1565
1849
1417
543
626
281
740
1022
0
1735
1444
1529
1361
750
1021
1929
1598
1195
942
915
927
1206
1631
2039
1826
324
785
175
816
245
808
1875
2031
1746
561
1405
589
1637
647
1690
1540
1858
208
1988
1245
1069
1650
1831
1450
1388
975
1141
206
1155
1656
871
1616
630
1893
535
218
1345
2007
885
454
597
1094
570
99
18
1810
2030
459
658
78
1824
2034
1937
1406
11
408
1594
1428
1931
951
526
12
329
1499
1236
1370
1561
1213
1851
1766
1349
1274
862
1277
551
168
66
1419
1646
833
1190
1357
1898
1920
131
2016
231
1936
1197
701
1402
1174
1566
582
1106
1620
90
558
107
1217
472
80
700
1802
1448
1271
1394
349
704
884
1029
1899
1134
1636
471
2011
846
270
1515
1485
8
1226
1158
1073
306
1751
855
219
241
1985
401
823
1780
438
573
1219
1911
1113
230
1118
1895
64
754
1095
1982
234
1538
887
1850
1905
1314
1606
1397
1493
357
944
738
91
1987
1726
591
1234
195
1599
971
1477
1230
254
283
711
1337
1535
1544
1300
495
608
367
913
1140
1070
179
1902
1291
1603
1782
1443
326
1856
193
655
225
1829
385
1922
341
1907
1675
295
517
1430
506
1120
2000
797
1881
1623
1353
1282
1292
1339
1549
240
1681
274
500
335
172
166
28
134
703
426
939
1567
1179
629
1729
1413
749
1862
94
1889
1869
1253
387
1534
2029
1089
1683
155
1900
2010
1221
943
138
1172
1589
1354
583
1658
1580
1479
899
1764
1801
1365
1071
861
1530
1319
1578
841
1807
1170
74
905
852
1847
715
1901
765
389
1994
1704
128
450
37
174
23
1940
1335
104
652
458
679
1162
1717
337
1412
1883
1408
256
972
52
1146
2023
673
157
1311
1513
1153
1526
451
1121
1765
469
1910
1243
1363
1733
1261
461
1295
442
1173
774
1918
719
925
914
372
1241
1043
1506
888
924
996
824
1844
215
1742
1151
1832
1754
1828
853
872
1557
280
542
1944
44
1019
1166
1329
1212
1896
434
973
1331
828
177
1500
1737
1892
756
1942
1080
486
1273
600
1975
669
410
456
1870
625
1563
502
611
484
1464
1304
1714
496
1691
1381
1504
598
1378
1138
477
332
1355
1719
1784
1265
109
370
320
585
1242
524
1843
1771
851
603
505
347
1970
1369
284
1420
949
475
1689
967
1093
1303
1813
819
1938
1839
1941
764
356
1320
261
302
1841
294
237
1692
1605
1884
1036
449
384
1686
1257
1375
247
116
1817
1403
383
1176
1503
1133
144
1768
72
1753
333
1842
1497
929
716
276
653
1825
1703
132
1531
420
858
744
1520
1425
859
1359
1679
1979
1330
705
682
1042
1803
2026
747
880
784
1103
1438
1805
1879
821
1923
1279
392
1318
1302
1760
839
1774
1171
1238
2044
1820
31
2046
954
980
1615
287
1624
81
1483
300
1573
386
1745
960
1205
838
348
1288
344
516
548
1976
1512
1228
56
92
1137
194
1149
288
1718
515
1572
697
776
354
273
330
1182
525
1509
1933
698
1701
668
1743
1032
1100
1306
631
142
777
1062
822
863
200
1524
1468
635
1462
1259
89
1973
1491
1960
1216
1057
110
75
414
460
1400
149
1270
173
727
1795
1600
342
1926
286
1857
1574
1649
510
111
167
753
1670
1210
1258
2012
533
1322
1492
32
857
1035
599
1396
95
403
1725
831
566
1523
667
881
1845
428
1484
901
346
1713
735
1481
340
930
1958
1904
1260
775
1467
731
1076
1772
522
313
741
712
448
33
541
1185
1061
782
264
1315
1298
47
212
1747
864
1732
1101
1868
1647
759
321
1527
315
1822
1116
746
412
1882
415
1799
1096
707
1193
1159
115
1017
1558
560
713
602
1275
665
73
369
1442
1297
1009
1055
540
1105
1730
1376
660
108
622
576
537
1471
571
1539
1006
1439
1457
1284
1312
1488
1543
19
1505
1336
793
1519
68
102
1511
675
113
1808
1247
1178
1610
1867
1000
614
277
1945
1999
1063
511
699
1666
1698
921
681
1163
1866
507
683
1996
1015
246
262
1758
1564
1034
1072
1214
1663
151
1840
48
1706
443
457
806
1833
1156
1628
135
236
1559
1231
1755
1943
153
1012
1480
1404
937
1571
616
1716
766
644
1482
1727
1077
235
1200
935
1582
65
1415
1432
1887
343
728
1674
1821
1508
1547
1685
1640
1677
1498
509
1285
130
1115
76
1434
266
829
1240
800
1262
1401
1384
794
1085
1587
436
621
672
440
964
1435
1327
1470
1510
358
29
1411
955
1142
995
761
1324
1846
353
1652
917
1961
1625
813
1496
1340
84
1684
1588
1060
952
574
1819
1181
55
587
1912
958
1546
725
1935
953
447
1579
164
886
163
77
1750
1091
1502
446
314
238
1885
1633
568
1827
1495
993
948
1451
2032
894
768
661
897
1775
1622
468
159
968
331
1081
877
5
1962
1687
488
1948
336
1220
1299
1757
1890
1433
482
1380
1699
1788
1657
615
2045
328
529
1939
2027
605
737
918
1082
366
1233
293
2017
1592
190
601
1192
1873
639
1951
849
977
1346
433
253
207
508
1308
2006
1191
1607
1977
2002
26
62
1343
1740
1966
805
978
604
1255
249
1993
1796
726
497
1222
1608
265
1356
659
860
3
1007
1237
1440
1321
1010
45
259
1276
549
1310
693
1461
873
22
648
1215
368
1338
1634
559
1347
1374
896
721
1064
1189
1514
638
1023
112
686
1969
1005
61
96
1398
67
222
528
844
430
552
1379
1410
258
562
1769
1528
989
1280
814
1927
1672
691
248
1835
904
462
1693
1132
1033
1570
788
1459
