453
1718
367
312
124
805
1302
1755
2031
962
1930
379
1494
265
1540
782
1147
596
160
1338
1306
1994
1056
299
938
502
430
654
386
1688
675
636
1399
958
11
55
2036
105
1792
2021
469
209
46
1853
110
2011
2005
301
1107
1430
701
746
834
885
1776
1101
1457
200
693
684
475
318
680
859
719
188
829
1194
1291
1437
1894
2006
364
1865
1012
1214
1590
495
605
1039
705
1283
1307
25
177
1957
357
1837
376
988
511
1655
1427
1444
1824
1352
448
528
1711
274
579
2008
1531
1938
505
1364
961
1428
626
1272
665
355
1049
171
546
471
760
358
488
243
491
9
1016
411
303
61
2007
1842
1545
1557
1891
543
808
529
1396
1389
655
981
976
211
1499
1228
1349
1082
1763
1893
242
293
573
1425
723
407
79
1072
399
1656
1914
1201
1092
347
1612
1184
1011
1658
415
2041
2024
871
403
269
1119
1731
1094
1758
804
1124
720
1424
1416
1517
1988
1407
1518
526
189
1205
600
1601
1181
1478
587
1816
1790
1870
1372
1652
344
1722
608
989
191
1496
728
1951
1489
2044
1683
847
1791
454
1146
363
561
1580
1603
879
541
1240
1466
87
531
1856
1317
825
510
807
1814
1542
1088
646
972
982
1158
1653
1484
1533
822
1741
468
1383
1673
1330
83
501
1639
1053
499
175
1244
753
1348
273
170
1560
152
85
1319
744
1687
1768
1384
477
1798
1269
326
1749
1060
1543
1847
1276
262
1567
1108
1947
1967
2013
113
444
828
666
1030
1122
1730
1916
647
1010
1636
1479
1098
583
1786
68
58
467
552
1975
562
1480
1733
97
436
594
762
119
818
63
1559
1860
380
1405
1971
1936
866
952
1179
267
1089
1667
1344
1804
223
1558
967
1818
424
668
1246
1981
612
1714
1739
1953
1575
1357
1045
1983
1309
1282
210
1491
1607
1354
59
874
2040
1055
167
260
1506
548
843
1881
1040
803
1177
827
1361
674
1036
1547
1566
836
1025
400
1965
154
157
700
1573
780
1007
793
1397
1671
893
1828
117
1826
1779
284
678
1222
802
1725
1710
1116
2020
1320
1929
330
1672
1685
1556
1166
1233
1401
984
1278
461
1259
1167
323
1037
1096
1782
389
221
869
1900
934
449
26
947
1251
1234
184
1700
1481
926
575
963
1511
480
888
1314
1918
1525
36
250
251
733
1068
331
1015
1736
1524
610
656
1898
658
133
1377
231
1686
718
426
1876
878
93
773
1017
1207
1054
319
31
661
465
1013
796
1196
1581
679
427
391
544
325
1549
1608
1208
1849
1067
1568
103
1483
1648
556
973
1966
2042
979
1649
203
1381
256
852
726
1784
1321
72
616
1923
1769
1433
1679
1267
929
1495
1745
75
1296
970
69
1111
1143
1284
1998
239
1252
1960
1986
638
955
257
362
1738
486
1959
1553
1367
849
1019
1021
862
766
1602
1497
1949
660
42
247
1514
143
224
953
116
1572
1356
1485
1872
582
1123
1550
1799
1715
1189
332
1081
1041
1950
470
1134
1005
581
1002
734
1443
1268
245
887
302
1254
1141
1355
1868
1136
1224
599
611
1121
369
192
690
513
360
1133
1432
519
1350
1747
895
1335
1830
875
892
1990
694
107
1995
1515
1729
857
1297
1743
1395
615
149
769
377
619
1705
218
1115
1471
1413
1934
1210
1225
1360
1732
576
114
1646
463
1151
1752
759
1073
1978
1020
1954
2015
1727
913
1142
1857
1761
798
637
1393
1213
2025
539
1231
819
1326
1473
1788
580
451
1812
868
1469
996
1366
1148
860
2046
785
23
1509
2045
687
333
1451
946
1000
1642
1332
2032
395
1877
601
969
457
1771
643
375
1226
2002
1286
1237
1099
1001
817
1899
1131
356
507
1911
1487
1100
1855
824
1341
1569
1434
1508
1438
721
1668
1263
1625
985
1858
1084
1721
294
1358
1090
1621
1422
1109
1997
67
767
201
1925
897
1178
1926
1465
440
810
1578
443
2022
1943
882
699
876
2037
1985
258
538
861
106
707
784
158
56
428
134
1584
366
550
1829
1777
930
783
883
1371
141
169
460
1699
1629
1895
1388
571
1150
101
1692
10
1387
478
1281
125
104
483
1577
663
778
1249
1426
712
1153
1892
1474
943
850
553
1735
1329
71
516
768
208
1112
225
1503
1339
659
1598
745
1513
215
2039
1588
1537
2014
894
1806
138
1766
286
757
1047
99
588
993
1027
240
18
1454
1762
1570
1757
1888
1130
1052
1419
155
749
681
62
1362
1989
617
545
1256
1144
1654
84
1519
1199
1028
586
309
1086
535
844
1183
1740
193
900
1274
931
936
609
1195
1993
372
1800
651
506
1275
1563
781
1033
1328
91
1677
1919
1712
788
288
758
922
921
949
735
629
754
1586
398
38
1172
1532
1203
873
2023
1785
898
525
1138
445
1323
1691
76
607
756
6
1623
1185
1070
212
1429
559
631
1635
1626
764
1681
1103
387
1645
1810
1780
1817
1871
789
731
717
1227
994
1353
324
902
1057
1091
291
806
1833
524
1135
2009
111
713
770
1822
311
1470
1257
43
183
1026
696
625
1182
1680
503
830
396
1071
1253
1546
1442
297
361
682
671
939
1164
1209
704
264
1311
1294
1640
924
1606
96
368
16
916
992
435
1807
1933
2012
1920
131
1486
1063
1709
1505
1316
1117
1728
89
34
1415
1288
1262
557
1277
1342
698
845
1414
1327
420
207
66
1595
667
1927
1772
641
237
1462
1391
1723
960
226
329
2018
174
1896
1862
697
650
1303
1187
1411
964
1369
30
92
508
1836
999
1170
917
1701
903
669
1058
206
736
709
864
1778
1129
742
826
971
1160
1820
968
1032
1707
1461
1592
624
176
310
287
1325
1746
854
416
1751
353
2010
642
1062
1962
622
1120
351
1078
328
1666
20
1258
481
487
1421
811
1693
150
95
1922
1132
1562
739
1852
691
1764
1260
823
1520
253
489
987
163
881
1977
597
1066
229
585
618
1423
255
1490
241
1676
907
295
1697
1834
374
446
708
279
60
1528
1571
1651
727
1315
1322
812
1310
1420
1593
259
1161
1774
965
533
235
1145
1886
1475
276
530
1616
1970
179
853
406
858
126
270
123
1554
1548
966
1436
1105
517
54
1541
1897
1501
1004
1843
24
872
1230
896
909
51
181
906
308
1726
677
1289
652
891
40
1684
383
381
554
1789
1706
692
1018
990
1295
672
473
1162
1879
1446
1529
1887
81
901
156
1935
763
1660
12
925
139
948
1969
1690
1797
459
570
144
1006
639
1312
1380
1941
497
1009
914
321
1449
1398
236
289
1678
1493
1878
604
740
298
1859
1698
1760
935
1921
863
145
1441
349
1813
2001
1219
1347
689
813
1831
1333
227
676
537
977
2035
534
1113
371
1093
748
1206
7
1293
747
1193
1456
1050
835
384
1704
886
940
233
1064
711
19
359
1596
112
1713
161
1
121
1458
78
1382
614
1663
108
136
164
2030
195
500
1882
725
47
290
490
35
959
1811
536
1061
954
1510
140
343
1564
439
1445
1961
450
222
1410
1264
865
102
1500
65
918
482
722
213
1404
1498
584
1974
137
1617
1662
1363
205
1343
1869
409
13
851
1468
1029
492
22
1643
1385
1502
1400
485
464
856
1841
634
1439
98
1815
1204
831
1512
1576
1795
540
429
1835
29
1825
1334
527
1157
724
774
162
433
1412
1848
178
833
1523
737
814
186
1472
620
765
1620
795
975
1127
648
1958
1402
884
1627
799
1379
1077
1024
518
373
442
944
1611
1248
1390
1266
577
1702
1087
1756
1628
1539
57
1956
1618
821
296
1587
1065
2029
1298
797
476
1516
248
408
1582
1987
1883
1507
1188
1535
1171
1215
1613
776
942
238
1555
135
340
1863
414
402
1300
1932
1075
1440
1447
1336
1292
419
322
1846
1285
801
932
1638
1716
2019
1597
1682
520
1937
304
1781
120
142
1242
182
1042
1530
841
1290
1221
173
1976
346
547
2016
423
1180
1110
263
320
472
228
147
165
1619
338
335
32
1324
1168
1783
2003
1128
1198
1839
1216
1765
1313
17
956
1579
1118
685
592
995
1202
337
198
422
1229
1999
1632
613
1417
542
307
86
2000
1271
283
1904
632
230
1464
1504
53
790
1431
514
595
1375
194
2033
1972
348
378
1048
1840
1102
1724
1661
957
574
421
1163
418
877
549
1861
1604
1657
889
1308
336
1544
0
1287
623
1046
280
1851
1803
673
1664
912
1304
640
1750
462
1823
1241
848
5
339
1318
1991
1909
1866
1867
1574
1301
1114
870
1467
498
80
686
410
1236
1453
341
1403
217
1659
945
1910
2026
397
1605
244
1940
1827
1235
1901
1565
1942
275
128
905
1232
268
1808
560
1610
1594
1979
1534
590
1591
555
204
633
589
1982
1137
64
4
794
1038
1492
670
388
202
168
390
1392
809
1488
306
1945
1695
1973
1912
1359
1665
738
628
1345
1819
630
266
1527
1838
598
1023
197
1737
532
1696
1599
1435
715
695
1476
1165
779
277
644
1845
254
662
1394
404
1948
842
127
635
904
1884
438
8
1351
1043
1609
1915
1630
710
1955
1906
983
1450
777
1095
196
1460
2027
1905
352
1844
146
1674
1140
1152
911
1720
1963
1670
1794
923
1864
2043
846
1250
271
292
1984
504
1014
1299
1589
515
910
522
479
1801
941
393
1074
413
2028
840
1459
315
1890
908
1770
1992
564
1106
305
1197
441
1482
578
1538
314
159
129
1551
1880
1585
1775
190
425
1175
1622
1631
317
1174
1200
1373
52
148
1223
1964
484
1154
185
1418
401
1245
1211
521
1703
1885
937
563
1374
568
1035
1689
1634
839
1675
1192
1448
1873
593
732
246
1031
1742
855
1079
1717
49
249
496
688
775
345
1669
1754
974
394
1748
405
1644
1944
1463
232
1280
1821
1097
566
1080
1452
621
752
1796
385
933
27
252
1409
1917
33
466
1069
1376
109
1370
755
1270
1408
1773
1159
1874
82
1952
1633
569
365
791
1190
837
1759
455
1854
1238
1928
281
122
1903
39
649
741
1875
1176
1753
21
703
1212
683
1924
928
100
77
1217
729
1368
820
1255
800
1139
1744
1600
115
572
48
1767
1907
327
730
1536
90
645
750
1455
41
1889
2004
751
509
1641
1265
1085
838
772
1521
392
187
370
978
94
261
998
45
920
787
1406
1386
1637
991
880
88
1059
474
627
282
494
1218
172
1076
1615
447
132
437
1239
1614
234
1346
382
1913
702
915
342
1734
1650
1279
417
118
602
1902
558
412
716
950
1561
432
70
166
1477
1305
1378
3
300
890
816
431
761
1809
786
151
2034
603
354
551
153
1034
743
1220
199
434
771
1331
74
1243
1850
28
1908
285
73
1802
14
220
272
452
714
456
1805
214
1156
44
1191
657
1273
1583
334
1008
1022
706
278
216
523
997
951
50
458
565
2047
1044
1719
653
493
1340
1694
512
1708
832
1125
1931
1996
1522
180
37
1552
1247
815
2017
1155
1787
986
2038
15
1647
606
567
1365
2
1169
1526
1126
919
1104
1337
1186
927
980
899
1173
219
1051
867
1083
1149
664
1624
1261
350
1832
1939
130
1003
591
792
1793
1968
313
1946
316
1980
