607
1442
1352
873
1416
476
1327
75
891
937
487
698
1347
442
882
302
34
497
361
1494
393
466
1898
337
636
357
1456
1454
955
66
553
313
1933
1734
917
1561
1499
261
995
823
236
486
1983
508
892
514
240
519
849
543
436
1826
960
1129
869
913
1148
108
1805
1844
354
765
1508
1247
768
724
818
1469
1472
623
919
1267
1577
1505
224
1684
1009
773
755
1113
377
1295
745
1151
791
1811
360
1390
401
592
1903
770
1543
571
694
617
866
1049
493
87
1326
374
1440
899
1191
1637
691
787
924
1323
1799
1816
1072
763
1585
673
1897
89
1607
729
28
1683
1077
1237
602
325
848
582
1172
1736
428
5
232
1068
1563
458
2021
1324
433
786
894
727
243
475
1192
1079
1890
567
407
1209
1755
1773
1144
912
130
273
73
59
448
531
1073
2036
597
1791
1761
209
988
227
54
1292
1329
2006
1574
1693
404
388
1932
1412
1758
1807
732
2005
605
874
522
1564
588
807
1325
124
1936
997
362
1559
1291
628
1239
1781
32
1838
591
1183
1056
1290
1473
644
1556
456
1382
918
135
1766
1837
1265
471
223
1117
711
879
417
1679
2019
1195
612
713
347
1720
245
1064
1597
1219
1595
1283
1914
1793
416
975
1403
1986
538
1833
966
661
510
1534
570
1989
1831
1180
1177
767
1284
1600
1344
485
1630
596
1864
501
170
1835
904
1566
414
1672
1553
1974
3
2039
1510
1387
907
583
41
733
1619
1576
1641
1851
1149
137
934
2002
463
731
1507
257
1982
1952
1351
584
1999
1849
1659
1317
1462
687
258
1493
406
174
1904
887
559
865
1051
191
1542
642
1018
1525
1198
655
294
1368
387
544
1551
1211
286
910
625
1320
555
234
1839
689
1428
575
1220
1960
871
1226
749
1008
231
490
287
572
856
714
898
134
1832
529
1178
2045
1306
1812
690
999
277
239
473
1635
757
785
1482
226
1274
1001
532
373
939
649
244
783
1847
1958
1803
1709
77
824
256
813
167
950
914
1665
13
358
1182
682
1141
1946
885
301
2028
235
1680
1716
62
1924
1200
728
100
1676
1546
275
1236
2022
832
666
1263
1573
1800
1922
1312
1277
1466
915
1040
1350
1892
772
1532
179
949
385
85
1942
2044
1664
688
1780
2017
1908
1539
482
1842
1341
893
906
1395
1431
725
25
1522
1860
1871
1375
1126
710
744
1666
1067
971
994
1243
283
1004
123
706
1711
545
505
1447
1012
1779
507
1223
218
1378
105
340
1547
23
1244
601
890
1712
1987
1116
779
672
1128
378
359
1843
1034
1823
841
323
1421
1797
1930
197
1985
1106
517
1521
144
1309
1152
310
1092
1695
1165
962
1877
215
132
587
1545
1728
315
366
1345
150
850
494
1886
1735
1645
678
1616
1966
409
119
205
158
794
902
1992
858
630
1725
1998
217
769
857
102
1164
535
1175
145
927
1433
1596
58
282
613
1307
835
1166
268
752
715
930
12
136
859
27
1124
2003
609
1497
1744
1500
1544
1041
1911
1719
10
777
748
861
908
372
640
825
447
1498
1336
1089
1080
810
1143
1240
1859
1396
1130
63
220
780
1502
761
1081
1579
1371
1234
1176
1980
743
44
1446
1809
356
295
541
163
120
1253
1019
654
989
512
316
1085
1039
965
1268
1376
93
1360
1065
1102
1609
550
1715
56
1634
462
396
182
722
452
759
380
1230
1726
1146
963
1288
929
165
1611
1593
629
1771
762
445
1052
1763
1610
1120
212
1704
1649
1169
1424
1628
1689
860
1372
4
834
1154
1111
764
254
708
1723
71
643
977
1524
1503
391
652
156
998
1408
800
413
298
1463
1453
1509
1053
207
1419
1110
1762
533
1863
1829
1754
1951
1316
290
0
1082
805
653
229
1639
352
331
1319
1404
738
1485
264
455
681
897
1036
266
1801
1955
1784
1029
1565
895
1743
684
1560
1519
1439
1071
233
166
1981
704
17
293
982
1601
720
979
1405
1834
956
1489
1443
267
1617
400
2033
782
766
1167
566
1527
1605
289
1436
1830
833
1037
1705
1160
1105
9
1820
829
255
1853
162
1526
1650
1798
1512
579
148
1289
984
1511
312
1746
1276
29
1707
2001
1122
1663
1104
67
554
1434
159
367
1660
1674
619
750
376
1338
896
454
1581
1961
837
798
1621
853
789
1804
633
634
542
1876
516
1260
330
883
324
127
419
1644
126
546
80
1753
430
1465
247
561
1184
1397
1733
1241
1210
1197
408
1337
1157
152
1862
1872
107
363
1133
249
1227
1486
1215
172
1858
98
177
2037
460
1856
1895
1173
1413
1225
1962
492
1949
1409
1662
1568
444
1059
1188
814
381
1045
83
1698
1722
1393
432
1011
35
1881
758
142
1702
484
901
228
20
1155
1620
96
1238
1623
578
774
1278
1541
526
1718
598
1717
938
608
237
932
248
1028
149
1589
669
474
1552
951
1006
1228
1756
1179
961
2025
933
1710
300
747
1161
1948
616
24
403
719
581
189
1438
37
905
238
1912
1249
1548
1869
411
1921
284
1430
1528
1657
935
1815
1459
397
1377
57
820
503
1279
920
272
1354
1592
1884
70
1074
819
928
795
49
537
153
1281
1700
2016
665
1119
353
746
778
394
1703
1901
2030
390
1138
674
1602
395
1091
576
1788
1772
438
1724
1013
838
1810
2007
742
775
39
2004
830
1850
557
470
112
548
821
500
1044
181
1159
143
1140
1460
279
1905
1112
113
281
1671
334
1250
1776
797
953
426
1273
771
1646
1518
1099
1458
2015
151
1972
586
1016
1445
1380
1629
2010
1452
1928
213
278
498
513
1571
2043
221
610
1310
420
1355
1654
1740
1523
1334
1909
1379
1925
1450
68
1027
169
91
970
14
114
723
877
1824
1760
867
1667
478
884
383
1795
1990
1207
7
707
457
1956
1732
822
336
422
327
1369
2046
804
1363
595
1108
1322
101
947
171
1479
944
558
943
1245
683
1554
202
888
355
1258
291
418
1020
1162
368
84
97
434
1269
1109
1218
1022
1668
753
1848
1947
82
1301
1010
1370
339
1967
1095
648
1199
1060
1642
1257
515
1121
1047
1217
1432
651
1468
33
1675
349
305
1752
296
421
117
736
1632
1517
371
593
527
1923
1506
1005
398
21
1070
568
976
1887
664
2023
1694
270
922
1401
183
1677
320
1562
1822
216
1296
991
889
1891
1002
1491
844
1058
1114
1003
1147
1361
307
431
125
468
351
1770
1054
1332
696
695
1658
1775
364
263
536
22
952
509
1979
65
1808
1356
111
1385
1407
78
1100
1088
573
1920
839
1367
1417
936
208
1678
1953
1945
386
1865
1701
47
201
332
1061
1426
784
799
146
1132
45
1287
993
131
656
845
1187
948
1275
1231
1139
847
1739
106
1730
36
365
660
1150
1264
1633
464
1043
980
446
92
958
326
1954
1910
1437
792
2038
187
615
1802
155
1572
1501
1270
423
1097
1021
1533
1007
1451
1449
631
1478
1156
603
646
1907
297
1786
1504
1252
1721
1867
160
1346
1749
828
730
252
1708
1193
1861
1388
369
1969
589
840
880
2009
703
1063
1391
1318
46
852
1186
1394
495
1691
1055
1778
981
1873
863
2014
1066
1032
1540
1213
451
667
2020
1615
1661
19
788
1271
1821
346
1692
402
1000
1235
61
1792
1484
1994
627
1656
900
552
90
1827
259
164
1937
1069
1083
1495
1328
328
1427
74
1757
551
1455
1614
1888
1014
562
1531
274
141
1304
1993
1476
1819
670
502
1935
138
1608
946
262
827
611
1975
285
1727
190
657
618
1118
1555
1171
1340
1425
803
1764
449
1222
886
1883
931
604
987
491
1682
1653
638
954
429
668
1558
2035
1406
1042
1330
926
481
16
1900
1496
790
1988
253
288
342
1353
1221
1714
1841
1398
427
1655
477
846
341
985
2013
1373
1101
1586
1944
1400
1926
2042
140
1741
1
663
702
1471
1964
909
1415
831
1214
441
1648
1957
680
1651
637
751
692
384
1879
1251
203
614
560
415
815
53
1745
1365
450
826
620
645
440
968
506
1057
1359
1272
1206
1168
741
1487
195
1025
1686
1870
379
375
1984
1846
511
1420
974
986
2008
2032
110
1423
1103
811
322
760
1196
973
1643
1612
1652
1825
1050
1185
737
622
1976
1927
574
161
776
1163
679
1588
996
1737
585
1232
563
600
983
1311
499
198
528
115
641
1286
941
405
188
1300
321
1127
1537
99
410
1971
1699
479
945
1796
1583
1906
303
86
64
1224
1422
903
1777
1894
251
1364
1357
1813
1075
547
1688
1893
1062
1598
1587
1216
1136
1481
308
1603
639
1535
1785
1343
1515
193
489
276
1246
1035
1212
1751
173
1578
1335
200
712
15
1638
1941
133
1078
621
916
1305
118
1530
1293
521
650
1414
699
453
192
1854
1750
1916
81
1977
1262
425
1205
1768
1093
250
504
230
1339
1790
1713
868
1622
1880
1441
1266
1331
1866
1411
876
577
1852
1570
1882
1254
1383
204
1580
1444
424
1818
647
1594
1549
412
754
685
465
1915
969
1943
95
1477
1123
1384
306
1767
701
147
1742
265
472
921
964
1026
851
1461
1685
1963
1902
1033
864
1480
211
40
2026
1094
154
271
48
1038
1457
1731
348
52
806
1358
122
836
1878
1299
116
1255
1919
1125
735
1626
1142
2012
1261
1475
1631
1314
1135
1280
88
1017
1550
309
1991
709
1134
333
389
139
940
1208
1529
2040
1418
299
1973
569
1670
469
1194
199
184
1536
314
2047
1582
222
2034
781
556
677
370
1681
1098
1696
1429
461
671
801
697
399
18
319
103
1174
1970
716
1978
435
1313
1087
524
168
606
990
1294
219
1297
79
565
1640
1374
1995
1096
1137
94
8
1023
564
1769
1015
972
1857
872
1673
1520
590
1189
734
1381
1302
1248
1590
1939
881
439
739
957
1470
1889
923
55
518
483
1918
817
129
128
1875
1202
1513
675
121
686
978
1190
520
626
175
1613
1402
1259
1084
843
1885
1170
793
1774
176
1145
157
1107
1448
1076
1997
1386
1204
1321
693
1931
260
382
280
109
1606
6
878
525
1366
304
942
1917
246
269
50
350
1492
1567
206
1203
43
676
1765
1618
1789
196
31
635
1647
1285
2
875
1308
225
1591
1817
1938
1048
38
1362
1782
30
717
11
1868
1899
594
1584
1896
812
1968
496
862
967
2031
1783
523
540
459
1840
718
539
1959
1086
1229
69
1836
1030
842
1349
1706
1855
1625
185
1806
343
756
659
1624
580
855
599
1031
480
345
530
1490
1759
1392
1483
911
186
1115
1538
311
534
1342
241
1748
1845
1153
1348
2011
809
2041
1794
1627
1690
1604
1315
1747
870
816
60
1399
1233
338
1333
808
318
443
1738
26
1996
1934
1298
488
1435
335
992
1697
1467
796
1669
925
1389
549
42
705
292
662
104
1687
344
1516
437
1303
51
76
2029
194
1965
1024
632
1575
1046
317
700
2000
242
721
1940
329
1464
1569
1158
802
2024
1787
1181
178
854
1090
1201
1256
1514
1929
1814
1557
726
1636
1474
1282
624
180
2027
1729
1599
2018
392
467
1410
959
1828
1242
214
658
1488
1874
1913
1131
210
740
72
1950
