1095
1068
91
172
1616
18
1637
1269
1868
2013
872
677
1531
1662
1134
704
1567
1315
1366
737
1991
622
1974
790
756
512
1406
232
659
837
1572
752
218
1301
28
126
1080
719
470
822
264
1398
1797
32
1911
219
1846
1821
1160
1685
1677
1954
877
1437
366
923
234
1695
484
604
257
1222
1507
1307
1224
388
211
964
1232
779
209
1175
1278
745
233
1832
1011
2007
407
931
1382
714
192
667
1862
911
829
1530
355
1631
1614
906
1461
235
1027
106
249
676
1150
1575
1460
1838
1054
830
1211
1743
3
1990
916
1053
670
1494
859
1420
611
1712
367
1574
1638
706
1057
487
1602
1521
1086
907
1190
1652
466
1416
1780
2040
1253
1562
1288
928
672
1381
1553
1721
970
612
1950
1753
1352
1333
1633
1539
809
21
1737
1496
294
1632
1595
190
139
363
33
1414
305
5
592
1028
1501
1129
1266
1287
221
431
1546
392
773
335
116
632
646
740
420
1842
1252
663
1887
1349
303
10
320
1705
885
440
159
271
418
862
920
496
1999
841
1182
2010
591
783
1298
1606
763
41
975
42
1061
1168
741
808
1749
1476
599
481
555
1415
304
660
274
539
325
1924
1323
998
231
296
1977
312
1788
1963
1302
1793
1087
864
1449
68
478
673
1067
1069
1404
785
1003
255
1644
1281
298
1835
1271
1385
1542
635
411
1105
1837
1286
610
552
1399
1742
168
11
88
1481
403
867
1321
761
95
1812
1001
1177
524
189
138
553
1063
1324
1735
813
576
1121
1104
47
502
1841
941
1019
300
1968
191
1940
1244
764
1790
1589
503
1038
1101
80
1640
17
753
1237
406
104
1434
1818
1213
624
703
692
402
1917
327
2020
336
1961
1660
899
1584
1451
1810
1358
983
1876
1378
825
842
587
486
468
1511
114
1282
429
2033
1863
1332
113
268
824
1351
1874
1170
1329
1109
404
394
180
1312
982
269
711
2021
1255
1187
1362
1547
273
1062
266
1657
2022
16
507
1723
625
1041
1023
1099
1078
437
693
334
1217
354
731
778
1725
64
1022
1440
40
1040
1964
910
1327
675
633
1625
1180
902
662
717
1291
1851
1781
1804
1829
831
1165
627
1136
1364
892
1206
1716
289
1699
1279
24
4
270
101
1918
1591
1048
1597
742
651
1909
1937
1465
1123
494
1268
1610
338
1166
602
1447
995
501
1526
1456
149
942
1750
1052
1359
396
1125
2030
1789
603
130
1346
1157
694
1191
1643
534
55
619
279
561
259
123
1169
528
2026
971
452
1432
1464
157
292
574
1957
1920
860
1878
985
198
794
102
1593
1119
1683
991
1111
908
810
787
341
1454
1772
27
1015
447
384
725
1317
1745
1736
1908
385
1588
284
1653
709
1517
912
1210
1037
164
1051
1316
939
536
1509
1425
938
52
1272
135
1996
544
869
595
1402
585
153
812
1386
690
1322
518
1560
1491
1299
669
188
129
1092
759
2003
905
453
1607
1613
339
1928
365
98
471
606
1592
1980
1828
197
184
2023
1733
990
710
1132
405
244
1962
568
969
1952
1204
886
1462
932
85
1582
978
203
1106
1167
1769
1671
1295
1339
640
1318
506
1306
1891
1208
546
848
538
584
1897
2017
1320
459
504
683
1568
352
58
1012
224
739
828
1973
322
39
1043
490
45
1645
1860
147
439
548
817
1805
326
1956
293
446
775
917
1503
1108
1682
1144
1475
1311
1522
94
1143
1158
460
1694
277
199
523
1369
485
463
736
589
1830
86
373
1036
1819
1525
1300
1142
1497
1267
697
1103
1007
954
1729
559
1066
1583
1833
370
398
531
768
772
1303
1554
1866
770
1751
1450
1548
473
1077
857
1552
1573
2014
653
393
2008
630
1310
82
160
136
1941
914
1021
1992
346
1679
1748
19
1064
328
169
1396
847
316
350
1931
979
1516
1970
1197
1163
131
1966
1635
782
1955
1184
1089
1304
432
347
1245
1490
1578
1090
60
1919
636
1982
380
721
1545
1674
915
804
412
767
953
434
442
1018
331
158
1071
371
258
1882
278
48
1513
1577
1585
1654
1412
652
965
433
1605
865
586
1506
2027
700
435
874
1843
103
821
1680
1257
1599
1806
1859
1430
120
1949
1740
36
1495
1328
1820
2041
240
1133
1783
681
1127
929
664
1734
1480
1017
705
678
1933
1615
1448
1181
1008
875
1557
551
1185
1082
1120
29
1389
1895
1945
1025
445
166
883
1668
952
760
563
1840
887
1759
1738
1004
2034
2045
1762
282
426
1203
115
1209
1827
1690
1453
903
570
457
332
868
286
833
950
265
387
122
542
1357
242
1768
441
1953
620
1689
930
796
1872
1466
1649
1764
613
1923
1947
1308
1083
1709
631
1002
227
1492
229
1849
1826
70
643
1006
776
811
641
423
679
1798
1314
1141
1854
472
708
1904
1773
427
176
288
386
1727
1816
349
1865
989
1379
342
333
1967
1156
1443
1910
1296
359
215
252
826
467
1407
193
194
124
379
968
987
76
133
1305
295
526
399
642
649
1675
1770
1943
1823
1486
873
655
815
162
1474
1965
1857
1395
800
14
1892
1520
933
1239
1172
838
919
901
161
1026
291
1686
260
1724
1335
961
1070
1566
1218
1031
357
819
1580
1811
1411
1431
397
925
1758
934
1747
879
1199
1627
957
1946
1938
1193
340
1927
1233
1691
1986
1293
283
173
425
1581
882
881
2019
1765
1907
712
557
733
1227
1076
594
715
1438
889
49
1979
1715
1458
1739
1688
1117
2047
1844
449
801
179
1524
1558
1989
2
757
977
1913
537
1670
216
1850
580
644
89
1881
1766
1687
1055
996
550
936
1959
78
543
689
1148
2002
263
1540
287
361
1115
897
1641
34
626
262
443
560
1238
788
267
248
682
1871
301
1760
1
125
1594
20
1622
904
744
1049
1935
1778
1869
69
1711
1446
112
1289
391
597
850
1825
2012
786
1719
1240
390
541
491
462
1341
510
1340
1273
185
51
2032
280
1285
1096
323
771
1294
1879
1231
1161
816
156
415
1565
424
108
1112
455
893
1485
1623
1775
1472
769
1651
204
522
154
0
1708
566
1394
205
798
1059
1176
213
330
57
253
855
1467
119
1692
1373
1984
1350
1326
410
372
2006
686
992
1611
1598
749
1162
1194
1265
944
750
2004
755
1732
1246
795
1045
1419
1178
1636
1502
1969
1154
521
1890
1791
577
1586
1621
37
421
1360
1256
1676
797
774
171
1786
1330
909
1250
657
469
1922
25
856
1030
500
1488
1477
947
891
1730
579
1995
217
1669
313
1383
832
1794
1761
100
1972
1139
1774
1469
751
668
696
111
554
297
1264
1817
530
1703
807
321
90
1263
62
2036
884
99
784
389
128
1151
1681
246
261
1249
1444
118
1948
792
72
789
1388
315
177
163
1664
1261
738
1254
565
1630
9
1097
329
608
2001
1489
374
2009
1441
853
803
493
729
1471
343
1079
1463
960
256
805
1741
1800
607
1401
1603
77
1345
210
1831
1900
1906
1601
56
1439
1229
344
1523
495
358
685
984
482
1482
1422
1230
1576
702
1905
1877
665
1137
1896
1393
1915
1262
1195
1658
1873
1528
1519
1088
582
222
614
1556
1535
1590
959
1763
1365
1656
422
97
281
43
1814
634
243
1714
1903
545
1442
567
1975
1368
497
59
170
525
1661
275
1065
1663
143
514
381
1702
395
1921
943
1728
1343
839
1617
572
1126
92
861
7
1707
1527
766
196
735
1380
8
793
1221
142
65
1046
67
1223
1564
132
2000
1436
1417
878
1189
413
1626
949
581
870
1427
1234
988
948
513
743
605
1114
155
844
1363
2039
54
520
307
1116
1771
241
451
1609
835
671
1647
1537
146
1410
1608
1384
583
516
986
547
1338
430
79
937
820
1241
1929
1452
1916
186
1518
698
1901
382
2037
1225
230
1619
628
730
1634
1792
575
71
999
962
1744
1847
1146
1370
1429
535
1620
1532
212
428
922
44
1697
1971
716
1397
966
1153
1118
337
823
1147
1445
1700
1091
1884
596
1032
827
461
1391
1853
722
527
1504
356
167
1484
1902
1353
1779
1752
728
1757
1487
1149
1755
2031
713
75
83
148
1807
1886
1152
378
1684
858
1075
1455
1216
558
955
720
1836
438
1782
1795
639
1192
1186
1756
419
806
1426
699
680
687
93
517
1942
1371
1704
308
1014
376
1198
946
362
13
684
1392
1997
1202
515
499
121
1376
310
1201
238
1072
1824
1618
1983
475
617
1718
1767
401
236
247
1073
598
924
1247
777
1242
1555
1140
1005
1010
765
1787
866
727
616
654
1932
1785
306
1498
2035
61
1925
1960
505
1124
2028
1060
489
488
377
476
195
1145
854
483
383
1726
1347
1274
254
105
26
638
1200
1159
894
23
1390
1579
618
1706
1183
1354
747
1313
1042
276
1164
556
529
1131
1665
368
324
465
1799
1666
799
1534
1875
1639
1809
1667
87
1642
1543
1214
600
1678
836
888
726
1309
1050
601
1375
609
1280
351
1893
533
1421
509
1587
311
1013
1976
1845
183
666
134
588
15
549
318
1325
53
30
1650
508
1033
1457
1852
1173
1387
1435
226
369
165
648
1259
732
2016
1870
239
564
1500
1085
1372
645
1939
967
974
1044
1122
843
1409
1551
629
206
1561
474
1958
498
846
1696
900
578
1944
1536
1020
1094
1258
748
1056
178
718
1275
1864
73
691
1898
250
63
1698
1468
1219
1808
299
1135
1337
1856
1270
511
456
175
140
1215
1978
2011
1570
1344
1858
1029
1672
1894
2015
1880
1550
1418
1801
272
1284
1408
571
746
81
880
1549
220
1107
1110
1888
791
152
895
1822
1459
364
1243
1834
1693
187
1802
1981
1034
110
1188
956
202
762
1899
1815
1331
1803
851
802
479
1563
1796
2044
302
1569
1720
1936
1993
926
1405
1283
935
1196
674
285
1934
1701
1342
454
200
637
973
1226
309
1571
1433
38
898
1130
818
31
1510
834
876
2042
414
150
1367
921
450
2005
1998
74
1098
1541
1100
225
50
2043
1529
1776
1889
590
1424
1290
1604
319
1260
1722
416
1855
1235
408
1248
569
1612
1624
444
913
109
458
1205
814
562
1596
145
1174
1914
1515
1179
1292
181
1128
1374
871
1926
1493
1930
345
1319
1171
201
1212
758
945
317
1228
1479
1505
1559
46
532
144
400
1813
492
1987
951
1039
1009
1533
1538
1544
593
1629
661
781
1276
1861
2018
707
409
182
958
1403
1035
1236
1428
375
519
117
1994
1514
1016
214
940
845
127
734
1713
1473
1251
1334
1423
1754
849
1648
2029
688
994
1777
2024
1361
1673
840
1499
477
695
1600
918
223
1885
980
1839
754
1058
1000
96
1655
1081
290
647
151
237
1084
1628
658
436
540
35
417
1483
976
1951
208
724
1985
251
621
1710
1356
1155
348
1277
927
22
852
84
623
1413
207
890
1717
464
1883
174
1659
1470
650
480
656
107
1220
997
963
2046
993
972
2025
1867
1912
1508
1138
1746
2038
360
228
1400
615
1093
6
1074
245
1113
448
1784
1102
137
1377
1336
141
1646
863
1348
1297
981
353
896
780
66
1512
1355
1988
1478
1207
1731
1848
314
723
1047
573
12
701
1024
