326
2018
739
1660
1630
547
1766
1440
1801
627
5
1401
426
1580
1907
1787
795
394
1557
1482
578
152
53
289
1059
1839
1704
1764
792
51
1719
1094
431
1897
1682
113
322
1256
1544
208
675
929
1349
318
1913
27
1960
290
1178
1344
1861
1402
315
1038
1765
1918
1627
1753
820
252
940
1254
1184
529
822
566
1497
124
746
1546
498
673
919
2028
1658
949
230
23
1299
590
753
689
799
1490
95
369
88
442
690
1281
1078
1028
553
330
470
967
353
686
530
963
253
1104
1091
1722
1595
850
922
982
1790
1326
2011
1236
449
1891
1859
1916
1736
1584
1961
195
1029
11
1115
671
267
84
1974
1285
997
1066
1366
1503
117
1699
1424
1877
1873
120
1650
1157
1966
1657
1081
1727
363
1355
71
1793
46
1709
934
1337
1074
1373
600
1947
1796
173
1489
568
1371
133
1189
1223
580
1644
1291
1406
609
719
1771
776
1301
2041
16
874
1043
1480
860
941
270
1276
1552
1165
567
1683
755
787
699
1154
1229
1673
682
196
1688
817
1898
2014
828
1687
1072
1452
1507
1715
404
1508
1473
758
1413
632
1133
710
558
853
1137
392
299
1261
882
102
1932
1141
1571
1129
429
684
1204
561
661
1540
1624
546
1496
1958
1062
221
47
1321
926
1127
631
1672
1474
1601
236
1919
104
1083
1689
1021
973
738
823
257
1289
595
766
48
1441
1553
1543
144
1077
106
1746
830
1279
1866
1230
1192
456
1651
1357
677
504
1978
1015
1393
1524
1885
361
477
213
1347
937
1412
1283
1823
405
1455
1095
1925
1335
915
220
1729
1311
848
1883
1411
700
1207
177
548
642
490
1783
1563
287
980
538
1253
1631
1131
526
1509
1504
1989
1654
481
1724
171
1255
525
1211
888
241
1744
41
1532
26
1635
907
1786
402
407
1813
2024
1806
812
1779
1085
1733
1396
514
352
1194
1957
1306
1629
1156
1463
706
483
891
894
416
1064
2039
994
305
1871
1698
1582
870
1368
762
1101
958
1769
201
1763
1476
1713
1934
469
1700
1000
1341
134
693
1838
714
1886
1854
829
1661
1428
1464
1302
1170
1542
1549
500
163
1820
2000
988
348
536
626
1798
235
122
832
1591
1435
1227
224
346
1049
1831
1949
697
977
734
1244
1615
1836
1864
1447
372
1322
450
652
825
575
212
1666
1649
1295
1448
285
389
1804
1471
1599
1911
1652
98
1637
1781
1865
454
993
505
1159
1901
1752
1529
541
897
883
1025
274
950
1249
94
804
773
597
1888
1574
1501
759
1123
895
669
586
487
364
277
32
570
1664
1303
602
1662
493
73
360
403
375
255
40
309
816
565
1941
385
1462
229
226
909
1367
1333
1618
1354
1048
1317
380
435
69
733
1959
1828
1132
1444
1271
1617
999
1445
1992
913
1265
554
1142
491
1648
641
1135
1519
798
156
1659
890
711
222
437
2025
1882
782
2027
1310
1847
1079
1573
82
1645
931
1628
694
1348
647
1086
232
1510
355
962
2
1985
233
1278
858
448
377
1676
1163
889
1225
1383
768
264
1235
1614
1353
307
112
254
880
1034
1179
903
1209
1416
599
1953
1788
200
332
185
1622
1140
1069
791
704
802
1216
246
153
1653
1359
905
1089
145
1590
317
1760
218
1592
517
463
1315
921
1160
717
1991
1191
1260
1756
1117
1
279
384
1902
945
1933
1097
735
1334
1293
770
458
1096
1108
1738
1168
741
209
457
1616
1377
138
1942
1768
1963
1594
1457
947
844
1986
617
1217
2008
76
1220
1465
166
742
676
1222
983
1955
633
944
672
1363
110
248
1506
36
1717
1124
1485
1175
60
146
1946
1275
1035
657
779
911
180
194
933
1105
340
516
1177
1774
1063
995
338
1636
522
425
1292
1872
1408
731
990
1122
468
243
1146
365
83
2026
849
1287
932
923
1088
1602
1587
118
1893
1196
695
2042
2030
605
1928
1539
877
1502
1610
1541
938
1954
1213
1479
1940
1530
793
957
436
321
165
584
1126
1027
656
1832
1399
674
87
1262
327
1486
1710
1456
930
43
1537
1195
464
524
1060
1400
831
1579
900
986
1390
161
1266
65
1962
1055
1972
594
824
729
1233
754
1426
1067
28
192
494
660
1221
4
1593
1114
1461
1432
302
1152
1181
1134
1642
1799
1304
1414
1264
1345
350
534
72
533
724
1272
920
258
1976
62
1634
569
1319
610
1816
39
785
1307
976
540
1423
1118
333
1206
1427
537
618
408
203
1477
2004
640
1633
1328
1674
701
780
1009
552
502
1609
398
864
292
1990
354
1280
387
1468
1740
1951
1800
1343
634
1988
1569
1560
1376
231
300
1695
81
1605
266
984
1663
1284
1318
1364
391
262
228
1180
2016
1228
1381
1107
1745
31
1011
1899
368
1558
705
331
1080
2032
1675
857
1111
1210
1620
1050
826
17
1298
465
1983
1493
884
1239
121
1030
1394
2035
400
1803
1908
726
174
653
863
1559
1395
1242
1172
1701
1566
707
1706
1398
1351
506
251
648
1466
1520
2036
928
511
1926
1017
303
1382
1148
190
480
475
886
399
1514
460
917
158
1478
670
649
193
1362
1420
709
286
698
1562
1876
1045
66
1415
336
2043
765
451
1697
111
1862
410
342
441
1810
1421
64
608
1167
1044
975
401
539
784
943
751
216
1835
1585
577
242
197
1076
748
1469
1868
282
1906
1523
393
1385
1145
1433
1758
162
1407
8
250
1087
549
757
948
1607
2015
1577
1915
630
708
489
1339
136
1937
557
723
841
535
1459
211
283
666
308
1443
1741
598
1851
713
1757
1807
1749
1144
1619
296
472
1997
1612
67
447
663
1336
859
978
985
1600
1521
89
803
30
1730
1889
1965
2033
1548
1754
1707
415
1099
2021
1153
1853
1269
358
1370
245
1669
93
901
720
1308
105
107
1419
15
397
210
806
591
1927
1316
114
1945
1935
1388
1155
1305
1136
865
625
175
827
1061
1711
13
495
324
1106
1215
1073
54
1409
1234
1811
1874
1670
1058
1313
892
520
1718
1639
1121
383
1975
887
606
1282
149
1814
1795
56
961
515
797
840
131
1020
344
347
881
1018
1731
1332
942
936
927
1071
455
204
1325
987
313
687
1286
1150
1312
433
297
1090
1494
1026
1300
604
611
1378
1772
836
294
862
411
612
1996
1842
388
861
1535
1296
587
1031
2013
518
1248
99
869
1827
207
1770
1856
1372
1263
373
1162
356
1527
1751
125
484
1608
501
10
1174
1147
1041
1352
1805
3
268
1451
582
621
50
740
965
1903
423
2031
275
1513
370
1481
771
271
154
513
52
90
1743
278
1403
421
395
1391
1369
459
1821
1379
2023
273
78
1896
1732
1425
846
972
453
576
325
445
188
38
542
18
382
960
815
1894
381
1747
1046
1203
428
637
1929
1755
665
1948
1238
351
1250
1640
835
991
1681
1171
596
1575
808
821
123
1967
1780
1924
1531
1641
750
390
1703
613
1054
49
1999
1725
1340
440
198
1460
998
7
478
1994
1053
334
654
1900
722
1977
1084
1151
1505
1226
446
129
736
1606
1904
79
559
191
1164
781
1128
1846
1267
1665
1190
761
418
141
545
345
1098
1583
202
1694
1762
688
1556
323
1014
1454
531
1500
1734
813
2045
603
703
1782
1008
1739
809
692
406
1567
1075
1257
1971
59
1240
80
589
593
1483
579
301
396
1545
164
1070
728
9
1125
2012
1690
1259
1450
1199
234
778
205
260
1998
1449
563
496
1037
872
763
1773
1188
1130
1692
1342
1208
366
879
1002
14
178
512
1830
1051
679
1397
623
981
1517
1487
837
184
645
764
223
1384
1812
101
86
1186
1789
760
476
263
473
1237
1329
182
789
1246
1792
574
1093
1914
1613
33
1270
386
1621
979
2009
127
359
1012
135
1102
1936
100
592
1268
2044
910
157
678
664
1646
1833
1418
1528
371
1057
1475
1525
681
1247
1004
624
1748
1840
588
528
1350
1923
573
1512
852
169
783
412
2002
1526
443
214
1857
316
430
1922
1829
1361
544
1006
1905
424
206
1696
1431
1794
1970
924
1716
306
85
137
1161
914
335
1323
35
1331
284
519
845
339
659
521
1243
1288
1858
1314
55
1878
743
955
311
1533
1375
1446
1138
507
1439
249
1346
702
1604
989
139
1022
1855
904
237
1453
2034
1895
1626
349
954
843
432
219
1467
142
718
1952
622
643
179
1417
1356
1726
1565
1775
1844
1588
116
1405
1386
1850
61
272
1201
1232
1511
1327
691
1623
786
581
1001
651
970
939
996
74
601
1938
1656
1750
1993
532
1032
1880
160
422
337
1817
668
1638
1678
1870
810
42
876
172
1112
320
1550
1538
992
1437
1470
1143
1728
25
1422
1841
811
607
1702
103
280
314
1109
1892
509
925
1647
1202
312
951
376
2001
265
1712
732
420
1499
745
1534
485
471
807
239
1492
1488
45
730
818
155
1721
1943
1808
259
1822
1358
1572
19
1860
614
148
293
1139
834
1802
564
6
2017
1251
1042
1218
800
181
1819
912
452
1920
1120
143
1824
150
966
434
438
510
261
2007
628
1576
256
217
1561
744
1016
737
1024
953
1554
899
1845
1655
183
1852
1912
794
1392
1705
1273
328
486
1869
1956
1693
1815
1176
1010
199
1973
1380
769
935
1881
238
130
20
1568
1472
1274
556
1767
2038
2005
1387
1581
132
838
550
629
1686
362
969
774
1116
247
1950
240
187
1995
492
126
650
1737
1921
1365
873
1586
727
1166
1863
1100
1258
1245
119
855
620
842
2010
115
2020
715
444
1987
1013
1182
295
269
2047
1691
655
1735
1720
1679
1667
1596
34
109
1330
467
1818
749
1389
1625
906
1484
310
1113
0
57
1205
108
1187
1684
488
1224
615
868
560
562
1982
1007
635
357
956
159
1320
1003
319
1219
1723
439
1297
1890
1193
276
772
1212
902
1277
856
1984
805
215
585
1761
1834
551
1430
788
151
1185
685
1200
1968
1092
58
244
1777
1930
419
167
775
583
1033
1039
96
833
1241
427
683
1778
752
227
1589
2022
543
1910
461
1677
756
1198
1708
1603
329
482
1547
1491
1183
964
22
952
1668
2003
1309
716
747
1040
1169
1294
801
1516
885
696
959
847
1324
1570
304
1611
341
288
37
1826
814
1252
866
75
646
225
1231
2029
367
968
767
555
1981
1931
343
12
523
1052
1809
1442
1023
1944
1848
1742
644
636
1498
1867
1149
1939
971
1784
70
871
1438
725
1410
1374
619
503
851
1434
1429
1785
298
1536
796
413
1964
92
414
2037
1214
1404
170
97
2006
662
462
68
1555
281
680
1518
189
1825
658
1515
819
638
1036
508
1436
409
128
417
616
1791
1360
2019
1597
1551
974
667
1119
1879
1837
893
867
1685
1980
896
908
839
1495
1671
176
466
1887
571
1909
1005
2046
1082
1632
639
1197
1065
1458
29
1680
1110
77
1884
854
168
140
1849
497
1047
1578
916
2040
1522
1776
21
379
291
1338
1598
499
1564
147
1643
790
1969
24
1875
572
946
474
378
1103
527
479
186
91
898
1173
878
712
1158
1056
721
374
777
63
44
1797
1068
1290
1917
1843
1019
1714
1759
875
918
1979
