1055
656
831
1428
1276
738
427
1920
188
1772
1873
151
1685
404
1038
529
629
1698
1002
308
138
23
1561
1062
335
1782
509
972
932
74
1421
635
249
556
1820
198
1634
161
1165
1639
1999
340
420
26
675
354
959
1154
1869
1949
559
1187
232
1357
985
1660
1000
1216
1334
1785
641
1388
1197
1190
1326
100
467
1721
141
1126
424
1696
226
1592
2027
1862
1742
772
1788
743
1348
1848
119
1164
818
1088
1978
475
616
1624
953
2047
1631
19
328
1932
1976
1577
511
468
1040
295
1046
1686
1818
176
609
1750
914
977
1177
1974
1395
993
68
124
1412
1347
1233
551
1370
297
1910
1025
492
697
1870
1965
1059
212
976
921
961
619
353
984
1234
687
1863
1892
549
1716
1255
1607
975
502
735
430
515
1171
269
1954
1923
1702
1256
627
1019
1849
137
145
439
1151
90
12
199
1751
1286
2041
1391
835
1610
546
750
452
85
592
1004
1354
1452
1804
558
1035
375
1563
2004
21
166
1946
158
1188
1675
48
1802
589
999
523
415
1735
230
61
1099
1958
596
396
1192
681
526
547
65
1606
967
1422
1602
873
280
578
535
548
933
898
1537
433
102
1361
1899
763
488
705
810
464
1410
776
634
1641
856
1426
580
1643
1775
1824
276
1492
531
1396
928
1011
1277
286
1274
498
1169
1996
347
781
1638
469
740
1468
1219
552
1444
1322
1480
1629
1229
1653
2018
1538
1668
1308
1524
194
979
105
801
296
864
1601
868
567
1295
1842
313
1833
808
1705
376
428
1122
1278
444
281
706
600
1402
1847
49
86
2017
859
1258
314
1139
338
1380
704
134
879
742
1207
495
1051
307
1551
500
1487
1028
31
751
780
1794
214
1694
405
250
398
401
1254
1738
1964
322
1890
866
516
1052
2043
275
316
1580
1934
88
865
251
807
339
1253
721
1224
408
1086
1079
1700
1543
1558
880
1150
2008
63
608
342
1299
1195
120
13
111
1971
154
2028
1930
1504
654
426
89
1023
1883
114
344
1671
1968
726
93
1745
156
259
1374
2031
1153
1843
1540
1683
1722
1443
1986
1102
754
1091
1333
1417
277
955
414
942
595
87
1016
34
850
1499
997
1339
893
1166
1919
350
1915
1796
1585
53
42
1160
821
1264
1925
310
327
1896
1470
1476
1997
1795
1448
1900
1733
724
1633
202
723
484
358
115
963
1572
602
1263
639
175
129
1596
1905
1921
1238
1104
1692
958
163
58
1291
764
761
1123
378
460
1346
693
1065
1241
598
1244
5
837
1530
1030
400
2019
1554
106
2029
1657
356
1474
35
895
168
1005
349
983
1814
1649
1752
695
1656
1382
1416
765
1688
1739
1545
986
231
1748
815
698
1826
32
1429
922
379
729
1642
190
788
949
682
1972
1080
1673
271
1167
395
1398
279
1893
1940
812
1301
331
1880
1564
1956
1176
1689
1952
289
792
728
521
542
1791
1621
1469
450
1457
56
1666
486
956
1245
1307
288
1327
925
1279
534
994
555
947
1116
170
470
711
1284
795
1807
193
1246
392
453
894
1939
916
341
1401
451
809
503
794
1446
1072
1591
663
1878
1981
1110
1494
633
1765
1403
1874
2001
561
1812
410
790
920
133
1815
1280
1029
594
1834
357
253
965
1208
1
644
283
1544
1008
568
1876
41
33
292
926
2039
936
16
1142
557
617
213
83
1251
293
527
1033
1118
980
30
1906
1926
37
463
360
1013
638
978
1269
419
99
1456
806
688
1966
325
1581
1482
312
1985
1473
143
1451
1961
1521
1162
1368
1158
782
1503
319
622
1239
387
1549
1576
71
454
1518
1627
1916
1885
1225
1574
487
760
1945
98
628
1287
148
1951
1894
1550
667
1107
81
109
1077
775
718
741
618
1823
1790
1218
1385
1148
1805
1734
664
1236
593
1798
1699
1249
1570
886
1844
798
260
363
1528
169
1600
1477
1372
1409
252
449
1069
804
1508
1306
1801
301
861
1955
786
45
4
1285
1478
1523
27
10
1903
272
973
702
36
1196
1204
691
1211
606
1655
1871
73
1636
1093
1083
1454
1737
1200
811
466
802
1803
637
1100
1394
2000
1493
945
1466
382
300
943
1221
1714
2037
852
1491
309
889
1569
862
524
367
94
282
1319
799
377
631
1489
1512
904
844
715
1161
2021
570
2046
1684
1420
1781
957
2006
1562
1386
694
1887
1831
1640
1144
540
263
437
1829
1003
244
727
1933
1014
413
612
2026
242
1355
50
574
931
1658
368
1267
1460
599
572
1944
575
787
1465
1180
173
1995
653
504
493
210
140
390
201
1303
1886
840
1490
1557
442
964
1604
662
1155
1732
1553
1145
1539
345
1866
867
939
79
1586
1076
819
2025
655
1273
1084
1325
441
248
990
518
473
62
112
1034
897
1082
1098
471
189
1799
1202
1529
142
1948
630
642
1595
448
915
1312
391
1667
409
536
1725
1189
1527
287
1315
968
981
1723
1262
1433
563
919
107
1397
267
361
245
677
1496
1568
1336
1194
1095
647
219
1140
365
422
554
871
1984
1669
1001
1149
285
604
1575
1282
1431
1767
52
1223
1526
725
1727
393
739
461
1502
2
1272
1138
104
1130
796
1471
1075
1626
227
1519
982
1534
1209
863
539
508
1522
1582
1358
294
1021
20
1957
491
1163
665
962
1078
1329
680
989
1182
722
834
1938
874
2044
241
317
1432
0
29
1762
652
333
366
1087
197
1567
924
1927
1884
1990
239
195
626
952
60
791
823
1316
1744
1832
745
1324
1757
679
1858
849
78
182
1856
139
1070
690
1340
59
805
96
520
857
820
1588
116
434
1507
817
643
402
38
477
54
1265
1505
1670
157
381
220
185
620
657
769
321
1310
1134
1411
1018
1622
770
209
1384
553
1590
737
1817
348
1012
624
1816
480
683
7
1783
337
1857
1323
1427
759
1250
1399
1407
1146
1108
1201
77
1450
860
479
1715
1707
1603
1789
1243
1472
64
2042
876
1331
1936
1792
1338
714
1609
1891
1712
888
581
1481
1664
918
1112
673
490
1442
127
1048
1371
147
2015
1547
992
336
1825
1975
1109
883
1483
1049
1947
1485
1644
266
481
1787
584
1022
901
1222
1006
773
1701
1728
2002
1408
514
386
351
748
709
774
91
1275
303
1648
1317
1777
544
579
1970
2038
1406
948
1479
459
80
2036
839
625
1617
717
207
779
311
1515
1912
934
1618
1419
1430
131
1071
1506
1860
757
954
1608
1337
543
43
150
1854
1690
11
1868
660
1724
1992
701
1467
1281
1438
1597
1247
149
1147
1719
1297
155
1774
1929
708
2016
512
1117
1237
2030
827
1605
1191
640
326
940
885
1578
913
92
359
152
1064
97
1836
243
615
55
1663
1415
1864
1050
887
1625
178
346
1343
758
1183
1252
1498
1066
1484
1009
569
403
1619
1766
1060
1827
946
1352
67
1542
117
1220
562
364
180
1780
1646
519
332
756
1300
1007
229
878
483
1405
1822
716
374
215
636
707
343
586
1546
797
1184
645
302
246
923
1840
532
1909
1449
1764
1027
1704
1159
1855
732
489
829
1418
2020
870
1042
736
1632
583
1687
6
1889
1754
196
445
1994
298
537
110
613
1294
1092
305
661
1924
462
1365
730
1356
577
1760
1400
1987
126
1536
1773
1736
1637
2011
256
1203
388
1731
1073
123
1242
1314
372
1861
1797
1901
47
1193
1461
891
1288
1659
435
472
355
970
28
82
685
1535
84
1044
1828
1566
17
394
1579
1594
966
1179
2013
533
1779
884
987
571
1784
1821
1156
907
1462
1902
525
1525
941
1501
789
1761
689
1305
1205
1747
530
1436
1674
744
1983
1614
217
747
1302
1024
538
1364
1440
1105
1235
676
69
855
436
1178
814
1709
1133
822
76
670
183
1199
909
1124
1094
1706
1680
1835
1248
1793
510
1583
1839
733
101
1257
1423
1054
2045
1414
826
1174
121
1309
824
1645
417
1962
650
1227
1749
971
51
1266
1096
1458
1350
1240
1053
299
838
1882
128
1168
66
1809
960
1271
440
911
995
686
1565
1509
329
455
1198
734
187
1741
1872
937
528
587
1232
501
651
425
291
1383
320
1988
611
1360
858
903
869
1132
935
240
494
15
416
1230
1907
1800
1043
224
1375
1740
843
1654
1111
1439
265
1837
710
671
1103
674
1589
2035
1651
623
1662
930
1953
1819
991
268
485
974
906
597
1115
418
969
1703
1330
731
412
1020
406
221
371
1806
784
910
621
164
1710
1759
1977
373
1853
1620
18
1214
507
1061
122
1695
1270
233
610
384
988
1635
1121
235
1993
1210
443
1973
585
323
768
1531
1584
1652
1261
290
1510
672
1877
1898
1032
1036
380
135
1937
896
1979
1366
816
1292
208
875
216
1463
749
1623
1678
1758
2009
1552
411
1231
872
1089
57
172
254
1226
1039
456
1598
1321
927
1730
813
1389
1259
845
1067
162
262
1464
1131
1867
421
700
1593
1045
1959
566
1935
274
998
389
2023
603
1135
165
1711
800
497
1212
1379
573
1376
1335
1691
2034
352
1085
1425
777
1175
159
842
1186
1616
1296
1533
713
499
1015
2010
1980
1393
833
905
1453
1811
1377
1172
846
659
258
1441
218
458
2032
1612
1369
9
1173
1373
1776
1206
25
1511
95
222
506
1141
206
1170
1693
848
1342
270
40
1455
1293
1063
423
632
588
1786
223
278
1513
658
407
1363
1381
601
1125
1850
103
2005
1378
1081
703
22
890
257
1904
1320
1392
1359
828
1017
1318
1851
1681
1114
203
605
1074
1106
1770
171
179
1697
1838
304
746
1841
369
247
1435
385
1677
1720
1404
1037
1650
1413
944
1875
160
1057
273
1031
1136
1041
1717
2007
1488
908
1260
1056
1895
752
318
1768
720
1991
1290
803
1967
1613
1541
1813
513
1500
362
1434
225
1682
1128
72
397
478
113
1599
648
545
1672
785
582
699
560
1615
996
2024
383
1713
1058
496
1908
1628
950
1185
1097
696
1311
1989
1571
334
186
1746
666
205
465
118
1647
951
1950
771
236
1437
431
132
766
1859
1879
851
692
1881
793
1010
1963
1852
607
1611
315
1497
517
1459
1771
1943
649
1298
136
1424
830
153
1127
2040
832
719
1865
1495
590
541
1390
836
1268
564
1143
1726
1447
1756
841
1573
474
783
1755
1587
1289
854
1345
1068
2022
1559
1676
1769
1931
2012
522
482
1313
130
912
264
1555
1928
1367
1332
184
234
1679
146
1917
1213
1661
929
938
505
1763
825
1516
446
1548
284
678
1743
24
476
1304
192
1808
778
1486
614
1753
1810
1729
900
881
1475
204
1047
2003
1914
565
1969
457
902
75
1846
917
228
877
3
14
1120
1353
1328
181
330
1532
853
1129
1560
399
1708
8
1778
1181
1344
1157
2014
767
1113
2033
1845
1351
755
1982
237
1830
324
712
1960
447
1918
899
591
1911
1897
1362
1341
432
44
1913
191
200
1137
1998
576
1152
1630
1090
1387
167
762
892
646
1217
753
668
1922
1228
1445
39
1283
261
1349
125
882
550
429
1119
1520
1942
174
669
1888
306
847
46
1665
1026
1941
177
144
70
1556
1514
684
1517
438
211
1101
1718
255
1215
238
108
370
