127
615
1830
1158
1200
750
1055
951
429
631
425
621
1610
629
1466
1956
217
1580
339
895
223
1230
175
278
650
1939
294
1846
941
741
547
1887
2046
1695
1717
1842
241
1550
1545
1412
181
1777
1002
772
2005
442
1408
53
1453
186
1839
926
840
416
77
778
833
1662
1361
838
694
692
227
1532
1419
1054
657
1872
1676
370
996
1640
1747
937
1102
816
1402
2047
6
609
1039
911
1501
1530
815
1565
1440
1557
1942
1950
165
1738
1091
361
2032
1947
801
304
858
1692
1925
1062
1235
1212
1917
1092
1513
230
535
1601
1040
1598
1396
558
196
1160
1603
1176
167
151
1356
1266
27
828
1973
171
32
257
1398
682
662
1723
1015
1195
580
1060
1737
1937
1485
387
2019
95
376
1748
677
1113
1982
1682
930
88
1382
1597
1588
63
351
1151
1585
1355
1650
1237
1689
1779
438
368
520
672
317
1138
826
435
1713
1838
240
172
1927
2010
786
1376
80
1744
1430
1827
910
664
29
1563
1722
1013
1401
1767
249
426
671
519
275
2022
756
687
412
1905
693
2030
696
70
1179
1708
290
622
403
818
866
193
612
1273
618
854
1990
495
1024
598
428
1756
1609
1433
780
1049
204
619
966
977
652
914
199
1385
333
1312
774
106
1258
656
1353
1868
660
857
779
1340
1970
255
1154
19
863
1663
1260
1081
353
359
1568
1993
109
1494
1721
105
476
1386
1345
251
46
44
554
89
1773
2040
1608
1621
479
888
299
1587
56
322
961
49
214
859
273
1561
2026
352
708
305
1679
1270
250
1191
1265
1395
306
1028
1698
1214
1999
825
748
1851
124
1668
928
1583
430
380
323
560
158
494
499
1799
243
2017
955
971
1912
1480
755
2028
860
1487
1974
1434
1941
979
1448
1987
681
444
595
190
242
557
1319
1965
1085
287
1742
1907
2009
477
927
1321
210
1489
398
1473
1886
369
1660
668
1602
1915
12
773
269
256
1934
1267
770
1582
441
1680
134
156
758
1193
174
827
1073
485
658
1518
1710
1534
1793
488
915
2021
1511
505
1392
1064
1391
1850
679
445
404
1932
1745
512
308
545
686
1409
948
984
1031
945
1282
903
343
355
114
1277
1658
1895
880
490
1005
59
91
1459
1741
1528
513
990
1959
1341
381
112
350
1259
1469
1289
1755
1009
500
1594
625
655
1612
644
978
1696
338
1928
1553
539
82
1362
1137
1390
782
152
1902
1254
1936
2006
1900
1749
220
1346
96
894
491
1107
1837
1025
1349
1454
1465
1854
115
1705
1444
1600
1627
1522
1464
321
1894
634
1084
2012
1379
1520
259
1856
493
643
1199
1875
1788
1059
590
714
503
1955
1263
1323
1835
725
348
899
1751
510
1381
1536
1976
1197
1981
1715
373
443
43
872
721
1619
2015
896
767
1174
593
457
1994
1053
484
1699
1393
262
1146
2
856
225
1620
1820
1329
1164
1785
288
1796
76
950
1730
562
41
1711
1112
1502
797
1566
1910
1125
135
1483
695
1299
699
50
448
973
85
422
829
1257
638
839
276
1308
2029
1403
1888
1727
55
1570
663
596
1271
1791
1871
1901
718
1667
584
1543
632
47
1519
1255
67
543
1042
1542
1203
549
909
1537
0
788
1192
707
1890
1883
1303
526
100
1057
734
1159
1219
765
1821
1011
1648
17
23
1491
943
737
37
1169
313
1181
1296
555
735
813
1811
1651
340
810
1226
1546
1441
1400
2038
1220
1641
392
1624
565
1450
1170
1337
1335
574
1467
1493
1014
1834
874
1824
884
1093
2045
420
1399
1639
724
1152
502
600
987
1929
881
1300
280
752
871
1732
1221
81
1359
1298
949
1560
999
821
1861
1533
1843
1239
501
1906
244
1380
659
900
451
787
958
744
1383
766
836
1931
246
1041
1406
1190
332
817
1034
585
1208
1672
334
247
1133
964
1790
1149
556
1017
992
1878
742
1286
1094
1577
605
994
1763
531
1083
873
739
1325
409
2033
835
1272
976
1649
1963
1188
747
1996
423
1700
651
891
72
1615
201
103
757
1375
1581
1740
1095
185
1858
846
1405
1310
932
674
995
1512
586
834
997
1231
954
1484
1424
1945
1490
1980
1844
1686
989
327
1823
1456
796
1638
1953
222
1998
1047
179
606
1988
166
207
2003
972
587
153
1244
769
1462
1068
921
1172
761
1148
1360
1437
807
1413
1499
1853
968
1427
1684
1142
548
1724
732
1331
1822
1262
935
837
985
266
1874
528
1447
845
1211
698
1334
1893
522
450
792
886
281
2002
1006
800
283
1505
1177
685
1613
189
330
1800
1301
533
1725
203
538
1352
1864
1921
149
61
357
620
1374
1470
2023
1576
867
814
1669
1865
1442
183
988
469
546
1410
1831
635
624
2013
702
1813
1108
1969
496
1189
1213
1242
1324
898
916
1630
454
1210
1018
1995
1555
1205
504
310
160
1232
705
284
1783
592
849
1022
764
1637
2039
2014
1966
1225
1071
1857
841
418
1461
1926
710
126
226
1388
1693
198
851
1435
527
1007
459
474
440
717
221
121
974
235
1423
1087
51
1860
775
1805
1012
162
2042
812
1495
279
583
1754
7
940
216
544
1556
1157
2031
1322
377
1916
1173
1426
1438
292
1571
824
386
1529
267
1370
48
1367
389
1076
2041
1178
1404
1564
509
307
1343
1044
760
1795
1924
1369
1665
1268
1675
639
1156
1021
202
1202
967
1075
1330
2007
688
802
1706
367
1944
132
1787
482
636
1366
848
1654
1592
1474
793
128
1828
1103
1731
1037
1224
1632
1297
1415
1428
197
349
1514
461
1252
173
1135
1971
1180
1678
159
1616
146
231
645
1445
669
942
1634
745
1287
2008
324
1460
1852
1590
125
920
414
1746
358
2043
597
675
983
904
1818
301
1500
1128
1086
140
391
94
314
1829
740
200
191
691
315
1736
1110
783
570
1707
938
1162
58
532
1302
722
906
852
811
901
2027
700
1475
934
335
1633
270
1130
759
751
1019
1236
1655
594
953
1079
1986
354
1306
1778
1949
1771
1792
1198
799
25
861
551
229
640
1997
8
1897
1697
922
553
1241
133
1204
1840
743
1354
1527
1281
1411
15
1772
1139
843
1882
1033
155
809
1275
237
712
746
1833
1431
1735
1968
1611
1420
455
176
1134
1688
970
1794
465
1719
1636
889
1121
749
169
794
30
1870
1050
1478
163
1373
42
791
1913
1364
472
1919
405
1816
534
1622
561
432
1161
13
959
1892
1814
1153
1991
676
1807
336
446
1143
893
1930
733
329
1578
1845
1804
316
771
683
1962
1468
1562
1876
1673
1058
1978
274
78
253
1141
102
1078
820
1625
850
753
406
83
929
1315
1671
245
1067
577
1278
1439
1716
1333
690
1606
806
1269
1294
1222
1368
1217
1538
591
1774
21
1274
1575
1504
38
2000
956
263
1496
1819
1476
1020
111
1291
673
1739
1523
1111
1256
1023
542
1909
1896
1539
1703
1290
980
680
939
431
1599
1065
419
795
486
919
885
1972
589
9
52
40
1782
194
489
684
1116
623
665
1463
1547
145
579
390
1687
1712
1524
475
439
26
1664
776
320
1879
1765
1958
515
1759
141
18
119
1815
1951
1140
487
2020
1458
424
1100
1642
399
1559
566
1873
1114
1332
1866
293
1734
184
1515
397
991
2018
261
518
1694
1115
1769
1417
1862
1899
1350
379
1517
918
1131
1168
1127
177
1985
1457
1016
647
344
129
219
372
1855
97
1027
113
1416
1889
1920
31
337
1097
1120
1261
613
1421
1425
1776
892
936
480
1604
254
573
1066
524
234
805
5
437
449
1284
1293
209
581
1185
1384
473
364
154
1451
1626
536
1432
1885
582
1387
1911
1567
1946
608
1836
1943
326
1147
1806
1000
211
1629
1681
923
415
385
123
703
1847
563
517
550
1090
1614
54
1038
1643
564
1729
64
384
507
413
268
1118
777
1757
1279
1967
729
1743
808
957
1510
1327
402
212
1295
1728
917
1733
1026
396
463
1347
341
602
1761
434
876
2024
1628
118
1166
395
1238
1849
328
366
401
1394
1880
523
1455
1122
1201
1348
633
260
1591
224
1136
1316
1586
104
1264
215
1101
768
875
931
1644
1187
467
447
1935
236
436
946
1677
1877
666
1690
470
678
1714
150
1063
1903
1175
567
265
108
1309
206
22
1488
1246
1645
1250
14
1471
944
670
393
182
188
180
360
318
529
1104
458
1753
1541
998
578
952
785
1477
1979
1082
342
2037
1635
1720
79
1631
1056
1
804
571
1784
1884
1184
993
1099
511
1701
823
728
614
453
537
1544
508
1436
727
667
1008
1186
107
296
637
264
1397
604
1718
842
1145
1551
1414
277
1652
630
912
319
616
1061
137
71
213
1209
603
1526
719
383
1098
347
960
24
1377
887
1918
142
1358
73
1150
1446
378
736
122
975
1096
258
1596
962
1975
1760
610
781
1617
1486
1781
1938
1010
642
1043
1035
136
1521
1984
75
205
1216
1750
1948
1372
1234
1285
831
1218
516
1088
599
1768
483
1572
1074
1472
1247
908
913
552
713
130
965
706
1607
1305
1194
1554
2036
1802
2035
1129
1482
784
1126
228
1163
131
803
1786
568
1508
1817
101
1124
832
1812
646
1803
1339
576
1922
1832
456
540
1449
611
709
1809
65
1691
34
4
90
1623
1317
715
704
178
1552
497
232
1656
1766
143
1245
1540
170
648
1215
689
1525
1072
1051
286
1940
1595
1605
754
1983
723
1770
1492
1407
233
187
1052
282
1516
947
2001
1132
195
1069
720
617
1119
1378
2011
1032
1314
62
1036
462
653
530
1657
1046
1320
362
86
239
168
862
92
1808
1661
468
498
302
375
297
601
1479
1109
291
400
2004
1726
1171
1452
1443
1647
345
66
60
3
1326
541
1389
697
1992
1363
1280
1371
1105
1223
1251
1810
1029
1182
371
138
1709
1365
192
790
1506
478
870
855
1227
481
35
1914
1908
1789
93
716
897
1207
1933
878
877
1080
331
649
289
1165
1498
433
1183
869
1891
1549
84
99
1328
39
1569
1418
1775
33
1881
460
144
1869
45
1964
607
521
120
1248
1283
116
763
1548
36
982
905
309
10
1574
711
238
407
16
365
1318
1167
252
847
1674
1589
701
822
1077
161
1509
731
969
312
1573
492
2044
819
271
1292
868
1535
1825
1848
1618
427
1666
374
1507
1659
1752
1030
411
69
2025
572
471
1342
1429
1704
1685
272
1144
1584
148
408
1249
382
830
661
883
1960
1229
1307
726
525
1233
1653
218
789
628
363
627
1531
986
882
654
1867
1253
641
1646
1351
865
963
464
1503
1336
933
346
924
1923
410
1952
1106
1683
1045
844
300
1558
864
208
1762
1206
1070
1801
147
1797
1117
1422
588
57
1497
514
1357
1859
1155
452
506
1313
730
1003
1954
1304
1338
388
295
139
1758
925
2034
157
1123
1243
907
2016
98
466
1089
248
1240
890
1898
1904
11
68
1593
356
1863
1276
738
303
394
298
1961
421
117
853
1048
1579
1004
1989
1798
28
87
981
1977
311
1001
1344
1764
325
569
1702
798
74
879
1670
626
1228
1481
1780
559
1957
110
285
164
902
762
1311
417
1288
575
1826
1841
1196
20
