47
882
1593
2047
574
496
934
1566
1624
219
787
1935
1359
1201
622
2041
1629
1213
1017
1496
1207
1437
63
167
690
1749
1494
747
1089
836
438
1260
828
1616
110
370
1662
1598
53
1996
1876
1233
1854
234
1092
614
1998
1937
250
1008
80
1312
1156
1828
812
1202
446
824
1870
1191
1953
165
1484
1259
26
579
119
1093
1689
1343
1024
463
884
93
973
652
443
654
1479
679
1075
1082
599
4
887
1080
1665
490
805
600
1492
1821
1980
1498
150
506
261
1300
1354
1476
731
1365
64
1313
312
643
1664
935
401
300
1939
534
861
1733
1859
855
107
376
1721
230
540
1877
1808
272
77
1434
1690
628
1909
738
486
1542
902
860
1717
697
1781
1500
1660
1530
1121
465
669
1835
916
729
1461
681
1558
2031
1058
837
1306
1228
278
1550
1981
1143
240
1806
1460
1709
671
84
1900
287
1071
326
1844
1428
845
209
1489
1035
993
693
1114
2029
1471
810
1818
1822
849
1358
1686
1439
1807
997
1263
2018
132
1575
334
8
500
162
1055
1390
595
79
1206
1578
1014
1735
1873
928
1591
1871
1567
715
963
122
361
1600
1790
1215
1612
2032
846
1304
1405
7
1565
360
1350
1002
1021
529
1057
108
277
1527
852
760
294
152
1108
944
208
514
1625
1809
1009
177
517
1977
1691
1210
1798
1302
704
1950
1636
1266
1810
908
1162
339
1516
1435
642
479
1290
159
1464
1603
768
646
1626
1834
1028
346
1630
1466
306
1555
719
1061
582
1611
1381
494
194
1323
1388
1123
1948
1695
459
1117
149
103
971
1989
1894
335
75
869
1649
1983
1849
1193
1426
634
1119
480
304
853
418
1811
1110
386
1482
956
1741
2021
546
563
843
742
1883
965
315
1831
1291
43
1345
237
1857
1529
1430
1098
922
1140
267
966
1421
804
157
577
1773
1878
709
1601
1068
638
781
1278
481
847
1901
1837
992
1045
394
434
1453
778
1874
639
1148
1086
1218
1643
695
510
1556
857
576
1633
1488
1185
1076
1424
1454
100
350
462
451
1582
616
1161
402
2017
1569
1590
439
675
1610
503
1632
1684
258
2045
202
580
1163
651
1011
627
682
1702
1700
1912
1307
947
1843
698
1951
176
281
54
388
1043
686
1547
1420
1200
355
1188
1532
684
1522
2004
1039
689
62
1672
1063
427
1238
1692
1469
190
541
1287
1005
1252
1801
23
1074
1334
256
182
1891
1195
413
1366
1614
1223
1669
1652
1182
1370
1638
1367
52
648
2022
870
940
1170
1999
367
641
72
1175
665
672
1585
509
1053
2007
1804
1619
274
223
903
1884
547
733
1264
895
404
1056
986
187
2043
799
415
1060
1038
1544
349
1861
659
1122
78
1319
1164
1203
1906
390
1899
139
1320
818
1481
1349
1786
1265
1908
111
1795
1222
1769
1480
302
606
1533
1916
699
1315
1452
2046
566
1326
1505
1066
1745
1192
721
113
1020
1284
913
808
48
796
545
656
707
779
373
1725
1145
1144
406
235
1674
1846
1396
980
1990
941
505
330
1792
816
180
1949
573
125
467
353
2027
491
942
1226
516
813
286
57
1384
1862
1832
1032
1794
123
1546
1000
1863
188
276
405
1463
225
58
1443
1253
1414
1868
1001
1211
1221
126
1336
135
835
716
1995
1261
1824
788
1729
1973
631
1764
793
674
1640
1412
151
1015
936
619
458
1915
1458
756
1867
571
629
198
246
1362
531
1131
316
70
1541
1534
1025
184
633
303
1657
362
625
1229
193
1838
1841
1351
88
688
544
1865
1673
662
1432
1587
74
858
1754
649
1680
2002
1570
1820
899
706
618
530
996
557
20
1293
1037
1401
1864
1656
1214
569
248
975
775
1971
1378
1079
1219
1508
1281
325
776
179
591
1353
239
1577
1158
755
18
598
282
129
1752
1340
1634
99
1554
958
483
1564
310
1256
1031
1090
1703
1563
1947
1898
1102
711
1671
907
1107
1802
400
1440
1952
774
6
1997
1402
909
102
1361
507
271
831
968
1872
1310
878
1360
1766
1190
1083
894
1528
979
1518
363
1155
1561
923
1712
1635
1581
1124
358
1456
154
1784
1062
1727
1372
499
772
59
746
73
1644
241
449
863
1888
424
586
270
1548
1704
1087
2026
478
937
238
712
1855
978
987
1743
1436
1
2016
891
430
212
691
1589
1273
2008
1406
1085
1346
1783
1886
565
1506
521
1308
2
1661
1067
253
549
456
298
1355
1904
1985
1737
1255
1847
83
1759
1394
1755
783
932
1976
893
2005
1501
1627
1459
1617
1642
875
915
867
762
1051
2033
785
1918
786
1517
1234
743
1974
352
664
1142
1018
784
1776
82
989
1521
343
801
1184
1881
570
1212
34
1286
412
1946
1991
1922
1955
1964
550
1499
65
593
10
1645
667
1262
220
1441
1160
1236
520
409
543
630
1444
1744
984
42
247
280
683
1890
1579
811
736
670
128
41
1502
927
255
959
763
264
1647
1687
189
1595
2025
445
1237
1417
216
1710
1448
1040
1560
269
1927
960
166
130
1967
1153
910
39
1929
1986
1204
613
1992
1805
441
389
999
311
1713
764
939
332
766
140
1165
2023
1103
1220
232
1639
323
1478
1064
1059
1368
354
168
1829
1250
16
101
1742
249
1044
1875
1895
522
1275
1157
1845
976
1580
233
724
1173
1683
552
33
314
1722
1545
105
554
1739
1012
1374
635
930
1342
1363
821
1609
1658
1269
523
1907
538
827
1171
1650
1199
1576
1622
308
460
1013
396
185
2006
948
1179
1708
752
896
231
364
1296
603
1047
371
1984
461
320
982
436
1097
727
67
803
872
533
207
795
1072
55
2009
1147
1960
1305
696
754
1934
1571
761
1923
1393
112
1970
1592
1648
94
1109
51
1758
1423
906
454
537
1800
833
1451
1716
1129
201
850
1892
889
1267
962
369
268
204
383
1954
1655
1676
790
685
257
1049
504
498
1920
1331
44
1410
1549
609
493
155
327
678
1391
284
1398
291
536
403
1357
1101
1945
1848
397
1347
338
475
792
1682
1693
528
1597
1982
964
1539
1054
844
1768
293
1332
624
1116
1371
15
19
794
1065
1166
1731
464
452
1091
1988
1194
1943
1276
1445
1770
572
1699
791
1842
432
244
318
967
1678
109
640
1788
750
1641
663
1524
1314
1113
351
497
1520
1537
551
143
217
324
341
1975
722
864
38
1512
562
1827
466
262
680
1740
933
568
558
1893
1036
1707
170
1073
173
773
1694
1787
620
71
35
1536
1574
2040
60
623
395
920
592
797
1905
215
1718
653
1241
718
1511
200
1373
2010
89
950
1896
98
1714
945
943
834
581
1497
1978
1077
1178
213
142
1730
780
730
708
2039
1369
918
1897
492
321
144
1447
24
873
1860
1397
694
1761
745
1380
2015
1789
227
1483
1465
602
1197
1490
723
1442
832
501
1379
1757
1403
1767
313
1128
1042
1321
489
431
1419
1621
1333
1004
559
758
1115
1486
589
701
1006
21
535
1227
866
2042
1325
1467
1295
485
617
1254
356
1772
990
1910
782
751
548
417
1022
970
447
2044
952
1475
561
1285
1941
1392
236
726
243
1552
1245
69
1137
1606
1136
1833
1715
1732
608
259
328
1487
91
331
392
645
728
1531
1105
252
1431
1557
1230
1081
1944
1100
1931
86
1503
735
1033
342
677
1962
1216
1667
229
524
1272
660
1924
1819
450
1078
1425
1965
160
1736
881
471
1335
1746
998
822
1239
710
9
1268
337
1942
1559
1551
1104
290
1882
1385
732
508
1880
1356
1762
470
753
2012
1620
1573
1395
1134
1181
1418
1249
1415
1003
1526
428
1019
1387
519
1168
954
1176
1586
118
1879
1659
1159
1866
615
925
260
814
972
1399
1519
66
1491
307
206
1959
594
1839
127
1096
1279
178
1411
597
146
1283
425
556
1413
1760
1928
1562
40
196
1327
1637
333
886
1183
25
1416
1477
585
1473
1608
1408
1383
1917
584
673
382
1726
1422
1750
1738
1125
1697
1470
1853
1858
477
1138
737
1543
1288
856
1514
288
1751
900
472
1027
1303
2024
1070
387
1277
1449
1316
1823
1217
1095
877
1553
1322
1292
1257
265
13
798
949
974
1132
197
924
1852
1509
46
411
61
1208
838
163
2000
1618
399
1599
1979
542
1244
527
134
1389
1282
1830
1688
27
117
1968
647
444
289
1936
1933
365
1594
124
1765
391
1150
1654
769
1681
121
961
429
285
560
266
1152
1270
526
468
1719
474
1540
1938
1958
218
839
1112
76
1940
1775
172
874
453
1294
655
319
50
1375
1887
1696
297
1248
226
692
921
1796
292
1932
2020
1957
1510
601
87
610
1280
1791
904
518
897
912
2003
1685
765
1242
1429
1225
929
1963
5
1209
854
825
926
1084
375
329
1154
1258
1386
469
1994
901
1052
295
414
1753
317
917
1815
1289
1174
228
969
1583
32
421
995
702
983
1913
720
85
263
626
1889
1628
1180
1198
1568
2037
210
1187
440
1850
771
890
482
1472
340
749
991
705
2001
133
817
0
11
1205
1646
1341
502
911
611
883
525
802
650
1902
1088
1698
398
994
1780
741
1196
770
1149
888
1311
56
607
1826
1299
473
407
739
1274
1604
1814
1535
1701
344
957
345
851
1705
1778
164
251
131
378
1118
1747
1457
1301
254
823
2035
1240
30
919
1605
587
2019
104
242
879
1756
1016
116
156
141
1584
380
45
476
898
299
1404
28
1094
273
2014
1029
567
1048
1966
377
532
862
1495
372
714
1631
336
374
192
191
137
1793
868
408
322
186
1034
1921
759
183
555
245
687
455
1455
1748
815
703
588
495
1926
604
1797
2013
1450
1344
1885
296
1111
657
644
181
1409
513
97
487
515
734
951
106
1588
931
2028
1041
1232
1596
1836
423
68
676
539
1677
1777
147
17
95
81
420
1127
29
275
511
357
1903
279
1172
3
442
385
1297
578
1186
2034
309
1069
1825
1330
1246
1763
583
1243
1352
859
1130
1711
1007
1141
348
1613
1309
744
1376
1987
448
1799
2036
865
148
829
1911
384
885
1914
305
484
2038
1969
1462
621
876
1779
1679
564
1023
777
1407
1468
1329
596
1840
1525
1139
161
49
826
1151
1925
283
199
553
1120
1338
840
1651
1135
1675
368
1337
136
174
977
1724
1538
1364
512
953
153
612
114
1271
36
1377
419
1653
158
1720
1972
1572
381
1231
841
203
1177
1400
1723
1523
211
807
422
1816
1607
488
767
175
1317
366
946
426
819
1328
359
1324
1251
222
120
1010
1146
1668
22
1706
1446
416
1785
1224
1318
169
347
590
830
605
905
1734
955
668
1189
221
410
740
575
892
12
636
96
1504
789
1493
666
914
1298
1485
31
1930
301
637
820
1961
1956
1030
1812
1663
1813
1615
713
435
725
1817
1382
138
1803
1507
1339
632
1126
224
379
1099
988
1670
393
809
1247
700
1513
2030
985
1427
1869
1856
1133
2011
1348
1050
115
195
842
1919
717
848
214
938
1474
1782
748
757
661
1235
1851
1771
1728
658
171
1993
1046
457
437
1623
880
1026
800
806
90
1666
1602
981
433
37
1167
1106
145
1433
92
1515
1774
14
1438
1169
871
205
