895
1890
1095
1909
760
901
206
644
171
1713
1595
697
820
1230
314
1013
1852
1161
1068
1437
1060
825
888
969
1816
431
2019
1894
1187
1884
1747
758
1930
291
347
1115
1517
1827
1775
483
837
1832
1336
25
1524
1967
364
1223
264
835
1372
429
457
1263
1076
1791
1192
394
1632
681
327
972
439
1911
170
622
1737
1634
522
208
653
301
1951
1325
464
1466
1268
993
1458
455
658
1621
828
138
1210
1475
1481
1262
478
222
1730
1315
102
1379
466
1696
450
694
1734
1902
1065
187
1534
35
860
944
718
1886
1499
1476
1381
339
1710
1053
1551
712
1489
565
1706
1494
88
1260
598
81
11
676
484
764
1942
865
949
1264
640
1447
17
1031
1764
359
980
670
1746
1981
845
724
1178
1686
1259
417
1570
489
1789
226
1660
1380
407
1943
261
362
1932
930
693
134
836
154
573
781
525
1715
1877
691
490
285
1540
651
762
745
164
1488
150
1841
1693
767
1081
2035
1303
918
954
1006
1957
1735
18
786
1398
148
315
1364
1542
1219
1153
121
1769
1838
507
1913
1108
831
1826
1490
1089
344
1128
1842
602
161
491
777
991
275
1455
842
809
1198
1324
1040
923
1121
1200
744
893
1934
639
368
1457
1870
1781
1561
69
903
1609
1298
1688
968
1498
560
802
43
1254
1396
1337
131
1186
1675
1250
1180
0
592
1136
1974
1782
1502
1904
253
1275
1824
1771
212
265
1939
423
1533
1903
618
795
1046
910
1768
1182
636
1431
1003
1591
674
1610
1137
2011
1169
1063
442
1103
994
1722
731
605
1216
326
1146
741
558
521
1505
383
1093
1407
995
52
1931
324
1340
1687
1111
2044
915
1640
1410
1682
1297
667
1271
334
1602
766
300
1924
1659
1920
855
832
1302
819
1584
1899
1719
1248
1367
467
476
106
1099
1980
1754
237
105
692
1058
931
1825
341
898
1474
1965
1160
1598
675
231
829
103
638
1211
1204
1999
75
83
1952
428
882
1928
1594
1628
997
345
1408
60
1462
604
1986
1532
1922
748
433
559
1433
1895
399
1988
1670
790
1261
1434
1470
1375
1695
1905
104
512
702
1312
1294
958
523
160
716
1403
1086
1306
1562
1062
1274
853
1758
414
1290
508
1039
1199
616
2033
1327
1209
192
1348
1185
284
801
256
402
1415
2040
3
33
740
1376
449
358
1968
1057
1701
2017
1639
990
811
2028
1793
350
1423
1878
1035
1767
1436
1047
2046
1045
1896
527
1079
1727
435
959
1050
159
889
1444
1738
798
1946
194
852
1441
5
1286
274
672
1839
1698
1283
422
1453
1215
2042
814
99
232
534
375
1976
55
948
1061
288
750
156
856
1346
401
210
770
390
1857
1563
446
1149
1034
2013
1323
782
1876
189
177
9
946
866
596
397
1070
1856
474
1221
486
49
1484
1273
1869
1739
549
714
1496
387
1360
743
1393
942
16
1027
1772
1953
1017
1836
283
524
61
986
562
1144
1773
1110
881
1998
698
1023
1539
813
1868
799
1996
1387
612
1369
380
1439
1583
287
1929
308
1225
82
1143
661
2045
1666
857
193
1762
939
1795
1226
29
1255
2037
1955
632
904
1389
79
870
1234
235
1523
199
1744
98
752
685
754
546
1339
1409
581
1456
135
974
755
1985
1969
21
12
72
1321
1246
907
615
999
1342
1021
1510
1879
1947
606
335
933
1770
1084
1677
1509
203
1284
1796
586
1813
91
1349
1354
1501
269
841
920
415
1044
367
1898
1487
1938
953
272
1797
1193
426
340
1804
1810
1363
1074
416
448
654
2015
682
1142
717
1166
293
1313
1249
1925
1578
54
673
2000
627
1094
739
925
7
1148
711
1751
1150
259
173
1123
1345
541
305
124
80
1778
1850
1054
689
1858
660
1154
1051
158
392
1918
876
1116
1536
458
1690
137
1334
1203
1295
671
839
110
96
126
1847
1683
343
1424
1860
579
488
492
590
594
302
396
1353
570
1704
1365
1708
1329
1167
1486
1607
1479
166
1705
1391
459
1522
1811
652
470
1587
1527
10
690
66
988
629
617
550
1573
1080
1897
1822
200
1716
1493
1872
202
146
545
456
1553
1694
1131
1252
36
917
909
961
468
1526
337
1388
514
1304
778
1124
273
94
1552
577
1432
44
916
1442
243
1237
1599
1269
1406
945
1908
1450
1548
471
728
1266
1571
1650
1608
1663
1461
1900
1500
1616
905
370
719
1296
1623
2027
196
1873
1107
1451
1535
175
86
663
833
1071
1097
1875
761
780
1978
1613
1132
1206
824
879
1966
56
1257
963
1586
932
1038
1390
1015
1232
1757
1528
1800
363
323
132
1828
854
119
584
215
27
277
1112
1866
595
1859
906
322
1759
355
1774
1473
686
1970
1331
1106
92
794
1009
821
553
1374
1370
22
1792
1684
1709
542
1937
1603
1582
366
1405
298
153
1755
1519
438
823
531
1085
885
664
444
655
519
1048
1018
631
1320
569
1308
1430
1222
513
1316
666
239
2003
190
830
1906
861
2034
400
1350
1592
613
497
1554
1605
480
1236
1669
1344
1317
1361
1452
1064
440
834
294
1033
647
849
1516
220
1748
1020
621
381
772
1689
873
725
688
2038
1265
537
51
1601
473
771
1919
501
568
1851
683
233
1310
1362
1301
1963
679
406
1285
176
461
746
371
142
1564
1119
1279
1328
600
1959
346
1846
2008
1156
152
127
183
1935
216
580
1752
1126
1319
1703
1855
1459
217
268
1656
254
1525
351
1359
1177
70
1172
662
1231
563
2025
526
40
516
1977
1227
318
1059
970
178
1979
1997
1718
515
385
77
1358
751
722
427
1808
432
1242
465
1971
169
838
1382
395
1130
1240
238
1196
1228
336
403
2006
623
684
454
1385
1642
789
561
800
204
960
1088
1544
922
1000
601
687
1821
306
141
373
1766
1276
1549
1010
1624
1711
510
1092
353
424
328
1765
445
78
965
1829
1863
113
1910
475
1844
1874
1653
706
1589
1028
1655
2020
883
912
1305
505
1630
864
699
1645
2002
50
1862
578
93
1141
1815
227
234
1814
1090
290
962
404
195
822
165
276
1817
181
304
310
1691
880
292
1646
643
2030
1467
1173
1163
1120
1983
1680
377
1529
1056
1055
376
1830
281
1990
32
1625
1326
1555
1497
1803
1984
297
1740
1892
1588
591
1235
1417
1676
1515
1945
1401
1485
576
572
607
1604
557
940
900
899
1973
1721
1661
678
1205
2012
151
1949
1805
677
1512
1940
812
15
157
1679
1506
1105
1491
1425
628
1175
191
665
46
307
816
982
1022
1648
1520
894
1576
1026
776
1041
1975
1440
1214
2024
582
1991
1992
282
374
246
913
703
1784
551
566
1164
2016
1251
1633
412
1069
1366
1958
2018
68
19
1087
727
356
411
936
955
1671
1736
556
1620
1278
887
1049
548
1504
951
270
805
886
1066
123
1600
1448
1819
1565
1239
365
847
1649
405
111
182
863
24
575
1888
1643
311
278
14
1151
248
1994
317
280
1309
228
657
279
1617
713
332
2026
1335
753
109
434
117
705
987
1518
1355
1697
320
593
1464
538
1545
1780
998
826
122
597
1667
179
451
386
530
1122
971
325
67
114
59
1189
981
914
1887
1622
1043
983
1732
1982
588
245
1138
1893
1885
1731
1140
378
2023
188
1834
1229
1291
295
929
1224
97
774
225
1155
875
1777
299
1258
342
369
1972
1511
1011
1287
1849
331
1098
872
1100
144
1865
1664
1
868
1665
1560
810
804
1168
112
115
463
996
1145
941
1449
495
1314
911
84
701
858
704
710
260
943
218
498
1820
443
696
1438
1220
1352
1627
1961
759
496
633
95
1514
978
818
964
1208
1993
695
420
614
1243
649
650
715
2029
1030
184
398
2021
1521
1292
1384
1941
1125
64
1743
1307
1889
619
1483
1241
788
1566
1635
1277
503
787
348
539
1729
803
1537
1395
927
1567
919
645
1463
1833
1202
39
257
493
1585
180
1117
197
38
481
1073
574
1253
1159
1052
101
136
1950
460
775
784
1037
1726
1606
13
100
1412
1741
957
384
241
511
502
1794
258
840
1926
2
656
1002
186
500
1823
65
209
850
453
1720
851
1238
535
393
733
1482
1445
1127
1507
250
1383
1574
1454
1964
1332
53
229
1776
874
1580
1641
1101
87
1717
1756
201
1443
413
244
20
1807
349
1636
749
1421
167
1158
979
1083
1311
1845
1281
1559
1147
768
700
1183
817
668
436
1102
585
47
469
224
1801
1152
738
271
926
421
1788
251
2005
1032
1615
1508
1749
843
544
172
230
769
1933
1399
329
1596
536
2047
1785
1477
1114
1745
71
1495
1091
1416
1531
162
1799
967
723
908
140
2032
1096
1806
23
1742
1282
1541
338
977
108
1188
734
635
361
641
1626
1025
143
1638
2009
518
509
120
938
499
506
708
1854
735
1530
862
659
252
1014
74
1714
1420
1280
1962
806
221
1631
610
1492
726
1550
747
211
1651
31
2001
1426
1837
1668
737
477
255
485
1212
57
1699
1674
1322
1672
236
721
352
1812
730
1007
637
1867
1581
125
1171
76
90
950
1267
130
2010
1543
1008
85
564
1113
1619
1067
859
89
372
583
389
1338
1724
709
213
129
1538
1882
554
26
924
1579
45
867
1700
1843
765
884
1001
1135
1702
1402
1134
28
555
620
796
1357
797
785
1790
791
303
1029
609
494
1356
207
1546
1072
807
1513
1427
1480
1371
892
815
571
634
1575
1378
890
1078
1577
1077
2014
1428
1637
1170
1733
1414
1244
642
1936
107
62
1460
1333
921
1233
1247
1351
543
73
34
1446
1960
1075
1162
1109
1299
589
669
603
1174
757
30
1750
934
608
877
1954
966
242
8
935
1914
552
773
1712
1218
646
529
2004
1948
1104
133
168
1916
947
313
1190
1004
1614
1042
1662
1761
37
1881
952
1005
1871
891
42
1397
1547
333
441
587
409
48
1728
2022
116
793
792
1191
1558
1373
1901
1341
1848
1139
1465
266
1618
1798
223
1783
1912
1723
185
1217
729
742
1411
1840
1593
1289
2039
1165
58
410
976
1995
1129
382
1400
247
1024
1989
1272
532
289
240
611
462
312
128
720
956
1685
1016
1673
262
482
198
985
391
1082
1880
118
1915
425
330
1503
897
1207
1368
149
296
147
1678
447
975
1907
1288
1330
388
989
1404
846
547
848
1590
1429
1557
902
1753
319
1468
2043
1176
1572
1818
1245
517
1883
1657
528
1864
1472
1652
827
1019
1394
630
205
1556
430
1644
1418
1779
214
1184
155
1853
1118
624
626
1681
540
2041
1647
1787
1658
437
1347
1809
984
808
163
1133
1293
736
1179
928
1569
504
408
779
1917
1413
321
732
1611
533
1201
1270
1921
763
267
1157
1300
1597
479
756
1891
174
1835
1469
452
1944
680
567
844
1612
1786
1629
1478
1760
1654
2036
487
1763
316
139
249
1213
6
1568
1012
219
1386
418
357
41
1036
1725
1861
1831
309
878
2031
1377
1419
1471
145
360
472
707
63
648
354
1435
2007
286
783
992
1923
1181
896
1195
379
1197
1707
419
1392
973
625
1422
263
1343
4
1802
869
1256
1927
1692
1194
599
871
937
1318
520
1987
1956
