1593
1953
649
1519
1133
1289
1927
55
1767
247
556
209
91
1207
1918
1126
238
1996
175
1340
1213
216
630
1932
1437
1497
832
29
1645
1052
1975
291
909
1646
1303
383
1980
1526
1155
1122
1301
1266
1896
1969
1985
380
146
805
1652
72
1637
1572
901
790
1411
596
2033
1825
1142
292
59
168
88
1338
542
1491
493
262
325
1022
994
800
669
195
1423
271
392
913
1281
1687
729
207
150
1342
1726
453
1401
417
1186
1508
1860
1970
677
1383
613
1512
1624
234
1369
1691
1204
1082
1106
480
359
1608
768
1065
1856
1348
1517
1808
1094
1329
1557
1579
829
75
651
349
1412
662
1054
744
1076
1009
2035
119
1368
324
545
28
60
1363
1605
710
391
1943
1251
1851
772
451
1196
309
461
1784
320
237
257
935
1987
1057
845
1758
936
683
852
1178
1464
1319
507
372
1945
205
1170
1237
1359
1742
1913
624
217
1809
1710
2019
137
260
174
980
1364
144
1357
43
1627
1328
875
1939
1493
962
269
471
929
1274
1058
222
550
278
2016
862
889
1772
665
1209
825
1928
1771
136
145
1372
653
1064
795
695
661
1154
1983
762
11
26
1638
1966
250
17
1405
1264
2045
10
252
2012
1346
1587
1451
1644
1925
1307
866
90
908
721
1718
841
1781
352
246
785
1556
658
987
414
1250
1639
1801
1117
1813
1141
1404
1724
374
1021
1633
231
1246
1575
1802
375
983
98
1175
1647
1302
1822
1002
1466
1674
42
1842
125
971
1295
1768
1841
2006
148
21
1654
1038
481
1398
447
1873
1282
1315
193
2000
689
1672
986
1468
16
1831
1355
1134
964
1105
160
706
365
132
1503
498
1753
637
286
900
1796
1623
1867
1834
1221
1583
1734
1950
318
1956
1588
86
788
1628
429
76
1739
1188
172
553
586
1253
1701
1602
181
1184
1414
1043
1620
1940
488
317
1698
432
645
1560
1007
213
1632
1448
408
958
101
1478
1881
1673
1931
1502
1675
786
1783
826
1261
2
1403
2014
1028
765
1116
1387
842
1180
1515
1113
1396
712
1618
946
1707
981
1574
290
279
769
1323
2025
1555
1388
1444
1392
1719
440
817
1634
1118
2024
1589
495
486
2010
1313
621
306
2044
1386
1409
819
1085
993
1692
883
1704
1267
1658
970
149
1239
1024
1959
1145
1391
1763
167
719
990
185
1967
183
1968
3
430
1462
339
1069
423
1507
1746
633
1581
1333
1731
1380
1684
357
1123
641
176
823
1455
517
1643
1554
367
1893
1095
1283
115
1661
1982
355
774
750
944
2008
1617
749
518
534
1442
634
1385
1073
34
787
81
1797
2036
945
627
1511
2003
528
311
1457
610
934
715
123
1963
436
420
532
1823
952
1530
338
57
30
1930
497
502
1483
1463
1539
398
1108
235
1312
725
1496
915
467
1240
1232
1788
263
434
492
828
792
1951
1427
1370
214
1241
141
329
2039
1081
36
275
1225
1926
525
1974
239
14
573
1748
1443
1080
336
635
6
1285
1173
438
428
1349
1804
210
1306
319
416
954
1205
1542
1769
1200
1262
864
1549
165
1375
531
799
1458
1270
1004
1584
1598
1566
19
1869
1686
1744
1799
1733
1521
747
485
469
1759
273
511
642
570
316
1630
1732
1894
501
1977
1547
1059
164
674
1694
871
244
128
373
228
1197
177
843
1551
366
421
925
188
599
681
639
1909
1960
194
1049
764
646
1747
304
1743
1681
1849
1999
1649
1243
1336
138
601
1576
302
204
757
63
1976
1395
293
1597
1817
1611
104
848
1725
1525
1677
1453
1635
1541
943
724
1131
1125
1031
474
927
233
1651
770
1472
1001
1908
341
1384
2022
605
99
296
111
1695
887
547
192
655
1871
251
418
94
930
1946
363
1921
1546
1979
155
827
1534
1230
301
779
1010
1870
1487
2020
1242
960
905
1309
1318
1150
281
305
1114
1682
1862
763
1402
1615
1235
32
975
295
223
578
457
353
1324
1192
1347
437
1254
346
861
1102
1029
726
82
1366
189
1191
1286
728
53
7
97
1149
1091
1143
1229
738
426
139
625
968
893
312
1436
1174
1198
794
342
824
230
1470
1887
35
694
1901
867
503
4
508
751
1476
77
58
551
1961
1238
2018
425
696
977
1020
563
388
1561
151
1045
442
1420
201
431
242
670
761
1596
568
1657
110
1056
585
1099
1140
891
513
543
965
1097
940
1924
41
1755
815
215
1214
1181
1697
1676
1947
924
849
1864
1138
1316
285
1256
1096
118
701
569
1774
161
1535
732
1424
1051
1477
1853
1494
1656
56
921
1573
1255
1895
396
1467
1473
225
1060
1795
644
1815
322
410
1148
1800
580
969
928
730
121
798
1520
200
333
731
1400
1194
1376
816
519
134
479
1271
224
914
868
1648
1222
575
1586
400
985
713
371
1501
1957
1614
577
759
268
1445
79
1898
746
1165
1770
66
1381
330
1812
1490
1884
1389
571
1592
931
1505
1446
93
1582
668
512
529
1153
455
598
675
315
381
229
1952
1915
671
258
1680
1845
989
1003
1151
1765
2030
1088
705
348
853
1061
2001
579
821
1524
1066
1757
1714
364
1897
1865
1084
1538
1330
574
385
1107
1216
1128
1699
890
793
73
147
1498
1832
1015
859
108
2040
1880
558
113
656
1294
741
1327
1613
326
688
1277
1737
454
1068
1378
1669
782
1830
1431
685
1249
1659
1354
1190
117
1495
1989
1037
1162
1127
780
50
462
801
1101
1523
1762
1322
303
411
1688
1736
895
539
1857
1776
360
1591
737
1885
253
754
616
427
236
377
1086
1310
1350
767
1212
1531
1152
1655
241
114
1147
1995
1835
25
499
1121
435
1929
1136
1787
92
1678
206
1810
1176
112
1906
1777
974
1137
409
789
581
140
350
1973
1092
67
1844
760
1158
1273
839
154
1454
494
837
1189
1132
1779
156
879
337
973
978
1203
1840
1393
384
1263
1907
1172
955
1599
1883
452
1361
1345
771
2002
1461
1026
1305
1014
1683
1861
1039
1071
743
1321
323
1558
1721
1013
1789
753
415
249
460
8
520
1522
559
515
1958
221
1278
1465
1954
855
967
618
1077
1821
742
522
620
1146
441
116
1760
877
809
904
1129
1751
1820
1912
910
171
878
876
1428
838
939
907
920
1567
1030
1367
1722
523
240
1955
48
1837
1886
1709
1201
267
708
1792
953
1202
1382
1670
15
1265
1218
1074
1418
1259
918
897
1529
888
68
1794
23
243
393
1559
1919
1964
1569
1163
597
1499
755
62
776
1847
289
1846
976
1314
1167
1195
327
288
351
766
2046
1828
40
1480
1245
566
886
109
506
196
1609
1475
1824
1046
1708
1260
1358
1740
869
1373
71
24
541
942
1450
1872
1518
1829
1279
61
758
588
510
691
1729
979
777
127
917
1730
1280
536
632
1160
1990
1868
1247
549
1331
1607
504
1568
660
1838
1827
300
413
736
593
334
89
557
124
1292
1590
1224
1806
912
1780
1199
1166
648
51
1211
335
628
1803
74
2026
840
813
450
1236
443
1488
0
1606
1640
1717
1537
896
1798
1626
1012
489
1406
1917
282
812
1504
1055
270
745
1876
1935
2004
1220
1585
1811
1008
631
152
2013
1711
163
2015
682
69
591
870
600
582
313
735
477
647
1962
20
1019
1421
1252
2042
617
1920
2043
892
1397
475
1100
382
781
266
584
752
39
1093
1666
284
27
1727
734
186
526
1750
1663
739
1778
2009
1011
1067
592
1570
614
1484
947
310
1552
863
1937
412
389
1284
1115
143
328
1764
256
1965
1866
1047
1533
1447
602
1234
1344
45
998
397
1604
709
595
157
814
1005
1882
358
1394
626
490
834
1036
722
1034
245
1429
1761
1300
1169
949
856
1217
439
487
704
537
422
984
903
972
1103
1843
727
1653
80
540
604
1018
521
158
212
1621
173
1986
527
1902
982
1904
836
314
1941
690
1161
1971
1469
102
640
129
678
1025
1474
105
1622
44
922
1297
1439
514
130
609
126
673
937
356
1903
1441
1320
5
818
390
332
1738
1506
1716
567
1625
1696
533
880
1016
1379
1269
37
1577
1713
583
1482
1610
255
448
1528
1685
248
899
1304
378
996
2032
219
1836
1514
1571
33
473
554
1992
122
491
1110
1550
96
802
1631
1749
232
865
933
47
1578
938
394
1432
1839
544
1916
997
419
622
344
1033
226
1756
100
1287
1712
1720
1471
64
1288
1193
1754
386
991
1486
1878
1616
1948
1112
957
1356
1854
1612
1111
1899
1371
402
405
1185
1855
784
797
1938
1183
1900
218
1090
1972
407
2037
404
1580
65
830
1888
1814
1564
995
331
1337
85
1690
1852
500
1268
687
1863
1492
1006
87
1335
1641
509
1791
1679
2041
684
1479
1168
846
1826
1703
663
387
748
1667
445
1879
697
169
2007
376
203
1509
606
83
594
264
1415
1516
406
166
1745
347
773
399
1130
1548
1293
84
1426
1208
1157
1766
274
882
1089
699
1988
552
1728
659
623
1705
2031
1702
135
1257
299
1664
851
1119
804
783
1949
1223
1041
1332
720
932
1416
860
698
1435
1934
2028
1500
294
265
1642
1807
456
1231
170
988
686
1785
1922
714
1206
1563
803
961
1339
1449
1365
806
1040
1773
778
679
1715
1848
1027
833
1665
822
2038
643
707
1419
261
2029
483
666
652
1156
716
1139
587
13
1782
535
1775
459
565
1083
881
1544
1179
718
1032
717
1075
807
197
1272
1994
516
401
444
1859
1700
1311
1104
1399
2005
180
107
1353
103
458
321
657
1177
1818
1892
1434
1850
1050
1072
667
546
478
1433
283
676
603
1422
560
680
1603
476
1390
873
733
133
906
1460
1833
1923
948
1991
1890
1594
894
2011
1933
178
368
2023
1276
1228
370
1793
1905
562
1334
482
740
874
1874
590
1226
142
1343
612
1413
664
95
1910
1087
505
464
1317
1098
1298
926
1062
1124
1078
287
650
619
2021
1981
1790
636
1425
1619
199
1481
38
951
1182
1248
424
1629
202
78
2017
1944
902
1911
12
607
885
1187
187
1984
182
702
484
723
1017
808
1159
919
1735
307
1227
844
1308
1053
9
1741
1891
1660
1819
1601
692
1244
992
1914
941
1636
31
1352
756
208
1291
446
1144
362
1993
950
638
850
1210
898
297
1171
963
711
810
1296
1299
308
1786
470
611
857
524
1360
572
858
835
608
395
956
1258
672
589
1377
1997
1536
1023
277
280
2047
884
1510
1942
1035
433
999
466
1430
564
1540
2034
1063
46
1459
1079
1341
1723
449
465
369
162
49
22
379
847
340
1000
153
1070
959
561
1858
831
811
343
555
1689
1042
1440
276
1215
1109
1805
198
120
272
791
227
1325
1668
2027
1351
923
345
259
1889
1120
1048
1374
1693
1562
576
1044
468
1650
1545
654
796
1565
1410
1408
1513
18
530
700
1164
911
916
854
211
1706
1553
966
1816
775
131
298
1135
1543
1326
1978
354
472
872
615
1527
403
496
1452
1532
1
538
1489
693
1998
1752
220
463
106
629
159
184
1936
52
191
70
548
1233
1600
820
1875
54
703
1362
1219
1456
1275
179
1662
1877
1438
190
1595
1485
1671
1417
1290
1407
254
361
