53
630
1246
1232
1727
1416
1452
607
770
1684
523
2032
769
974
1211
207
96
1973
1485
525
1113
647
344
1473
453
1474
1144
1852
1924
296
1764
10
1161
1597
1515
561
318
1941
868
970
947
774
539
584
789
42
829
806
1231
376
573
1923
2004
613
1358
1800
1802
317
1045
745
1037
628
1796
311
894
1017
1745
985
293
994
399
487
1773
1572
1209
37
928
910
1580
1674
575
549
1426
217
1716
1824
393
1676
124
1634
4
1876
890
310
1108
1064
284
1652
2017
1394
1255
660
247
1157
1990
1012
495
927
1600
512
1061
1328
1112
617
779
1291
678
238
2022
570
298
316
1711
327
1145
1506
1651
491
1133
21
637
52
1995
14
1586
949
939
1907
593
902
869
794
1757
1499
428
1691
88
1098
1724
1665
759
1626
1704
1180
1915
2043
392
435
1121
552
33
1653
554
1438
842
400
1533
336
1125
1247
1118
962
531
1943
1753
27
1309
1382
1646
542
1778
196
936
1148
412
1415
958
1573
373
48
1289
1564
526
846
1828
427
256
1579
1042
2029
1776
106
16
484
233
227
375
791
1505
451
1468
242
993
1483
448
1134
952
1888
279
1173
1638
687
1399
1324
239
1794
1110
1100
204
1598
1936
749
44
996
1884
1084
1083
1487
1272
1560
762
72
359
1550
814
1585
457
471
463
1348
1301
1628
1377
1250
1200
1909
235
792
955
1413
709
1974
1178
1612
391
133
1135
1437
896
1204
2039
1820
1183
1262
501
115
1138
817
1677
1899
118
797
1639
1326
1743
753
551
1368
1065
946
1713
1904
212
30
882
1637
1002
1106
1830
1288
921
472
1877
1889
873
1000
1913
1409
1772
859
201
1310
1916
1567
454
1089
437
1264
402
837
1669
717
1109
1312
1647
864
1141
127
1575
98
1464
665
1240
857
969
1961
1279
1046
1052
494
699
216
1551
144
807
1414
339
452
1357
295
1181
354
1643
1363
1682
1296
136
722
162
165
1400
1069
1744
74
357
82
1854
1949
1480
1258
378
925
130
1201
1370
2018
356
92
596
2
1838
407
1797
485
1465
274
847
1726
1786
2011
1766
845
388
323
474
211
1513
961
538
1032
185
1107
289
1384
1104
1041
411
497
1937
883
1591
385
1268
1294
1336
1911
729
477
653
1782
1155
2031
1834
726
368
1459
1898
182
1609
8
1208
843
1635
18
303
1170
766
793
1812
418
1523
632
863
1191
321
365
337
1938
70
1962
25
1947
482
1542
1507
960
1167
1887
1650
1868
426
330
866
1158
1525
1801
1023
684
635
458
255
1026
1219
689
658
1965
614
346
1886
1152
312
478
57
320
1378
1205
913
169
1330
219
905
1466
1959
248
149
569
1286
1174
2040
1648
331
1710
161
2030
574
1429
469
1554
799
225
1126
1771
1407
937
511
145
231
874
1001
213
343
741
1074
1620
120
1341
31
1978
166
1720
2047
249
705
547
228
81
1928
1618
445
272
1072
1070
1494
983
1433
517
568
366
1306
1434
1019
1030
739
909
998
820
1418
530
222
123
1235
1352
1853
409
1867
1404
1304
1230
1695
1689
777
1761
1025
1087
138
1798
1153
436
1021
950
328
600
1960
350
1462
1630
236
565
197
1198
802
36
1874
695
1792
60
49
546
300
75
688
1284
1171
126
1673
1321
367
803
1059
1910
500
1338
690
835
190
171
830
1535
1855
659
798
93
1082
1584
618
1244
1097
1461
440
1826
1266
38
1029
1555
1706
1020
964
1190
1146
1392
591
850
245
1871
861
1537
78
701
1721
1448
1252
1690
1119
6
796
1290
849
619
747
142
631
2024
1697
71
885
421
1142
1128
519
419
263
1419
342
246
1623
134
129
408
908
1919
1709
1946
948
612
1510
264
1319
1143
100
65
1583
1860
524
509
2013
1463
1836
1396
2007
1712
626
1323
821
1380
728
1530
1217
2008
1259
1014
761
1732
1880
680
51
583
111
853
1738
1967
1028
334
214
711
479
1482
241
982
97
972
1570
1679
604
914
1222
116
1228
942
1517
1172
206
816
710
1619
1976
872
1759
1755
1049
907
286
398
374
1596
1998
1379
954
2036
12
718
912
1698
876
1331
840
237
1540
1566
218
1432
727
288
1457
615
1454
1285
1873
2026
265
1733
1024
1131
1103
340
995
1298
681
724
594
1283
715
1027
899
571
757
973
535
1095
706
174
34
1827
1592
966
1444
743
856
353
760
1610
1403
736
1043
2035
1594
187
1423
1692
1137
2044
156
1929
1613
1805
1179
788
587
54
1849
1553
999
1975
1925
698
401
534
1529
968
1238
257
1009
1565
394
1940
143
924
771
379
878
521
1599
997
557
1159
175
553
1806
1944
1469
1850
721
828
1334
1150
150
944
1402
1436
703
1129
713
1657
39
1005
1393
1543
1318
566
178
603
1654
1086
1957
529
783
599
313
918
69
112
1823
1717
879
1327
1664
1769
2002
732
1229
1589
26
854
250
730
638
1969
1841
29
3
1036
782
725
1544
194
172
1460
17
1236
59
387
305
610
276
1953
700
1845
1199
1882
506
1518
152
865
1685
800
195
1177
1359
915
867
417
1054
1349
773
1071
208
831
1476
1445
87
641
234
1226
623
548
1872
1725
931
1257
266
372
744
827
488
2009
1696
652
723
199
1681
670
164
1747
1365
1233
292
1983
589
1307
839
1389
1488
976
167
1366
1496
1234
1101
283
1151
73
1340
1526
1195
507
414
1265
694
1223
360
1013
1777
930
693
410
1182
2014
177
2038
1632
140
609
957
259
1383
1362
1350
1056
923
1390
1189
895
5
2028
137
1892
848
1441
1470
675
975
492
1562
1006
1420
870
403
1914
844
860
306
1275
168
1739
1939
1736
1478
430
128
355
1817
707
1728
1857
396
258
1280
186
522
1816
685
1645
338
1858
1114
804
1760
768
1926
1504
1502
1213
1735
1522
413
922
270
1655
900
122
155
1491
1954
1746
108
1311
480
406
370
299
229
94
734
1568
1292
513
1780
1859
110
1741
748
349
1870
1442
1439
433
1060
271
1091
1117
642
277
1249
1270
307
1694
315
198
282
1604
1751
1715
1952
945
119
1972
493
1405
1548
1225
1115
823
243
532
555
1534
941
606
352
1164
223
1256
364
319
1558
45
1196
1687
1354
1788
1297
763
622
1343
1202
64
516
1007
855
180
719
1163
1277
627
1335
314
633
1905
253
1500
674
755
1501
449
386
232
226
906
163
1571
447
832
977
1168
1981
1267
381
1374
325
1034
2025
1590
750
1699
1839
1124
1281
499
733
1175
1996
1033
1398
871
1642
1165
1092
1373
520
269
1809
1749
527
285
740
425
125
1489
851
956
697
981
1740
654
1372
1237
1956
810
1833
785
776
1856
951
1431
815
716
1329
2023
1149
1656
1994
795
188
99
1775
943
1263
2015
672
1595
1723
528
1325
781
646
221
965
135
657
1102
132
826
309
324
273
1532
1187
1768
813
988
1451
787
1176
1670
1979
1391
465
1847
1227
1315
1184
919
1251
240
170
1659
884
1791
1351
1388
595
1062
0
992
90
369
708
758
784
1767
1787
683
2041
893
1955
648
1891
579
1624
514
390
625
1991
1308
470
146
1376
661
1731
1050
1616
1337
50
1273
1821
1686
1314
1239
1719
1581
1851
1332
395
1601
203
1040
11
935
1789
1057
55
1807
1890
780
598
1339
1313
1038
1206
1197
1569
1447
1640
2010
1951
1920
1317
1948
649
1799
1381
441
1758
1044
1022
1577
537
592
2005
1582
1970
541
1895
1271
1185
1700
476
662
1831
32
1667
158
2045
1668
1893
22
1930
1139
1509
205
2006
1906
434
986
586
1559
1156
720
1866
62
577
1779
1085
978
76
1421
79
347
543
2016
1980
1406
669
1248
550
1672
1015
1587
439
1427
1631
1387
1254
1053
1881
1950
572
938
63
917
462
1471
1832
371
1633
153
1933
181
1203
809
502
1055
702
1276
1220
812
1508
1875
261
714
121
1621
1750
582
89
987
1360
2033
209
1080
1999
2000
1932
1120
1512
754
811
1039
1795
1361
95
667
1688
1885
1287
363
35
416
508
1127
1481
230
1520
173
738
1422
104
1511
880
544
1116
1988
1295
1556
588
664
1968
1835
2020
1192
1662
24
1663
560
420
1105
1829
431
1010
1702
1861
590
585
1282
1966
1498
1458
1401
1846
281
1456
1093
85
1371
1617
1774
1410
624
47
891
1810
712
563
1671
1147
1077
1661
1011
244
2046
1902
1035
1269
1450
2027
278
1730
503
1752
154
189
1842
442
1051
1627
1815
1278
1132
862
1492
1207
139
920
1614
651
1622
1557
423
934
2034
1878
1593
1701
643
1524
1160
1862
302
704
1707
41
1649
1058
1790
1364
1130
1
671
752
308
1848
1293
351
1964
1908
1096
825
518
602
450
621
911
1521
1212
1194
1333
1804
1734
147
562
989
483
179
1546
1514
438
280
1369
833
192
1818
1636
616
1703
397
767
1424
1763
737
1708
23
888
1018
1901
510
663
444
1302
1989
1495
666
252
9
558
1099
1783
1531
1813
1680
1765
881
496
686
1031
559
1346
1971
967
1811
1516
979
422
1912
424
1997
1894
429
1075
254
858
1123
2042
107
1754
1479
1729
1397
322
1547
1519
456
380
362
1942
67
1784
1603
151
1837
1467
251
486
1563
990
384
1274
1218
268
1986
929
1660
1243
220
1210
1320
772
991
432
1528
639
897
1982
838
1963
805
1927
892
1985
1215
333
904
751
1822
1003
756
1503
1140
1347
109
611
1111
159
1945
1449
1958
7
415
1897
1578
176
1629
1166
818
1122
1549
1221
1931
455
1576
959
1987
1825
210
141
326
1606
963
1552
1869
940
1245
834
677
1081
691
673
1425
620
1136
1863
113
103
1785
1718
183
489
1935
475
131
1472
301
345
1896
461
1154
40
504
215
464
1016
1541
56
105
383
953
933
1921
1322
1644
786
1693
80
1770
1446
77
377
1992
157
1412
644
1605
1356
389
536
1814
358
1641
980
932
193
335
1490
634
540
1067
533
15
1486
841
160
1808
1615
1484
1078
262
275
852
1408
102
1984
629
1819
1977
1395
2021
446
1864
636
567
731
1903
1162
1260
202
1455
1186
505
2019
473
1094
682
341
1417
224
655
886
824
1561
801
1538
1666
297
382
898
404
1453
1748
2012
1917
1047
467
1073
808
1477
290
581
1367
19
1068
332
1536
2003
679
2037
1602
1386
1588
68
1242
1714
1079
1428
984
481
1625
1865
191
1008
764
746
1737
875
1879
1722
348
765
1214
1216
1375
468
668
676
304
1608
1803
1299
778
1756
556
1316
650
260
443
790
1793
1843
1900
1193
1762
1241
1303
46
117
43
1497
1742
889
1305
184
1675
1781
1840
1345
1539
1443
405
1883
887
1169
1300
1574
1261
1705
1611
1253
1076
329
1004
545
13
460
1527
114
775
1411
1088
66
1355
287
490
1344
1678
1440
656
466
294
291
200
267
1993
601
564
84
971
735
1385
597
1658
515
1475
61
498
1066
605
645
1435
1922
640
578
1353
1430
1090
742
1048
1188
926
361
1934
1493
148
819
692
901
1607
580
1918
1224
576
1063
877
836
83
459
91
608
20
696
2001
903
86
1545
1342
916
58
822
1844
101
1683
28
