1810
294
383
1120
1962
1294
560
1133
1121
1031
1856
1515
4
1517
1001
1703
1782
570
385
397
339
1404
838
907
655
226
1024
916
1485
149
597
1992
118
275
981
929
1625
1984
1366
1528
1862
1734
79
1256
555
884
695
1854
1244
1657
1074
1868
1948
1169
320
1981
658
1956
3
1216
117
1818
829
2001
124
88
611
659
697
302
955
996
1943
1429
1642
566
154
1065
808
667
1816
1899
1119
1188
1384
827
1612
729
922
1939
1221
1383
1648
148
1494
760
839
1912
625
1876
1039
480
1692
563
1647
1320
85
1075
589
875
123
1442
142
177
63
1954
1610
406
751
256
1261
1934
2006
961
1240
889
1455
883
951
137
770
1342
245
1328
979
1502
1058
1571
1524
93
2020
1595
924
1725
449
1441
1073
1622
1214
1421
1475
382
1493
448
989
1682
402
390
1334
1561
490
1242
1973
519
1990
370
1874
1618
486
1586
1111
915
183
532
841
11
662
1038
1654
1287
41
429
196
520
1444
1004
634
225
1699
1440
180
1556
1732
630
1364
315
1163
564
1646
2044
1448
76
1162
6
1839
1823
1344
221
190
387
1076
1361
138
36
409
879
67
1172
1514
291
1438
204
1202
1667
1830
1479
1663
1341
1825
1847
802
1527
546
1531
731
1852
1808
931
899
119
1844
2031
1861
1710
1198
1645
1791
1109
493
1783
1173
1541
1291
1331
1634
1926
125
1155
1285
344
1664
1043
1575
783
508
326
795
787
178
312
1351
857
1132
959
2026
1975
1635
948
1308
1002
1729
1709
126
1770
1046
1666
1281
1759
277
1422
1713
1974
724
586
1700
112
1538
1560
1018
425
909
492
1747
2039
1434
636
1606
316
1822
113
558
2015
1183
607
1665
882
1275
203
1465
150
832
877
1533
1964
764
2046
535
1988
812
131
1652
311
752
796
1656
1960
2019
1850
1452
1235
1015
913
1453
1349
1135
29
604
1941
1781
1270
1232
217
733
920
1577
304
235
1414
1797
1910
1
1008
1503
1338
1893
1584
551
1156
1539
340
992
69
925
571
849
1933
165
670
1544
1929
2000
1100
1717
1920
1918
1882
1255
1009
1507
1098
77
1932
512
552
1247
1518
308
104
1405
237
1254
1335
1277
171
1851
1891
2038
1262
472
1559
631
1303
2012
258
181
911
1506
1278
199
1549
1722
946
1030
1072
1580
603
14
1456
1067
174
809
364
1996
1936
1345
665
718
686
1215
1068
1983
865
1006
1484
1196
360
1000
1593
1574
1197
788
621
252
1651
332
1019
1492
393
954
1632
1139
1497
1138
848
699
524
17
27
94
782
108
949
1179
1391
1125
1317
408
452
314
1307
1207
184
807
1636
917
1860
1005
642
1970
1695
1063
470
858
1629
1624
201
1354
1187
2002
48
1570
1224
728
295
1106
1177
194
338
1935
1105
1430
1408
1916
491
140
1579
210
2025
391
1706
533
1458
1616
1409
1382
918
1499
1871
432
1576
860
155
1620
1302
890
876
1496
265
2040
379
1596
2010
669
1050
1600
541
461
2047
1751
1905
1488
648
679
1340
1968
1236
1836
1315
1045
1908
818
1813
789
1535
692
1914
498
1301
1264
1966
678
156
1587
1113
1938
1681
1170
222
468
772
230
116
1449
880
1370
820
716
1738
1280
427
132
488
30
1423
1330
487
1875
1439
84
1217
1406
1116
228
92
777
872
722
1903
785
1866
260
1375
1921
1413
477
836
1674
375
1390
1168
313
114
515
1229
1402
739
833
1310
1481
1184
83
543
866
1385
620
1928
1965
1660
510
1644
394
478
419
1117
198
1911
214
1220
37
1123
1883
1723
1343
482
0
1415
1785
1572
211
303
700
968
1389
914
1203
2007
2003
1500
1661
824
328
1146
239
298
1767
1387
1144
1403
749
1284
1386
639
1347
1931
610
892
775
1070
736
1225
243
191
473
34
852
1898
1765
1087
1457
1683
1253
1806
1671
1919
1543
1369
1178
721
522
1470
1186
592
21
1017
1953
980
1359
62
680
1597
1859
1300
1589
536
970
103
1161
1841
518
1252
1603
1909
420
163
1730
2014
1746
1055
1321
567
352
505
52
1534
32
1435
847
846
814
1114
193
160
1867
1057
1498
1482
1107
1064
628
744
952
612
1994
664
1536
20
164
1728
1078
1756
1490
433
504
626
1080
227
2024
1967
1814
1199
661
845
1112
1419
1222
945
1081
1592
135
296
377
926
1082
1649
887
306
910
98
663
1995
89
919
151
431
285
1829
646
1213
232
1848
399
249
1143
617
666
1879
900
593
793
25
1801
1689
2028
1944
1374
1158
1377
835
1047
396
550
609
1311
494
585
1764
39
2023
220
141
1529
1477
10
1843
1145
798
1976
656
1711
1233
288
1857
218
1978
1623
1445
471
310
768
1796
674
1257
691
2035
327
799
1736
1913
1727
1102
1360
881
1731
1742
368
152
1251
687
139
1433
1776
1283
1718
1365
1358
1626
1134
1299
1149
938
1269
538
1614
943
1381
1373
1809
1643
1741
133
559
1029
529
128
963
251
1901
1495
1902
1952
1471
933
329
466
445
356
185
830
1907
1949
1613
362
682
233
100
87
928
376
582
170
1754
1296
1864
1267
867
708
143
1309
983
426
681
613
1694
1049
896
1426
1363
72
1545
525
1122
463
1512
771
1450
58
1702
638
1951
1118
684
1547
761
1989
1688
1460
136
236
1093
1588
115
1621
299
1877
120
1282
1289
937
1088
726
1563
82
1553
862
1304
747
489
526
436
47
1677
1313
134
1259
182
129
1128
213
856
439
1826
44
1022
1687
1077
602
1368
1833
1095
414
162
1174
1483
208
169
172
1480
1768
1372
2030
1802
803
1617
1558
378
1348
940
767
1870
734
1564
23
958
305
758
1686
286
544
1288
776
1780
683
745
1672
460
765
1590
1894
484
539
212
1140
1137
1573
769
966
1044
1130
1020
826
1900
562
1201
1743
168
1461
357
732
1464
794
50
1417
1523
717
262
1099
1753
1787
206
1469
1191
1468
601
2018
342
1463
1638
1069
1305
1166
1510
778
998
1108
1940
1274
967
1581
766
624
1869
186
1591
268
274
1532
957
590
90
1234
381
361
650
1314
459
1326
1735
1551
886
1758
594
1182
942
1568
495
1906
506
791
502
844
1472
371
147
270
671
96
110
372
476
1276
976
1999
579
496
689
1748
159
1697
1585
1126
440
188
253
64
755
309
2029
358
1243
127
53
205
1336
962
1980
1987
74
1897
404
1807
1504
176
1540
1208
68
223
1979
1357
2036
953
1011
1101
627
565
598
523
335
1704
1021
652
1418
1946
643
430
109
1788
1578
1339
1639
1160
596
435
1880
1838
1241
290
5
806
840
1772
153
1476
986
1739
1744
1655
215
9
901
1679
1969
657
434
1230
1062
1501
1066
1771
727
1863
187
1115
897
2032
1653
1329
707
1337
1972
61
1615
105
51
1757
956
850
422
513
1154
1582
1071
898
1896
984
281
1542
1447
1947
1147
1537
1798
1800
1462
200
1991
1887
423
42
238
1554
337
1950
1684
413
995
240
336
930
1459
1707
40
418
2013
2033
553
1815
935
2016
2004
557
234
813
713
1407
71
343
1904
1238
28
1884
99
1878
2043
60
1150
66
644
1997
55
547
651
1985
1955
1608
1548
1790
905
1192
991
1346
33
16
1012
819
703
400
354
384
554
355
715
411
578
366
548
1027
973
1091
500
321
503
1491
993
2017
1411
1152
1124
437
1210
2011
676
1181
1721
1698
307
1737
1250
964
583
1641
1164
1795
606
101
1630
1378
158
1035
1428
353
1927
1042
1322
944
719
737
317
1446
637
871
1171
424
1845
521
1325
947
1157
743
759
690
1286
97
1141
923
1159
1714
428
537
815
202
694
1092
345
878
1803
207
587
301
1982
475
1231
1885
1846
568
616
978
1451
561
894
1420
1942
649
540
1789
1218
1176
1611
757
1193
146
415
2
1673
868
192
861
1977
1400
1842
1110
130
254
1026
1437
1602
59
588
1562
167
702
216
1212
455
2027
985
1097
1209
885
1834
474
742
1650
1398
754
965
1412
831
1601
499
730
1239
341
714
451
485
22
2034
902
351
407
696
779
1508
1804
2042
1048
1248
2022
1961
1516
447
1583
75
2005
572
1858
534
450
622
405
1034
704
1180
1379
1333
647
403
908
1085
330
1136
1530
599
712
1319
333
530
497
1779
1605
800
78
1013
1766
821
346
1817
1752
444
675
1881
618
241
997
2009
54
389
1323
1712
1778
1327
386
80
1205
711
932
1774
1376
2041
1478
1356
746
95
1917
1486
1104
380
1827
853
1025
1007
1957
542
293
701
1986
300
1352
1131
1865
668
91
269
1733
912
209
1089
1175
1167
70
1395
1016
623
324
1466
1922
1658
442
1033
595
417
569
629
1266
1719
1915
869
1890
31
1040
556
1436
801
1740
1696
1526
573
842
195
1598
725
1467
1165
322
1190
1945
1923
1427
1552
264
1211
106
398
977
873
1206
738
1959
1793
1715
1489
1189
284
834
903
1350
121
276
1819
247
1273
971
672
1705
1855
57
710
421
1096
349
392
272
1685
1295
790
1401
705
18
395
1669
1297
740
982
545
1811
1546
348
781
974
1094
1272
416
248
577
250
1761
1557
86
1824
189
1794
895
111
229
453
1750
927
49
2045
1889
1937
278
576
267
1831
283
811
1628
257
1777
1473
575
2021
1054
584
107
1519
1853
441
864
1521
1849
1633
401
1292
1821
516
1769
438
1925
1820
1051
458
1799
855
810
1662
939
972
319
816
347
145
633
825
999
1619
1056
640
1362
1424
1219
1509
531
1059
1228
122
654
224
756
1103
1745
289
1023
1127
231
246
688
673
1353
863
1895
792
13
1693
19
600
1604
921
1237
261
1394
509
242
56
1265
645
822
987
1678
1720
157
1324
1786
446
605
514
632
1151
456
1513
1773
693
1892
1724
2037
843
334
893
373
750
8
748
1290
1487
1958
1522
273
1032
720
1129
443
1594
685
1760
1194
1142
26
1052
1520
990
507
608
367
906
318
1041
1061
874
35
454
1003
1195
266
511
936
1083
1998
297
891
1397
698
1668
469
1371
1762
1316
1090
709
591
465
175
1631
1716
1279
615
1249
46
1872
1443
1014
763
73
1971
960
1079
904
614
1332
1204
1659
7
817
1223
1755
412
753
1675
259
1691
1227
2008
467
1569
1930
197
1153
173
1505
1567
1306
1318
1268
1185
1873
1298
1312
1680
619
219
1566
325
1555
1837
888
1784
255
784
462
45
1805
1355
1060
635
1599
1670
580
271
1367
1690
1640
1511
1010
501
331
1888
1260
323
641
797
282
166
1726
369
950
870
388
975
837
1425
851
1053
574
1036
653
1263
1258
1226
1396
1037
1474
804
1550
1763
1565
1246
780
1086
483
481
941
81
706
365
1388
102
527
1432
479
38
1028
12
1792
786
1148
1245
287
1828
1200
934
263
517
1749
1924
994
581
1454
292
1525
144
1886
762
359
65
410
363
15
179
1963
1708
969
280
1835
735
528
1609
988
549
1637
43
859
1392
828
1775
457
723
464
1416
774
1607
374
279
1293
1840
677
1399
1431
1380
660
24
1676
1627
1393
1993
1812
1271
1084
1701
741
350
773
161
244
1410
823
854
805
1832
