1157
1350
1735
76
1864
2041
927
1722
191
1754
1141
1142
908
432
603
1382
1645
1111
1996
1775
1821
1377
1981
1022
1175
225
988
774
1803
625
1174
1685
1538
1973
690
116
1468
1011
763
1931
1293
1968
938
990
591
1730
1610
928
1814
1114
247
726
923
692
178
506
462
1915
1664
1852
851
1565
1982
613
2031
1642
1344
96
260
1600
659
564
1865
1901
1048
1963
1099
295
2002
166
1977
344
350
2029
1097
1699
1369
1078
387
1796
771
1651
1601
3
1732
352
289
614
1751
569
1519
867
1020
1731
1198
476
1405
1134
492
415
1246
1478
944
34
911
825
140
375
111
607
1953
228
501
987
1998
1779
697
766
788
1661
610
541
881
571
989
1256
1627
758
469
1191
452
1659
2003
918
1349
1164
1341
1654
1700
1682
216
716
1414
1871
783
305
1891
1784
717
1385
1154
100
719
1940
1318
1704
1563
725
32
31
900
808
818
1978
665
1616
1945
361
1167
300
723
1726
1163
1768
1230
1473
485
1176
1101
705
243
805
681
238
1676
1199
437
1927
1950
1371
865
1315
1285
1624
2012
455
1287
940
562
1357
318
1678
1447
202
1752
2034
1728
1881
856
753
1322
559
1070
1607
558
2000
526
1665
1471
1522
1541
438
1778
1646
652
1993
195
2036
1388
1391
1929
77
1572
797
512
2013
2026
1872
134
963
1360
1712
1528
1573
1081
1716
306
89
1512
1200
1635
1235
1823
236
502
69
1158
691
1882
1504
1740
1402
1036
1649
1466
1496
528
735
220
17
887
422
2008
1764
751
136
461
1825
1680
264
1697
66
572
51
1308
1491
1271
826
1761
1677
212
820
1416
1417
393
1820
460
1145
47
13
1071
1666
1383
1017
298
931
525
22
1053
1553
104
302
970
323
1657
56
902
1749
250
1222
1032
1598
358
158
1772
765
261
1744
1296
252
1535
114
1767
340
242
1375
1208
1905
1720
1605
1589
370
1010
185
583
1029
1247
1747
471
1585
71
1079
678
1395
468
1596
1086
1867
1156
507
1626
1311
1498
154
822
218
61
1001
1524
952
1924
1138
1140
1250
1209
1913
207
38
819
273
1687
689
1018
1545
670
478
1320
1997
785
1147
620
204
695
946
683
1769
1386
1991
592
798
846
431
1516
458
1281
1094
254
1873
509
1351
37
901
764
1185
1812
1725
847
653
1717
1574
1489
1434
704
1103
696
634
206
54
1579
1378
325
386
924
1484
547
1776
1593
656
1118
1413
1987
315
198
1830
412
65
1229
660
362
1794
43
210
1424
2
1688
913
450
316
203
1110
169
1876
200
1124
1210
1087
109
418
2014
604
530
550
58
1012
57
411
332
1292
2001
799
1505
578
474
759
1739
943
542
1165
208
435
1061
853
1955
710
773
2004
787
197
834
1092
1401
1745
1433
237
909
1333
936
1432
1949
7
1324
95
1934
548
1988
1122
181
451
1992
1453
1829
256
1240
421
1469
146
1964
920
674
1546
767
1502
1690
1911
486
663
866
1487
1245
1590
2044
1274
324
2037
1232
1063
1941
575
776
1394
2046
1539
1162
404
429
1536
449
1189
33
311
94
1150
67
523
1455
682
1658
1368
30
1005
1537
348
1057
347
1359
922
241
998
654
1277
263
177
1845
1451
1408
1316
968
184
1365
1860
974
1718
645
703
214
872
1381
631
416
1064
1723
629
1102
515
1115
1606
964
973
1137
522
1039
139
1895
1008
75
1887
70
741
1058
4
90
1681
1347
863
12
1055
1295
1127
1410
596
742
669
1617
977
444
1223
839
1000
1220
1269
434
1554
1481
1130
1515
606
1612
638
1470
1021
648
1500
1314
1248
880
1801
1161
0
577
279
1301
275
1258
729
637
60
712
832
1275
1827
1613
488
560
1354
68
113
958
1966
993
1884
971
1283
369
72
730
1128
1304
1711
612
1211
1181
1693
694
549
1662
1437
976
966
321
553
1841
1096
1173
1692
711
917
1495
1508
1031
1885
999
1290
1517
1362
1066
1427
955
1861
1618
209
1783
1252
85
582
86
1276
1834
1531
269
235
93
699
1837
1999
1376
959
1264
1917
749
1457
1948
286
1409
1364
394
672
1460
817
1986
257
1146
1663
1251
2018
1241
844
1435
1786
1638
1069
1342
589
79
2042
1059
811
1422
1297
1686
782
585
447
544
837
276
718
26
213
1445
328
215
1703
1765
6
494
693
1641
1636
886
546
1343
1373
1591
313
806
489
1109
1514
1169
568
1935
836
2038
406
1549
1625
1463
1436
1530
353
786
1746
1015
11
1305
1674
1567
1910
814
1025
174
19
1028
622
643
675
2015
35
439
667
433
2023
641
1182
1282
519
1698
91
21
148
373
296
1143
899
491
588
756
157
892
1206
650
831
1815
1828
1875
1647
2006
1214
1090
1218
481
1172
595
1254
18
334
1132
1310
167
878
633
1916
110
9
1462
926
292
579
1449
1336
539
1024
1178
28
1363
176
932
1317
1418
1800
1423
1507
1346
727
910
1082
1202
1838
646
1961
1566
1062
2016
357
232
737
1972
1561
1231
997
1148
1932
780
1762
1581
80
1558
715
1452
1193
1713
898
1789
1979
830
1797
734
329
850
1196
1785
1406
1594
2030
1213
1791
219
1588
824
1249
1833
401
1307
173
1340
949
1461
221
1777
1729
738
957
379
1989
1842
1936
165
601
953
351
466
1643
574
732
164
517
440
1862
778
1691
557
945
2032
1555
1844
499
1242
1652
996
338
1583
1933
360
529
1068
1907
1009
2028
1670
1808
907
662
1257
1763
1547
251
731
1035
914
180
62
1088
2033
1892
597
190
1492
1361
1194
45
978
98
590
1741
376
1091
430
580
937
1113
467
1839
1004
1321
1490
566
428
1898
255
1798
147
1925
1446
586
1345
1760
1262
280
1207
385
1899
521
1621
229
1270
813
326
961
118
484
194
368
112
303
700
981
41
424
1903
1952
378
1023
1719
1116
1774
475
816
535
649
217
271
121
1631
1954
284
1667
1501
410
1696
1334
982
1926
1431
343
854
1962
1675
2039
827
1288
1303
1738
320
248
1353
647
1756
1263
1030
616
701
702
1883
299
1384
1906
1980
1920
651
979
666
1947
833
980
266
1177
747
81
1902
906
496
1239
956
1855
1650
1792
2019
125
567
1072
1389
1759
1878
538
391
743
1233
698
246
1042
995
1135
1974
179
947
1788
965
1819
1056
1552
339
1592
222
1858
1155
885
441
1226
1921
823
407
608
1067
1133
160
1984
794
1093
1404
1604
1323
707
123
775
470
1799
1868
1119
1050
73
1559
1900
2007
48
1840
397
1748
687
1571
1824
327
188
1854
1459
1684
1628
131
137
769
516
1831
1870
791
262
600
755
942
754
1034
1714
1089
848
1743
143
869
802
1014
593
1879
1474
1159
1795
1329
1639
676
533
1721
871
862
1805
504
1835
1212
1040
436
1890
904
1525
1047
615
915
1857
1930
153
796
1694
40
1922
409
671
1002
598
969
322
1338
1038
454
677
309
1112
498
1428
561
1576
1454
364
1896
1813
840
293
1268
1279
1044
950
1990
1832
55
224
1238
896
876
1430
2040
534
532
1897
1630
680
642
1787
1075
1225
426
78
2009
1027
750
101
962
720
291
1083
1733
1672
1192
639
594
1551
1352
1562
1632
1171
842
1757
1105
274
1724
1943
465
1440
132
1518
1888
1483
63
482
102
960
402
843
10
1180
623
709
2020
644
2021
103
1306
1811
1412
239
852
420
1197
1511
551
1205
573
985
916
331
870
8
1302
1486
505
253
301
762
24
1944
793
1655
1648
2011
1179
555
150
673
722
845
1577
941
377
14
1758
1928
1956
425
537
245
1701
1234
50
151
1450
1904
74
636
1942
1255
1790
480
740
1983
126
1543
1108
761
1736
457
388
381
1923
1586
1637
170
2010
1802
1709
20
728
193
1475
891
1313
456
511
770
1578
1889
1564
1190
1976
2022
688
1569
1497
1734
618
605
1326
400
285
1136
1893
1126
83
2025
1958
621
1052
1544
36
372
1203
1715
1085
395
314
414
52
405
1392
815
1479
115
1444
1951
1033
912
1886
1243
1464
746
829
655
883
721
163
1265
1374
1054
804
231
354
807
130
1846
859
1237
1439
149
1319
1013
768
967
138
1509
1668
543
493
835
59
930
1186
1960
230
403
895
1669
1260
1806
744
1400
1337
576
1529
545
1611
1520
1312
442
23
1856
1640
1267
1259
1289
921
1557
1584
1766
1411
1781
540
281
346
1261
1227
2027
472
1299
342
1272
265
1755
1379
97
1851
1753
108
341
1098
905
211
1599
810
1007
233
483
1995
82
873
1804
1727
877
1848
860
668
39
1622
1671
1419
1106
1510
288
1104
249
1442
355
1818
317
1195
861
1253
1278
44
142
893
1608
152
733
336
536
809
1603
1912
1236
297
99
1969
875
1967
1448
1244
1387
760
1499
1673
884
1629
602
679
1550
599
1284
1708
1706
1513
1575
120
1683
1771
935
781
382
1335
117
882
518
500
1880
685
1049
42
161
1863
1294
1750
1309
359
1975
1366
335
107
1398
1679
1152
933
453
1534
333
800
1051
1129
1780
310
626
948
389
624
283
1614
1836
748
714
554
757
1615
1971
1488
16
954
1465
1131
1006
514
879
821
1273
2024
159
1458
27
889
581
1151
736
1224
713
1215
531
87
268
752
1946
487
290
1166
1355
849
1866
1908
1587
187
790
1914
1188
1653
1582
1438
1120
1221
1859
508
1217
661
868
1826
92
828
570
1542
563
1041
657
1816
1938
1074
772
1533
141
1849
223
186
1580
1043
1595
1077
371
864
1710
951
1619
552
1045
128
1707
1807
49
684
635
929
398
287
155
934
1153
812
686
270
617
490
611
1095
495
972
2035
1503
658
855
64
363
1397
1695
1633
1348
706
1702
443
1770
1060
1370
1327
1527
1918
1869
356
556
1332
503
789
473
628
330
319
919
1602
1219
1144
1939
1850
1125
413
133
1291
1084
857
1280
1570
513
1597
779
196
1358
1847
384
894
259
524
1526
1380
29
745
119
234
888
417
383
390
994
1421
1480
88
1149
1
1372
201
1822
1773
244
408
1367
1019
1970
858
226
168
1420
396
619
294
1660
1415
106
584
897
2005
1266
337
307
1187
1117
838
183
983
510
304
1160
903
1201
527
1476
189
2017
1403
1874
1429
199
477
423
240
724
801
172
565
1477
1568
1298
446
312
282
1521
1330
1121
175
2043
392
129
1894
374
156
463
464
708
1656
1523
1493
1742
1782
640
365
1985
1123
1560
1817
1080
135
1286
1623
349
1467
803
448
367
1107
205
1393
1644
1705
105
1909
345
1809
1204
1853
122
2047
984
1482
380
1076
1793
1216
739
792
1300
632
975
308
171
1737
1228
1399
587
1540
1339
1957
162
925
1485
1494
991
1065
124
445
1139
192
784
986
1965
1184
127
1472
874
1037
609
992
427
939
1390
53
1003
1073
399
46
1407
1937
630
497
1396
25
2045
1456
1441
1170
145
841
1810
1100
1425
1689
5
627
1016
258
1325
1328
1026
890
520
1959
1634
1506
479
1331
1620
1183
664
227
795
182
267
272
1877
1843
1356
144
459
1548
1919
277
1994
15
1168
1443
777
1609
419
278
1046
1532
366
84
1556
1426
