739
880
175
1581
776
141
599
1385
147
2036
1430
361
1338
1692
779
914
456
2016
820
270
1348
787
299
1779
1306
1493
1803
665
814
946
708
873
1268
1054
155
789
579
1798
1295
1325
29
1433
1000
1617
1878
1239
1395
1712
1244
1991
475
1961
752
107
1603
173
701
1818
1923
1085
1266
1780
1649
1059
1767
774
1036
1363
1017
735
1674
488
587
1804
1826
420
39
729
1682
725
685
1365
2000
1894
2023
668
633
1711
667
373
20
648
1891
1684
1987
1563
297
937
127
1629
958
54
582
683
1458
400
1005
116
553
1488
524
2038
50
1197
148
1291
1312
1344
1758
1827
167
781
527
1762
1192
474
1630
1272
716
687
10
1126
499
70
79
1235
1396
522
1956
108
1452
830
1049
1947
1194
1203
1198
1075
1231
200
246
907
2017
1562
1284
827
1587
478
1281
1728
1402
1214
343
1540
1404
273
842
1158
710
396
1228
1495
91
982
1182
589
1626
715
1885
166
1029
1964
1929
720
763
1520
652
1671
493
767
1165
1763
208
338
412
1866
1967
1738
1600
604
1530
1834
1464
1613
988
662
253
82
1601
1524
1001
1494
202
1953
366
1006
606
446
236
1064
1845
1635
2
1777
1377
468
243
888
485
1073
1860
1538
705
857
1807
163
1886
886
817
434
1503
940
1119
866
1602
1757
126
1865
1784
1279
500
748
1346
659
1277
1796
2006
635
1110
1605
1408
325
1863
613
858
1003
1965
1612
1303
547
1766
1069
1960
1651
1573
220
840
455
1724
1093
377
114
617
1052
1368
1183
505
1721
1698
1655
1645
561
1876
544
1092
1688
1835
1350
1010
1205
1900
151
168
1632
1939
663
348
812
872
1656
1167
286
224
850
1771
1415
77
1903
575
637
777
1542
190
1877
385
459
302
170
1624
1409
1821
418
1074
923
552
1162
1133
1261
1101
911
1883
1358
75
1230
723
1381
99
467
560
1618
387
515
1242
1791
1705
1201
1513
1725
1783
1739
733
19
1094
1868
11
1027
1023
610
1186
1355
321
1149
696
1060
1356
619
1621
611
1806
634
1095
712
1535
61
1212
2022
951
95
103
564
695
852
1319
90
322
1559
1628
323
1636
402
1966
1098
25
1159
1586
518
1161
448
1659
1187
1178
1188
1824
803
535
833
1028
149
1034
1981
1467
1490
1249
1597
631
1021
267
802
1141
86
430
1446
1112
514
438
69
989
1436
1375
1599
287
681
1138
1412
1829
1157
212
867
1935
1519
939
376
506
1920
968
1511
928
1760
1302
389
1451
844
503
955
915
426
477
1118
140
1992
1406
953
1379
1884
492
1787
15
337
1311
437
1879
1195
1288
123
1315
393
1108
1136
1741
766
158
1129
1539
1862
159
332
1831
674
1468
1812
261
1147
1924
1443
1031
601
1844
179
494
293
383
1731
1532
824
217
1569
1580
482
1950
93
981
1948
1397
1172
1997
1547
278
1882
1484
254
466
1625
1099
1499
242
1668
88
311
341
441
591
1457
1828
1703
1096
764
1256
301
765
889
927
807
1298
1480
315
1067
303
1481
423
1097
775
1062
1975
1940
1474
1376
1822
294
1778
1463
183
1267
252
709
395
846
231
1322
996
1243
1378
525
481
1236
31
139
592
650
1941
1556
182
1592
1643
1428
1329
421
1875
694
576
265
233
1429
2005
533
1442
1622
706
521
1707
1337
326
1869
1007
234
1131
153
698
74
1561
176
1088
221
1478
595
1537
1501
1936
975
536
962
1937
121
1
1918
263
959
700
1809
1042
1842
1270
1440
1667
1132
843
226
1794
1526
572
1301
133
119
1851
38
371
590
379
941
1640
295
692
1673
480
1400
1870
673
415
573
508
1921
1283
1932
1104
1909
605
734
1729
130
1854
1761
1459
1114
1341
83
1789
1634
690
798
1280
457
1594
399
1554
1199
1734
336
1286
13
1533
1708
109
1577
810
329
2027
1506
316
730
1124
2012
1015
1437
1401
1334
995
2011
313
150
1726
250
1639
567
1083
621
1904
1038
957
471
1702
1502
654
186
1888
555
1426
47
1491
588
1890
1148
1560
357
977
1106
1528
443
132
1411
788
410
1127
1314
890
1479
193
345
2021
210
832
259
1166
745
2039
80
1768
1743
331
368
1417
255
757
1164
1913
1637
862
1957
636
137
657
65
1572
1285
1832
626
1121
128
354
1917
855
403
411
1805
187
1253
1737
865
172
932
944
834
1091
672
106
277
751
882
541
1830
275
60
1714
512
1759
364
680
1817
556
2004
1782
970
974
2046
1665
910
594
390
719
876
350
22
145
100
722
413
1185
1460
1351
1867
1699
1153
1416
847
417
664
797
1472
1755
71
987
1155
1065
346
1898
1912
1858
1985
1756
1274
762
1620
661
1152
1685
614
1222
790
1954
1500
1746
92
1740
185
1473
1915
135
1331
952
1590
997
276
1658
796
629
1816
1218
134
458
1505
1615
1292
1048
406
104
1250
688
483
656
1606
1196
1623
1037
292
1989
405
538
1079
189
1332
551
909
618
312
491
1045
624
229
985
1384
1462
1070
1994
1718
203
1908
1316
64
750
1795
1596
1389
1189
1033
118
2007
1168
1927
473
1911
1544
1308
1887
1546
1962
490
57
1465
1105
1971
1439
829
1271
893
1719
546
1536
388
598
1445
1206
1086
559
1366
1523
1720
906
2019
156
152
1055
1217
756
307
1999
718
520
916
1154
1444
1800
660
340
1207
677
125
509
1438
697
1246
1046
896
1522
1998
608
1848
1764
1342
1388
682
33
2001
800
616
1103
758
1922
1100
484
542
809
1297
216
1476
1555
1770
841
609
879
1030
87
2044
1571
1309
1974
647
154
1150
191
1553
1328
1213
1296
1670
1169
1061
1177
738
272
838
1310
1959
926
1263
432
1269
501
351
161
1641
165
1541
1836
504
355
1748
1889
1262
171
1257
452
929
213
1529
615
568
1448
1497
27
1696
1679
1135
1709
1321
1009
240
1210
1347
102
1191
241
1813
1576
196
1595
1392
778
1287
111
1190
530
856
1660
607
205
1963
73
755
1582
1102
138
1893
1087
2013
689
643
328
24
284
1642
1047
463
1793
1514
577
1873
1056
174
749
110
655
2024
868
2009
1978
1004
808
769
1265
822
913
1856
1570
1892
1951
306
1652
8
1435
1221
1245
320
1958
1750
972
6
532
96
2025
146
904
1008
519
1855
1619
486
1170
487
1394
534
1604
1367
969
699
218
963
428
1364
66
565
529
805
1701
554
1453
84
433
1899
1300
1455
162
1313
918
113
1504
1202
1345
36
1790
264
397
1801
684
392
602
414
1944
251
741
1174
382
288
2020
1241
2015
935
874
339
597
23
1290
1398
947
1565
237
1614
550
921
1380
380
333
239
136
823
42
806
669
950
56
1584
1233
1450
1357
1919
391
381
360
1616
1591
1082
1593
1039
1456
317
1531
931
1510
386
2041
1666
625
209
349
1861
1713
2018
721
1980
1754
1483
728
1833
531
1227
1695
1204
569
1299
632
1080
1223
979
1145
1220
1825
1697
1839
211
117
580
1574
1354
849
1405
1662
848
4
1254
917
1014
1589
219
1324
164
347
1914
1454
1369
444
1916
732
1215
704
451
990
238
1788
1469
296
1945
1232
877
620
1902
1117
1326
853
1323
912
358
1669
192
2030
813
1427
949
1486
372
1057
1681
1774
1983
956
1140
63
1482
600
1423
1977
1694
223
686
1130
1598
245
1016
851
1275
703
476
780
878
85
59
1847
903
1122
1723
641
925
1786
435
773
1335
645
1840
1489
639
1320
1683
1852
429
235
1293
1507
1700
17
1949
1579
194
999
425
180
919
124
1142
898
215
1374
2040
2045
1691
1024
49
815
447
1076
1113
717
1910
370
563
711
465
1336
1749
1930
675
496
281
41
1419
89
97
585
98
1143
1716
1144
1646
199
450
1361
804
905
966
894
627
1120
1672
436
1986
1907
746
2034
2032
845
885
1128
630
1973
1837
1517
922
309
1146
1487
744
1773
1549
1583
1068
1857
891
759
1955
1137
330
1871
1797
143
1811
1906
724
1742
1664
1859
72
539
1984
1792
1566
142
967
511
603
398
310
344
1470
461
1785
1247
818
871
464
1543
558
68
1173
1289
1715
1611
549
51
282
2010
1558
859
225
772
1946
1260
1638
1492
439
1585
1735
460
1661
861
971
232
424
1240
1447
334
1393
1775
2043
230
991
1373
1820
101
943
1330
671
658
1938
679
1372
1901
1545
1752
1461
649
1677
1333
1736
1234
1111
570
378
1053
1610
274
1420
1151
422
653
169
1066
640
768
1588
863
1051
129
374
1238
742
1988
900
1012
28
2047
1568
291
1680
1676
1387
335
1690
324
753
445
1180
835
760
269
507
737
1225
1040
1633
207
469
362
1880
864
1382
394
1689
930
1968
16
892
43
566
870
1224
1881
676
821
897
9
201
248
1527
1026
45
537
976
356
1035
1518
1776
479
557
1853
1933
1237
1248
30
258
268
2003
1846
144
266
727
1896
1171
1477
416
289
1534
1710
1926
244
1123
2035
1564
1107
837
1995
1485
1647
1819
1072
1799
1730
18
1686
401
1216
884
743
1209
707
540
994
1175
32
26
1843
574
2031
510
1942
513
1990
1648
472
1109
1557
58
440
257
112
1371
895
901
1814
954
2002
2042
528
1179
1264
262
961
489
1678
1414
222
404
290
881
327
516
801
1226
48
1407
1020
819
1996
419
702
883
1744
984
1548
1434
1727
784
1496
53
948
1383
793
1386
1498
1229
1251
1125
1255
761
1578
562
983
908
1156
783
934
1810
714
936
933
369
578
1895
1471
1163
160
12
1781
628
188
249
442
920
740
342
794
1808
359
449
34
1815
1850
384
431
454
214
1282
0
1751
1970
1653
1276
1362
1769
1823
271
942
120
1432
1976
666
571
713
644
1550
1410
1993
498
1318
678
21
1874
612
791
122
795
1747
816
1650
1802
408
945
319
1567
1403
584
52
1084
1063
1521
693
854
1134
298
754
986
1838
638
105
260
462
352
924
1352
1370
195
973
178
1421
453
1359
285
427
1011
1252
1077
2037
646
1211
545
256
1307
1704
1115
1413
94
375
1608
1441
76
785
860
875
198
1552
470
1116
799
1431
1627
1025
131
228
305
7
1753
81
998
526
642
826
960
992
5
1294
14
1273
283
497
1897
1399
184
691
523
247
1745
363
1304
736
2033
1525
1139
1982
367
206
1090
548
1181
318
1018
1732
1019
770
1353
1071
1575
1644
227
583
581
67
1327
409
836
1931
731
308
1200
1002
2028
1631
1657
78
1551
1176
1466
543
1765
938
1841
1772
365
1722
825
1160
197
1508
46
831
1339
1516
1706
622
40
1872
44
1340
964
1081
786
747
1043
978
596
1343
1041
670
300
869
1305
1424
1259
3
828
1391
314
517
980
1193
1925
2008
1418
1078
37
181
177
965
1422
2014
1952
1905
1607
1675
115
2026
353
1609
1390
55
35
1654
407
1208
1425
1184
1733
1089
495
586
1349
2029
1663
887
279
1979
1219
1050
1969
1278
1449
1934
502
62
157
811
993
1360
782
1475
204
1693
1044
792
1512
1849
1317
726
623
1943
1258
1717
593
304
1687
1013
1032
1058
902
1864
899
1509
1022
1515
280
771
1972
1928
839
651
