1757
131
895
169
59
986
1402
1481
415
484
1279
1457
1773
977
64
375
390
339
167
1217
1733
1095
374
1024
1145
1461
1213
1874
1262
578
1758
1270
712
1915
57
1936
1747
526
272
32
1862
424
1842
1214
215
119
1837
172
586
84
693
207
387
2038
1741
571
786
1221
306
649
337
736
753
1449
360
481
624
797
532
133
1528
1341
627
1871
1777
1503
25
1716
723
1929
258
1136
1732
435
710
922
1989
1301
2036
1073
1007
1404
1456
1036
1794
1388
1063
286
1749
74
473
847
975
783
800
829
1180
238
530
1600
1434
1406
1688
928
1360
1810
100
870
1515
1583
1103
1979
1350
2044
233
1673
595
388
332
642
371
149
1458
67
1924
1734
1857
1602
1783
944
270
1737
1075
609
335
541
1212
506
1229
612
1489
86
1956
1133
1833
1407
999
1122
1437
569
1230
281
1471
841
1106
2039
1725
505
1198
1090
18
865
1202
27
1421
1363
487
454
1856
1611
1222
706
689
1132
1799
1454
1563
470
292
690
343
1245
547
198
605
1023
1642
785
1261
561
796
341
1408
1371
1815
171
1014
915
1452
255
423
545
1575
1930
1307
1150
1848
393
1205
1785
471
373
1104
1572
851
1290
1538
1300
1020
1735
31
824
801
818
1533
168
714
589
1064
1998
1840
1738
852
527
534
842
896
406
948
1013
260
1438
2001
1220
883
755
1557
524
163
197
1626
404
804
437
1266
1015
170
165
1691
418
1649
891
1009
1436
460
696
1346
68
1787
1889
529
1131
979
1211
964
2037
1247
1863
709
673
1897
175
1990
1579
110
1832
245
1628
1115
1736
618
438
1334
1308
636
379
1986
968
1021
294
1058
252
91
1041
1284
310
507
346
821
389
1134
193
241
1743
61
1237
1151
539
1746
1529
667
722
1414
1375
1160
908
812
1852
1641
402
498
1169
1092
918
182
1464
1031
765
880
1101
1542
493
1945
711
508
148
1091
2021
1788
1074
1513
897
1287
502
2028
1968
1001
183
1685
1298
1147
1632
466
574
1868
1944
432
810
1316
92
1088
236
675
1468
882
1520
1901
72
1487
838
319
1916
1983
1540
1294
672
1525
264
273
1216
560
913
1355
1365
744
934
95
1351
1995
1719
1931
1460
1187
945
60
1516
1265
1959
763
1244
1193
513
325
1385
143
544
1530
1056
1826
1958
1564
73
1807
1509
831
499
1000
449
1396
181
941
998
1714
926
1562
920
974
946
1226
1594
1435
311
2022
1671
483
262
1295
867
742
1608
1305
1657
210
1567
361
189
1630
354
54
1752
1665
1110
195
20
1164
1655
1765
1067
381
780
1834
950
1650
1822
277
1278
1318
1609
1054
1705
519
743
117
1933
305
344
1910
952
2026
1726
1804
34
461
1168
1046
1094
1428
268
1167
1359
81
1938
1698
1263
835
39
1770
1905
728
893
2029
1878
2000
1304
1595
973
38
1331
940
655
2009
363
1751
570
192
563
47
982
1496
495
1291
1553
1953
1446
1891
433
463
1200
126
1028
1592
1739
1570
697
638
853
1775
593
639
1019
1634
445
1672
1991
1135
403
1097
1330
1196
289
399
1336
254
1157
845
732
1637
283
1335
161
828
1444
807
1138
1896
1886
1629
1418
1678
1109
1153
1337
1644
1387
500
153
35
889
1760
518
474
991
1669
1159
1051
2004
1708
24
1816
328
15
2002
1228
1613
90
451
1574
815
1218
1555
152
559
1288
222
932
1700
1451
1040
462
1742
1146
386
1352
1482
1179
141
247
1616
961
762
1546
958
1615
1875
1548
515
1922
1119
1872
58
521
1324
949
1821
694
1264
1358
275
771
348
1047
1499
700
1704
588
99
663
1806
1877
1242
585
1273
121
103
1882
1126
1483
459
954
604
1232
1137
1811
720
358
1493
2033
905
1559
317
971
871
764
1845
1469
1429
773
179
1382
1740
1560
1651
1577
1805
1625
1638
2047
951
83
46
1427
597
231
1504
0
993
266
1312
761
1282
296
1920
184
1238
863
239
1895
510
1478
1999
1500
166
218
1571
135
1502
1537
1445
1964
329
1643
1117
1100
1477
957
76
1971
43
426
235
79
1892
145
758
1329
1597
933
40
817
1118
1917
242
1970
1841
29
907
144
123
745
2005
1152
453
1982
778
1432
142
1768
558
543
1322
1361
752
601
1003
564
523
229
1781
565
953
827
267
1670
1724
232
701
1328
788
1771
1836
1271
929
147
1033
2020
1498
567
1127
1038
115
625
1376
927
1880
1050
75
704
1025
1798
1172
1662
643
1026
1366
972
1861
1506
1476
234
1624
1161
1280
1558
1194
1636
55
591
1617
1210
1185
1780
1965
269
819
794
590
1681
1144
209
279
71
464
873
1621
1801
1843
962
336
1272
276
836
1099
489
846
1380
659
2032
1884
88
573
750
862
1129
1954
477
1018
791
1957
1170
826
799
1668
159
2006
2035
784
1898
434
1908
1950
1663
1772
1426
580
860
1661
1907
1395
1372
937
985
26
1619
735
579
1032
475
923
1728
1068
1459
874
1400
378
1766
1692
1410
1012
308
2
935
1112
1377
1403
522
792
702
653
1790
1527
154
1188
1622
1173
1576
1320
188
1030
602
333
491
1005
984
230
814
1234
768
1893
1285
1379
298
1534
290
652
1802
1784
151
1084
130
1902
1980
1676
978
1274
113
803
330
1949
635
1297
427
45
1808
906
323
869
116
1166
485
206
1925
685
599
1547
30
467
1976
1702
19
832
716
1941
496
566
1853
412
33
228
549
295
345
1060
465
1140
322
1163
409
575
1086
216
101
538
1236
441
775
738
1321
1349
1416
859
660
413
1072
1071
740
844
901
2017
501
2018
687
1545
645
1399
1016
370
1721
995
1215
1717
705
118
1754
629
1549
1803
1292
1578
864
1139
1165
442
843
1455
1696
1323
546
917
1286
1561
440
1253
1154
688
734
1065
17
1488
368
679
53
598
331
664
28
525
562
1759
1424
782
226
52
1505
1554
1800
912
837
1792
637
692
11
1463
1258
490
392
992
1302
729
1492
596
861
648
1695
658
1241
1635
1178
1660
249
537
1121
774
1906
823
1589
939
1838
1107
1648
633
1123
1723
965
1697
1966
1120
811
1674
225
930
1972
894
1176
1586
1940
1246
1522
2003
443
1565
237
407
1080
1835
13
1061
1283
104
1002
1960
746
947
584
741
1873
1514
509
1462
321
840
244
66
1828
1225
1116
14
662
1769
146
416
271
1239
1497
220
1182
177
1588
303
347
257
173
1027
936
1601
695
1677
107
1430
1551
938
943
448
1299
739
1510
446
1357
488
1078
1195
219
1413
1718
924
988
548
469
21
1311
748
357
942
304
1753
1744
1149
931
486
1762
1105
1412
790
240
1774
1767
1490
989
1748
600
1422
760
1797
1175
2045
1158
1362
1581
1055
1682
1631
1776
1539
1354
1722
879
1223
106
414
431
1293
1249
2011
1591
1967
213
1582
385
1267
1042
351
610
1517
615
777
1664
315
554
1612
430
607
1618
320
1332
1604
1914
1731
726
1939
682
261
278
1251
42
996
62
606
1859
1518
1614
850
552
338
156
1961
1955
641
1987
1475
1684
616
665
1447
1755
1850
1162
1824
866
1442
1904
654
911
492
1928
1866
868
555
185
214
223
1532
300
96
1093
674
1952
1369
1108
1393
1890
411
1062
1183
248
1658
514
1656
1729
1333
1544
899
1839
155
1069
1923
1386
1817
1256
661
425
1409
759
1448
1479
1778
395
1543
1011
1996
671
1259
376
2023
504
16
1219
2041
63
243
287
1881
369
1289
885
2043
1125
727
80
1606
1864
2013
1156
1255
1494
1177
419
1947
1519
1370
594
1855
1342
925
754
2014
767
48
291
919
1044
263
1441
677
2015
553
1552
1585
1485
1730
324
959
1796
355
650
1260
1867
302
398
1791
1720
342
1057
651
983
1981
468
327
1315
367
2012
1415
1946
1356
834
1985
839
980
316
353
1070
160
587
221
384
1367
1830
1008
140
280
65
1653
877
1858
963
356
683
707
1984
1883
1269
1865
626
350
1340
114
1473
1231
1037
1296
1639
854
1486
2008
1894
680
1184
410
888
822
1066
312
987
1580
617
856
890
769
725
23
187
417
1756
830
366
1919
452
1130
362
136
1860
1593
511
227
9
1511
1713
382
6
1823
632
914
1254
134
1687
1029
1480
129
1526
1348
833
631
1374
1381
997
779
1909
196
10
787
1411
127
647
1932
422
44
1963
904
205
757
1491
22
1997
186
293
1536
581
749
383
1419
282
872
1693
1353
805
1937
1268
2042
1338
921
1605
1870
1045
1443
70
1633
1347
82
994
809
265
858
1666
284
1243
1603
613
256
747
1192
359
1465
1934
313
497
391
1035
528
2030
1795
878
1975
876
1820
630
128
503
1391
1389
274
102
450
1590
781
1988
1440
1281
1926
49
1876
1809
105
1171
1303
1977
1277
77
1208
318
1022
397
1204
176
1812
916
1085
1326
482
1899
476
1143
816
1750
202
444
634
620
806
1081
1779
109
352
512
1089
1077
2007
1659
1141
1675
1918
8
1186
1191
1207
1472
886
301
731
737
1640
756
1190
1903
1098
657
1209
1683
456
1911
1763
1524
1686
138
447
1573
990
1319
1701
201
1466
1405
533
713
108
180
1327
550
884
1782
211
191
1789
1314
480
377
340
614
903
820
611
122
721
1201
1962
1155
1652
1620
970
875
307
640
666
540
1887
857
644
1948
1978
12
429
715
699
1310
592
1096
802
132
7
1667
2019
1224
1541
204
250
572
1849
1694
1343
1942
455
1818
955
162
1627
194
158
1587
1709
174
436
408
577
41
1550
1394
439
1819
793
1398
1431
1712
98
531
2024
855
622
1364
1831
551
111
960
772
2040
1087
1052
199
2034
120
1039
1257
535
1921
966
1829
628
1233
56
5
1711
808
1313
770
1854
479
1764
1568
494
36
405
420
603
956
536
798
1846
703
326
478
285
85
1004
1082
887
669
1869
212
1690
1646
288
1703
1235
1888
112
1181
1973
1339
881
1368
217
1584
2016
1392
668
646
1761
1745
125
751
365
1248
556
1710
576
1059
157
1174
583
619
1679
4
50
1417
1993
139
1501
1495
1484
718
1508
813
1423
1913
37
516
681
190
1275
1715
400
684
1969
557
1623
1433
898
1345
849
1512
1309
1439
517
1507
1102
1425
1006
1607
78
208
1079
1680
51
1707
1148
1847
314
520
900
1992
1596
472
396
89
299
1049
259
848
1727
253
1113
981
1598
686
1844
364
93
334
608
1599
1556
94
1189
1786
1276
1383
297
394
733
349
137
1053
178
717
676
251
1197
150
1199
1083
1706
1111
976
200
1325
457
1124
910
2010
428
1390
1935
2031
967
1470
1699
1825
719
1814
1951
1566
1569
1373
892
1114
1900
568
124
1317
1654
1378
1793
1974
789
1048
1206
1240
969
1885
1521
1344
1227
623
1384
1076
1043
1912
1827
1306
1647
1010
1994
724
542
224
1689
1523
1467
1943
670
164
698
1610
458
621
2027
795
1142
656
1927
1017
909
1851
902
1474
1397
1450
1420
1813
691
2025
1250
1401
1453
730
825
776
380
309
1535
1252
1
372
203
2046
766
97
1645
246
708
69
3
401
1203
678
87
582
1531
1879
1128
421
1034
