1248
870
901
1457
426
1730
239
1381
669
340
2012
1245
1087
96
1250
488
1811
1488
1360
811
1037
1257
833
1626
692
877
1174
1534
545
2037
71
267
1867
1915
151
2
795
474
256
827
2016
825
1178
891
1834
1329
1109
2009
850
1093
1610
110
1382
544
1875
1639
1578
957
728
461
1935
1297
616
715
191
691
2020
658
1515
772
408
1941
236
688
1928
597
746
322
1014
1635
1757
1349
240
1001
391
1523
1401
487
799
344
62
1426
295
1936
1261
1735
1376
441
274
622
1188
1660
556
970
1079
246
167
303
314
655
1190
1995
1460
367
985
378
1960
1102
1489
497
1585
564
1120
1490
1688
1554
624
1169
862
1336
115
869
1984
1333
1495
1036
626
738
1138
1699
982
1024
181
573
1514
73
1074
989
1463
645
1649
37
644
620
169
705
1023
1537
1429
470
1625
372
1821
701
810
1686
179
121
328
1943
270
423
258
1263
1974
627
370
743
1105
1877
63
683
1
1057
1313
1402
97
572
339
1558
5
1799
41
1819
1355
1491
1517
277
48
819
144
1475
44
879
480
1456
1276
817
444
2030
1282
509
1745
1127
1521
1319
951
987
1459
909
1848
592
882
1144
68
1709
575
1574
475
397
612
1673
36
252
818
1950
1561
1572
687
744
324
642
65
1809
1448
64
576
619
329
427
927
712
1797
1161
1968
363
1549
493
1683
633
1947
1712
1583
1141
1437
1927
1041
331
185
1535
57
773
1116
706
282
828
1092
1637
605
527
1786
53
1310
243
707
661
93
2041
1697
2003
153
686
49
95
1280
462
2024
1741
523
1855
1727
347
1513
1191
307
1115
1880
227
1168
1090
1170
1441
654
1861
1181
56
1197
980
1954
147
1967
163
950
4
1485
896
1143
1822
1363
700
1886
1064
1438
317
984
1322
1731
790
230
1131
568
1582
204
1503
1234
832
1039
2026
1632
388
212
244
1676
777
172
1200
1540
1147
831
220
2046
17
798
26
1472
1651
786
1012
1526
273
1972
384
352
1627
1223
1896
1969
421
843
908
1108
160
1466
1937
1785
1826
1999
948
808
780
1044
1233
174
2039
476
1011
1857
756
1021
864
2019
1173
55
1290
196
1371
1996
690
1652
1480
1617
584
289
342
646
885
74
1465
852
346
1335
1693
1192
757
1912
1543
836
1306
997
1901
1241
1183
82
983
673
231
433
1047
754
1352
1840
1082
1399
1221
242
1506
129
793
868
285
1794
991
1612
472
436
438
1669
1133
988
945
90
1759
1754
535
638
664
1895
1705
607
197
47
1586
548
1110
737
1546
649
119
1151
1844
1604
2002
1761
1713
158
2001
1907
698
14
1965
1271
1111
502
1665
1383
1260
313
1685
1462
259
1083
150
109
1467
165
248
699
1180
1350
1450
1622
1518
1004
1829
1836
693
1900
1796
1760
341
300
1998
1153
1609
116
1830
1498
1892
1917
1100
1599
102
1211
1436
1536
639
865
536
590
1025
2032
994
294
1029
1066
1390
1258
1160
734
2000
1398
1842
665
555
1509
1782
1538
745
104
1099
1331
1325
2007
52
357
229
1933
89
1602
871
126
1179
1337
782
225
77
87
586
1080
142
1814
1207
1567
1009
2044
760
247
589
841
2004
906
1594
356
422
1030
1126
839
1455
977
853
736
1976
845
1576
1117
792
1294
956
1889
194
291
1259
674
1073
1068
569
898
100
941
290
293
1042
858
702
1985
10
1134
643
796
1825
1283
747
1218
1272
1081
78
815
459
302
625
525
1070
481
1944
1137
809
446
1747
800
718
1175
358
1636
881
979
23
961
1256
428
99
7
603
1408
466
1881
84
778
145
1764
913
32
1533
188
1601
88
1913
364
1631
1135
1940
888
80
506
1648
471
1164
1701
245
1231
1418
1031
1018
1412
990
1781
1806
2028
448
541
410
405
203
1751
1302
943
401
1720
1396
1642
1934
1565
491
585
975
498
840
635
1784
375
124
895
1002
1324
1464
1658
416
653
1217
1348
316
567
907
713
1860
1723
218
615
660
155
463
1769
1926
1527
1550
1208
496
1977
333
1020
1479
814
1265
1481
717
152
1711
846
1956
1357
1591
1084
184
1496
1957
288
1468
1879
1694
681
617
12
1379
804
1493
1343
703
1695
1055
440
399
1644
454
714
1559
202
1854
740
1966
1199
1391
1979
873
1067
1942
492
1605
146
224
319
571
1766
1225
621
1035
1710
872
1992
538
415
1890
676
651
404
1389
355
280
1193
1568
66
1692
1439
1778
962
1316
1560
1139
1547
2006
1394
1765
1630
219
1159
1788
1742
385
820
708
309
1238
582
1249
1677
457
386
998
735
1423
1103
1798
1281
812
283
946
1502
919
1125
511
1634
1214
1607
1570
519
785
1815
18
429
508
25
591
973
42
1254
1715
1071
1361
552
847
521
1431
1544
938
128
1471
922
1094
101
524
1293
902
1800
1202
1369
1122
1049
1849
170
251
469
1818
157
1921
534
1146
751
974
755
297
113
1367
1758
1661
1902
1033
1884
1951
1497
107
482
1524
464
1846
1499
392
1749
1551
1075
1850
266
1670
923
1206
1478
1332
781
343
1203
1640
1674
1451
369
1303
489
752
1184
1671
1810
34
195
1365
1413
562
1410
1279
1106
1792
761
175
46
1724
520
1314
223
894
1400
140
177
1831
133
1388
1959
1791
1987
916
193
1823
1255
851
1672
1354
1866
1227
940
529
1445
1243
1469
1668
1690
434
503
1145
1887
226
1344
966
1878
1356
178
1964
724
135
214
1563
769
108
1530
2036
1597
628
1645
672
419
647
821
326
1244
1005
1519
1417
1507
1119
632
1719
1746
136
35
1557
1268
279
1220
1920
1963
1736
201
91
904
1098
1432
207
394
11
1171
1564
1065
1541
485
1952
1182
867
574
500
9
1288
611
530
560
784
298
1185
443
449
1196
1801
578
1484
1062
366
1165
732
98
1284
1315
1869
516
272
750
148
1817
968
1548
1078
1843
164
1054
641
694
765
1975
16
8
456
387
92
1629
499
928
667
1006
215
1492
1997
1378
1566
1046
532
6
588
1743
379
1807
1762
1828
1851
1434
171
1584
771
1767
477
1994
1691
1494
409
981
1077
1157
623
1706
238
1961
1010
1027
431
1347
1051
1416
2029
1569
1614
400
1419
2040
1420
1868
221
447
537
1285
829
1267
1885
1718
75
1300
1063
914
1592
768
711
763
577
1162
1708
1318
106
1624
1204
1771
1820
767
149
1321
1916
483
304
154
1978
1043
528
637
351
1808
30
939
999
374
1097
173
359
1986
122
338
1865
856
959
1085
791
211
254
648
1452
51
1317
684
1296
1397
682
1654
1577
1716
1295
1229
1938
1908
1264
559
2045
543
1299
1152
1593
1447
1931
986
15
1827
1853
949
1050
118
1773
1732
1876
1487
1320
1925
1308
1136
275
2005
659
407
542
1894
1783
866
83
1477
1298
1312
1474
330
1433
1019
1121
670
565
1015
1189
636
1291
349
1342
878
1707
794
1911
1596
547
657
2022
2018
1176
550
1662
540
138
1334
934
1273
1377
610
1553
813
1198
260
518
1253
1128
1443
132
1274
323
1483
1525
1893
1252
976
199
666
929
893
1923
376
31
656
1750
880
120
1195
1666
1289
1327
473
1016
936
402
1588
1427
719
696
918
125
1872
1430
1859
1982
570
640
1311
1615
955
969
1505
361
1504
1166
1698
1061
1323
1918
695
1832
1929
205
1373
1696
838
1684
1930
514
1353
1421
1777
1435
531
1305
27
1222
634
38
1804
920
1096
1845
826
143
417
460
1650
430
1209
816
1657
1680
1562
824
1251
835
1219
354
1470
1888
1385
1768
539
1539
978
411
1177
1871
876
86
39
1587
1816
1789
512
1236
931
22
507
350
486
111
1210
1643
345
1449
1224
1235
805
1958
822
1370
112
325
1981
1473
1404
1508
94
2038
1140
1739
1939
1725
741
579
733
305
1775
210
250
332
748
933
1374
1924
76
742
1088
1059
958
926
1149
1681
662
2008
1500
1579
1277
368
33
161
455
563
182
465
1837
21
830
1903
1922
1580
257
1428
490
729
20
1422
1756
710
58
892
296
1733
787
1040
1904
348
1532
1032
365
1655
722
2027
1339
286
1838
2047
1358
412
1659
721
484
335
255
899
1045
1446
1366
1022
1516
418
501
953
2025
130
1847
228
947
103
327
1411
321
1406
1772
1007
166
395
114
1734
43
222
336
1667
704
393
546
420
1914
1330
726
1949
1647
1910
1341
526
1993
917
1453
276
1328
1870
1072
1858
890
697
631
848
1069
1424
131
910
1656
1095
241
213
1752
1905
2013
671
1545
1405
883
413
1897
1482
1194
1076
517
709
1386
206
1287
494
334
1292
268
380
1793
594
897
1763
1682
1909
776
233
1201
398
452
1384
1919
1689
689
1575
424
381
533
287
996
1230
45
1364
1955
180
2042
1053
1522
2033
479
1946
1510
1774
921
727
1307
972
299
1242
1721
807
685
200
60
1409
1415
85
1247
1980
806
1726
1970
176
551
720
1104
318
992
1359
1899
406
306
377
389
1703
1633
1802
1864
1663
886
580
797
127
253
581
1058
1155
237
680
1013
117
583
162
1444
67
337
72
2017
1780
310
1700
2035
1988
284
587
2043
1089
1118
1000
105
1619
774
1114
478
1748
1991
1898
2011
788
1571
435
312
61
1863
383
930
762
1486
262
390
234
1101
81
451
1653
2023
1641
382
1932
19
1501
1172
1309
758
281
598
453
3
0
1770
614
802
1038
1675
1026
960
217
1623
1953
450
783
1362
837
1476
1990
1795
924
1512
1167
50
601
1154
1301
1395
315
1326
1679
630
874
1839
510
1237
932
549
1790
663
604
1787
1606
403
1608
1620
1971
1213
884
855
842
1461
677
857
602
1454
187
360
1228
1753
134
362
600
1738
1368
730
1186
445
1375
606
1779
1048
1124
716
1687
944
1156
515
2010
1123
1581
1008
618
1891
1529
1380
442
159
566
1722
766
1226
925
609
425
558
1948
1803
1511
1883
209
1628
1351
1833
593
1812
437
2021
912
749
1425
371
235
1873
723
629
1531
1603
613
971
675
1664
13
889
844
522
1704
29
264
1392
596
28
1573
1678
861
937
859
1132
599
964
1737
942
186
261
2031
1874
650
208
967
849
468
952
553
1841
1740
1805
1232
1714
1163
679
1107
1776
1556
1989
271
1286
779
1129
1595
216
1262
2014
373
801
1458
1598
935
139
775
1729
1983
1112
1835
1414
1552
789
504
1542
320
1638
1003
911
269
1275
608
1613
1372
1216
189
1215
40
1028
905
263
1130
595
1239
1824
1278
561
1973
249
1346
1240
1113
1906
513
2015
993
863
900
137
1270
198
759
123
995
652
1187
1060
731
1856
1338
915
1589
1945
1212
79
1387
887
1304
1717
764
1034
1702
834
168
265
2034
1755
59
1744
1017
141
232
353
1600
54
554
192
69
1618
278
725
458
954
301
860
1086
1340
1407
1813
854
1205
1403
70
963
439
1862
1611
1646
1590
1052
1393
1150
1158
1056
1528
1440
1621
678
1520
1728
1555
739
823
495
190
156
414
668
753
505
803
183
1962
24
1442
311
965
770
432
875
1852
1246
467
903
1269
292
308
1616
396
1091
1266
1142
557
1148
1882
1345
