105
2009
1591
781
744
242
940
527
499
1273
1316
47
295
1270
1644
1414
1112
149
843
1764
1925
382
1225
1443
1975
2013
1949
599
1242
518
1682
1054
1032
1200
1604
1928
84
882
652
1255
470
1208
403
88
141
1049
1556
1643
2031
1
756
1909
1199
1615
14
1666
1344
1330
553
1007
891
452
547
1632
1587
2003
810
1083
565
1770
296
1631
1849
1771
1626
1302
1453
866
988
1992
1409
631
921
108
950
425
1946
906
1813
1550
87
570
408
1588
1205
637
1993
1679
1329
1938
820
1535
67
626
1257
1301
432
1862
588
877
1251
129
1940
205
1893
1010
1368
1822
1127
373
1824
110
28
1736
1559
480
1658
372
350
1298
265
563
264
821
531
2004
1252
1732
1050
1440
1629
1276
344
338
430
237
771
917
151
1266
414
548
1231
1826
206
111
61
441
1685
612
1997
79
59
1058
854
1219
905
1027
593
751
875
1071
1767
554
369
419
1079
1543
976
747
1916
639
2027
1649
1267
212
1710
308
1278
512
753
663
1586
1031
787
1589
1739
990
1404
857
557
1742
1641
1959
657
520
888
1478
838
1131
624
1447
1105
1159
80
1786
1465
784
66
318
1163
154
1431
1791
1085
1393
1182
320
188
1577
70
2038
301
1448
1284
566
82
1369
696
911
1640
1920
260
1646
52
859
1338
368
182
184
528
133
1695
178
972
5
658
1377
2014
1841
1766
174
723
1957
702
1161
1265
1528
313
865
1980
620
147
586
1573
559
336
984
523
478
1801
830
978
1845
540
1303
98
2012
1277
259
1141
618
1295
447
1449
1943
721
963
1848
398
1623
770
1183
1210
12
1919
919
1913
648
546
1314
926
1350
1331
598
1918
388
2018
779
1319
1172
836
1526
293
1070
312
558
2040
335
324
281
1603
922
263
777
34
625
1417
19
642
1578
1689
1489
606
1057
513
1785
1262
536
1971
633
1239
1625
471
422
790
16
1229
924
1126
1910
2024
189
1968
1235
828
1140
1605
239
2044
1831
1017
1062
1154
458
1382
1753
1074
1486
1653
1460
703
1179
725
395
1461
1549
1546
1084
860
1373
1367
146
628
1173
1234
846
51
896
731
1622
304
114
852
966
581
1551
1206
164
1028
1665
240
1647
2022
268
675
1545
37
1130
1290
1965
402
2047
832
1891
1937
156
1693
23
1118
274
1093
1656
1055
772
1488
380
1852
50
1821
33
1772
1158
1521
590
1397
1978
383
1612
1871
1749
719
1823
1357
1462
1281
552
465
1897
1711
460
722
1195
797
1053
1723
944
158
1309
488
1562
222
389
1567
1837
483
842
467
392
496
1532
1146
81
1082
677
1718
1217
493
706
1178
477
868
1444
1531
362
17
1763
1832
134
1296
1542
1606
225
564
734
2005
1271
544
954
801
1941
429
1675
1165
1137
700
541
55
732
510
468
1667
2028
40
664
4
505
1408
387
297
1243
1247
144
1037
1202
220
1193
10
1982
342
325
1892
1249
2010
623
827
951
1974
330
438
351
935
2
443
1395
977
358
1201
1491
1510
481
1713
1332
1203
1677
932
326
931
1136
1684
647
844
1150
1812
1788
918
2023
748
341
1103
1280
1315
674
1310
1026
1024
173
1717
1009
1237
234
728
671
575
243
573
1493
1230
1985
1936
1308
809
1063
1288
1668
627
1970
1825
1964
749
1389
1019
288
418
275
1096
985
1000
153
1059
219
2035
766
1694
603
1880
1483
1014
1575
159
1796
952
802
1719
283
726
782
167
1119
145
878
116
551
352
1033
1659
555
604
197
705
594
638
1061
1568
1423
1256
298
1333
1144
1508
818
102
1769
1285
880
1967
1387
1232
695
965
915
1419
1609
1807
1854
1264
1427
1114
125
942
1223
947
710
1722
118
1994
424
1754
998
183
1998
596
426
401
1090
1197
1379
365
1029
968
163
826
953
1746
1211
233
2030
1364
376
691
1139
539
230
1747
934
1480
96
1678
1358
533
1494
1496
217
498
1394
1306
1067
1492
1574
819
91
428
686
1815
743
502
1390
847
345
1066
1446
815
391
1388
1898
2011
872
208
1454
1700
1476
328
504
697
241
305
1190
1041
22
816
1092
1335
530
654
1642
1245
201
1226
661
2043
1039
1755
436
466
1714
135
209
1708
1036
1638
982
759
1401
457
1661
795
643
635
1817
1858
1566
1683
649
1420
238
785
1548
1198
1869
24
1554
567
1779
1291
1287
997
253
515
679
1517
524
327
175
632
542
659
370
1952
1895
788
1228
1990
708
680
1676
1336
1738
1906
1958
1619
1760
185
42
1475
900
1133
294
1931
841
360
1886
1238
1977
161
1860
2041
192
1132
1268
106
869
1148
1400
929
186
411
1863
1318
355
1776
1729
1406
349
486
1304
720
822
1873
1621
1191
741
535
190
1681
224
607
1069
62
767
267
1005
694
1464
356
1527
837
1177
1116
390
690
2000
1170
1236
1241
1706
1651
775
1536
490
1429
936
245
651
519
472
569
2002
682
216
155
1697
650
1160
1865
1221
727
1701
136
1512
1091
999
1900
704
1012
1339
1889
879
162
1371
1850
1086
1882
319
1348
684
1100
1051
1445
479
76
792
1263
845
640
1598
538
1463
1894
1972
1514
602
1885
1673
757
1828
1366
191
1829
501
289
1881
249
1362
1948
1411
1175
169
1570
130
1768
1716
1752
1016
572
1720
774
1060
1209
1166
881
299
1378
1072
1227
500
1214
1793
282
1986
946
848
300
269
1289
109
1470
903
3
1787
463
126
622
44
595
43
1669
724
323
1108
892
101
1800
273
1376
120
1207
1322
280
137
698
1926
1250
1645
1169
415
574
1352
309
1707
121
1176
140
1969
1663
2033
367
630
807
974
1907
1563
543
861
616
1953
1495
1438
1792
1868
445
1921
611
1816
1751
384
1572
1950
1473
908
1472
1728
1915
1805
1617
199
1540
194
1500
560
969
315
18
1741
600
1596
1743
157
814
1374
693
1418
1125
374
1189
1421
250
306
958
89
803
1814
65
742
56
962
1820
303
914
1955
1976
104
1487
1484
229
1097
1818
404
292
989
1929
805
1802
745
1222
1073
314
1162
829
246
1415
1383
1194
1547
582
549
347
122
907
1686
609
955
960
1385
333
1020
1861
583
1459
1167
427
1905
207
1590
1705
1709
1099
461
804
1561
152
707
1363
214
291
1855
1497
1633
450
170
1490
1094
898
75
937
1602
215
1799
1328
1275
2025
1157
117
1774
1989
529
1413
1113
975
794
778
1939
619
1803
1797
286
1734
897
736
1244
1745
202
1611
1935
667
1804
279
1810
1529
1381
522
1599
434
375
901
1485
1984
1216
746
69
1297
1650
973
783
729
571
337
1565
534
755
1317
1655
621
1639
359
1087
991
41
252
577
1286
568
634
1021
160
38
1320
1843
400
506
685
1790
1614
1386
1360
248
615
476
1789
1846
171
780
687
1442
668
689
29
494
1399
32
730
1047
956
103
2001
85
1458
1541
73
131
187
1924
517
399
25
1115
407
196
1341
27
1872
36
127
278
2019
57
1186
1351
941
1121
495
1664
1120
1930
244
713
1917
1451
1904
605
1524
580
2015
9
74
920
1737
497
1403
1569
485
1477
1525
964
873
1171
883
1430
1875
1025
798
1601
1076
1758
1311
840
124
179
54
1618
1457
45
1951
1435
2016
1634
317
39
1434
58
1030
60
1867
1095
1048
53
681
11
329
1757
1246
339
64
1499
511
980
1688
276
885
813
1188
48
2032
30
945
1724
1870
1145
165
1153
835
1299
678
1156
858
1690
1370
285
1744
714
1759
491
1088
1340
1467
1155
459
995
421
236
1392
1620
1691
715
1613
1922
851
204
1725
1519
762
35
1106
86
310
1505
1474
487
959
904
1324
793
343
1507
1733
666
1384
1798
1006
537
1538
1991
556
1896
1819
1004
979
177
1259
442
473
172
1712
1064
1261
1579
1765
46
1914
752
1152
1450
839
1042
1040
1321
100
1405
1111
200
1842
887
601
1192
255
1630
1224
1827
1441
1648
462
95
413
1560
589
1520
893
417
228
1436
331
451
532
1761
1702
864
1523
763
235
716
1583
1432
198
1558
1533
1857
20
641
322
1469
701
1600
1932
1518
1181
1830
1808
1654
614
1595
1888
1671
656
1571
1107
1180
1089
1534
1416
961
1098
1372
119
1391
1999
1981
13
1078
1038
740
68
1576
1670
1422
850
516
2026
1109
981
1143
1564
346
1307
1635
1963
1433
1983
764
1838
1185
1616
1294
7
862
1585
1735
578
1437
226
1608
1101
1218
1174
617
405
1452
316
526
562
1692
796
435
1168
71
925
754
591
1482
148
1260
394
1326
889
482
688
1864
221
364
863
1530
1471
789
1035
834
1748
817
1129
1703
992
1811
2039
1833
1426
733
340
608
971
509
1674
800
1349
670
1396
381
1636
1996
1380
930
874
1740
2036
1346
1687
431
1902
203
2029
1347
1365
1502
1046
1215
1013
1727
996
1052
1204
2007
266
1584
853
597
769
1730
825
1254
115
1553
1883
361
1240
1293
99
1956
166
1354
1327
1220
261
1836
655
1876
247
1775
1466
1806
1196
871
1835
1011
1887
791
923
1065
673
1045
218
1866
284
1410
1468
1151
1511
251
270
983
1504
357
78
1124
484
412
899
257
1122
1911
1756
699
521
938
909
824
456
1312
644
1979
1988
1513
849
302
1323
8
584
1522
416
855
1942
1258
2046
711
1954
2017
1274
525
739
49
1355
812
1874
833
1147
1555
683
366
211
272
290
1110
107
1479
1044
1839
1783
1135
653
386
1402
831
181
492
277
585
561
2034
1762
1123
1515
1509
378
1773
444
949
811
676
761
1973
927
1780
489
2008
613
692
406
63
636
123
1283
379
709
1903
1481
1890
1844
760
334
1580
139
758
1597
1503
768
1003
1878
1627
2042
1353
287
1138
1539
1962
1750
397
610
1337
986
1142
1034
113
1704
1008
1610
1901
1498
258
1080
967
453
1899
1607
1637
1425
916
1544
876
1149
1272
1856
1672
1853
15
1995
970
363
1356
1847
1300
1624
806
1334
1305
393
884
176
1552
737
1784
1279
870
1104
1947
1018
1428
672
910
371
1056
773
1721
90
1313
256
449
1657
718
396
1944
902
1594
446
660
353
454
128
1213
423
1345
712
1777
579
1212
1537
1342
1581
669
1359
1927
1731
143
142
420
455
1269
514
1809
26
1923
132
1782
1117
933
475
332
254
1184
21
213
1248
1187
1439
913
1795
0
83
307
262
1834
1884
1128
1343
2020
1134
1361
2021
1908
1840
895
1043
1652
232
994
1879
138
957
469
993
1592
1501
808
890
645
385
1325
1516
503
2006
1699
1023
799
1015
1945
448
1375
231
1164
1233
112
72
1506
1077
750
646
1001
77
1781
508
1398
6
738
439
1698
437
507
735
629
717
587
1715
1068
464
1253
1859
576
928
867
1662
1456
94
1696
1075
1851
987
886
1726
311
2037
856
321
227
210
1660
1933
1282
1778
1412
1987
195
1966
1961
2045
665
1455
354
1628
1557
410
180
223
1877
1424
823
545
1407
1593
912
1582
765
1002
939
1022
943
1680
168
409
433
776
474
377
97
31
1934
662
894
550
348
1912
1292
1102
948
150
92
592
193
786
440
1960
93
1081
271
1794
