1209
294
21
1937
1664
1746
1239
133
1692
1543
992
1318
1160
1927
1192
1412
151
754
122
142
1667
858
426
468
1822
1374
779
1531
1460
1187
1446
1391
1031
110
1606
1496
1698
1407
2035
263
1008
230
1353
1655
1223
1855
652
1296
1973
1021
1268
128
1884
1795
1052
1805
1158
368
14
1063
695
1441
124
389
1452
1355
631
1653
1358
1810
1236
1087
638
320
1144
688
849
223
177
366
1796
748
1779
1393
97
1989
404
1763
1920
740
839
1409
1486
1995
1171
1962
670
518
1206
1199
231
1064
115
1509
570
1303
784
1536
1554
1386
1553
1395
1852
892
890
1857
449
1782
957
770
47
222
1273
1848
272
1696
2026
1097
91
528
1154
525
1565
225
563
20
1384
265
588
453
1196
1917
1425
1295
1707
939
1963
630
1416
632
4
1987
186
1562
1382
1208
521
1669
1085
304
1744
185
866
1630
1736
1621
89
821
1177
1123
867
1310
260
1609
1428
826
408
1057
1267
253
520
1493
0
2038
1337
390
126
1924
516
751
2029
1453
1184
1605
540
684
1109
197
1957
1174
423
2002
622
1683
356
1046
759
311
1238
1166
1073
921
299
1701
1444
463
1631
927
1581
206
651
1668
1495
1377
621
1599
677
312
1938
1373
276
49
1658
1503
643
1148
1165
1258
1665
1614
513
2040
1253
1556
2014
1420
1396
427
1176
1501
775
617
655
282
766
776
1038
338
1307
1472
1966
818
995
1289
33
1814
1101
2016
1309
778
586
367
705
972
467
1602
1532
9
1411
11
1787
296
825
40
2032
350
1827
936
293
150
1069
1527
248
697
1869
1502
853
1467
246
71
446
843
1755
1105
935
54
1577
2008
326
195
101
1049
1023
573
269
1918
946
875
1094
322
1525
1932
1194
1758
1697
954
238
704
1648
885
1998
383
1466
1419
785
1490
1040
1689
1464
1793
1030
161
618
1371
1593
649
1454
1733
860
1876
227
1449
1081
114
244
1299
782
626
1981
1826
690
1389
1625
60
1207
614
1475
1618
1944
969
170
1136
1559
1034
1175
1205
982
1235
1641
224
1719
902
530
1940
1632
1133
1437
723
1673
533
239
2007
2015
1716
1790
886
1546
783
166
683
1821
1675
1114
447
1326
753
1290
1771
215
480
1978
529
990
1039
1660
2011
1510
158
978
1622
1305
1281
1161
1788
106
1282
1053
1722
1392
1867
591
1760
1688
536
111
1535
1037
1765
1284
232
1889
1346
1292
610
1405
1202
1723
985
1801
977
1564
1878
1164
1062
1644
414
1910
1785
1036
72
1868
1480
845
482
1231
1498
1551
10
1198
1003
517
949
339
1680
608
418
1629
251
682
823
1800
16
1051
387
438
552
1925
724
1108
1832
472
409
470
1893
1610
1965
1576
1383
672
1620
1662
1898
56
979
1836
1162
1626
774
791
535
1774
422
1262
1919
962
400
2042
822
1578
1786
767
554
329
699
264
523
870
1015
202
1221
24
807
1275
510
474
413
1200
1341
1119
1203
1877
531
619
201
131
1933
288
893
1302
580
739
300
455
1592
1909
1032
733
1048
477
1507
116
1150
1173
967
1056
1943
656
1229
1421
1812
828
1134
1066
539
487
1245
1352
319
1140
495
1217
342
1251
1727
173
1561
489
1167
445
1775
686
94
731
1488
1228
577
1321
1970
1663
545
1074
1018
1762
1942
1408
681
1257
994
1739
896
1700
841
1854
205
1093
1903
725
1169
719
1075
659
960
1424
1862
315
983
475
1459
1572
457
1401
1091
1935
2024
1972
165
492
164
425
1558
747
880
1986
324
1883
1865
160
1672
1004
607
1991
1132
1491
581
1813
1179
872
1518
1646
861
1473
228
755
1387
1600
648
1517
1811
613
340
36
1121
372
1482
132
1224
1233
773
1442
1410
317
1261
1735
1155
2005
229
1871
856
1659
341
1197
914
781
800
1324
1125
198
998
603
1635
1926
835
501
1891
797
891
1319
1879
451
703
576
777
1011
817
208
968
1131
1670
1149
1126
609
196
1474
1297
247
2006
1359
172
473
1413
1798
1214
194
911
742
28
1526
1706
1738
1362
209
193
959
481
910
869
669
1637
1357
749
873
757
537
259
1947
254
970
1215
357
5
1379
1086
1404
439
1679
51
3
1329
546
1661
1237
1682
191
1623
64
214
1143
597
242
1956
1904
1107
735
769
1443
1647
922
1024
698
290
1265
1714
76
666
156
347
113
81
1220
53
287
831
657
145
2020
450
109
1834
1050
30
1845
277
1367
1432
900
812
1096
440
993
1650
1615
1604
1544
1249
1388
717
1090
889
1244
1761
1685
1519
59
38
1226
1708
526
1516
2000
1752
1065
850
920
1676
1338
17
515
687
1816
714
2030
267
2022
1598
1853
1479
1045
146
1293
285
140
549
102
1563
373
1365
859
864
1219
1434
1044
1195
55
636
15
1288
1440
384
147
95
600
1528
1613
1417
1512
62
1418
1791
369
1122
1960
598
585
203
1481
1649
1983
888
1080
1415
153
381
887
1769
1842
933
1300
1426
1017
1639
1959
1591
1027
601
1213
1885
321
386
465
309
1915
1597
1911
599
1856
46
808
323
43
243
144
868
2037
104
297
650
1969
337
1340
1476
1485
1014
558
1241
1138
1462
421
955
1740
928
152
1929
694
257
407
796
376
1250
331
220
1633
1656
761
772
915
393
397
988
1471
1694
727
1772
1301
940
1191
2013
1438
842
1985
2019
1016
1545
100
1380
628
829
2044
1799
1594
851
505
216
2047
615
134
65
654
1445
1469
448
370
137
1539
1515
1702
34
1693
1345
1902
810
1953
1974
255
1041
1514
1968
179
1741
1278
1859
378
1652
898
1182
794
1849
1504
428
1190
500
1751
559
1976
1216
1201
543
931
741
127
848
1843
1994
1901
1542
180
403
918
1005
750
249
1180
1603
1548
633
464
502
207
907
905
1704
74
830
2033
1117
700
1895
436
1137
925
57
1616
1583
1369
1343
611
2046
1880
1402
738
658
380
730
1193
162
926
836
674
1325
2031
989
1803
345
837
1520
1557
1808
334
1638
1980
756
1212
1448
1881
1470
1347
1617
912
70
88
895
584
442
1181
627
1833
159
814
846
1385
605
1913
333
1350
335
522
1860
1912
1931
346
923
806
396
906
809
1111
454
780
1351
1280
2034
1624
894
512
192
758
1705
1139
1222
547
1757
280
1304
1153
398
653
79
1729
118
805
471
1006
154
256
538
1487
789
1571
1537
1368
665
1681
39
1060
1312
708
105
1905
572
1489
951
1363
579
1116
973
606
509
1872
916
707
1429
1759
1247
1745
1500
604
1157
1054
2025
945
519
458
149
1033
2
1361
1584
1825
583
1263
834
816
138
1636
1274
1550
1954
884
582
61
139
524
12
332
344
1266
715
1936
1397
930
1958
452
1731
1555
415
713
1254
270
1794
1783
169
1882
1928
178
1104
497
566
1009
1634
484
1792
987
1079
1789
175
1730
1218
2039
1547
948
327
1896
1950
1492
1773
382
1210
1230
1349
395
801
1163
544
1586
1115
1336
1988
1423
1028
1077
976
1468
1951
956
712
1185
217
493
1398
696
476
212
183
466
1823
84
435
1923
6
27
250
218
1457
908
1764
876
507
1172
66
1455
123
1001
1130
1089
32
1784
274
645
1861
1721
405
1691
1726
644
1103
1997
136
676
1156
675
1271
1334
702
1272
221
1435
1975
1521
1061
1828
1095
1640
213
1294
399
266
336
1058
590
430
963
1072
1458
42
1344
1754
29
557
863
1151
235
803
1900
1497
188
1511
189
478
325
163
1135
984
306
1311
511
394
1619
1433
556
275
827
2027
1378
882
602
1831
1342
1002
2043
813
41
1651
496
355
811
1892
1234
268
1725
371
1908
1298
997
1483
441
692
1499
879
1240
171
964
377
1949
1817
1715
31
93
1129
865
1608
2028
292
416
799
732
148
1450
1059
762
689
1183
844
25
1406
768
1317
1506
412
635
388
236
980
1260
1225
1141
125
1127
668
1642
647
73
284
1354
1012
961
7
966
1596
1070
112
743
1010
1802
819
26
281
616
1269
680
824
1666
1168
938
1316
245
1804
1042
792
786
771
548
1099
1780
1505
746
351
1430
1533
1717
233
901
98
358
107
1549
1777
1686
996
1886
1703
857
1657
560
589
1227
1513
924
1327
2045
1767
402
385
328
1372
353
1766
1333
75
637
514
469
1734
1948
1873
2009
625
571
691
431
456
716
129
1858
117
1921
1907
1286
1118
1422
721
1996
1601
1824
1047
1540
728
1308
1866
184
1524
787
1724
298
1055
1007
1732
295
13
2003
909
349
624
574
307
760
432
99
567
1851
363
1628
2018
764
965
44
1776
840
1709
568
1847
646
1840
1159
1026
1022
1829
595
1330
434
1083
80
504
262
1964
673
913
343
1756
1894
486
490
1529
587
1990
1082
35
1582
1256
661
279
1403
1977
411
182
429
804
199
942
1874
1838
1366
542
168
1720
92
745
305
1993
1712
1348
641
103
1188
96
1068
135
226
141
1035
1279
642
211
855
1590
947
237
679
871
303
417
1713
187
419
1043
710
877
862
899
833
737
1982
1574
722
121
1112
498
392
564
1323
22
348
941
1248
45
1677
157
491
1170
1145
444
2041
1684
1749
1364
937
1778
550
790
917
508
401
1906
1314
1447
569
1654
1566
50
744
667
77
176
919
1530
1013
1979
289
1456
634
1888
1611
1674
2012
1699
1934
1189
593
273
1768
1747
952
443
1890
662
1570
1864
506
120
527
874
1370
1815
788
718
1146
359
1019
302
1955
1142
433
534
971
1414
685
1743
23
1259
314
1204
479
881
903
1750
181
854
1277
596
1695
575
802
1484
286
1690
693
1839
1946
1573
58
1770
2004
119
1315
2036
1
258
1246
763
1360
219
1588
1020
19
1897
1899
316
878
1687
1820
1439
1809
362
975
437
1728
1252
375
904
1984
462
200
1992
1922
736
360
1376
720
365
1110
1579
424
143
364
565
461
1523
1098
1084
1971
815
1322
852
1320
308
1807
1967
1645
410
1399
1400
981
1569
551
278
1846
1585
620
1211
1461
174
795
69
1643
1029
709
1837
361
78
1850
1285
1270
639
883
130
1232
234
729
1243
1941
1580
2001
1335
706
798
1952
167
2021
953
1092
2010
1427
1806
1575
671
1451
752
640
1494
252
1276
1607
578
485
63
1375
90
352
991
1961
1835
793
261
929
1120
313
1356
1534
1381
1939
1287
499
1106
932
1552
18
1088
1291
68
1711
85
1568
1781
420
1916
664
1945
1627
734
1100
612
108
1930
820
87
701
1753
1478
460
678
459
241
986
494
943
1306
532
83
1147
1102
1128
1560
1313
934
1587
1589
944
1436
1025
1078
2017
897
488
1797
847
379
1113
1737
562
283
1465
1255
318
1477
1742
483
1830
1718
1671
210
37
240
204
271
1000
1264
1538
1186
1152
1394
1508
2023
1567
541
310
8
86
629
592
1283
1999
663
1818
711
1332
1841
503
1612
155
553
67
1463
354
623
832
1678
52
950
660
1844
958
594
1595
330
1819
374
1076
974
1541
765
82
1242
1748
291
1390
48
406
1331
838
561
1710
190
1178
1067
391
1431
726
1887
1863
555
1071
1914
1522
1870
1124
1339
1328
1875
999
301
