717
2014
1083
870
274
1950
971
1414
1968
988
268
520
69
63
848
1467
334
33
858
1500
566
2028
989
1848
1178
2038
1750
741
1491
1986
407
1951
508
1988
986
938
685
1332
1127
985
819
1252
1592
501
1574
1901
833
984
1855
556
1577
1665
952
1978
593
200
1588
1162
1847
1576
1112
877
538
1026
65
391
533
636
1327
1300
1604
918
254
1999
1974
1608
1502
653
1734
1517
1367
1808
674
509
1723
1169
802
1403
860
369
67
693
1182
1844
1460
60
774
75
1969
453
1366
1706
2021
14
1819
94
1058
863
1390
1828
1587
1932
1118
719
1916
383
953
284
582
1614
546
1570
975
613
1955
730
532
1088
1148
406
531
321
1944
621
909
1783
1777
51
1915
1701
569
279
1235
671
230
228
202
914
1781
1487
352
958
676
1787
134
1043
362
659
1368
1221
829
1240
1150
1554
1294
787
1879
469
299
1445
1030
249
1937
664
185
1495
1794
907
767
1654
981
797
917
122
1382
1343
1041
1906
6
1098
942
555
499
1091
107
495
1260
698
325
856
1727
1573
251
332
974
1080
1396
1449
150
1422
459
568
1431
1667
105
1299
704
1478
261
1109
1826
2007
473
1630
1429
1384
1609
617
1312
959
663
1910
1203
699
838
1712
280
1199
1276
846
211
1913
1886
1499
100
1359
1037
1860
1973
1843
487
72
935
1149
570
658
969
1558
137
1779
1503
1089
608
589
1049
1802
1854
1225
874
1050
1954
62
262
1279
492
619
1338
637
1111
168
170
1800
1957
1784
1702
883
1113
1348
283
1174
873
655
1024
1730
1245
1222
1547
2032
1884
1181
545
760
1160
456
1023
1681
57
1404
729
1692
379
1232
1696
1525
1815
1868
1394
1658
1877
1360
1397
1271
1025
1967
129
165
1579
1275
1514
1757
1693
1121
950
1163
1354
116
145
37
313
1671
1039
933
35
2039
347
1948
326
594
2034
1736
1292
1775
1028
1902
1914
1133
865
1405
497
1072
1370
1061
240
1640
1281
1690
1531
2016
1515
1970
1962
828
1876
678
151
180
881
610
2004
1071
884
485
297
1352
2043
1501
307
1940
1530
259
527
1336
1656
1676
1413
2047
1273
1891
537
404
1158
1595
1774
353
1567
384
1677
1575
2040
432
1513
1486
1212
638
121
85
461
1763
409
1637
1985
567
401
1522
1443
1644
1601
1922
83
89
1461
577
1621
1624
886
1402
651
133
172
1687
195
1996
257
328
779
1638
1642
1255
1695
1374
1821
306
716
1101
681
1003
1863
253
298
2008
224
311
198
1490
2017
1378
1417
314
32
1392
1018
1438
128
1485
1820
955
987
644
604
1903
1044
1114
1000
1053
1611
750
2027
680
2042
1484
1589
30
843
1456
1551
1772
564
1851
1524
1320
1710
1358
1475
345
1745
1471
101
708
348
1077
119
1419
339
1537
921
731
296
712
488
203
1566
961
1100
144
1966
1864
960
1213
1141
447
1761
1184
1814
12
1822
45
309
824
1236
489
1812
1889
1488
879
1641
1139
1070
561
652
1618
1031
941
58
264
270
323
252
1534
686
458
578
416
34
457
1540
1726
1317
315
1885
421
1496
1811
1798
795
1909
1990
1482
1172
904
1265
642
1532
887
1369
1597
2041
199
1594
1372
799
530
1997
1737
1839
683
1842
1424
1274
1096
1583
114
574
246
1981
81
735
1446
1622
548
976
375
1286
139
1448
746
1934
80
173
1791
193
474
266
1427
859
773
1713
398
630
370
835
318
0
627
1749
1835
926
964
1064
1047
697
694
1103
1087
510
1628
1905
1724
1880
52
1698
475
661
1626
1085
53
1586
536
631
218
1035
24
1516
1200
541
1773
949
796
141
1893
231
382
1754
40
388
1849
844
1379
1838
1202
876
295
1633
600
1307
1711
648
1963
93
924
951
1837
1134
836
1580
1861
190
547
869
997
1093
1536
92
503
111
1590
1170
559
667
1309
528
889
1673
355
1412
435
1510
1278
1679
1386
801
1208
1830
1900
462
1195
929
66
1008
650
596
1528
612
670
340
673
1447
1827
1949
590
1578
1804
721
1858
162
496
493
305
1175
1741
1373
183
1831
1305
1494
377
222
1493
448
1399
1680
1334
194
1389
1423
374
565
1313
214
558
1152
666
38
1836
1756
643
706
263
1288
586
219
363
736
778
15
1620
998
1126
606
1263
575
1289
2035
1952
376
357
402
31
289
1869
759
647
505
143
1520
1703
782
1311
946
275
327
535
1020
324
1038
225
521
1479
1743
1439
1824
39
1458
811
1377
1845
1661
245
660
1709
956
640
768
154
518
927
215
894
516
1259
1603
919
1728
1242
1211
1790
1220
1277
23
1778
529
465
513
815
1888
464
1623
821
1284
1463
1912
1304
646
1001
426
709
1841
2046
1090
915
1444
749
9
126
1005
2031
1264
908
125
74
1956
943
277
851
1192
17
1119
2024
1122
632
1862
1215
115
2013
55
1078
1600
123
635
256
1958
445
1239
1040
867
1904
772
1653
710
2026
161
806
722
1258
1045
1283
1489
934
1459
431
585
1067
1929
1393
1715
587
78
104
1722
95
1894
573
1261
550
579
399
1007
1508
1430
890
1231
1652
701
840
46
1407
2033
184
804
386
2009
301
1989
1648
1455
103
576
454
157
146
922
1059
286
504
20
1766
880
247
1253
64
1646
360
783
853
790
1498
1634
1385
622
968
737
1116
725
769
902
449
354
446
1224
571
1104
628
86
810
809
1016
1268
169
177
1716
1744
176
1081
1908
692
221
1143
70
780
1381
912
852
142
837
1898
1451
2044
1704
1362
963
1840
916
983
1561
394
739
1782
1994
1293
1870
1473
1895
1759
342
312
1664
1210
679
633
1318
1541
1301
1768
422
755
1302
1627
789
980
381
601
1572
1605
1206
1099
1331
336
1409
554
1361
1161
937
11
343
1345
331
871
1128
1154
371
1856
1272
1454
581
1214
1073
1806
2022
486
1507
1907
1179
1341
1662
834
290
1606
1875
1021
1810
1991
19
42
552
842
1643
498
1046
1764
2020
1917
335
1014
598
991
87
1984
1034
1636
84
1550
982
149
689
609
158
1196
1663
282
1610
235
152
1290
543
1859
147
1462
1457
434
792
775
1555
1511
1017
1287
233
1793
18
1799
1593
1813
210
317
1615
482
771
672
1538
1189
1425
1657
76
754
1062
1082
999
1732
1234
1351
110
1433
794
817
1746
260
1629
616
405
978
1243
1655
392
385
468
1731
603
217
900
189
898
440
1065
798
1602
1256
1497
1173
188
1546
1748
414
423
830
396
756
1923
1074
973
1694
1296
1569
109
682
1785
711
480
455
1752
1492
583
744
1326
1553
1383
1924
803
1193
1897
1512
1223
714
427
861
1466
1105
201
597
1410
1380
990
614
1191
1505
1645
250
862
117
98
164
825
1452
903
1051
512
822
1867
517
540
1002
278
207
888
936
866
155
171
1012
1927
1542
364
715
269
138
1322
1762
931
1767
1465
1434
410
477
1565
365
557
1545
1539
41
359
1137
2001
1123
1568
645
814
118
113
1925
1878
389
1027
827
2003
1865
470
784
832
1857
1639
1297
372
995
939
1699
242
390
1177
625
1227
506
358
1533
813
2006
1883
368
1344
992
906
526
294
1931
226
175
73
1291
1617
88
1398
1560
205
213
1852
244
163
1850
1682
1194
156
1140
1476
2023
1197
1325
1691
734
479
1209
1131
1584
380
1267
1935
1250
1599
276
624
1201
957
220
1285
186
1464
740
1795
140
1056
413
2005
1248
1619
1871
793
1911
288
28
1011
1468
130
1765
1721
967
1947
1975
1613
463
400
1233
1364
1659
1672
1015
1342
1899
1571
1218
896
444
1945
539
1739
393
436
187
623
1918
1938
338
216
1559
588
1350
356
1786
1219
451
580
418
302
702
420
1753
1976
511
979
519
542
765
237
267
229
131
611
788
1631
1198
1376
776
437
47
1066
1780
812
930
1939
507
1650
1632
1480
932
1280
90
1607
920
206
153
124
892
1675
243
831
22
691
2030
502
690
241
1670
1436
1832
945
450
1230
29
562
1006
1771
1155
1418
1942
1132
460
1257
1171
1708
764
720
1217
13
1792
102
1306
7
728
178
786
1803
1483
366
1992
2029
1853
304
823
791
770
1747
1176
742
106
1324
329
1666
395
1562
777
191
466
1807
320
1714
316
515
61
1186
234
273
707
411
654
1556
1254
1102
1262
291
656
71
351
26
807
549
713
1228
1805
1616
1718
1518
344
1391
1166
1660
1450
629
1190
762
4
1469
1108
1563
1319
1564
732
179
1092
544
1535
1251
1033
745
333
1157
1585
21
1625
1416
43
1544
868
1
478
1738
1371
1683
1229
1316
1926
1674
1107
197
77
443
1246
1552
1036
1408
1943
1013
618
1400
1733
1887
1188
428
727
439
1669
1097
1145
1321
1159
747
1707
1700
1509
1226
718
1809
442
1529
696
209
1873
757
738
910
743
1834
271
1521
1797
1298
182
688
1720
591
1890
238
54
255
232
1874
800
236
1340
1075
641
308
25
891
882
16
1079
10
962
857
108
430
484
96
1347
1964
196
1094
1440
1153
491
1115
761
553
223
1168
525
977
1207
1881
441
514
1717
1549
1946
805
895
1755
1598
607
1042
923
1936
337
572
1117
1770
1204
112
1241
120
1977
1387
1776
212
763
1244
303
1282
1010
605
310
1689
1972
2002
1165
44
160
1705
1125
1960
1144
1269
901
1339
48
911
59
1441
1052
841
1817
687
1314
1882
634
1310
500
1971
127
1432
397
1266
330
1892
2011
1961
758
1979
204
1527
433
1270
626
944
483
522
1328
1124
319
1029
56
1788
1388
1167
1685
733
1147
1138
826
872
1760
1411
1142
1406
1557
1315
2012
2015
551
1428
1237
50
947
1180
2010
1019
408
1249
994
99
595
785
1095
27
2037
1933
429
639
677
1470
684
227
361
1651
1084
1415
665
1048
490
349
751
1919
695
417
79
1135
1151
481
1076
2025
1437
893
602
1735
1941
885
1110
816
1823
850
1323
1801
1697
1678
897
1120
1829
1136
1009
1982
1442
471
854
1205
875
1987
272
424
703
1965
1635
1401
818
1346
899
808
1247
620
1729
839
1993
1421
373
1769
2000
1684
1187
1686
1335
239
1998
82
132
726
649
1395
1758
1069
1928
350
657
523
472
1526
91
913
700
2045
948
97
524
167
1825
1129
2036
1238
753
1130
1920
1896
49
1004
1106
412
1751
1086
1582
1295
1426
346
208
748
781
292
925
996
705
1435
2019
1420
1591
1816
1506
1185
1329
285
855
1688
192
1796
1612
1846
1054
425
1740
845
965
820
1548
1022
148
972
1216
1481
1953
1596
1789
599
1921
1872
1477
136
563
1303
560
1519
766
322
668
1649
1353
5
258
993
1349
1355
1719
3
905
1156
1063
494
752
1866
8
415
281
1980
966
1983
419
1647
1357
1995
476
1365
724
2018
1330
367
181
438
159
1453
1833
534
1474
341
723
1333
293
1337
849
68
1375
1581
403
615
2
1060
248
675
1363
592
387
1543
940
1356
1523
467
1183
669
1308
954
1742
378
584
1057
135
36
1146
970
662
1504
1068
1472
864
300
1818
166
1959
287
265
847
1032
1164
878
1930
1055
1725
928
1668
174
452
