1730
1443
1982
1646
228
1347
934
374
1409
104
1114
1145
49
1386
1612
259
58
1089
1087
1124
397
516
1312
1420
549
1419
1605
1010
862
816
1350
938
943
1638
457
520
610
1943
1098
349
1408
1899
870
1376
1032
1220
568
1341
114
1407
1181
34
307
245
1521
1778
1992
1457
1590
407
368
1111
2013
1239
617
1122
1248
601
55
687
1746
1430
1320
1498
1259
689
515
1381
1716
1532
1894
1277
1647
1558
1022
1169
908
1660
2022
1602
915
1620
1202
412
882
147
1385
312
498
206
1888
577
710
767
56
533
85
251
1655
90
1272
1389
478
1290
33
1911
1938
450
435
221
1603
620
1330
1416
1731
327
712
649
127
811
1761
1661
1434
674
2003
756
1052
1854
526
182
1218
1541
1187
488
484
572
821
953
1421
1348
425
638
690
1523
1821
734
1368
859
1265
1870
1281
622
1335
806
2027
1336
1033
731
1070
1616
445
459
1738
1556
131
1236
1544
470
1377
1121
486
74
700
440
1476
1812
136
1223
453
311
1115
1473
1971
1260
1791
200
1592
248
509
1772
1141
1941
1547
1170
1253
789
1880
994
88
1560
1065
884
1740
270
504
1442
1162
133
746
768
1045
669
1517
1154
474
1422
1496
1984
527
1263
532
667
1754
125
1900
15
619
928
1364
877
254
224
1396
111
64
1288
2
1907
1198
1931
30
193
547
651
1174
1959
1582
1274
1978
1874
1137
1955
1852
329
950
465
606
342
1173
346
1221
489
918
965
1998
1875
939
1469
644
1949
258
1999
647
1485
1658
177
1339
1227
171
462
967
128
1230
1138
121
1965
765
1627
794
1484
1500
913
826
524
1287
615
1631
28
1076
202
1576
195
1199
1515
776
1630
1078
421
170
1397
1252
283
1757
654
209
1537
905
1480
1693
178
737
173
175
1143
1321
1623
1923
1047
1892
898
67
92
244
1606
1694
1247
1278
1579
607
269
237
807
1897
975
1887
1777
799
589
1895
860
851
1358
1367
2046
197
1601
503
881
1318
122
1905
1764
948
376
1706
590
320
837
261
1776
609
637
627
1179
623
1352
696
646
1884
443
843
1196
201
923
1767
383
680
723
1399
561
25
1208
208
1149
256
1920
890
401
921
1543
2033
636
1465
1511
1689
1827
241
824
1565
1942
234
1904
334
1165
472
392
1841
868
686
720
1340
31
1979
1144
1325
1475
1581
1268
409
1595
530
272
517
99
1006
298
1001
1017
1271
906
24
160
217
106
246
232
3
247
1011
642
798
1551
1040
275
1390
2001
883
1085
1449
730
1555
347
722
525
1908
169
1307
394
718
879
1051
543
738
157
1054
1788
942
1354
688
1769
1952
335
1183
1478
705
1806
422
1000
1503
759
1697
706
1075
134
1266
545
1013
463
666
152
1365
50
744
959
1937
1947
1649
2039
801
629
340
1159
903
151
1659
552
586
360
1867
1964
1023
65
164
381
84
366
1366
2032
0
922
964
1957
1967
191
1356
814
406
2014
796
1233
1763
944
109
1289
736
2024
1639
364
514
1533
809
1108
1781
1104
1425
1586
1728
1355
727
1175
471
239
569
95
1518
1093
1081
473
1662
988
1294
1327
1810
371
379
1583
764
301
1704
894
962
852
188
1083
793
1410
845
1123
293
1768
2007
670
650
302
1235
1402
1552
1881
1750
1203
1898
309
1315
1240
818
70
61
770
1413
857
996
958
2026
1954
279
1745
893
1210
1636
757
1329
1031
1189
1909
460
1890
1622
135
264
920
1414
1621
1610
1048
1584
505
1930
1088
732
1398
1146
1901
875
1444
772
1417
1719
1688
1599
76
1858
564
2047
592
1295
828
1608
1626
9
365
643
380
1643
1094
1684
1968
626
398
1736
1666
919
1945
1481
1015
410
1509
961
885
1466
956
1102
1262
1835
271
1681
389
1589
476
714
2011
803
257
426
581
1796
792
909
1834
902
1338
1958
1902
614
557
1192
1650
1698
1411
1101
1024
1665
763
585
1042
751
708
1470
1654
387
1529
1467
192
1577
252
1301
1293
1922
621
1371
945
904
846
1071
495
249
1494
936
1306
758
1133
704
538
1234
496
1766
1865
44
429
1025
1846
132
735
1441
1257
1359
1953
1961
1739
1126
874
172
434
431
823
1926
952
1534
447
2040
326
1164
316
1156
955
1351
1080
1226
999
729
1298
80
38
1619
386
1283
1246
1201
1914
14
1317
1044
1363
1488
1828
1073
1224
888
1435
1493
468
588
1097
1691
534
1082
184
849
299
802
408
18
695
907
645
725
1216
1499
778
1687
2023
1629
161
1733
1657
605
537
1091
1604
839
1285
48
991
390
1027
185
1438
1229
648
1802
243
910
1374
1353
1804
933
1571
1007
199
1077
1878
220
1536
1871
2006
831
1879
1883
1797
1424
362
1722
1238
658
1785
1215
1632
984
1008
741
47
1106
1741
156
117
1375
1486
641
1729
2035
1847
528
36
563
587
1286
652
1311
2010
1910
1053
1848
265
108
755
149
1844
1726
1125
817
914
1793
1186
1369
634
2018
813
661
155
120
418
1542
1996
1830
1447
438
1597
16
1527
1345
1831
1563
929
1670
1569
1939
482
779
1099
433
196
698
1079
556
1863
1206
701
983
119
2021
507
941
858
1166
842
461
1495
1885
1084
819
1090
2012
1176
660
1749
954
1049
749
337
2002
1464
174
1387
1771
1344
1580
1869
2036
1792
980
1985
399
582
1463
782
1817
838
165
1242
230
1916
1940
1568
1546
635
479
1615
87
1674
42
456
137
1574
1254
560
1995
1214
400
1981
523
10
1212
1530
404
176
1669
1256
1876
540
46
1360
79
304
1549
159
204
168
39
13
1039
521
733
559
1634
677
1379
949
1195
584
1748
1324
1067
946
663
1255
1005
993
865
467
413
11
4
415
571
697
1913
753
1932
1250
281
1153
314
1707
451
1092
268
1142
1155
1232
124
2029
930
940
869
1251
1989
1168
1672
1426
1725
411
1587
428
771
1566
276
317
1305
966
2037
876
1213
932
775
2025
1559
1944
1851
300
1816
1061
739
1319
995
1896
430
1222
780
255
1423
1489
339
833
225
1855
446
1512
1308
702
593
1973
1822
873
1038
292
1479
305
1685
480
93
899
1864
947
900
986
1361
1096
1678
926
1713
1112
1564
1468
393
306
2005
631
1613
1703
1034
1784
841
1194
158
2000
1120
989
743
424
1474
1056
1147
1291
844
1993
98
925
668
448
1794
724
1117
1313
1282
1950
288
1808
296
1119
889
179
544
1152
1450
194
968
707
1780
1686
1668
91
315
937
1628
1504
1692
1936
77
1380
1267
861
420
1342
1824
835
854
1009
1454
378
872
886
1392
1906
1849
1991
570
848
1803
978
32
880
354
436
769
1633
863
1727
1190
212
699
17
1714
1002
1813
565
129
68
1116
1060
1682
1819
600
328
580
1482
1891
1921
2031
1617
513
2041
1550
977
1303
676
519
1180
790
847
1462
1709
1642
1243
693
236
892
703
1711
1505
679
233
583
1100
1490
1839
141
1735
1712
1596
878
1951
331
373
1245
1334
53
567
7
1483
250
391
442
1310
745
681
500
1679
1700
576
1994
2009
123
1182
1095
211
419
1270
1433
344
616
748
632
1304
1653
683
1459
551
27
350
1927
1893
1177
357
715
766
231
1026
1057
1588
1795
455
709
1856
1284
310
927
1540
562
52
717
1171
2034
2042
452
1461
377
1063
1136
1539
1244
529
167
1401
1618
1789
1859
2019
1872
1614
1758
1225
1833
1471
1853
1275
1502
1538
186
598
396
1370
336
162
573
1346
1625
321
1018
917
1178
490
375
786
1702
1705
1829
578
2016
1673
227
1357
210
613
1966
1299
118
1988
63
352
37
850
432
1059
485
1818
1663
628
579
181
323
205
711
1732
126
518
187
1193
1800
1014
825
611
1756
1064
1127
815
785
805
1917
112
1986
1522
1400
1003
303
599
441
73
26
1249
1782
1573
1184
78
287
911
1211
483
901
333
969
1675
728
1990
1072
657
840
960
1373
458
998
1840
1458
1384
935
343
1451
322
353
146
492
1753
1161
916
542
1680
1866
1109
278
829
332
89
1787
1671
363
1651
1838
672
101
830
1158
1300
1343
71
1526
1962
784
992
1710
1
761
1086
1594
979
491
367
742
603
656
1132
713
1520
324
853
469
229
439
1798
1607
388
1723
931
1815
1440
417
40
895
253
60
1446
499
1963
554
1801
812
1150
273
1372
788
1297
659
1695
1857
1734
1928
985
1886
493
437
1403
625
550
1436
887
1997
760
83
1519
163
1755
1130
319
1585
1717
318
612
539
19
356
787
1708
1412
974
791
508
1933
871
22
531
86
1554
1508
604
1134
291
1645
575
1976
2044
1231
1204
487
1046
405
1960
222
8
1570
1640
1028
51
1977
640
107
1624
475
1775
1394
512
59
183
510
867
1948
1715
226
1316
1128
66
1113
207
1140
1172
427
1591
423
1667
574
295
1167
260
41
808
385
1718
1762
981
308
330
115
682
1545
1492
358
1635
1972
1578
240
402
1302
1862
2043
1929
662
2045
963
1641
726
1405
130
45
1825
1611
972
1535
1575
797
1043
1276
454
1437
1160
2008
54
1279
506
1428
591
1600
266
1103
1331
1205
359
189
1987
2030
912
752
105
1383
1799
1296
1135
1110
351
804
1656
1724
1553
678
2038
444
1513
1925
1068
1131
382
313
154
215
1912
1868
102
630
1721
267
655
971
1805
1701
1016
218
740
1491
1362
1873
1506
1445
43
1326
1019
1021
1598
1744
214
35
555
1404
1055
673
1472
1429
372
1197
1431
94
369
1765
957
1747
138
1391
684
548
795
1258
1069
1946
1333
148
1432
1743
1737
1637
348
594
719
1487
449
1148
62
1460
1609
403
653
750
1439
1105
1151
1378
113
180
198
1934
675
1774
1020
1696
1035
1593
501
1783
664
1773
692
827
1644
2015
290
145
800
774
1217
897
665
541
602
286
20
856
1837
1241
1850
951
1332
6
1528
361
1677
1004
1652
277
1843
497
834
1823
1935
143
896
822
1877
810
1200
263
190
1860
1237
973
1516
1980
1264
1191
2020
1453
685
1219
777
1309
1760
370
464
1418
100
416
1889
289
110
477
238
203
866
345
624
142
1759
1882
21
494
96
2017
1683
855
891
5
1676
280
976
1058
639
1328
213
1209
1185
546
1664
1861
1139
553
1525
694
1497
1029
2004
1779
1918
522
1455
671
1790
139
223
285
1807
242
1836
820
1983
1157
1261
97
81
1118
1030
1452
511
997
1531
1037
1510
1415
558
1292
1314
1690
1814
1163
982
1524
1648
721
116
1548
1572
633
595
1395
219
747
1809
832
716
355
1507
103
1323
535
1974
990
1337
608
274
1720
1393
924
618
1561
1448
1207
502
1514
1752
597
1820
1050
325
1845
1562
262
864
1501
166
29
2028
1388
341
1273
773
783
781
1107
23
69
297
1969
1751
282
82
235
1811
1832
1826
987
481
1062
1770
144
762
384
1349
1228
1956
414
1382
1066
836
1786
1970
1477
75
1742
691
466
140
536
150
72
566
1842
1427
1699
1036
1012
1188
1915
970
294
1074
284
57
1919
216
395
1406
1567
1041
1280
754
338
1924
1903
1269
1456
1557
596
12
1975
153
1322
1129
