719
1747
1936
593
1303
20
1186
1105
931
1352
1501
1696
371
1171
1777
1880
1969
212
1848
791
1457
1001
1481
1139
1244
1000
700
444
1470
195
1491
326
1783
42
891
573
499
727
509
287
396
418
913
1044
1157
778
741
1469
410
1884
1208
1317
1718
1509
890
796
481
1986
250
1212
141
822
957
1400
1804
107
908
1569
1327
803
1188
86
978
1021
818
430
1606
1310
91
682
744
1315
1253
540
1331
1364
1339
604
446
1013
31
1242
337
131
951
979
1906
76
1832
1093
117
1737
1140
1436
1437
648
362
1971
59
108
902
1834
500
1346
732
587
350
1301
557
1399
453
88
1533
205
1520
1708
1447
1250
369
361
1193
1605
1654
1100
749
799
223
1631
1320
448
886
1052
1647
1048
964
845
794
2045
1502
696
1012
400
1538
961
1077
176
1427
373
1875
953
1817
1124
163
1260
114
2017
1966
379
993
488
472
1116
1661
575
1949
1275
692
46
1178
1386
841
1984
2044
720
1337
1729
1378
1290
1231
553
598
1792
55
465
2031
556
169
989
1744
1797
357
1374
1550
1069
549
177
858
295
1484
1292
570
445
1697
312
147
917
256
1802
1343
537
1097
1623
1424
1488
633
714
414
1561
595
152
1709
255
542
789
1227
1871
523
1614
530
634
1439
1720
829
1051
138
383
1585
2012
723
2004
640
1728
1294
1711
1695
1566
1460
535
409
334
278
819
265
667
551
2006
543
73
1621
1752
1601
1478
698
578
864
1365
317
948
1068
612
1541
1135
669
1033
1545
607
1375
251
1795
1420
830
1958
1655
476
1664
1435
19
1112
1003
1199
159
1982
709
606
1586
1702
1256
1243
294
292
684
962
329
105
505
545
1794
1740
1943
1498
873
1935
450
435
533
1262
1934
140
1082
90
589
347
539
915
1398
2027
1388
1267
1758
1216
790
145
1500
366
1555
2036
52
310
1392
781
1180
197
1829
713
388
94
875
1715
332
398
224
690
1938
487
1271
2002
994
1874
2014
846
1637
1753
1411
663
899
1510
874
1536
1340
1325
860
588
71
1908
1881
943
263
353
200
1619
397
1266
1326
454
1417
1197
1249
1291
761
13
1423
1887
1948
246
343
72
109
1175
1192
925
1779
363
351
321
1014
1246
1055
115
139
726
225
1471
918
1036
1739
686
1111
1849
1956
1912
1913
1046
1815
952
1767
1954
861
325
1200
963
956
1296
1525
1110
293
149
1713
1598
1016
1493
1668
439
525
1826
708
1019
1742
1743
1282
1020
701
641
1170
1730
1893
1183
907
1073
1448
252
1005
763
339
1054
582
324
1523
122
395
1229
602
1553
1591
1801
1676
651
36
748
1072
209
1789
75
1507
1733
51
1985
639
863
1274
172
725
175
691
576
512
1071
1782
1377
1062
271
1554
1321
496
1360
158
840
1977
1029
610
740
1872
65
521
1241
1066
16
1154
1839
1920
827
53
1503
1404
1369
1579
800
1239
1198
375
1367
1237
1693
1764
1444
1305
1247
2026
1372
1286
849
290
243
1578
284
722
1995
1153
188
783
1620
227
468
1265
360
1531
358
1101
273
2015
1107
793
1403
1389
805
1195
24
514
144
574
619
1166
236
844
192
1735
67
1749
182
434
1540
1442
1210
1900
491
1724
1462
699
1224
1818
622
2034
323
896
367
909
436
1049
1590
1084
1774
285
1567
83
608
377
1970
196
1918
965
1968
1677
1751
815
378
758
78
22
1999
254
571
1185
1050
206
266
678
609
529
1184
1312
1108
1037
322
898
97
411
1458
705
80
232
164
1888
1030
1142
1459
2016
1894
1225
348
1335
1002
2041
1287
508
431
2039
244
1898
1
940
809
831
1575
1410
1574
3
416
423
973
836
2005
834
871
365
100
1385
301
661
1209
1515
64
655
806
1530
1842
1032
1862
854
258
39
1929
1734
974
1067
1518
755
739
795
219
1766
869
1394
1811
1117
1483
342
1588
1959
764
1119
933
298
1004
1810
1167
260
1132
404
376
1617
346
2033
1409
772
812
591
286
2021
752
1987
1025
584
1513
1705
922
384
1187
734
6
660
1421
1319
428
1151
1040
344
1230
506
1355
919
824
1034
590
862
1679
767
1162
1472
85
1496
580
128
1700
157
561
999
1615
779
937
1675
649
1222
1785
1666
1079
1429
1609
1680
1289
1907
562
1387
1537
1773
1844
1837
1827
113
48
1854
975
74
507
405
269
1251
214
297
1259
1571
787
17
1302
1772
203
889
1449
674
1473
628
242
810
184
645
1847
776
451
168
1354
1008
43
1351
1796
967
1534
828
1168
1870
438
942
296
1306
636
276
443
120
1219
586
470
478
1342
165
1572
426
1899
1683
679
784
9
1593
2009
881
1475
1476
306
1461
1903
186
133
126
1134
1203
477
1800
1205
1916
307
1765
1808
1750
239
185
1812
579
1329
283
1297
57
116
702
1806
982
735
154
867
894
222
986
1086
1390
929
1430
743
544
1863
2003
70
630
1882
1831
1201
757
756
1281
944
99
518
1512
1563
211
885
226
1358
1681
275
1791
1618
1080
291
1252
652
934
950
1416
632
1078
1027
1613
1145
1670
474
7
1255
624
1330
852
1508
1489
959
516
259
596
432
672
237
1143
1611
592
1997
711
1781
631
2011
2030
1946
181
319
1405
1924
646
777
1649
1521
1659
1123
572
166
627
638
1952
932
1865
747
1622
1206
1127
583
40
987
413
823
980
1787
328
1923
50
1901
716
268
618
1856
997
1526
522
482
1629
1626
1543
1568
417
1840
1556
515
773
386
1630
208
1099
1869
1646
1293
676
971
1824
248
1236
843
1042
1422
1868
850
1722
1336
1264
673
659
1232
1007
1058
511
972
234
1194
848
498
4
839
311
381
56
945
207
1996
1780
1891
958
1962
2042
1973
162
1895
650
647
1148
14
68
1283
1944
597
1770
954
1031
1694
1814
1401
704
677
2047
883
1495
1285
1535
916
1368
1322
1155
1288
1118
1284
1486
1115
1418
1028
1896
1272
1384
2024
1277
2038
1202
992
1045
1015
1428
1548
683
38
528
136
681
1341
1494
1204
1038
238
769
1106
935
1762
833
1465
615
1092
220
204
463
421
1213
1890
279
1689
1532
1245
2000
403
485
504
526
569
1878
1103
387
1011
1074
1125
132
1922
1610
1064
1506
309
710
1978
1425
1731
77
936
2046
1628
247
142
1850
104
1149
1953
1356
813
1539
742
1928
665
1725
170
66
1642
877
1522
745
461
1937
1905
440
155
1161
785
603
1919
305
240
599
1965
1083
1653
338
1573
939
93
402
531
37
1877
270
1748
1687
1453
536
721
1596
882
1347
217
1830
1344
1712
832
995
1686
1805
1057
459
1235
1179
199
1638
1671
1716
103
621
872
527
1254
425
1463
356
32
1527
1564
1479
1177
1446
905
559
1914
1784
466
1396
1644
372
23
354
538
1755
1699
1309
1373
668
1552
45
1156
753
1799
1559
626
1658
2032
180
1499
58
456
1582
903
520
547
617
838
1238
1081
1009
1889
1395
1597
479
69
1228
1017
892
2018
458
1006
314
1756
1407
1990
331
1833
1061
1280
1467
1406
857
1380
25
1412
1432
1431
532
1464
1220
534
1217
245
420
737
707
750
637
1776
1263
1981
335
1126
1669
1821
449
1233
1043
1685
1466
775
359
1338
966
1223
1691
1813
1947
441
143
1056
715
1109
106
281
1443
884
1636
1433
1665
1635
1757
623
0
797
629
233
1147
1133
2008
694
153
923
151
1876
1793
859
1710
1517
697
1172
946
1979
1768
303
1138
1663
635
1738
770
1754
1786
555
1859
1258
1096
1926
968
510
60
1964
977
1587
620
1332
912
984
1524
666
174
1998
1128
1855
816
497
1211
990
302
111
462
429
1678
12
374
84
424
949
1570
847
717
1652
2029
1497
706
327
724
1836
558
336
179
910
198
1690
49
1308
213
1298
1809
656
1961
1456
1726
738
712
1717
1861
1741
895
1790
95
1379
1516
1141
1942
1852
780
401
1196
1366
1345
1883
2010
914
1991
129
760
1160
1595
1318
1273
927
901
1035
1026
1353
1625
2007
190
1988
1018
1113
1076
1927
330
130
1059
1063
970
63
1452
1960
1624
447
229
930
644
811
41
160
856
1860
368
1313
308
82
484
282
341
1278
1511
1682
316
513
1627
664
137
601
1684
1634
1602
1010
519
380
1505
1544
62
1843
1136
1866
718
210
26
134
61
272
33
585
340
267
2023
102
1376
455
733
688
1925
897
657
1673
1240
680
1120
765
98
119
1529
821
493
1393
814
492
1706
264
110
826
502
1070
689
988
1152
1885
1822
851
495
480
924
594
333
866
228
1993
30
786
600
1095
1612
87
1951
1825
1639
489
1357
407
671
1917
751
1732
1311
442
1651
736
614
560
1858
1088
920
825
1279
1047
1957
1361
216
1482
1594
1477
393
27
675
452
888
2019
262
486
938
1270
11
173
1845
257
1268
1060
1182
1304
345
788
167
1727
288
554
969
1348
191
759
955
1114
654
643
1085
1823
2013
1955
837
123
1616
1414
2028
625
1643
235
1218
503
8
808
1576
1053
1039
1146
1102
611
10
419
124
804
1763
1660
389
1746
1089
475
1592
541
1851
868
552
842
118
1314
215
1519
1546
5
304
1759
422
390
1176
581
731
568
1363
1391
1349
1165
746
1261
1434
81
355
1359
1632
313
1474
1150
1604
1672
662
1221
1381
546
385
1992
653
1892
1316
1159
1334
146
469
1370
730
1704
127
187
189
1976
1931
483
349
92
802
941
976
161
1163
1144
1158
89
1454
687
1909
467
1897
1438
249
1857
771
1565
54
564
1989
1841
1963
352
112
853
1130
1864
135
289
1382
1703
1558
1902
221
1656
1248
878
1915
1455
494
1736
1226
983
1191
1397
202
1589
1745
1600
670
728
1769
1853
1980
1402
1650
415
1485
1761
1440
1333
900
1879
1181
1788
1098
1820
1075
47
1932
658
315
1441
820
1846
642
613
412
1164
926
985
1450
1490
320
1562
1214
524
835
2025
865
218
1468
782
911
241
1933
125
1771
1090
171
1300
1173
1723
921
1886
231
1816
473
729
2022
2001
1807
230
1215
1022
1667
1307
408
1584
807
2043
566
1608
1234
879
194
817
79
1599
1645
1662
1719
1542
1129
1104
1911
1819
457
300
766
904
801
1257
577
792
1904
693
2020
1269
1328
253
1583
991
1974
1657
1939
703
391
768
299
981
1803
893
1362
44
21
1514
870
1065
370
29
1323
1760
193
616
2037
101
906
1873
382
1607
2040
1547
1580
1714
277
1451
1094
1557
1528
1350
1189
1426
1940
1413
1778
880
567
2
1640
947
1941
1698
274
798
1577
1371
1492
1674
1299
464
762
550
1692
754
1190
392
1828
501
1967
960
928
427
1867
1480
18
1648
1930
1641
605
318
695
15
156
1415
563
774
178
1560
150
1910
35
364
565
1707
2035
394
1137
201
517
1551
121
887
28
471
1041
460
1504
1024
1419
1445
1276
1688
399
261
996
1603
1701
34
1324
433
406
685
1975
1091
1945
183
1121
1131
1721
1921
1549
96
1950
490
1972
1122
876
1295
1775
1207
1835
1487
1798
998
1408
1994
1023
280
855
1383
1838
148
1174
437
548
1983
1169
1633
1087
1581
