727
927
527
703
48
1758
1944
1082
165
612
1164
1361
1777
164
115
423
836
1840
1067
62
1627
1833
932
1564
244
833
1451
1462
121
578
898
285
112
1706
1582
1537
1648
1198
1408
933
529
1160
13
1424
531
1263
1374
819
609
1020
1817
124
1660
522
1441
1320
1209
915
956
1561
753
800
591
1340
61
1195
1798
131
293
498
1238
1970
1196
1519
1574
772
80
1023
546
545
1687
889
1152
745
1119
1822
1182
77
959
1718
502
1309
1742
953
193
1892
1626
1847
73
939
79
1149
704
137
1123
868
977
1365
181
1461
129
1083
269
28
1485
1803
263
390
758
1775
668
553
382
1678
1304
1284
1939
1184
1480
386
1571
1210
746
1719
622
792
321
52
118
1292
678
587
420
726
806
1879
1324
1355
1581
570
223
292
536
1220
1177
651
1661
916
1992
1783
1388
1416
1255
1659
450
928
1762
299
1928
1810
1684
2022
1885
1265
489
1211
1677
943
451
845
520
482
59
1964
658
674
1769
1227
701
1602
917
1141
1850
209
831
1620
1344
1092
783
595
1701
997
1557
1066
904
567
1202
797
711
309
1815
1773
827
418
1042
681
751
861
1857
1072
706
601
835
1010
1171
44
741
1032
1070
1577
64
1994
1889
1951
302
720
1662
1658
472
1183
298
1784
1967
316
315
336
350
1825
1813
2021
441
1617
610
1828
822
955
969
580
1532
1909
1607
1558
1158
1012
708
1966
1507
2012
259
1161
1791
815
1638
83
565
63
1920
1745
1809
1852
1960
1375
188
249
1610
22
1794
1689
1862
1799
1371
1575
680
45
620
491
1901
839
874
568
811
1611
1076
240
87
1699
1052
1613
1858
1009
1789
1040
852
1980
373
1038
1819
1692
1225
67
1482
1650
1958
1399
873
1065
340
634
2001
23
1746
99
1294
649
2031
406
2025
985
1681
999
212
228
968
1615
402
925
2010
1068
86
715
1529
1655
1821
594
226
1121
1199
1116
2013
1326
111
222
8
1293
1143
530
217
882
151
1159
1523
1407
1347
1174
211
582
1688
1883
1566
1516
132
189
1567
1590
818
1248
972
1073
834
1763
1435
844
1542
51
1609
1621
1741
1503
395
1765
1011
1456
1569
446
1113
194
2039
1251
357
1476
1545
1929
1772
1576
393
469
1458
1400
114
1418
168
274
639
1272
875
311
1422
1185
1993
775
1907
54
970
1302
1500
1285
352
1866
96
297
50
1335
1690
1151
653
1632
1700
1086
1213
1034
327
1436
798
755
2037
1366
1520
1990
1526
1683
500
1831
179
1017
379
1094
736
473
1705
126
457
1984
931
345
371
1377
92
1069
1062
218
1194
1869
1236
25
1766
1496
707
1495
1306
32
1313
264
1938
153
2046
1446
385
1360
1228
655
1472
1854
663
401
1838
161
1823
166
1139
1232
572
1830
1886
579
1271
650
2044
1936
425
1168
1748
133
201
887
157
1573
691
1108
1061
186
1835
370
1008
1387
1381
307
695
1453
31
1016
1792
1396
1261
1025
1043
1258
108
2011
1876
877
1102
434
761
177
934
324
136
604
1796
1816
1488
468
710
742
642
1035
912
291
214
1345
534
1732
424
1489
1342
1130
1536
148
444
1103
408
304
1555
195
1642
1750
1670
638
906
1867
74
138
89
310
322
1439
1995
1770
790
427
1445
1303
94
72
1465
2027
280
1275
2006
1219
1722
1663
1572
807
1197
890
1608
1954
673
438
957
57
1753
1597
1871
1257
1467
233
1988
1657
355
1131
963
326
552
1640
3
559
1616
1075
1189
68
1580
1178
1231
643
1218
1229
1247
135
1691
1931
888
173
1873
1077
1521
2042
597
475
476
1204
1479
1058
1376
860
100
533
1277
19
1723
1666
1606
1064
508
123
460
103
2028
1450
1685
1502
1593
1440
535
1669
1041
2020
56
507
973
838
65
1877
349
1721
458
796
1952
180
965
677
1442
231
588
110
1635
528
1647
1751
837
1207
614
486
1319
1126
995
1291
647
1930
270
1968
1923
1452
1297
1996
826
1359
246
782
1315
1541
1039
1470
466
608
865
532
1836
113
1471
762
490
1022
1864
1289
1280
1343
555
415
122
1592
1912
1264
1908
412
1633
1935
461
1739
1037
1007
1413
908
954
1649
503
253
1508
1875
944
1664
554
525
127
381
203
699
1522
305
1604
1281
760
517
1774
1318
1755
1311
2017
1942
317
930
974
1595
1512
1790
1565
1240
1680
471
1167
404
2005
488
248
537
1148
949
1860
952
1498
1933
1497
1330
1848
1673
675
518
1368
514
786
2045
237
982
1079
1636
400
30
207
1085
82
1539
986
152
143
1720
548
1667
1845
389
1969
1913
380
273
732
613
216
648
71
1948
1283
817
958
1246
464
1241
1696
1356
541
805
1096
1712
1797
449
561
521
909
198
550
2026
308
5
996
1367
35
329
196
1124
53
1716
1351
1643
1260
1384
723
666
1334
778
1170
795
981
1906
230
342
1771
1200
1390
1672
282
1812
1653
414
128
1756
757
991
1890
271
394
46
967
765
1135
60
1105
1514
1394
1358
1176
362
1217
1921
569
1106
961
1515
2000
156
422
1332
799
902
896
1517
333
693
869
1239
1055
1002
600
43
787
169
294
814
1900
1110
314
712
1046
770
281
1024
1806
1421
856
1675
134
1179
454
2040
359
1090
767
1525
1325
236
964
599
1665
512
1698
496
1140
1475
1438
657
1153
785
641
1402
1624
759
1115
606
125
183
1172
1447
692
234
1249
1506
1404
1634
1
1191
1778
886
141
509
667
354
883
319
1846
793
1136
560
763
1731
1724
1596
714
1142
2047
9
235
1001
18
182
213
1084
1870
104
95
1679
687
1603
38
283
1549
1215
1491
1242
1527
312
942
1370
1768
1559
892
884
220
398
725
119
1253
12
1953
145
771
632
453
842
176
1793
900
365
519
592
789
1543
1501
1490
551
744
1776
2
899
76
870
646
825
1093
1203
358
1483
1156
1216
630
850
1639
1709
749
1618
1946
788
1943
376
37
821
1504
791
1737
106
1071
539
1230
794
1530
684
1878
40
1827
1419
197
497
374
1904
1556
511
1619
1133
262
1563
581
109
1715
919
2023
465
644
885
1137
303
416
1704
1910
1295
940
384
1612
1882
1331
24
780
1433
1979
300
1101
2003
855
1430
994
1336
694
1111
988
829
417
120
318
1125
1757
440
1286
1385
1589
1861
1905
2032
1955
85
1740
1457
1144
820
1897
1780
369
871
623
1786
660
764
255
1244
429
808
1245
1138
1057
1047
258
662
733
721
1181
1406
665
1298
576
1898
1095
626
331
1997
2043
192
1528
1729
848
1150
392
863
88
734
542
388
448
190
914
140
470
1985
1288
1299
171
1652
671
1895
1234
1744
1535
1444
976
1114
1379
1044
664
966
804
1963
15
367
1427
538
698
277
295
810
1547
2024
779
1487
1841
950
1888
1702
501
239
275
773
1243
2041
948
11
1369
1637
1463
1348
1834
155
1099
1454
481
617
1654
1212
731
296
1030
505
585
1628
1998
1089
702
1853
487
1321
346
1019
1894
1414
1393
1594
279
1824
1855
1028
1865
1553
1455
1233
544
34
1423
1380
1645
433
979
403
589
1372
17
516
709
728
33
97
378
14
1896
1401
577
1733
872
1087
1477
101
1469
206
611
377
1533
257
360
462
1188
603
90
936
1329
602
208
1081
47
862
816
1005
1305
901
1256
6
435
1300
229
1623
479
428
202
463
1767
147
1222
1747
688
1346
1695
1088
1237
1548
724
351
941
895
1826
910
191
526
1484
1449
1697
284
1971
586
1350
330
1078
1100
1031
1686
413
1273
1932
1600
288
1957
139
1975
1053
679
1947
1511
1357
1872
144
1014
93
1811
1128
347
1223
1398
1317
640
301
242
1378
1147
1190
661
483
1060
624
276
571
2015
426
1505
343
1625
739
474
1641
368
1493
1752
1410
1307
268
584
215
1622
0
1588
42
26
1544
1584
813
397
1832
876
1764
290
1180
975
1550
635
2018
878
1259
1221
364
740
1389
1903
409
1426
130
1290
1278
1630
91
1033
306
238
1474
1341
1987
484
1175
859
2002
485
1049
2034
513
705
1173
593
184
443
1863
142
10
929
2033
1710
98
1206
737
1328
219
55
185
923
947
960
1918
1727
1531
4
989
278
607
628
205
2014
1327
918
1109
1448
1978
990
894
2029
1186
1682
1868
410
1694
162
39
992
337
1926
204
1056
1959
1107
853
629
1134
1163
867
935
1713
1429
210
1282
391
254
494
1583
1382
847
748
452
1941
1788
1956
616
320
907
499
729
289
864
81
1800
1927
1749
1468
445
405
1714
232
1973
1395
879
154
2008
1132
851
49
656
1492
573
1122
1646
1781
743
1983
1671
823
1880
1165
1703
676
971
172
1201
456
1054
1208
1974
58
1080
596
769
993
1760
717
1693
846
1478
1337
1006
1412
903
1887
158
672
1364
1021
730
480
1224
1510
1029
1036
627
1893
1466
1205
636
801
1891
543
1802
1117
696
590
1391
563
697
654
937
575
840
1605
750
1145
1586
1902
1785
1274
574
36
945
718
637
1801
716
1509
1972
328
338
1614
1814
1226
27
1743
631
562
659
107
241
978
1004
1598
849
163
1554
809
881
1308
1411
1587
897
353
421
1524
1656
832
1169
549
1362
1015
1728
247
41
1568
921
924
645
430
75
261
1922
1578
756
455
1982
1925
2038
146
1707
540
1296
1287
1976
1431
983
313
1276
962
356
325
1397
747
1316
1874
1415
187
1026
323
2036
566
1420
1266
685
1999
387
1940
1250
1837
1552
812
1354
335
1018
690
1000
174
686
1268
824
1708
399
564
272
431
738
224
1540
722
1051
29
713
116
1937
1162
396
478
372
1754
1003
1761
926
1486
652
383
774
266
167
1464
1919
1270
1534
510
669
1192
1013
1601
493
1551
1127
200
998
1839
1252
1934
250
524
1818
920
265
2035
1112
243
1805
16
1674
1585
1651
768
1027
633
911
286
802
1808
618
1097
1091
1759
1405
1339
557
267
1417
361
66
880
467
777
477
1950
225
7
344
558
160
1579
598
1048
1676
515
170
1795
1513
2030
1146
1962
719
332
1725
1986
547
700
1735
1977
1481
854
102
625
621
752
766
1736
670
776
843
1392
1262
1884
105
1314
1301
21
1460
1804
1333
987
411
605
437
841
1063
245
459
905
951
1254
20
1591
1820
1428
619
1899
735
913
1965
1546
1118
175
1494
1323
287
2009
1312
366
1961
980
922
1991
1437
1881
1349
1235
149
1726
1844
1562
784
946
866
159
1338
1851
556
1214
1849
363
1322
1098
1120
1644
78
1104
1499
1915
1945
2007
1434
504
439
1154
1668
857
221
682
1129
1074
1917
1352
891
1779
2004
1981
754
1279
251
893
523
407
1949
1443
1155
1459
432
1166
1157
1734
583
1432
1989
828
2016
419
938
1310
830
1924
442
1059
495
683
70
1193
1859
1738
117
178
781
1807
1353
260
1473
1782
1599
1717
256
348
506
1911
334
436
199
1856
339
1187
341
1916
252
227
1383
803
69
1050
1914
689
984
1629
1409
1386
1711
2019
150
492
1829
375
1843
1631
1045
1730
447
1842
1267
84
1363
1538
615
1425
1403
1373
1560
1787
1269
858
1570
1518
