1824
1380
1731
566
958
941
54
1851
1634
1690
854
1249
978
1342
1552
1482
101
216
508
1775
1042
361
658
1072
1757
427
1533
919
574
1245
6
766
579
1081
141
507
306
476
158
983
1718
324
1007
1678
690
751
27
1470
1628
284
832
740
1289
238
927
98
1120
1367
415
80
869
1050
314
1587
818
448
1980
1641
794
32
57
1124
50
758
1967
782
1148
116
230
1460
1885
721
1572
974
867
1596
610
1093
870
259
1112
1728
1299
1269
1615
1858
540
1347
1203
1889
514
1845
1510
1316
732
223
629
1716
1686
261
667
1669
797
1844
1012
1530
1306
1809
149
28
839
439
330
181
1403
486
1931
1132
1116
1186
856
1481
106
783
1194
1831
1636
305
1846
1267
319
1896
1096
1765
636
760
833
1900
1111
634
1137
1875
1206
1681
504
971
1555
1162
1373
1527
2042
357
1838
1471
1713
1547
109
1610
603
1886
929
743
430
861
1087
1755
31
661
1553
1643
10
1665
1394
1989
451
1177
1695
203
773
89
1511
347
1691
1261
224
898
884
546
537
775
1577
628
173
1932
304
849
1618
1540
1400
108
53
1760
1863
922
1864
675
1933
1384
1554
692
194
379
1860
1363
1603
926
522
987
1625
1541
1224
1409
1992
1013
1244
1813
940
1584
291
778
1361
1457
1934
86
187
506
1218
1812
1054
1146
139
356
462
712
460
1320
135
409
137
1655
1228
449
513
1822
620
1260
2024
952
400
1428
824
309
806
1830
375
1497
1627
1291
60
1074
1465
264
1984
1071
119
1727
1869
1802
1579
1443
787
880
1964
1953
1772
248
687
125
509
752
1314
1040
1430
547
1339
1930
1041
939
848
1235
1004
1190
994
685
82
217
470
780
1264
1411
1210
1357
1061
1176
2020
1848
1354
362
331
1
1175
1274
312
1399
251
1841
1270
1792
272
1814
1479
359
1216
1498
258
1495
287
1842
1107
1422
1607
2036
1243
1817
1171
765
1179
1386
1163
666
1650
1624
275
688
1173
404
1251
1948
1052
545
1680
816
640
1920
767
1946
1272
1256
274
450
1606
1145
670
638
1420
1084
795
1599
1017
1873
1918
387
1266
717
395
1160
887
1341
1780
416
1257
11
327
87
1711
747
1748
360
214
94
646
1647
478
1322
1332
386
62
1593
343
1065
877
1294
705
1749
695
220
1368
168
541
714
1694
827
1750
1874
1616
1138
1022
83
1113
1622
895
254
219
1682
1039
650
423
1531
1759
1248
262
1448
185
989
577
1632
1567
502
1942
812
1556
366
1485
1928
1840
930
1474
1806
1904
1172
1745
341
90
2003
1092
1582
1452
281
1375
704
1014
701
372
1302
1008
1360
677
1247
1077
1620
492
265
59
1184
596
729
1253
1201
1884
700
482
582
210
1383
819
1507
1786
1645
1997
1476
1164
652
1066
1364
1421
1292
1330
1068
928
1208
401
739
1128
591
260
441
2011
1483
363
967
542
1708
709
1223
1486
166
186
1726
1154
1958
1117
655
963
907
1987
910
1976
384
444
1600
1509
1442
115
1446
371
1047
935
358
56
111
742
250
40
1993
1944
1143
1265
944
527
1743
728
293
1855
1458
1952
1417
436
1549
1651
102
292
1965
95
515
1909
1804
938
874
1262
1974
2014
1473
226
1700
1867
1365
154
517
497
1850
1103
1640
385
301
1099
167
1957
953
1805
188
1698
336
1736
1423
484
345
828
1914
1995
968
1321
45
165
781
1925
1766
609
2023
1370
481
412
1981
986
1707
1751
991
1592
247
2032
957
1796
468
121
1990
131
211
1195
2012
1353
1051
1880
176
70
759
679
2045
495
1913
267
1702
2043
748
949
533
443
1088
1231
1534
1985
1355
425
1335
878
825
1906
489
630
296
1359
1684
722
408
1642
598
1878
1597
503
1338
459
311
890
1149
924
180
1692
2009
900
1405
1374
1212
3
1484
1832
984
1064
657
1496
1998
864
128
562
1139
1062
1425
1258
1067
1676
66
1825
114
535
970
1161
788
1298
227
100
290
307
1723
1866
1829
1209
1034
81
1907
483
1911
563
1671
1352
1424
863
2005
954
1048
573
2041
1903
1395
664
320
1389
868
615
76
333
199
79
837
1032
465
1570
155
1418
346
146
1340
1472
1043
1297
1543
1947
1028
1808
804
397
532
901
2030
1135
920
792
1469
980
285
539
1070
1823
1277
1019
1333
888
1392
422
575
840
711
1558
1517
1079
1433
821
738
41
1464
1259
42
565
7
1100
2019
626
136
405
1730
164
956
1150
1839
1732
607
834
1715
1973
442
886
999
1521
1744
1350
1127
161
354
645
1372
1183
340
325
30
516
316
1419
22
1129
1005
1999
1654
1710
463
1414
698
830
933
1574
1890
1283
1273
1819
1136
1724
1025
1664
2018
1687
1546
315
179
1821
1954
1544
461
103
689
1561
1696
1207
1970
932
936
263
510
498
846
1810
785
653
881
1242
323
152
876
2047
1576
1512
15
1963
1024
418
273
1956
872
809
496
696
1631
1255
1165
1523
298
1697
1487
942
182
278
469
1611
365
342
493
368
1063
1239
676
1345
1626
429
1857
240
683
755
156
2007
879
1060
1693
192
1390
2026
1826
419
1082
1187
1219
525
1211
1502
1018
1915
1936
1118
1491
1670
1585
1639
1591
982
355
955
13
1463
648
1202
123
222
1344
1398
61
524
581
845
288
269
917
1753
588
432
1016
622
1156
1337
1518
239
1677
271
472
1415
255
205
1158
1366
55
1721
810
1733
297
1699
0
1492
921
601
1959
1325
350
817
1862
1542
130
189
480
1001
1683
1182
1362
1737
1331
1246
1771
561
602
1777
407
1282
159
1036
961
1742
1894
1972
2010
552
295
2002
2015
1126
915
913
1945
1790
289
1234
1891
1833
232
1820
122
835
279
1767
641
1037
1326
317
557
33
571
351
1960
847
63
1735
583
1197
2017
1966
1494
918
414
257
1794
1318
1009
585
132
1709
144
937
420
1768
23
1656
1905
1524
477
1520
177
716
197
322
951
543
1791
862
962
964
1382
654
578
855
1098
499
113
761
1926
434
1284
1323
1278
1254
1929
905
551
218
860
18
1287
474
1056
844
20
453
1515
84
885
568
1225
544
613
715
1309
1466
2000
753
326
246
1849
1746
352
245
1167
1141
669
1317
1125
376
402
909
656
43
393
1612
1151
1006
988
2013
1305
1407
1304
1499
8
147
745
1535
1285
1412
209
1408
1797
1358
948
235
1343
1455
632
1991
282
1621
1123
1115
1871
1853
1134
1701
672
1192
1122
2006
1865
1902
1459
2028
174
1402
1477
1729
1877
49
735
1979
300
619
931
1140
396
969
1217
1559
71
1168
200
1429
1983
1801
548
92
1975
1629
1608
1922
2039
364
1456
1095
1658
1917
276
1583
730
624
749
1324
329
831
1940
244
1296
896
228
1667
1879
21
1601
145
1205
236
221
435
97
1144
1581
815
1058
403
2004
1230
1131
1943
138
822
805
1410
826
318
744
44
1988
1391
985
1153
1854
1827
1568
1237
373
378
1882
686
1300
1565
945
553
1351
820
801
1232
586
1798
234
1837
1385
1571
1286
1562
1688
1489
1789
1436
1468
1557
1950
2046
857
1996
1308
678
1662
421
1133
302
1303
1044
1739
458
635
1388
213
85
793
1799
1564
623
1580
1705
133
1800
1108
438
808
195
1053
428
294
417
1356
776
719
1130
1550
198
829
208
757
1311
424
367
1968
485
916
564
1754
599
241
850
680
697
266
1083
1046
1951
1644
668
530
608
750
1451
1319
171
1371
1035
126
1435
1387
332
1563
1774
1215
1898
1427
1200
660
1525
754
1706
1377
966
505
1328
1924
1049
723
1109
972
1660
456
1908
995
1404
1193
1784
1381
1478
1281
912
521
339
338
1226
2037
1529
673
1528
1910
1114
344
1969
437
947
1881
889
511
1783
1307
1329
1762
96
1923
597
1868
1782
1764
256
1763
1015
151
1250
1437
389
1055
550
381
852
1888
746
1899
814
1288
249
1147
383
1026
595
903
694
399
229
965
589
1519
720
112
1649
997
406
1280
16
35
1816
1102
328
534
110
979
183
1033
1633
1815
237
1856
142
1916
1315
1637
212
1773
65
1787
1094
555
1045
1030
1630
981
1401
764
604
724
1668
1897
191
1508
1758
1348
91
1327
1617
68
411
454
616
611
1106
1538
1532
1105
52
592
1852
865
353
1346
1861
1334
1961
914
1661
1490
1413
455
17
1204
772
843
873
1085
335
1031
580
39
1770
734
2044
786
1818
992
946
1214
923
1778
1441
207
1198
1589
2034
201
370
215
143
1089
1685
1121
67
1657
270
713
1941
1501
663
1870
572
1213
1229
842
75
72
908
491
1091
558
1752
1788
858
1462
1142
899
29
1614
1180
651
600
1938
756
58
1522
1504
1011
1725
1480
559
2025
1646
1263
1590
1189
310
911
512
1185
1537
590
851
699
2029
169
1268
906
445
1506
1238
925
560
639
731
99
538
871
637
2022
1010
1769
1488
1191
47
206
1271
391
38
1613
446
893
1847
286
1020
447
14
1994
1220
528
153
51
1598
1336
662
605
823
1539
1097
1714
1516
519
394
727
741
124
172
283
2008
1475
1110
69
531
1803
1734
308
1573
88
36
127
684
1236
1069
1027
1227
1493
1119
1674
471
891
1978
1704
1912
1313
1560
2031
37
1449
1876
1416
1843
1396
1170
659
1545
897
268
129
934
702
1188
118
993
433
242
1895
763
1955
556
853
34
1078
1397
1500
631
841
1720
1712
1962
1740
349
1159
1811
1080
614
1513
473
1101
150
479
12
382
374
943
78
1445
1505
1301
859
1919
1949
1604
1623
105
225
2016
1937
1793
1174
2021
796
665
1569
975
1453
1588
875
1222
621
2033
1675
46
706
233
682
693
976
593
768
48
1438
413
618
1638
348
1795
1157
838
175
570
882
1722
671
178
674
1002
647
1241
467
1935
904
1971
779
398
894
644
536
836
1426
681
777
1834
321
1439
520
1689
1586
627
487
1892
1432
883
1835
1376
140
475
440
157
410
1059
811
104
1221
1290
606
1406
120
170
1672
1652
800
784
162
1155
163
1982
1673
770
19
642
73
569
500
1349
1548
1756
518
1939
1595
4
807
1393
576
1086
2
457
452
1738
587
1703
959
771
789
277
549
24
1029
774
1663
798
1977
2038
1883
594
1312
612
866
1454
790
1536
803
1659
1169
691
64
1023
769
1679
1181
1240
977
1836
1275
1279
2001
1434
9
1594
950
1893
1196
1503
1605
243
1578
466
369
1378
299
380
1021
892
1000
1440
93
1295
725
1166
799
202
74
1921
1741
990
973
1859
1467
1444
1461
1901
490
802
762
1619
204
1653
392
196
334
252
1785
726
529
1073
1379
526
710
1057
190
1776
134
1602
25
1369
488
1781
426
737
253
431
707
303
960
1717
1807
107
5
617
1038
1310
117
1828
902
625
584
1666
1514
1003
1779
1887
1526
1178
649
390
1075
998
1293
554
160
1575
148
736
1450
813
791
193
501
1719
643
1566
1747
337
1872
77
1252
1648
2035
1276
567
388
313
1199
1635
2040
1927
718
1761
708
1233
464
377
26
523
184
1986
1431
494
2027
703
1551
1076
733
231
633
280
1447
1609
996
1104
1090
1152
