280
1213
700
496
416
613
1420
1046
1417
1885
1056
809
981
1534
1299
216
963
203
130
997
1271
1808
554
1238
404
1409
712
1475
764
410
181
1886
1097
1321
699
583
1438
1727
1723
1938
195
587
19
661
332
1626
780
802
1913
1797
2027
1895
159
558
1691
1988
1146
1591
171
1374
956
1745
986
531
1813
856
631
281
326
1751
1515
144
204
1660
258
176
541
1639
1440
1748
948
485
1156
1595
1584
411
1742
1716
859
502
50
739
606
551
988
2030
701
881
1283
439
489
1615
3
540
424
1430
342
491
484
1201
1114
199
44
1878
1763
995
1081
1900
351
35
581
854
1084
960
223
746
1062
2007
487
346
782
1682
679
47
1275
428
286
1335
1261
1149
1195
560
1513
235
79
1456
1014
1496
1264
196
392
743
1083
1429
1332
24
870
1463
1480
1342
1350
1110
33
582
771
1967
394
1608
115
636
1160
604
432
1991
369
65
1831
517
77
1143
1852
1926
1777
1057
672
208
95
573
423
1401
684
1603
1739
415
102
1323
1829
252
781
1434
927
1152
800
222
1092
1968
168
566
1658
1974
1070
1629
1479
842
88
2013
2023
1715
1291
67
1132
405
1215
345
1131
1455
1105
1573
497
691
543
508
534
624
1956
1699
893
516
934
1894
220
1892
610
1377
445
2020
1697
1220
1734
452
1250
131
1464
532
118
1466
572
2001
576
194
641
205
1197
40
1491
63
500
656
622
1749
92
945
1
417
991
1396
154
944
206
2011
1958
1599
1654
1082
1565
1193
1183
652
644
1486
1490
941
151
1502
1705
396
1623
317
1754
1080
2039
1979
1033
1485
1204
1733
1102
1371
1300
1458
1060
1779
492
1794
865
1990
94
873
1799
469
590
1986
1501
1561
1327
1243
1529
1756
177
1686
1928
426
32
588
832
1436
1726
671
550
1909
658
493
2022
200
1100
1778
190
1128
1518
441
1411
542
418
1881
124
906
1735
185
1877
891
738
1960
823
1363
1313
665
980
1309
1230
408
438
384
1848
1872
1272
596
1557
1575
1356
1671
1450
1154
1199
81
716
229
835
1015
544
436
1008
527
53
1227
1743
1775
704
807
685
451
7
1044
1004
585
182
1187
1210
1804
793
1616
627
468
333
2009
522
1427
1022
689
48
1972
869
1055
1024
999
1091
59
1509
504
1802
455
1094
1607
1231
1355
766
1373
1624
1833
895
361
495
479
1214
1811
569
433
231
580
640
1216
1730
248
160
846
1315
633
1977
1922
1065
1710
1889
703
798
305
15
1902
434
1347
73
236
1541
786
565
1930
1581
1980
399
1823
614
1920
1582
373
562
1016
561
1862
967
287
693
795
1207
289
36
99
1030
312
86
733
547
1353
2004
555
1433
2000
506
509
2003
628
979
1724
817
132
792
1929
705
1732
1124
2016
1785
38
697
990
1147
1472
1017
1050
60
1771
833
1295
568
1170
1662
834
1985
419
1376
1696
1467
106
303
1090
1307
998
1296
619
241
1647
847
1849
470
890
1314
1115
184
970
1189
284
913
230
1948
643
202
1287
155
1088
271
1553
1940
1349
2038
1944
1738
1788
268
1306
1996
354
741
744
238
1425
961
1540
207
1186
822
1655
1661
1688
525
172
437
187
1776
1665
490
825
299
1390
1067
757
915
1578
1292
1308
855
947
391
1117
1064
940
838
1173
690
1251
1843
983
758
548
730
1969
1257
1932
72
1359
359
1865
632
278
334
1508
358
356
1519
1701
618
466
1262
1641
616
1628
936
732
1774
1692
1476
1459
1428
1753
283
1609
311
901
209
952
117
799
552
1656
1499
1506
553
316
1544
1750
8
23
365
1162
2025
808
887
188
1927
916
1566
1503
621
680
1830
1798
1426
393
713
385
843
765
1637
1746
29
1719
626
458
586
1139
851
1221
2021
1320
1605
1135
1890
1157
1806
1866
740
950
1673
900
830
1983
1107
1142
1095
515
949
275
1242
584
896
1276
349
1278
501
390
1670
2040
114
1636
1134
1690
914
776
539
1787
751
1549
218
113
1905
1767
677
1728
1962
820
1379
407
54
1681
360
1942
1495
323
1737
804
1336
1640
389
779
727
1345
1511
1818
1448
696
607
139
440
1085
443
1841
402
1856
1076
1911
1208
167
1585
905
260
938
1120
1344
1528
1229
1563
80
1000
180
1387
21
1765
1012
1002
773
533
89
1558
1468
1445
255
262
193
1919
421
816
763
595
1182
1547
1277
1820
910
885
526
1679
1406
1469
1032
1061
1180
1474
946
1263
1638
750
1882
1340
673
1137
762
1266
957
1163
1617
5
234
1212
1457
467
1868
308
1998
687
1130
12
164
1580
556
1711
314
1621
966
849
666
367
364
511
1301
1252
103
749
1234
752
1761
1677
754
1364
1642
39
1934
1058
321
85
1633
1876
1507
1268
1324
1103
1089
1074
270
1270
921
263
1712
1226
1121
1770
1987
1223
1360
1807
1053
119
519
1462
1217
1385
598
2041
62
55
1899
362
772
1861
2
880
1568
1498
1006
1543
1663
265
1123
1773
760
874
1853
853
1593
1179
1650
2044
1792
845
974
839
575
1793
1343
1834
297
339
2045
84
499
121
126
125
1871
813
1048
850
1011
1822
1317
1945
1669
14
1059
1145
756
537
343
1819
383
638
1188
1530
429
460
2046
648
1265
1333
1613
958
1844
649
848
1171
1037
1666
1546
642
1368
309
163
1796
277
425
769
653
226
1021
1358
298
1205
917
634
668
664
290
486
375
1888
1203
1525
1255
1903
1235
790
1875
1116
1627
1827
955
1951
1026
170
1564
1099
969
1177
123
1104
1939
1079
2032
535
448
1086
698
1664
889
902
599
197
175
1883
120
878
379
578
1484
198
964
285
1492
1606
61
213
1917
51
450
1631
1218
1769
1964
1851
657
1319
783
925
605
377
1441
651
912
577
4
818
152
157
456
884
498
1369
1151
1054
1240
1907
1196
1125
1814
1018
461
676
174
1510
589
1392
74
166
2024
794
1174
1768
559
682
1517
1106
1293
319
1007
1413
1405
96
1351
97
928
1786
753
1222
1538
1244
1855
601
1864
1995
953
1870
395
1857
1348
127
1997
593
1286
1233
1465
1098
1704
1005
1643
600
1859
269
1828
1782
1717
882
784
1482
646
1075
1702
1713
775
1470
478
1422
1523
1447
111
1772
1488
430
1689
897
728
219
1721
2047
1078
45
1435
1339
861
57
1200
778
264
789
841
201
761
617
1835
777
1908
431
731
1473
1925
574
1678
1816
100
363
1010
1780
1232
1399
1963
1583
1708
1304
1548
630
2042
9
1953
1837
228
1570
797
327
1790
796
726
528
549
1993
1916
1910
1329
678
412
110
146
366
1112
1720
662
1087
1873
158
1521
714
1247
1747
122
1590
28
25
1559
1952
1322
330
770
320
350
567
545
1887
310
20
1539
821
1497
1326
1850
815
266
1596
1576
1947
1992
1378
523
1118
239
446
344
1153
150
1487
1675
1740
1551
1649
942
1784
464
812
129
709
1646
1914
1066
1619
1446
1260
1478
1880
2015
1714
1645
715
681
1003
720
1924
1921
227
246
378
66
1602
935
1141
1444
1971
2017
663
1532
1695
1842
1253
898
629
17
976
1397
1290
655
1744
670
862
695
409
225
2005
1832
107
899
803
1020
1504
1334
296
413
923
735
571
1129
518
179
387
1537
892
1228
52
191
724
1386
1161
1838
1657
90
975
463
1567
1999
214
717
1936
1034
1554
1453
592
56
791
249
1634
1191
1330
737
267
142
1898
1049
372
1937
858
1041
1610
810
1481
1698
1184
1552
322
328
1063
994
635
937
128
69
922
973
1954
767
2036
1148
707
6
1289
352
1471
1536
1072
805
932
1258
70
1635
318
688
742
968
1279
237
1869
623
192
138
300
1795
353
1555
325
1676
279
520
232
83
951
306
1758
1045
1318
435
837
1933
2037
422
1867
386
1367
1736
1372
1789
301
1325
1169
1935
46
972
1190
1477
1965
718
1040
1391
291
1316
169
259
564
1896
1574
1781
482
1168
1805
1027
1706
650
1560
0
480
1256
149
872
992
1404
101
987
669
819
64
615
1520
924
294
1625
686
1651
602
1178
996
1421
1648
1136
2033
1013
503
1418
331
1096
1394
930
347
1598
2043
570
1587
1439
1297
667
597
381
801
864
459
1825
609
725
1752
1138
692
1693
494
447
282
1800
324
18
1614
857
1443
978
1884
1451
1282
1533
1432
1729
442
30
1514
1542
1840
706
1707
454
1284
474
1644
1388
1579
507
1524
315
1225
1311
931
1410
1946
1918
1601
620
2029
625
1718
105
87
135
1483
374
1423
1847
1068
82
768
860
336
370
1955
1950
257
1302
137
1408
563
16
1375
2035
1994
977
1298
148
1667
483
683
512
824
1901
420
449
2028
22
1035
510
382
1424
939
1970
104
2010
954
1755
603
911
292
844
1382
1269
903
273
2014
828
719
68
143
591
43
116
1791
244
1812
13
1982
1158
965
1036
76
1531
1352
1019
557
1113
272
639
1023
788
134
1452
1989
1923
745
335
49
933
1009
993
1093
1527
1419
748
1357
1383
355
1941
734
1589
1801
1400
133
1588
477
247
1331
1403
1025
918
1803
403
1140
472
109
1731
1165
1194
852
215
1500
1164
694
1874
211
1683
1431
774
401
1854
254
871
371
329
530
1211
659
943
755
920
1310
1976
909
787
1028
989
210
1346
1051
785
1126
1395
1224
1709
173
1526
1904
34
1577
1810
886
675
1416
427
1824
112
1674
962
875
521
276
1975
1687
1943
186
1879
304
1402
1725
866
91
11
406
1042
1073
888
475
98
444
1571
1516
153
1038
1949
341
1891
217
529
136
1703
1267
340
1461
1569
453
1294
524
337
162
1672
1337
747
1285
1312
1412
75
723
1757
1556
759
1764
829
729
907
245
256
1246
1966
721
1159
338
10
637
1361
1906
253
1150
1741
1365
505
156
108
868
1959
1393
513
971
189
1206
348
1826
261
221
2026
1493
1572
1039
1237
2012
1512
1175
1047
1239
473
1192
1653
1043
1630
1684
1815
660
2031
37
814
1597
414
1031
1680
1760
879
2008
1111
1101
1973
1133
251
1611
471
224
31
645
1370
836
1821
1858
919
611
536
984
1931
357
1860
145
1108
1981
1912
1759
1381
1280
1522
397
307
147
2018
1957
1001
78
806
1407
612
840
908
985
514
1198
1185
1863
1384
240
1535
1442
1328
867
1562
811
608
71
1366
1354
274
594
1380
2006
141
42
1254
1288
831
959
579
288
161
904
1052
1893
2019
1454
1236
929
1836
1122
1119
1632
1659
476
1303
1259
1245
1305
926
1915
1219
1414
212
546
722
1817
1167
1029
368
295
827
647
654
894
1550
1984
1489
1437
1249
826
58
41
1766
1069
883
1586
863
1341
1209
1722
488
1398
313
293
242
1449
1961
165
1652
1415
1281
1592
710
1155
233
1460
457
708
1897
1618
1978
1127
27
1241
982
1176
1845
1700
465
1694
1839
26
1505
1612
1668
1846
93
1202
398
1071
1077
736
876
481
1362
2034
1274
1144
711
1783
183
1604
1600
702
400
674
1172
1494
1181
2002
1685
250
1166
1545
178
243
1594
1248
1273
1762
388
1338
140
1809
1620
538
376
1622
302
380
1389
462
1109
877
