1540
735
1407
808
1579
866
120
1750
1176
185
1253
2003
1397
1575
970
1940
1669
543
645
94
309
125
899
1654
145
1067
799
779
41
232
1864
1185
603
993
1039
441
1959
947
370
758
1637
1626
973
2044
1428
659
476
1663
851
572
501
1998
636
801
177
609
1532
598
1468
1283
324
1906
1748
1767
608
836
765
1931
1850
1650
871
1926
1139
737
803
1885
1823
898
388
1344
118
414
1964
13
1461
1144
605
1368
1356
1487
1763
335
1578
1534
893
740
990
798
126
757
2026
1603
1946
201
755
1734
2036
712
207
1068
187
352
251
1597
576
632
1877
1905
1684
1222
468
312
1464
1792
958
989
1252
1503
394
198
1989
622
242
153
522
792
649
366
567
676
1170
1325
178
1147
1809
914
1438
1616
1376
786
1126
419
911
212
1454
1596
1280
1135
1201
533
528
365
671
810
648
341
172
1020
1812
526
580
1621
708
1646
249
864
2042
682
1834
1670
1870
1993
721
1402
1307
448
1485
293
1205
1865
1628
946
651
1412
1685
1108
364
1256
1724
1332
217
1168
1298
134
1314
478
492
437
1778
1693
1678
310
1574
367
133
321
951
2024
1358
493
405
1976
1682
243
1784
1952
368
728
1065
1700
513
415
423
1415
1494
1592
1535
1490
1790
884
1725
1404
1060
1879
488
1044
1586
811
1052
123
619
1231
1162
114
1196
1706
33
103
974
1037
1581
428
834
262
31
1701
164
494
402
356
233
1510
868
1361
1555
1105
1836
1890
385
1558
1695
1418
1319
1973
432
1469
928
1499
480
640
1925
400
865
840
590
1664
1768
988
161
1677
1741
815
1590
1761
744
1010
1857
349
1369
766
760
1726
1935
2011
956
1349
1527
1265
1378
1132
1433
194
117
1081
346
1334
1583
1568
1133
794
200
554
771
220
440
410
1242
316
604
1599
25
467
1331
411
1611
2031
246
982
699
294
304
665
466
936
245
1915
1315
923
30
817
84
1434
81
1556
300
1747
457
1470
1722
1426
180
150
689
395
913
1175
266
1855
591
1624
1873
714
1064
1038
1019
949
1721
1974
128
1248
776
1111
389
772
542
1212
1714
108
1777
1841
1048
1764
380
904
1260
1641
210
1839
1523
2018
984
890
230
1130
1745
1882
224
1359
749
429
110
837
1411
959
1313
1530
1842
1288
1781
1992
579
1145
987
155
1208
1118
1054
1291
159
191
1374
685
1440
1104
1115
1737
663
1591
569
1960
767
62
979
964
1143
1422
1206
254
1240
942
1941
1945
1908
1409
2037
111
412
399
1856
1321
281
475
743
1772
12
1285
1782
1843
270
228
1705
1245
333
193
413
1691
2027
1327
339
860
253
259
357
822
472
541
1379
697
723
1007
327
1061
1847
1577
24
1560
99
655
838
1387
1958
1217
977
434
736
91
1452
17
68
1752
705
73
504
1944
1769
1257
523
1846
694
827
805
1220
1484
686
1496
1102
1886
652
935
141
812
1738
1178
1455
1811
26
1802
875
1587
1502
941
1211
1671
1328
1087
27
915
1395
1103
1717
188
802
1127
453
1134
1797
1059
1353
1364
660
1113
1853
670
1733
1689
340
816
508
1045
1505
205
371
72
873
593
888
129
933
534
1519
47
1522
6
1341
966
1235
2006
1609
856
759
2022
1719
1673
407
882
1759
485
1129
137
57
916
780
1571
938
754
1997
1223
1971
1448
995
1718
1903
474
1015
1229
931
1157
1403
633
1425
1218
877
1370
515
1832
430
398
1262
1716
1467
1392
1495
1615
763
690
2038
1742
826
643
173
1563
1324
499
174
695
2008
1805
1585
202
1136
1475
1537
1112
1536
1553
214
269
1174
532
895
8
283
465
1444
553
1901
1661
21
1382
850
403
777
1161
1255
9
247
1891
2045
48
788
179
1727
1676
751
1874
1512
1771
1919
115
1753
994
1723
555
1046
713
1099
1567
910
999
556
1486
470
1854
1994
1892
306
976
505
1442
1345
1333
568
1798
1875
1634
677
184
1281
489
332
1515
1399
908
1096
1274
401
1899
1774
902
1582
78
782
516
1391
1740
391
1362
52
314
1837
600
1063
1318
1028
1576
1140
565
487
892
1120
1062
1913
10
1848
646
2047
1125
991
319
1647
396
1342
673
1311
1619
1249
1743
225
1259
406
560
1008
42
1953
1435
1975
1708
1980
1141
1867
235
1710
748
1513
1381
1511
891
1614
986
675
479
858
1675
350
1881
1187
284
983
790
1950
1649
1785
1783
1520
1366
1302
1406
918
863
597
5
101
1762
37
2029
34
1360
277
199
1410
1988
587
551
1095
1432
1427
1117
1825
853
1840
1514
183
692
1351
624
337
842
1648
2012
1828
561
729
1829
98
361
725
336
1011
1895
1559
175
1154
1644
2043
630
917
104
1221
393
955
835
1766
1340
529
1014
1883
613
1800
342
1213
720
18
435
1352
950
204
1390
1516
20
1142
1091
1041
1564
738
1657
431
221
582
573
1421
642
1299
1869
1093
2
897
885
1601
131
168
789
957
132
196
1009
1266
291
1075
1827
418
726
819
276
484
223
1987
147
348
267
1504
36
107
1492
329
1227
1159
1267
170
968
1602
127
1930
1630
716
1066
1198
831
1024
169
1250
50
662
1605
1022
7
696
821
1949
1458
208
1172
739
303
1393
1917
538
998
1533
1230
427
195
1902
1114
602
1416
1004
302
666
1149
343
1013
637
907
507
2005
39
680
295
1793
1082
1655
611
148
19
1887
678
1565
433
1430
1639
138
1171
381
1200
668
100
1849
1788
456
290
160
1286
244
272
623
920
1254
1336
1271
1690
1662
1817
261
1005
886
1957
1623
1203
1190
992
1617
2001
355
383
11
1704
1954
952
163
1598
1449
268
124
1234
924
1184
1820
296
756
1101
481
1414
1173
2007
1094
1852
592
1804
954
2023
857
1398
1031
1195
1459
442
1927
722
1770
1801
1627
704
1476
2014
1053
1097
197
527
981
912
1529
1934
1034
903
497
2017
1709
1978
985
1023
861
588
679
614
1109
452
462
1197
2034
1106
862
734
1408
1658
328
417
289
1491
445
206
818
521
95
282
1566
1880
1632
1561
1787
1549
1851
190
1278
280
848
1779
762
1481
227
1124
520
436
1287
375
1225
1803
631
459
687
1092
1860
1546
1163
963
273
1928
1389
379
1251
688
607
28
1057
783
1635
1477
1027
944
1986
1607
1702
1466
1080
1909
1493
1083
1258
1551
1441
701
1074
373
939
44
1929
774
1478
495
1165
1570
693
1131
1051
97
1400
256
1289
392
1595
1965
2028
1219
360
1000
322
594
446
1776
969
629
544
1830
577
236
1569
1192
122
3
1447
1471
1437
1697
1375
1431
1155
1651
1488
1814
1246
1831
1070
56
761
1936
775
854
1525
1544
362
1970
506
382
1638
1580
318
237
1652
1482
832
752
1337
647
1539
151
1329
1715
425
345
54
1191
814
1912
1122
1732
820
1088
1822
1612
209
921
2032
1166
975
1868
617
1453
1866
252
672
23
218
727
1844
229
674
344
1918
596
706
1968
444
996
1728
331
1018
387
937
32
733
1979
189
80
1711
828
449
1631
1789
234
358
625
830
1110
1888
806
549
557
880
1679
338
271
1423
1483
1098
997
1078
612
1446
1543
661
285
539
397
1372
483
265
222
1071
635
1032
791
1656
628
1517
1547
1914
1816
1509
1150
889
1947
2020
260
1247
69
980
575
919
1275
1424
278
1991
1911
1593
595
1667
1436
1633
1645
70
1367
241
469
901
1739
1643
257
753
896
89
1323
1472
1189
369
1799
1610
1703
334
1751
1548
793
390
1188
807
606
1030
742
152
514
238
1938
162
1572
545
1660
1036
2004
22
378
1056
2019
585
165
1694
698
1264
82
106
1228
1419
558
330
496
796
571
1824
1202
610
1377
1160
374
530
1983
1016
867
1365
967
750
922
1179
599
1545
1167
681
1182
35
1386
1343
85
130
1290
1261
1033
1942
1985
158
616
509
1084
1794
1445
634
1310
510
703
800
1594
1629
1773
773
109
518
60
286
1686
1920
707
1754
1951
869
852
409
14
74
965
1296
1457
1862
2010
1984
1322
1961
1999
1713
1069
644
909
2033
275
874
167
438
1339
859
88
511
618
1755
656
1531
1821
75
1040
1309
626
1521
1746
1933
1002
1236
1439
972
1270
1029
500
2041
1401
823
574
1744
2013
934
926
1237
1923
1688
1500
1244
1736
1001
61
1872
1666
715
1226
317
589
1049
297
536
562
426
186
1955
1006
581
458
559
213
359
1765
43
927
1
1826
471
76
1116
1384
1042
105
641
905
930
181
1749
1050
1335
1672
1326
1972
1214
211
240
1729
386
1524
1003
288
1897
1085
948
1297
1279
1354
1429
1443
1089
1456
422
1907
447
226
1687
583
1186
502
384
45
1588
1417
51
1151
563
839
215
1462
1086
38
377
315
1293
53
67
1653
1640
1665
2000
1760
307
1916
824
1177
638
1148
299
1977
940
1893
1668
1775
1878
1209
650
566
906
1613
731
552
1388
326
46
96
1355
785
1100
1791
615
16
781
787
77
301
925
1758
1497
1699
1921
747
700
1012
1786
732
702
1884
461
855
1939
1385
1659
372
1181
443
1239
216
58
1233
978
1121
1498
540
1017
258
351
847
1055
1183
2025
1636
156
570
1224
849
1681
264
658
182
1194
1683
1394
1199
1272
1967
962
669
239
1757
1450
113
450
1338
1924
83
653
1284
1698
883
1894
166
1861
745
1896
1966
1712
451
1146
1833
1889
1900
1956
363
627
971
454
845
1552
667
1608
1047
0
1943
1371
424
192
525
1806
829
176
517
961
833
305
519
718
416
171
1308
1680
1238
813
1584
1625
1058
1618
353
550
1473
546
1303
1451
1730
1506
1573
548
1090
292
1330
1948
1606
1795
1269
1674
477
1180
1079
90
1507
1350
717
1123
844
2030
804
2035
274
2002
1413
1835
841
1348
1696
231
1292
135
1282
1859
455
313
1642
900
320
586
547
203
1405
157
711
1604
1996
1465
1562
503
1501
1107
1542
1137
1152
323
683
2016
143
93
287
1072
1301
420
1306
1910
250
1937
1277
404
1815
1963
943
746
870
29
1858
490
1810
584
1396
1557
724
1035
1808
1589
1215
945
463
691
1232
154
2015
102
1538
564
219
578
136
4
531
960
308
535
537
1073
657
797
1780
311
1346
2009
1305
64
601
15
953
932
1932
825
1541
1169
1463
92
1474
719
1981
116
1263
1076
1304
1273
1204
376
2046
654
1158
769
1526
1460
255
876
621
1518
1735
1818
1720
1216
248
464
1969
1026
142
1021
1845
1863
1207
1119
1294
1241
1316
460
298
473
1320
741
710
1871
140
486
66
887
1876
1731
49
1707
709
684
894
768
263
1807
1347
620
1420
2021
279
421
2039
347
1153
1138
664
2040
1383
764
872
59
40
55
1796
1489
878
512
1962
524
1043
1380
730
1550
1622
1268
1373
1904
1756
1620
1276
770
1479
1243
65
1312
354
1813
1317
1922
79
1528
778
1480
1210
843
639
1193
795
325
881
482
809
1156
112
1692
144
1554
146
1164
929
1508
1363
1600
1898
1295
149
1995
1300
408
1990
119
846
879
1128
784
491
1819
139
1357
86
87
121
1838
1077
1025
498
63
439
71
1982
