1498
826
1217
709
1855
1311
146
1440
870
1057
1071
76
813
1836
685
1341
1590
364
880
191
157
115
649
653
1594
825
747
630
562
1020
352
235
1373
767
1760
686
1976
130
1493
1310
1227
42
666
634
373
1777
1862
1747
1355
346
1205
1177
617
1077
910
1823
976
739
1451
1906
528
503
265
1560
41
329
741
1367
953
618
671
105
1085
652
1429
111
175
362
1015
1698
1433
314
473
1779
1016
636
1761
249
905
1362
1491
987
843
489
1379
945
697
460
864
153
1500
466
1180
668
1170
719
821
661
1056
1708
1773
1122
71
1619
849
1125
438
1977
1142
944
1497
281
2033
560
1204
984
516
898
277
1131
331
1399
1099
1044
1750
847
1410
1014
1927
128
1032
1736
998
1724
991
1424
1962
855
334
1293
851
1361
1357
1139
1356
1866
1028
426
986
1320
1786
386
1566
540
544
1870
742
521
924
881
1963
65
1386
1802
1375
1861
858
499
982
969
1930
1299
1123
140
587
1814
1100
1789
272
371
1957
1146
1609
1098
1909
51
1325
879
1797
1024
1730
1315
1925
725
1156
1998
296
369
647
1863
1848
1127
1280
727
1337
1923
1103
360
805
1102
504
343
18
1900
1714
1287
1230
1374
723
1557
2021
1839
475
1061
1872
1369
1393
784
1548
1172
39
209
1563
906
1554
1972
1078
522
1129
1401
420
418
1771
581
1634
1605
614
1684
1300
1194
1495
196
139
1503
1371
1637
1378
1984
1294
1628
174
2012
1291
1916
705
2035
1141
207
1313
1456
1321
1937
445
254
2044
1738
1437
1241
1043
1647
421
1676
1965
1148
101
1904
1417
1799
224
258
303
1462
1342
400
40
1979
1711
83
1764
1253
604
476
1864
770
263
137
1007
523
1033
1467
391
586
1117
577
1844
1063
1328
357
690
1763
1856
693
702
1327
776
91
1231
735
1876
715
820
1161
1215
1961
863
2027
63
320
869
1827
1296
488
844
1163
980
289
1485
315
1555
1556
1226
247
1654
759
698
1347
1715
1155
551
745
1787
1908
1644
10
812
1254
150
757
444
1448
921
1316
1059
349
223
333
1934
1804
997
338
464
1439
1879
484
1553
1546
1581
1333
19
1641
2003
1049
29
290
232
1159
536
229
1113
493
161
412
554
783
557
322
594
1741
866
1488
1359
1534
147
1728
483
584
243
1945
838
1543
1911
1070
1929
1559
1990
733
1058
120
840
1004
1951
615
654
406
1542
383
1135
114
1318
208
1986
694
967
623
1048
515
1769
1669
1681
627
625
2037
49
762
184
1922
907
1075
457
1427
1649
558
1661
340
1224
983
1630
1564
550
1796
868
170
974
368
2023
1795
1755
1983
786
1525
1506
1686
1616
1841
228
695
1158
903
811
511
388
677
162
9
336
1733
570
1074
381
643
321
15
900
1409
1212
2014
1921
737
1438
1770
1199
1274
156
1124
1432
714
619
1514
1453
1811
806
962
1931
221
1360
552
217
125
1407
1743
1476
455
441
934
1579
356
1626
2045
1712
958
1189
1573
564
58
1552
700
1529
134
673
89
275
1801
1353
1138
1591
328
1656
728
2
664
1403
108
62
1813
942
436
1415
1640
366
372
492
286
1128
1238
1200
278
1677
789
2015
1835
95
644
3
1829
1989
1147
911
495
535
734
1515
45
1499
2024
416
1283
588
1223
227
582
860
701
1154
874
1695
892
1905
1160
845
971
1899
831
834
179
462
1639
17
1583
509
1672
1343
1003
1114
4
670
1657
1031
216
158
755
531
358
1372
665
399
97
1029
621
1382
1080
1068
1165
1513
1752
1179
1995
1475
1073
127
1578
2019
1828
123
1881
1532
1389
574
746
753
1893
468
1960
631
246
1469
1577
1537
605
1178
1414
1221
1012
77
1950
132
1419
1276
807
300
1784
1982
405
1144
1312
192
764
1023
1184
1035
135
2017
1247
1082
830
1524
1886
100
1569
1210
966
1130
1116
836
1936
1319
1167
624
1849
2002
785
1468
189
1183
620
1964
692
1928
946
234
1702
1269
226
1585
1040
763
1094
1150
1648
914
450
508
1857
689
1492
428
1973
1894
530
31
520
195
1671
1436
1783
1507
1079
1034
1815
242
1387
1365
1277
740
854
1625
79
185
1729
325
1568
597
424
1366
628
731
1997
650
359
724
1021
1083
1208
988
1888
149
34
1115
442
1600
345
1631
989
1992
872
802
1297
385
154
377
1586
669
183
2009
1329
1809
893
251
1248
1243
1890
53
555
877
1171
284
1918
1792
1596
1682
657
1408
67
6
267
201
902
1721
23
1756
1482
1396
219
848
273
1025
459
542
268
117
1766
613
1006
1917
1768
1706
1228
2013
279
970
1454
622
8
1250
1430
1370
1658
608
1895
169
675
75
933
1942
437
178
1203
1526
404
257
55
1629
833
1999
1718
38
1974
1808
2005
2001
1072
1404
1509
260
5
778
1239
809
1479
1662
92
1395
912
827
646
748
951
1076
335
1259
1477
887
981
1054
1473
1806
292
1096
12
1737
171
99
517
765
1489
2025
379
1169
1363
510
1561
1425
1195
1282
1137
1233
1613
141
144
1854
159
1030
729
846
607
2030
1739
1978
93
1220
1385
1540
1209
52
909
1118
1538
1606
1868
248
960
1045
490
1877
1
1832
1095
810
389
1830
512
645
593
1824
1822
440
1002
1530
188
2010
1202
1587
939
69
165
443
1084
1426
1458
1660
301
575
1027
2008
1993
1632
1651
1459
2041
566
1364
1666
467
469
975
287
435
1805
330
955
1480
332
1261
1693
1562
1521
1980
1511
1716
788
50
274
894
922
602
684
61
85
276
1623
215
1618
1060
198
543
1104
1306
600
1434
917
138
1696
1091
1187
1598
451
1069
722
1478
1152
1788
1017
449
398
1816
452
1920
1388
1464
738
667
1776
1330
876
711
1567
1288
856
1447
496
1041
37
798
662
1405
341
47
968
1975
1340
403
1679
1019
1745
965
862
439
1742
875
470
1301
1246
857
148
414
1701
384
2046
583
1627
873
1000
658
261
961
1674
88
1652
1332
2032
1336
1878
480
1731
1349
569
957
1765
2040
1232
1781
853
1943
890
1933
1334
1322
1602
347
699
721
447
1705
1910
547
1746
819
33
1892
73
1663
761
472
1717
1285
1449
1111
1588
167
1800
1558
1377
434
2036
1005
1858
1709
1101
1726
1368
1037
176
1607
297
270
56
430
1820
13
1611
518
1636
541
197
996
376
1001
1885
66
897
1052
1265
527
182
1772
393
285
1225
1635
1344
1884
494
143
288
589
1461
1240
2016
930
1919
2042
1968
781
716
1402
28
1749
1692
918
497
1206
2007
104
1262
86
1516
1286
1270
1065
720
505
1455
409
1126
1575
1946
1279
943
1266
641
599
1092
293
181
1466
1519
1633
378
64
1502
2018
828
1612
1042
949
736
1734
1290
1988
1947
937
324
1720
936
337
106
990
1668
561
1185
1444
1793
344
1038
1303
1089
1948
766
640
941
885
1767
1670
1036
102
659
1176
397
236
1182
1971
394
1887
1411
1889
25
956
24
1833
1798
1582
1914
1198
1214
931
1281
777
498
1234
1762
163
1522
353
1326
1599
160
1653
803
1791
1691
978
768
225
2026
237
1263
415
1580
1087
1442
1882
883
317
1969
2022
1871
339
1292
884
959
1421
1723
639
1638
2047
74
816
923
298
1164
2011
1162
1967
1390
952
1418
1450
1860
374
390
36
121
1218
1953
886
1966
904
2029
1484
367
1935
1308
233
1751
311
563
1912
164
1985
1244
1531
172
771
1470
1314
456
928
1249
954
1593
477
1688
985
1826
485
1258
1105
814
1880
1782
611
1273
32
1913
1494
1544
682
60
947
57
538
0
1678
1140
427
1174
1406
151
596
190
103
592
433
635
1700
609
1284
1463
1952
255
758
304
1046
824
1831
1216
808
1845
1504
1754
1810
1869
2034
1345
994
1955
113
193
1275
1595
210
1780
1819
310
1938
1694
579
1536
211
751
142
804
616
1483
850
1821
1278
1053
1915
585
1753
402
323
43
1617
423
1614
350
712
1188
963
901
1901
365
1896
549
1727
1508
1897
1959
568
282
927
1621
231
1994
1903
1689
262
710
1151
1907
1803
1550
1655
708
1335
1339
1067
769
1295
1348
1940
1207
1257
1850
429
1416
417
1970
46
166
186
506
626
1173
129
1420
754
780
1790
1665
703
1298
1197
1840
299
1785
177
1615
392
214
319
1603
1193
110
1441
601
633
1535
1954
896
1825
861
580
573
576
973
663
1539
309
532
1435
410
1471
940
35
68
487
194
1496
124
1452
1597
107
1245
1472
1219
691
688
1865
1222
1011
1645
513
932
1086
787
351
1412
305
1237
842
200
1704
54
1949
1574
1939
818
59
16
1132
750
926
222
500
291
556
916
486
326
119
972
1255
950
1926
1601
1690
1264
1713
1260
448
1211
815
1487
993
94
502
1394
30
205
1853
1944
752
348
1541
1902
1697
1707
2038
1309
559
835
1112
591
782
173
1120
948
1446
245
1013
458
1735
307
1346
90
1119
266
118
1622
718
482
1107
1846
612
507
891
1891
732
572
1576
629
1523
318
773
1867
1687
595
1256
1759
1592
797
27
1941
1874
865
878
1090
1722
2039
2006
1391
871
1272
756
1064
241
1413
919
1358
84
354
1383
1443
1422
313
422
1659
571
1549
316
606
1384
817
1106
1134
829
479
1646
1932
204
1088
446
2028
152
361
1996
116
977
760
1732
1748
553
545
567
888
1883
474
1331
648
964
230
1166
1817
70
1191
212
308
1428
342
1392
929
431
1026
1039
638
1055
642
1570
370
145
327
256
792
363
610
1457
1842
534
681
772
839
1991
1109
491
526
774
1145
280
218
283
1196
1251
1018
679
1740
1271
1710
375
632
696
1398
1624
21
1758
463
1683
1794
1047
454
979
1774
1153
1201
395
1093
44
1924
1081
1186
790
80
238
1898
295
1664
1307
1873
1719
1584
220
244
1501
1460
1875
1859
546
1008
302
1675
1474
1956
1157
1168
539
48
87
915
1143
203
465
1009
1190
832
1642
1667
796
22
501
1213
999
837
514
11
1987
1528
1551
730
453
1680
524
1775
795
355
1445
537
1304
913
387
1572
1050
1699
1533
1268
992
938
680
706
98
1229
1305
1527
240
1812
306
1338
312
1608
1673
1108
1149
565
823
1547
1565
598
676
481
1066
112
187
1778
683
155
852
707
637
1242
867
1512
1381
895
407
199
1744
1252
1981
726
1838
578
882
687
419
396
1192
1837
995
78
655
1376
743
1725
250
548
2031
126
269
704
1843
7
920
1181
1481
411
1520
775
425
1510
1505
408
180
801
82
1354
1423
1051
1133
1062
779
899
1302
271
1097
1351
859
651
1352
1545
1589
294
603
1757
478
2004
1703
131
1518
889
529
841
252
239
1604
908
1400
1685
794
461
793
749
168
525
1571
533
1022
800
1317
96
519
109
81
1517
590
1431
206
1807
2000
1847
713
133
26
2043
401
660
1323
1175
213
935
1818
2020
791
136
822
1958
413
14
672
380
1465
1650
1289
1010
1834
678
674
1235
253
1236
656
1121
1397
72
1643
1852
122
259
1110
799
202
1267
264
20
1324
1851
717
925
1380
1620
1350
471
432
1486
1610
1490
744
382
1136
