381
367
1403
39
696
170
725
474
16
1198
145
1457
1235
1178
1084
1410
865
645
163
2036
1627
460
270
353
501
798
926
1634
1212
1526
1250
1847
93
509
1563
297
86
1165
1221
283
1390
1305
1499
1011
1987
1492
87
1577
341
1415
345
1935
487
1379
568
167
611
1160
426
1820
228
1542
531
1880
479
746
834
375
1598
1730
1040
256
934
110
1304
1699
813
1736
29
882
1619
541
589
82
1518
939
386
1345
846
831
636
914
1504
678
691
1480
1687
469
561
44
1331
1448
1188
1592
1097
1470
1572
1019
1731
138
1579
196
437
1508
317
1637
597
457
154
1109
1655
11
192
2039
1478
453
497
656
1045
1397
24
647
1757
1138
499
747
355
1327
1983
1734
1087
1229
1339
787
881
870
356
1938
1195
1816
760
573
1915
791
1881
1550
540
1665
1216
168
1921
682
1833
1686
867
1444
1964
1827
485
705
699
527
1059
7
117
876
1849
1783
1552
2027
869
461
326
996
1149
458
85
1672
929
1292
1541
1271
261
459
133
31
516
660
1790
840
588
1799
1116
97
152
1175
1671
1258
1622
1053
111
448
942
214
726
2002
2045
866
796
2028
902
1568
1436
1133
1943
1334
994
2038
1524
1218
598
1766
1670
1094
1882
925
12
1749
1720
1907
880
1207
1426
916
1786
1392
148
1601
1537
1974
560
1475
685
102
1859
1875
784
1191
258
679
1493
1325
296
674
689
211
1852
394
829
500
55
889
88
1179
451
226
475
622
242
1947
1641
686
1144
1933
1037
1993
301
1702
282
704
1503
1646
1843
1172
213
954
1739
964
254
1068
690
764
259
1605
1796
676
206
1167
1104
1482
472
1566
868
1737
1593
1545
1618
1080
1320
710
1792
2011
1102
172
510
1166
1428
1556
525
1132
1985
1414
780
385
1454
1506
1003
241
782
688
861
1540
1009
913
1698
1404
1346
47
1237
1164
1795
646
1388
1251
215
938
1295
299
1555
1360
1209
1302
1553
903
927
1924
126
1347
357
346
673
441
1747
1427
72
1012
1017
257
1170
519
157
2022
974
1890
1372
1136
919
1609
600
392
189
949
1986
1015
1490
1970
1988
1228
1161
305
373
401
104
548
1510
1980
1046
523
887
1135
2
1602
1748
915
832
312
1432
1394
727
570
524
13
432
1625
1950
107
1496
2009
1401
1130
1728
1313
650
1152
9
1350
1912
1255
973
1338
1797
1357
1770
1813
1328
1091
1324
1069
1043
632
822
1317
641
365
1990
1279
300
433
1051
1769
229
1156
325
38
1108
729
875
1505
1789
1707
543
824
1312
1779
1467
374
1297
1682
1431
1239
1726
311
1610
1446
1606
1277
90
778
1803
526
1376
814
2019
625
1709
1774
1124
1842
1343
25
142
1680
1310
151
81
1231
749
40
1874
400
452
240
1914
1586
722
1854
959
607
1093
73
99
320
309
131
406
1022
657
1949
1844
15
1562
664
395
1383
692
1527
343
1903
350
1710
1782
684
1025
1645
948
744
1571
1544
508
566
874
702
1429
3
230
306
1773
269
985
470
1998
967
1822
623
1892
1969
695
1189
1092
1194
1600
1522
1307
1278
1761
1956
1831
1807
1661
184
1929
1450
981
1060
759
1984
921
125
1472
620
711
631
1455
1370
1826
1378
1744
1264
165
745
265
977
1309
442
530
1657
32
2023
403
1746
1658
991
769
128
732
1801
220
1224
1888
156
2013
952
610
10
1714
1946
191
1052
42
1617
1067
717
1054
1249
1800
236
421
1926
379
1086
56
2005
1839
1064
1066
1121
634
324
491
1105
1112
1294
1904
2031
171
62
1214
245
1035
476
1629
1013
1129
835
552
1829
1306
1594
1196
281
1220
361
304
193
595
147
121
333
558
615
1846
1027
132
430
164
371
1174
1192
1717
1494
740
614
1536
1055
80
129
183
544
1676
1896
627
1532
738
1
22
92
58
823
899
605
1560
467
533
1201
273
1010
291
944
652
708
1806
1597
883
1044
799
1236
0
795
1620
334
768
1157
237
1495
1531
1869
1039
1114
755
585
1785
1642
43
1815
765
1825
439
1692
162
2026
806
1832
378
1863
155
488
435
1564
1424
330
1817
1814
276
1203
412
1082
1742
992
616
1416
480
249
1387
1213
1359
351
1065
1204
1456
1771
1652
999
1267
694
1031
936
549
1034
1905
1966
78
398
1596
1677
180
91
1024
1992
1667
779
1683
316
922
635
550
843
1193
1927
1282
1479
1032
837
993
556
1211
1608
1910
71
893
1884
987
2037
753
1866
736
101
263
1463
1635
1780
906
1070
1408
279
1752
1778
26
748
1036
849
1386
1823
436
980
761
1700
1599
20
911
280
1798
957
826
1288
1624
173
2033
1111
134
352
551
303
1621
639
593
1330
1960
382
45
1703
1396
1089
1079
864
54
1898
496
1917
83
770
520
582
2016
2041
581
1772
1319
1098
969
619
185
1375
1631
877
683
33
2044
793
1413
810
159
809
511
1759
1253
239
370
446
493
515
234
1893
116
1740
972
449
30
601
1435
1001
1139
1377
648
873
1199
1263
124
1127
671
1081
1794
1072
161
1014
975
1103
1856
535
1530
718
800
36
933
946
404
1281
997
908
878
391
1864
118
1075
1561
327
1850
113
2040
1233
1953
473
818
1861
413
70
288
1763
517
494
1348
409
890
1729
1293
264
37
859
1941
577
564
1243
522
492
1002
1171
731
96
1368
358
1871
1583
1260
1551
338
1273
1712
1851
851
854
667
294
1101
1215
174
1565
1242
1767
879
833
1612
182
19
1664
1908
387
376
1644
792
1995
478
2024
1498
1713
489
1570
1299
529
1000
1889
841
77
1336
941
1083
965
1484
1716
1318
506
1491
777
514
719
1459
1529
1326
712
140
1615
1465
998
772
1824
1141
144
1468
4
1669
222
1473
8
1137
298
618
1704
217
1274
1311
576
1423
863
1514
1517
1287
1743
1557
364
668
1735
1030
1356
1694
290
123
1653
137
420
1623
852
1994
407
368
286
1131
455
827
828
1690
1337
477
892
1873
804
904
2001
1648
786
471
1684
1126
340
2010
1314
751
1718
750
1828
1469
714
423
2015
687
953
1090
197
490
1384
734
1932
6
204
1574
2032
1110
50
1538
429
1647
1614
1693
1452
1804
1879
201
1354
856
572
1322
1758
1954
2018
481
187
920
1244
599
1303
562
1777
1638
1963
1862
637
1895
1374
1909
1118
1283
1443
728
1751
1654
209
443
275
1205
112
1999
219
397
1433
1936
1119
663
1501
135
1675
454
1722
1543
781
1371
1227
210
1939
434
557
369
700
208
1300
1633
103
321
1765
1668
1512
783
1254
1073
505
332
1107
536
654
224
1085
89
1088
1913
1776
978
354
267
198
139
136
950
1289
1865
1502
1945
1042
188
897
1265
555
1096
247
1511
143
1315
1477
115
1784
1163
1887
372
1393
937
1038
1162
1400
1961
1549
1721
1962
1497
1934
322
1685
1591
1968
590
857
1202
1407
1756
17
681
425
178
1845
720
1402
1238
839
653
244
907
583
1725
402
195
1284
1793
621
1380
1050
1169
250
983
1021
1754
758
271
1047
1580
399
995
2004
1016
790
1151
2034
166
1706
390
698
1515
1335
701
947
1358
5
603
1918
149
1007
513
1576
628
1753
723
1575
268
1125
456
1883
1876
424
1688
1955
1020
1590
1973
1308
1180
1398
2043
855
1802
285
1058
389
820
465
1582
1200
445
1439
307
1266
1148
1656
1894
109
1967
1920
272
380
1184
417
95
150
262
495
313
1643
633
336
1029
567
713
94
1363
1899
662
14
739
1738
1632
1485
886
1679
1417
284
1418
1150
586
1516
1678
1004
106
1106
130
1860
594
383
565
1509
802
1181
512
1062
1210
190
1997
1872
767
277
756
2012
1366
1830
617
179
1028
1900
1764
1768
114
1323
1276
203
1186
858
1878
1078
872
1791
1588
66
1979
1329
1232
98
1948
534
1649
1466
1567
1951
640
604
1217
431
238
984
1033
48
293
578
1464
670
1441
251
232
1841
359
816
69
1159
1811
63
1158
1362
1344
1412
1660
1173
1584
225
1662
2007
697
836
243
1781
388
891
1886
672
958
1272
693
1316
917
1535
2014
246
105
1885
1868
547
1280
1558
1965
1026
860
503
462
1521
194
626
120
1911
1421
414
537
1226
1616
160
743
1122
591
1262
709
602
752
1942
199
575
60
363
989
776
553
1925
274
932
2046
1578
1063
348
498
1256
1411
638
146
1691
1246
766
651
2020
310
571
1930
1902
468
331
1732
1611
609
175
518
1071
466
1897
2017
1573
21
1115
1708
1422
1603
1534
1500
1957
655
218
842
801
803
1234
1857
419
223
659
1225
1230
366
1972
1355
278
1445
945
1006
1809
61
1018
665
295
923
1391
1727
349
1640
444
1940
1701
2035
1364
1352
1342
1787
971
1223
1190
1117
1891
1182
75
360
797
59
1259
504
1855
463
775
733
1185
1569
405
1916
1005
943
608
51
1240
227
1381
1944
815
1548
428
18
1113
1923
1533
612
486
415
1438
2008
532
1650
41
1755
675
807
1626
811
587
221
1153
830
447
231
579
1775
895
302
982
979
1077
1349
1762
1341
910
918
1487
1848
644
68
1248
186
542
569
955
559
707
1901
1409
970
1481
951
158
1928
384
1023
289
1931
207
1589
287
2030
377
393
1155
1120
233
411
669
1630
1922
1437
1547
1488
808
774
344
46
74
1689
482
741
1147
862
1525
721
1458
896
789
1447
1296
847
1405
176
1361
1183
266
1919
1474
122
819
1952
1241
410
845
956
554
67
329
1982
1788
1837
1406
754
335
1298
1741
53
408
724
1389
1476
308
596
762
235
1270
539
1041
200
1419
785
1821
737
850
924
65
1367
1958
1222
1145
347
100
1977
177
362
1143
27
1453
1639
812
1100
825
1420
1425
28
396
961
680
337
1275
1261
1123
1154
427
1252
1539
1333
1146
1489
205
1353
757
1805
1442
805
1681
212
968
649
1057
1976
1733
1853
606
292
1719
1695
624
57
1395
658
821
563
1301
963
1724
584
1513
1810
1197
1471
464
418
328
1838
1486
2021
643
49
1673
1636
1449
422
1835
521
1206
153
1365
661
988
2003
666
928
898
546
76
630
1937
1219
255
580
1095
2006
901
315
1607
2025
1049
788
323
1382
1628
1332
1959
1430
1877
1434
1663
1451
1373
23
1519
1176
1858
716
677
703
216
962
1168
64
1528
2029
416
773
108
1867
1613
1819
730
1340
900
1268
735
1834
935
1750
253
1142
888
1978
771
1723
260
1760
1076
794
318
79
930
119
966
35
940
2000
1461
853
1523
1290
1981
169
629
1286
314
1546
885
1460
1385
1099
1705
483
986
1991
1696
1818
592
1559
181
339
52
252
319
1996
763
1581
642
1061
1245
1697
613
127
1285
1906
1595
1971
1128
1257
1554
507
1247
715
438
2042
1975
1666
1659
909
1836
976
1812
1269
440
1140
1587
1651
1440
484
817
538
141
742
1187
1604
1711
574
1008
1989
1321
1674
1056
1208
990
1048
1870
960
450
706
342
202
848
1462
912
838
884
545
34
1715
871
1585
1074
844
905
1745
2047
528
84
1808
1134
894
1483
1507
502
1177
1351
931
248
1369
1840
1520
1399
1291
