944
504
240
228
1211
1292
9
20
394
1243
1670
1974
1113
1866
942
2027
1302
1995
33
279
129
553
66
1835
763
592
771
607
522
1483
2038
407
936
400
460
1686
1154
1581
1878
29
912
1591
1633
327
318
2013
392
2005
1488
654
2030
448
478
436
1927
801
246
1194
364
1771
471
1873
254
1960
714
1776
1178
1649
919
1804
76
1782
418
689
1023
527
127
1675
107
112
1388
824
307
1741
31
1886
545
190
666
1714
1126
717
2029
761
1220
934
1694
1538
1460
988
1764
598
62
1553
1641
27
872
559
284
1415
155
1205
153
769
1622
634
1216
1295
398
1283
606
1540
890
1734
1373
351
819
376
1842
1029
1830
1880
1976
101
1173
1365
695
91
1246
985
1190
1254
521
1083
1624
1907
896
1132
544
426
1291
437
578
731
583
205
1386
21
1936
933
755
1384
245
646
665
444
711
901
38
1299
36
1654
885
1170
238
87
517
144
133
1555
2019
913
743
1839
1834
198
1466
1551
586
1892
1014
1118
915
1744
1150
1699
1696
1345
1775
255
686
461
221
1728
1227
1754
1645
636
1988
10
1238
388
1042
8
1337
1701
354
468
1992
1541
1334
2021
136
465
69
350
534
188
760
1951
1166
212
1605
1436
264
1512
1514
1859
229
921
214
137
1437
1366
1307
2041
975
1225
1461
1313
1924
789
494
247
154
223
1040
1407
207
982
1290
430
645
490
585
948
1237
1051
1687
1642
1925
235
1294
157
1841
1459
1418
581
1355
450
1455
1000
1028
1199
1281
106
856
1184
575
1036
737
328
802
80
102
2036
1492
1260
334
42
971
68
391
1077
618
179
128
1449
124
1189
671
811
1659
713
784
602
1324
543
1092
1618
1159
412
1593
1946
1489
1797
842
754
931
1789
1054
1065
1323
1182
274
656
459
1417
381
846
1635
1768
2031
336
1416
965
61
227
1604
285
1440
1868
1901
206
1918
688
379
1653
1247
152
1331
920
1095
404
382
1269
1711
1165
1444
945
981
476
992
999
1742
453
1602
1315
1981
1203
325
104
123
866
18
1372
1339
1563
1731
1705
92
1204
111
787
584
1748
1685
832
395
1702
742
1351
1769
883
108
1894
1241
1058
302
580
603
1497
1435
1574
532
1358
1613
2003
348
1020
1668
79
571
405
1706
96
638
893
1071
697
170
672
555
1533
173
82
972
1061
1453
928
1908
803
601
1062
718
1106
2028
1640
2039
549
385
1867
1089
1676
503
1732
909
320
1079
2026
1879
817
1017
642
2037
1854
1938
1580
950
172
1279
1885
703
231
1770
969
1658
1561
1800
1102
1086
1016
1245
319
1410
980
1149
1532
1434
616
498
778
609
1236
1484
1119
880
1230
340
1389
344
1049
1048
1798
706
1861
73
1638
1725
830
1322
652
192
1382
1619
511
1262
14
1197
1274
215
955
727
440
903
1546
1394
1107
782
183
1256
1408
684
185
326
1187
1075
667
693
523
1505
796
1258
868
1167
48
118
163
808
352
367
196
1011
508
1377
2032
1730
989
1376
372
1186
1665
623
1565
1130
1556
375
441
840
1863
464
399
1558
1688
542
1330
1600
50
360
458
889
1967
283
1833
1257
2022
968
1895
1796
1465
661
879
2040
141
1374
678
479
729
116
447
951
1457
1406
904
1955
757
562
1317
201
1398
1587
1405
1631
208
520
502
462
439
804
700
222
1683
396
337
1780
1614
1155
287
250
4
855
1846
1428
346
720
1978
996
442
1571
1750
1196
1857
1738
175
105
253
565
272
758
1478
620
186
5
296
2033
193
1002
1486
1263
854
63
979
756
649
1678
1298
134
46
271
294
1094
386
783
1813
1511
1843
6
1968
1709
1311
1464
526
158
1810
1850
1930
1128
1616
579
281
833
1026
1513
1368
150
1721
1825
159
1520
1723
1568
1707
1151
1610
1575
1422
1515
1044
487
1443
639
960
800
1508
109
1851
1171
937
1273
669
1529
1286
314
1564
1516
1598
167
939
1025
1823
1183
1052
397
1947
415
719
35
266
258
1251
1318
1314
709
1321
589
1814
28
1847
826
741
1945
168
881
1340
1390
546
1272
871
1146
1548
322
1898
1994
605
624
1595
887
1860
1160
820
1047
512
1567
1098
483
162
1112
1148
772
1319
679
816
1980
408
1932
1265
347
554
384
16
1660
707
1255
2043
867
759
416
1848
114
764
702
1757
1966
1409
1948
100
380
1828
1249
1788
1817
331
1977
548
1773
1103
986
1181
1312
1347
1024
573
419
1458
1210
463
551
2000
362
1356
696
1138
1666
2012
813
995
1799
1
1069
1832
1336
1084
506
423
590
1117
1877
146
1327
262
1300
1276
1985
1745
726
1152
779
1070
1836
1261
1535
518
1137
1022
443
477
1006
940
1849
1646
610
1109
1157
57
1690
882
1131
1472
1521
990
1917
422
1270
194
1876
1496
1333
953
403
588
572
1219
516
149
421
1325
752
998
1644
622
1140
1550
925
785
1503
306
15
1115
1060
566
1033
1643
1719
2015
1072
1875
963
853
724
753
446
1603
1815
935
528
1671
1202
1088
721
472
1363
1609
1429
1620
751
927
1756
1724
1704
674
499
687
704
358
1904
1456
239
1116
958
660
1987
2007
1341
97
536
1213
482
23
1143
681
1874
1085
59
1209
309
142
210
612
122
744
1630
1192
949
1507
1039
1244
1425
531
1912
1239
1005
625
332
151
171
1021
1958
1755
1055
1059
1438
1655
1697
1242
608
2008
1523
1829
1990
997
557
1045
874
1068
923
2009
1303
1935
1114
728
270
1652
1147
680
659
1599
1224
1393
11
414
683
263
1740
43
961
1097
2001
1206
74
278
220
77
524
317
292
613
1528
497
1970
300
1853
878
496
1200
1596
599
1612
1380
431
1607
1590
730
815
957
1301
1592
663
411
560
1681
597
1673
1136
1579
374
216
762
1522
892
611
1993
390
2045
1578
1881
3
1473
1931
1617
1801
1346
244
286
1677
1108
26
280
685
596
1074
1129
125
1125
368
841
230
1763
1105
1737
664
242
1096
723
1716
1043
1735
1342
1063
1751
513
1914
1248
95
1902
115
1141
1001
93
859
1573
289
974
99
1424
1433
1779
1648
1621
716
184
1332
991
1983
1884
1450
1629
910
329
290
1963
70
480
1371
1582
1326
837
987
902
1510
432
962
1803
1338
635
1743
1700
2035
1831
1662
454
51
1391
1962
1185
1110
1544
922
570
1991
558
1101
1019
1421
1661
470
749
1494
299
1352
1889
529
1090
174
1383
655
1162
1304
540
1233
1046
745
587
781
640
1395
1781
282
324
1490
451
1259
943
486
1067
1585
2011
825
1134
1007
180
537
777
774
1906
1628
1989
1752
1632
256
1289
288
1996
178
1354
1223
1420
203
1942
2017
644
1822
1349
670
1402
139
1647
547
941
1821
1864
1651
1953
1087
1692
1288
1636
65
577
169
1965
1865
273
1502
1887
725
126
1559
98
200
818
699
1041
1727
1928
821
94
844
1009
1870
1691
983
13
786
1275
1442
147
626
1498
1177
556
1762
550
1969
509
627
1411
876
1576
1923
1940
852
1482
1123
621
500
85
237
138
1749
1491
732
746
355
243
530
1412
1787
1594
466
1111
701
456
827
1104
1287
848
1124
435
673
1519
32
49
1370
1893
304
166
750
1949
1427
1485
1378
1736
409
1404
860
2020
2046
315
1569
1357
765
1639
1050
427
1999
1710
2042
1282
1713
176
135
682
177
298
805
533
1235
89
1777
1392
1163
1121
1792
1506
434
387
1500
884
1463
1476
225
1430
1222
473
930
1910
19
1956
1586
831
1883
1746
619
569
467
637
788
1922
213
265
449
481
1493
519
1232
1517
952
1452
1008
568
257
491
1794
1297
861
1215
1027
1747
1919
574
474
1487
1350
1212
1856
1015
1765
401
564
1726
1501
1387
662
1785
47
1053
1423
333
1467
1855
1193
1293
1911
1589
600
211
75
165
993
1139
2014
132
67
1637
576
1201
1827
1941
1577
0
310
959
1869
251
303
676
1252
1684
1903
276
1056
1537
1479
733
647
710
1446
1761
525
1344
1819
1253
911
22
1601
1717
226
797
1362
1897
651
507
1871
267
1920
338
268
1900
361
1552
249
113
224
1542
1695
438
906
539
1142
908
1169
1562
1954
984
595
1426
1035
1790
780
694
1984
970
312
905
1998
1674
1018
1381
1153
1414
1720
1982
722
234
1554
219
88
248
359
1952
1057
964
1400
973
1891
34
690
189
1343
110
433
370
857
895
929
1462
916
181
657
1759
45
241
698
30
1778
1445
1081
1419
1708
1667
675
1663
1973
1672
469
1972
2016
1531
648
1816
369
535
1606
2018
1480
1625
836
839
1802
747
1739
807
54
888
1916
1477
204
2034
1335
628
1913
795
1634
197
410
1267
232
1082
53
541
84
1328
1933
1872
629
865
1329
1729
492
843
217
614
1481
631
378
2006
1031
776
715
1348
1959
1753
812
356
946
377
475
1469
44
1310
393
1278
668
209
424
1627
1100
305
56
1793
1664
1806
862
1234
793
41
17
1545
78
1305
692
736
295
799
1158
798
1944
515
103
1845
1471
1805
1264
1176
1524
121
561
341
677
1812
1566
1076
1715
1824
740
567
1359
199
195
835
766
161
1703
1475
1064
1172
1536
345
1168
897
187
1364
1509
1099
1584
417
1470
445
40
814
828
705
977
1174
1120
924
1583
1588
488
1156
850
1657
233
1448
1733
1712
1679
339
1783
1367
2023
823
792
389
898
538
308
978
1175
794
1214
1078
1030
1986
7
773
1772
182
873
1722
1013
615
617
1997
1221
343
330
1837
148
457
1767
767
1626
1379
236
1766
164
143
864
1899
1669
485
311
1285
1549
1682
891
275
1268
1032
822
413
1934
145
834
1826
1890
641
1975
1271
1950
1208
1838
1280
604
428
505
809
160
1689
1820
1547
1888
632
1882
738
1127
365
402
918
712
838
81
429
260
708
366
1010
1795
1615
1858
321
52
1791
1964
1896
770
510
845
956
1915
886
60
259
1818
1441
1144
734
1073
1862
252
1623
1939
847
86
594
748
1320
1207
1447
293
851
1306
966
914
768
875
976
829
484
1784
1353
24
1526
1474
899
1240
858
938
37
1195
1971
156
1758
1852
563
1809
2025
383
452
1038
1296
1698
1191
1807
297
790
1979
71
591
1943
791
1360
301
425
1229
1399
131
316
489
1145
371
653
1431
1401
1786
1611
1693
1808
130
1375
1277
1218
501
335
863
1385
83
1957
25
1198
1439
1012
630
552
1135
406
1926
907
1403
633
1504
1066
1760
342
120
582
261
1396
1656
1397
1309
1534
72
353
1597
1608
1003
363
932
643
954
1164
1570
1432
313
1161
1034
2044
269
869
291
810
775
58
1811
514
1909
1774
1413
1037
357
1080
1133
39
119
1180
1266
140
1527
1961
64
2010
1316
1188
806
947
1680
650
1361
658
1572
1093
1650
277
12
926
1226
691
877
894
323
1543
202
1539
117
1308
1091
1840
1530
1228
1844
1937
1495
739
455
994
1004
2004
373
1369
593
218
1560
1525
1217
2002
1929
849
735
1921
55
90
191
870
1905
1451
1499
495
1454
1557
1518
1231
967
1179
2047
493
1122
900
1468
420
2
349
1718
1284
1250
917
2024
