391
502
1300
1627
1157
1976
359
1898
619
1401
366
635
981
1134
1775
147
892
1975
2018
411
209
1154
162
828
1474
653
1790
1209
352
1367
1668
877
1792
2037
1821
463
373
404
1425
846
212
1750
1703
1531
865
1883
1053
1073
1044
581
722
1378
1155
1619
1708
564
1789
202
26
220
870
258
1368
304
448
385
1516
1746
1028
664
891
272
1982
1283
776
962
900
1752
1468
732
1835
380
1492
920
1182
191
1686
393
1294
747
239
611
594
1217
1804
14
1163
1672
1338
874
438
1850
1598
29
808
975
206
1514
1861
990
1417
774
953
1350
1764
51
858
1557
292
890
700
1140
1221
350
879
1910
379
214
1942
1449
75
310
280
1057
1694
1503
650
110
599
715
659
728
765
1429
1070
1279
1442
766
133
821
437
19
1415
604
2
278
279
768
750
1023
1527
1864
461
784
1382
1745
1356
1348
477
1504
1189
419
1106
1392
490
420
1922
1342
58
841
767
528
598
52
414
595
682
1351
1820
369
1965
570
1042
18
2039
127
1035
1290
13
968
848
606
2001
823
1499
727
1365
1256
833
1707
1211
549
1459
694
1004
1482
106
1902
1887
1771
980
526
253
1847
27
851
1879
1150
71
654
1067
368
229
451
1331
1490
3
729
338
508
597
1200
11
440
1160
1168
358
1866
1240
983
1031
31
596
905
1188
756
1616
1164
1642
609
457
1796
1751
1085
117
407
1524
2010
15
1798
1195
1865
1674
1710
1305
1981
68
1199
1239
951
993
681
719
332
113
305
101
972
1599
1146
1933
1291
1309
1955
1641
1242
1501
1426
180
1454
474
542
889
1532
1083
372
1550
416
1314
287
2035
1812
982
330
260
1968
778
1693
1495
1325
92
1418
927
569
1539
663
1914
998
139
622
1216
925
204
1391
67
8
781
1274
129
475
539
1101
1618
291
1644
42
196
259
930
1171
665
692
1122
906
1895
144
1673
325
276
1600
361
2034
1549
188
1637
959
1045
1656
518
1380
918
435
1466
1725
2006
1444
1781
1593
1500
1135
1137
1034
44
761
716
1292
1046
896
478
1931
1700
1748
1891
1561
484
529
9
1268
238
1223
1878
1716
17
1207
1406
1358
2022
917
195
859
145
796
956
126
1172
1270
399
1126
1506
1064
132
734
1784
1074
1889
684
1718
1005
1754
1190
124
378
1569
512
1629
1304
1961
199
428
381
436
1460
198
193
1303
1513
108
952
1758
1407
620
2045
1318
398
1328
449
955
1753
1556
246
511
1731
402
1145
668
426
1834
757
1114
797
1167
1941
1050
1185
1510
2030
854
1788
20
486
505
1166
798
1634
1243
371
696
1612
565
241
149
177
825
221
25
50
1465
392
1484
1320
554
679
1810
613
340
637
213
128
1476
1761
1192
1453
1706
1471
1974
137
266
1448
96
2041
1940
1807
2036
897
839
912
257
1003
974
1595
507
1317
548
1833
63
1399
1667
1661
1701
335
1245
270
499
1452
831
80
271
1759
1984
200
626
1923
1875
328
363
174
830
1272
173
1690
695
1888
1201
95
1099
1815
562
1493
219
764
960
838
1588
1133
462
466
1341
881
826
1743
1151
1025
100
1355
829
614
170
1446
751
1479
230
1919
707
1971
913
1871
1012
520
973
899
1747
1247
1705
427
1908
1131
2028
1773
1704
1538
701
1774
492
871
1458
1333
966
651
752
2023
94
289
1739
1970
698
931
869
1040
1565
1925
1684
123
1530
1542
1930
111
714
119
1917
1219
1844
1698
647
458
1735
1811
0
1560
1278
1250
1836
1757
1881
924
537
717
585
161
788
1400
1125
314
1893
1659
1848
1589
41
1988
1608
642
1451
1204
1918
675
1075
1138
268
589
937
949
168
1297
465
171
922
306
652
37
500
816
160
1206
152
563
480
81
1678
1856
1013
1817
1021
1577
1076
2019
1827
131
515
1072
979
1109
1069
1822
754
318
2024
1543
730
89
744
1882
2042
156
1178
1363
815
46
347
1581
446
1780
70
1547
1293
481
914
1755
1728
430
799
1732
1427
487
988
1093
794
1098
1289
1808
759
1213
422
1059
540
1702
115
394
1685
1244
1105
1859
1838
572
803
148
1564
336
1139
842
1841
1129
1194
525
1625
1920
843
2008
1995
1851
621
1952
1397
1921
556
786
353
535
579
1554
636
342
283
1450
1916
1359
388
166
1010
1030
1819
873
856
473
1613
1416
916
857
1091
251
1843
386
1463
1312
1797
78
1603
806
1373
627
1174
261
1441
1683
1184
1756
1113
532
434
819
28
1956
1393
1525
1090
1020
971
315
514
423
779
1001
558
1361
163
1778
1857
265
1660
1617
559
1646
2026
288
1936
861
745
1236
12
1957
1408
1187
1640
1337
1721
1136
560
1176
1903
495
1180
2003
1111
93
22
901
1960
1395
1117
1765
1776
1926
189
118
1978
1805
84
91
227
1354
439
40
630
1782
1487
1100
421
1230
164
1897
389
516
1142
1175
232
812
1488
1470
545
1714
2005
321
247
1369
2002
1620
1077
48
1669
324
895
1938
1566
1486
187
1377
236
60
2031
1832
341
1063
904
294
769
216
319
382
150
1772
1901
263
628
1097
1601
1405
109
517
1347
801
141
1009
932
249
1592
704
1691
224
1335
1241
741
356
575
1266
1019
61
1119
691
1544
908
146
1886
425
624
862
1831
970
1994
992
255
1991
524
1609
977
285
30
1996
1907
705
175
1624
644
1696
1254
1734
1143
1222
105
2033
1793
999
1630
1966
866
782
711
1964
926
403
1147
284
1597
1576
1248
969
853
1671
603
1742
1156
1518
205
153
182
2046
1951
1398
1191
1621
269
1153
1295
577
1158
282
772
1197
718
884
1695
552
317
2007
1061
57
1913
293
1264
1088
1081
225
1011
1517
134
441
493
1562
1801
1205
1353
98
978
1296
1553
680
470
1383
1007
1177
1364
1299
837
2032
670
6
1948
240
55
1536
1590
21
629
1212
1541
1038
1795
1428
1421
687
910
1535
1854
566
648
533
456
641
1507
625
262
1567
947
1651
1029
459
194
867
184
544
1666
1124
941
1162
697
676
1102
211
1161
940
2040
1770
303
1127
1855
1396
987
376
1740
1016
397
1594
1839
1457
1520
1349
530
546
1692
1179
1614
1572
243
275
112
934
237
1904
771
32
1803
65
639
377
662
749
721
583
902
1523
1467
452
1066
1816
1852
818
203
122
991
445
1362
726
1762
1403
986
1571
852
706
1251
1505
1680
1519
489
1689
855
1628
1546
157
130
760
775
1286
1307
79
555
1253
893
1381
296
1548
660
1371
1967
1344
1890
1080
1287
584
1285
1334
1809
1885
1824
817
1445
1343
885
762
790
909
802
1604
2016
151
267
7
944
54
1911
116
1494
868
1087
1498
961
43
273
348
710
192
608
1540
657
1202
102
615
849
1497
1880
1387
702
1783
1022
1699
1657
1766
1840
1649
656
36
1645
677
1551
1115
1332
242
1727
1388
39
1582
432
1481
1946
301
1315
1826
1214
1986
217
1413
824
114
588
49
1336
442
1529
1846
1432
1041
1319
1051
1927
491
82
1265
1876
591
107
1574
1071
820
1723
1515
1610
1394
1945
1924
1006
176
1269
1322
1183
431
248
1271
1829
735
405
1181
612
302
1709
1233
290
1944
1321
935
2027
312
2020
207
550
33
737
345
882
1056
1323
159
1284
1623
1677
1950
1267
1929
1210
178
1026
1054
1496
1340
1288
1720
785
1208
1065
1196
616
1873
453
125
1763
309
724
365
409
1149
1863
215
1110
1079
649
1998
787
915
1999
1943
1130
1596
231
883
1912
709
1
1262
401
5
2047
72
1410
643
678
1580
1631
1169
349
1638
738
1475
417
2015
945
1220
34
1372
807
1584
946
1664
351
468
433
1437
1555
483
1814
602
1900
2017
1980
142
1990
1252
886
634
1078
1107
610
23
1227
1688
1570
618
355
522
1853
1037
498
547
73
1086
210
1043
1360
64
1622
4
2011
1422
1870
374
1302
1008
1502
860
1385
424
1389
143
720
1534
669
140
1096
1979
950
45
1858
1480
523
387
1652
1791
444
339
497
2021
447
813
996
793
311
455
1462
1825
326
513
739
1447
1366
1749
731
1226
1892
1472
903
1313
1730
1173
496
1148
1760
1802
2025
1744
1298
1779
1591
1280
844
1017
989
936
1238
1411
1697
1533
1959
1874
1273
228
1433
1118
1218
1768
1420
384
872
997
690
1306
1794
557
74
1491
250
155
1103
223
494
1615
1489
443
1906
655
593
85
1963
763
169
158
580
418
541
1647
1522
2013
1473
1537
1711
543
1894
1345
136
736
1508
864
1928
561
362
939
327
286
1327
1679
673
1872
888
1261
59
2009
476
850
1947
1435
780
753
1469
1868
1055
244
1215
226
693
1934
1682
375
836
1741
963
773
666
395
1583
69
1558
313
1545
235
587
1249
1390
1633
1830
222
1932
471
1800
97
1282
1655
985
1234
1094
1108
1785
1128
467
1329
1528
805
976
1585
568
1665
1440
907
1370
1713
1715
2029
185
1905
165
1949
1860
928
1579
1626
390
1431
638
1962
1092
1985
1165
1386
1786
90
274
482
154
965
364
1352
1436
1842
967
472
183
646
316
233
1587
1650
995
783
1255
911
887
723
1939
1430
1257
334
1636
400
201
1485
1225
667
1845
942
343
1039
1997
1224
1662
1915
2043
24
1849
2038
298
1738
1409
383
87
789
104
264
1954
814
1159
1112
943
1376
1089
708
2044
601
138
712
1512
460
10
1806
1552
245
725
208
2004
1000
503
519
1559
531
323
297
1015
1767
308
811
1958
1235
1263
1052
135
534
1884
179
623
354
1813
1992
1419
1977
337
1277
344
840
1563
1027
1060
429
1434
1203
181
521
1837
1375
2012
408
1259
1658
1198
1983
1899
551
360
2014
1193
1477
1953
1379
683
488
1575
1152
894
1170
190
1384
454
1281
1014
777
809
1116
688
62
1973
1324
827
1675
1357
1456
1877
919
99
1987
501
1605
1141
2000
1635
1632
699
38
1654
876
1047
1123
938
948
847
574
1483
567
822
406
1724
256
607
1424
1402
1676
450
1818
1736
758
1120
929
1509
1607
413
671
1439
88
1412
16
748
1896
1018
103
322
898
878
578
510
640
1132
1068
415
333
984
234
1310
964
713
795
1346
1316
367
167
300
1084
1606
1464
1443
834
571
281
958
1935
576
1823
1573
832
346
1526
933
1461
1972
921
685
76
1237
1311
1095
1737
880
357
672
56
1719
464
1024
120
1867
1639
1648
77
1275
1231
1121
86
1308
527
172
1909
1229
1578
66
1258
1989
590
1032
1246
582
1036
740
329
1769
1869
396
412
1058
1033
1712
1722
1586
1717
733
800
1611
1438
1777
1082
536
686
504
1937
957
1228
121
645
1993
307
509
1423
770
1969
573
1232
1301
631
1276
1828
1062
320
923
1799
1733
1862
674
755
1602
1144
746
1687
994
1670
661
254
35
804
1002
1104
506
1653
1681
53
410
1330
277
592
1511
792
553
1404
252
218
617
845
633
954
186
600
1521
1374
197
1478
83
485
1729
586
791
1048
703
1726
1455
299
875
810
742
1339
295
47
605
863
370
331
1260
1787
469
743
1186
1326
658
1663
632
1049
1568
835
1643
538
1414
479
689
