893
540
835
769
2044
853
1935
968
1090
1754
267
1503
172
1948
1278
450
482
414
512
1237
588
1552
249
791
1375
710
1453
678
1873
1591
1665
554
897
681
1354
847
108
509
1403
1944
1618
1860
510
1441
1916
1520
519
1664
1266
1558
1152
1930
2004
1437
770
455
1842
1527
1202
68
631
446
1311
124
1037
789
1692
679
3
548
1813
497
555
1260
1168
771
274
1265
1920
1103
321
707
1226
57
1893
1923
1239
819
1697
1093
642
152
1897
1464
579
619
1193
634
374
585
1524
983
1853
912
573
1276
578
159
1345
1269
1795
508
505
1974
1997
1018
1652
1449
1596
1323
1148
643
1361
1137
402
1031
933
765
907
1156
1272
1015
182
1582
1660
125
920
1904
1149
432
277
1508
1334
1428
1784
1955
1816
1522
686
1380
155
1328
1612
427
1662
1030
112
810
1043
301
999
1657
1559
369
806
1595
762
526
1460
1945
550
273
567
1489
1232
489
111
1730
1218
379
230
1379
741
1248
1036
960
1716
1812
1915
1907
568
1426
1351
1913
605
1422
1555
151
731
1917
1126
1987
1327
717
1298
1847
1504
165
1024
1054
1283
1824
692
516
1371
1367
1544
1166
269
845
1021
199
1793
735
606
700
27
1066
987
757
988
1747
828
1828
231
1899
1717
1189
553
1521
941
120
359
1894
192
90
1841
1321
1457
178
236
328
1601
1241
42
1250
1607
1523
1986
95
63
1653
2010
197
1231
855
1308
1736
1734
2012
954
221
1295
490
1305
272
639
982
1572
1673
1721
185
986
1981
1301
305
939
1755
40
1538
1336
295
938
1172
715
388
2009
1016
872
378
498
262
391
1108
1858
860
837
1502
419
998
1829
1417
97
190
1446
1022
1542
492
1759
1088
1613
545
688
444
1517
1067
596
1481
1377
422
672
1896
675
943
1479
1179
1171
866
1658
1808
928
1874
210
1293
2029
306
1906
887
1811
468
1677
617
959
1205
1486
116
37
8
200
384
1264
48
1838
1790
1680
583
1670
1116
1500
1963
1450
1785
802
1077
1046
1814
308
319
1292
164
865
544
415
875
169
1462
1111
1968
1903
952
2018
693
782
475
278
612
339
1969
449
1009
1416
1488
1195
93
1075
1589
1689
532
1117
662
876
993
175
1786
452
1674
35
1425
1161
471
1732
1183
1506
420
202
137
283
91
205
2037
243
1159
83
1006
1720
1951
747
203
1470
75
620
485
1774
46
601
1299
1809
1410
222
276
467
972
1490
1539
1026
1114
1392
929
595
1922
633
811
816
81
698
584
852
1113
677
1866
0
518
1070
1885
1762
917
1325
161
953
176
1011
563
170
524
76
923
307
433
1091
1290
107
671
349
87
74
1528
264
9
880
901
144
1768
1273
974
404
607
1633
1639
1745
1222
1003
1919
389
1133
1627
1316
1608
523
830
539
575
224
1925
1950
217
1409
1313
1722
45
1766
430
1631
1059
338
718
1573
1219
1710
985
247
302
1199
683
1819
1834
1406
1190
915
1333
776
905
891
558
252
316
2022
600
598
1209
1684
1035
1315
147
1352
514
1723
496
1614
453
1561
753
1318
1938
354
28
1393
1690
1246
1138
365
1571
979
1300
1875
804
1554
2
1569
1801
1196
1136
1900
1645
667
351
1467
1197
734
1499
703
1782
183
1483
803
395
720
201
1049
1174
1702
1973
1989
235
32
1098
1566
560
168
1798
1514
1306
1010
1703
838
198
239
1706
300
1317
831
1405
788
829
1971
1032
1820
343
1695
1891
1936
440
1643
327
640
1598
2033
818
529
78
1962
1484
1988
2000
724
158
1942
1373
1667
94
1217
641
614
1886
1033
119
701
466
1982
103
1792
488
1204
244
854
285
1023
1288
1914
779
13
892
1102
1497
312
1794
375
418
1983
38
1213
1369
1492
1532
317
1234
1617
1815
127
714
1799
386
1978
304
1045
1767
691
1004
1064
1711
1833
1797
1335
1540
1238
128
1882
1411
1362
1042
1597
1150
1131
174
1429
1482
1105
1274
1998
1729
1726
229
447
1926
546
1433
1626
421
1685
2025
1686
650
1846
400
1592
1568
1880
417
763
1872
1398
1207
1821
31
287
1071
390
1513
2043
393
292
1144
1285
1949
1176
405
644
796
817
1530
99
823
177
856
486
1666
645
1282
70
2047
227
760
1679
827
251
1078
773
1635
207
1072
858
1543
257
1475
603
1432
1112
50
1976
465
932
2041
311
1637
329
723
1424
1279
1487
218
752
751
1038
721
948
1029
149
1123
372
209
1365
425
17
566
2017
1990
242
293
134
416
362
572
1147
60
1342
623
459
1625
836
115
1537
441
556
586
1687
1364
1584
947
1401
140
1563
290
1927
1977
1675
1
1682
1761
1567
462
1752
1733
1110
1052
1648
1062
1463
1139
2015
1789
895
750
613
1187
279
931
748
736
1471
1025
902
20
443
265
253
1056
900
1322
1140
122
764
241
520
1225
918
1953
1742
1058
296
189
1805
615
1007
154
1671
914
1585
1122
780
1118
100
1192
2039
495
669
1370
1443
881
411
843
1431
784
53
298
1080
1783
618
206
1531
1289
333
908
657
924
742
1262
1350
1546
884
1879
1100
1472
1646
1696
1779
590
464
1257
2031
961
689
794
1210
504
113
537
1094
604
1776
1632
1407
1979
1332
49
1326
799
1741
577
1848
1000
1965
138
883
1830
460
1324
1145
195
543
1468
1175
673
965
647
1712
1247
574
289
1529
2008
1918
628
809
690
1160
659
1534
1737
1020
1806
792
940
665
322
1739
1359
1028
1991
1681
1331
1420
1181
1939
1735
807
569
340
1952
1101
864
1386
863
699
1777
1549
904
501
966
2046
737
89
1414
1600
712
412
1959
1604
1611
1294
438
1669
1495
1921
1480
530
1693
1346
682
997
213
1577
610
204
1678
1603
454
442
1128
1271
542
1898
805
1663
2016
1498
1840
738
1583
337
882
237
1533
1382
1275
1473
571
1602
313
1057
746
397
1186
624
18
655
625
1158
949
1252
1701
533
898
937
1994
367
1852
2019
150
1206
424
885
1940
559
1845
1650
1076
635
1749
1141
658
1871
964
196
403
1630
457
1083
980
1061
1562
670
1647
171
826
1419
1385
1162
1587
1412
458
1570
825
956
1391
360
1992
21
1550
1493
963
10
71
162
1496
1439
356
1249
1691
1931
1654
448
627
62
1576
1390
755
26
1780
476
608
86
1659
1565
1501
456
429
1884
1154
357
1556
1957
1505
733
347
709
744
1157
1445
143
1312
1713
1628
813
975
211
59
894
2034
1839
1143
240
36
1644
1244
1656
166
1854
1107
1339
1253
5
1142
1063
376
768
1307
1719
2030
783
366
352
1127
191
1622
314
1560
181
2035
346
212
14
280
1934
1850
184
1594
1381
599
1185
2001
1227
1966
1182
1851
1050
1330
258
2011
1836
903
1267
364
1485
33
1034
1621
1201
472
123
1864
310
353
299
602
1198
56
1106
368
978
528
1338
1641
772
1912
88
1358
1825
661
696
1357
656
616
1104
157
1773
2014
890
1620
1956
1728
1214
1958
1400
373
1849
632
2002
1019
1902
309
513
1933
1924
484
320
245
522
1372
2036
1818
65
1287
531
767
694
1430
361
303
324
1760
795
732
118
1456
335
840
992
480
1908
1399
4
1167
1740
1319
2006
1714
1474
798
1843
1861
1758
552
1985
849
377
705
114
1402
439
233
1296
1165
916
1281
410
896
1638
1771
19
629
821
649
1084
1822
1340
793
1277
725
173
976
1454
1975
636
1132
547
1541
54
1178
1261
557
1615
380
1408
1826
1164
766
1314
739
926
1344
1619
1781
971
663
232
436
1999
1477
64
1270
117
973
500
186
6
1221
935
11
355
326
591
945
487
2032
984
1349
1746
1461
135
2013
777
1509
506
1240
842
1911
1881
387
781
1124
1512
562
1870
1769
392
921
315
1073
334
570
1060
160
255
1355
1636
774
12
515
1263
1413
385
1787
638
502
1738
1065
1672
878
2040
991
102
2020
582
7
1932
2038
1996
188
1980
1012
370
323
1001
1750
1310
758
702
1859
1002
435
730
473
263
1303
1343
399
1855
886
950
1005
226
1744
470
167
350
1810
193
104
859
228
1233
666
148
92
930
801
1228
1451
1507
841
589
499
822
1699
1394
1642
1629
1097
576
1245
493
1599
1545
332
680
52
503
1715
1041
1146
1586
754
1069
1074
1435
1580
1353
967
336
969
34
16
394
1304
1087
534
1857
1655
626
1476
1993
1119
1404
194
551
1235
527
238
990
1448
775
1013
1837
1876
1229
426
132
668
706
1547
1082
1440
121
2045
1764
1564
1765
521
981
1865
1817
1442
77
145
256
820
1434
2021
225
2007
106
1581
517
39
2042
1068
597
153
1366
408
1081
958
1743
927
1753
1909
1309
611
82
1438
254
55
1170
906
1698
565
69
342
1803
1444
1708
494
1044
141
136
1258
1890
1348
1605
43
839
1200
871
1418
1459
105
1099
1469
318
889
383
23
139
1040
1341
1421
593
1039
1668
234
1748
609
1694
129
711
66
58
994
1302
942
1297
1590
1616
708
1704
1964
1835
220
2026
1163
1731
1360
910
888
756
1844
581
1827
1772
133
281
1756
922
785
851
67
1396
398
219
1191
47
396
491
1707
824
1727
284
330
382
1291
1395
561
874
695
1212
535
850
1775
1788
30
1092
41
1947
259
223
1610
469
1943
1515
877
1347
1700
873
25
1494
72
1055
1053
1519
722
1089
1491
1251
130
1901
778
1478
653
957
996
869
622
2023
685
371
1135
2024
1640
867
1791
179
1831
84
1535
1051
109
1578
1688
51
1008
1551
862
1862
594
1954
834
833
1356
814
282
812
1255
187
331
1284
1085
1115
1215
345
651
1867
1177
61
925
870
22
29
790
1254
1368
401
1807
1268
1243
451
423
787
660
266
1180
1134
483
664
868
1869
549
654
713
1423
1856
1518
1661
587
79
592
1387
1928
951
1929
1887
1223
1967
1376
1941
946
1203
1242
463
1337
363
989
630
797
1770
761
381
1027
919
899
1384
96
434
621
481
955
1910
297
1194
1888
970
740
1286
215
1224
1778
288
511
208
1832
1436
536
156
962
24
674
1877
646
246
409
1724
1960
1095
1121
1970
407
474
80
1718
1155
1374
44
1823
1048
1184
580
1169
1937
1649
861
716
564
759
478
126
344
1120
1153
1079
1047
15
101
1574
1961
341
676
1208
131
832
934
846
507
684
1705
541
477
1447
944
250
1452
1878
1329
728
727
1984
844
214
1651
1548
857
1802
261
1763
1526
437
1536
1397
1466
291
538
977
1096
1130
1868
275
110
1804
1259
1173
163
358
1889
749
1609
1236
1624
1280
1525
1188
413
1415
98
1757
648
637
1230
525
271
2028
431
729
1892
180
1905
1946
1151
248
286
1378
697
1863
268
1363
73
1593
913
348
936
1557
743
786
1216
1516
808
461
1623
1995
1510
428
146
1709
1017
1511
1320
800
1125
1575
216
909
1972
1109
479
815
719
1683
1129
911
1427
1895
294
260
652
1883
1796
1751
2003
1388
1579
1383
1458
1553
1389
1725
142
1634
1086
1455
848
1465
726
2005
1256
325
406
1220
1676
687
704
85
445
1588
2027
1800
995
1014
270
879
745
1606
1211
