120
547
1807
434
1448
1733
1045
905
1878
1396
912
538
784
1652
129
769
839
1379
315
824
1243
339
504
1136
508
684
1758
265
1902
1612
224
435
1329
1365
672
414
1585
1976
117
180
1327
1967
1254
1661
46
1090
679
1890
323
1216
517
533
2036
458
792
1279
1773
811
1588
563
1245
1989
1262
1049
192
1167
1190
251
1321
1952
731
2037
773
347
103
1033
1294
1391
235
270
69
1337
1332
714
690
645
706
1472
29
1631
1317
1766
981
753
267
1727
1481
266
1343
462
606
624
1637
1171
961
1507
1097
964
796
925
757
385
317
858
1632
1240
1799
593
1065
708
1482
1203
1153
375
250
1058
284
1074
1160
976
331
369
988
1829
1451
586
329
500
835
1616
438
859
638
420
1450
736
666
1205
692
880
1826
1516
1906
1513
1077
1700
667
899
213
102
20
1674
70
1406
1683
2024
1538
1193
288
1489
1767
527
2003
39
1125
1189
1251
1199
1445
807
50
991
1316
1039
461
1865
1103
1710
1274
416
903
1069
712
752
48
450
980
232
1875
1980
152
84
1968
389
536
1699
312
629
276
79
2000
896
463
1788
2004
2031
633
1232
2030
410
892
374
1491
592
1522
1583
59
97
432
1016
75
946
721
570
1745
1112
871
933
1607
1713
1892
1444
1676
321
675
788
306
717
1895
367
361
101
1883
1410
1275
1114
1494
1870
1830
1191
1029
157
1584
236
1552
762
1138
470
1675
349
63
256
1072
676
1362
1704
815
31
1366
1118
951
164
1285
1475
1400
1024
1784
381
561
768
1863
1497
1896
608
1543
1302
301
1852
1601
61
189
496
417
1948
187
628
1001
123
1684
844
1328
756
595
1959
1860
1367
1545
58
1426
350
52
1854
1879
1395
1988
137
464
1609
1159
1789
969
482
550
248
939
637
1042
90
856
782
1816
8
203
1023
1429
1468
1397
2046
1027
400
193
590
1888
1268
313
1572
1233
1669
1770
1143
324
1449
307
790
1729
1147
1169
1295
443
1586
106
107
447
294
1088
1861
479
1412
755
1813
512
1798
130
1370
2027
557
1966
13
158
1207
243
1178
1459
831
1779
1924
924
335
362
1144
1571
1046
1129
1740
21
523
1158
746
1105
1310
1148
611
303
1471
940
1963
1581
1749
293
418
663
950
342
245
446
806
444
931
609
1127
481
583
1958
1131
105
726
834
277
1732
1985
1613
890
1192
1793
974
1037
237
23
522
516
546
1757
127
510
1218
618
978
1116
548
735
1982
295
709
1679
1493
1744
1594
913
649
141
1850
264
902
10
1629
1237
1278
18
1214
498
1388
965
1999
1456
1917
1670
1227
982
466
1228
413
1094
2022
1248
1720
62
627
1939
1483
1768
209
1814
686
2021
108
1956
926
1020
887
1421
1604
1804
100
650
1092
1648
1165
376
883
1558
589
1111
1656
1717
1582
206
619
2006
1025
196
745
1
1686
1955
1417
986
653
291
1662
795
1226
1064
1239
344
115
1802
1297
587
185
878
1626
1150
1373
1004
1634
1345
566
1811
151
112
1611
1781
840
1128
1623
1622
1415
818
932
494
268
493
1564
83
2009
1260
1474
226
223
419
602
1750
591
1725
411
1509
1995
1741
1974
1514
1479
1806
1643
1149
272
1858
78
1992
198
1659
1984
145
2028
680
94
1840
116
1747
841
154
783
1030
1180
936
36
104
695
1173
74
1374
763
668
1866
529
812
1640
1711
219
167
47
1762
407
855
1645
886
874
227
1464
603
813
626
397
260
113
495
921
1418
1133
625
1403
1053
1932
1132
11
1533
787
1617
506
1738
1701
1008
1949
1303
156
1654
1253
539
354
1780
1156
67
160
1161
1104
669
1680
1508
1945
1688
330
1755
1731
514
1323
1685
542
22
1857
960
545
85
404
1145
644
1220
879
225
1325
1060
402
1527
499
305
2043
173
1763
564
1096
309
1595
1287
2016
1272
1130
351
373
1492
1346
1333
507
1342
5
2033
1636
1977
1715
1649
1658
174
1085
252
691
480
242
696
1605
1532
1664
1927
1347
657
2017
622
1062
121
1971
1121
1874
2026
1803
620
949
854
1871
1155
1910
1351
168
0
1835
1141
832
408
1501
1223
1080
1933
1846
9
96
1405
1229
1812
851
1719
54
263
1411
1923
1249
1360
1091
766
93
767
210
909
852
723
1349
231
304
1590
424
1181
1920
779
1849
579
1115
1950
1298
985
868
460
1885
808
598
861
1573
1914
810
631
426
600
1101
202
518
1259
1319
86
1519
1880
336
704
4
748
1606
169
1620
658
1808
732
398
1250
1334
455
567
170
1589
1066
1541
937
733
477
920
715
1904
764
1821
392
1081
1901
258
1970
1059
826
685
150
1186
254
2007
1435
1979
1900
1990
816
554
1551
1836
1416
1425
1151
1574
1505
326
821
1946
1526
1353
253
759
1467
1911
296
1283
682
1106
744
1014
1462
171
257
993
172
604
1087
935
340
1877
1734
1256
1599
698
749
1947
1399
244
774
1204
569
19
1427
82
928
448
616
1288
1618
1921
724
1424
848
707
761
1307
1496
1277
1224
770
738
1048
1436
478
468
1608
873
1797
1054
271
1361
1324
973
319
1644
977
1413
849
153
1270
179
614
314
1991
1550
35
118
727
1021
1393
543
1382
1855
1296
1549
1657
1646
449
1689
1672
65
1548
1026
1579
1597
2045
1843
1628
2015
825
1997
353
469
1565
1728
1665
346
884
594
425
1308
648
1554
520
1194
1455
1184
1503
571
1965
228
843
597
255
1238
1841
1409
178
1639
1696
1490
204
889
670
1422
1557
718
247
445
491
537
109
1818
1867
233
838
1055
1000
687
1061
1217
560
1261
1873
1208
1381
297
274
1107
954
1211
662
1817
394
837
261
1996
819
1783
2008
355
1694
1638
2039
184
1777
1635
2032
1338
195
1485
166
556
1568
15
607
290
1309
847
1748
1185
1525
1470
483
1913
1152
177
1246
1520
1832
285
1264
1123
575
656
1839
1368
1624
987
1987
1746
1667
490
1897
1772
1095
750
430
1183
2025
128
997
453
1591
869
131
1805
371
159
110
1655
1137
544
6
1044
1036
1610
778
2013
1076
786
1419
1291
1650
1389
1753
711
1187
1446
660
860
1815
1935
138
914
1972
730
38
617
1561
1200
990
1166
1300
1908
1957
1540
1712
1962
1376
111
1603
1515
1794
1682
789
842
1593
1569
1420
2005
1284
760
1562
1602
791
1898
1331
1677
1742
1739
1322
994
799
1833
66
1182
846
1641
1135
1691
1647
1796
1034
984
1726
705
636
678
1196
1265
328
1292
140
1018
515
919
1820
829
1986
1460
1756
1170
1281
1862
194
572
739
1198
1651
1916
220
215
42
1386
2034
241
1517
1172
1706
519
1759
1831
1047
64
1371
1452
664
56
742
186
422
568
867
1117
1703
1219
1007
528
958
1981
136
800
906
1257
1487
165
576
1823
1851
279
142
872
888
722
428
1671
1477
673
521
1142
513
1305
1625
1810
1499
1864
1364
535
699
582
403
1407
1154
212
1743
671
211
1893
1760
302
1110
1521
1993
1666
953
1480
615
1498
1653
25
1951
1891
2029
1003
139
437
1723
190
1276
459
1842
188
1266
1286
995
1822
641
1905
968
1907
1314
175
702
823
409
485
1736
573
144
1845
208
1356
1179
1556
1724
89
1175
817
1289
503
850
1293
7
218
1630
1247
1619
918
1002
1009
1375
191
526
98
1222
1139
372
1454
1702
1437
751
30
332
1819
1408
76
492
1825
415
559
1937
1912
1790
998
1600
863
1542
2018
388
881
1771
963
1093
246
1827
996
473
1015
1506
580
857
2042
28
378
1344
948
1457
771
1357
605
1922
729
1230
1098
1553
1692
431
1801
956
183
1318
1163
287
1718
2012
34
77
1423
1869
1764
17
1930
234
1465
967
239
1340
1735
368
743
1544
929
772
379
456
1195
161
474
802
1774
1512
1529
2035
584
1994
505
401
1040
1697
1019
1478
37
1056
945
639
501
1273
1944
1792
1598
292
1031
1856
1086
1089
1925
989
701
1255
1681
1431
55
1428
942
1404
1402
553
27
1011
1721
1668
877
155
338
1043
1978
286
1754
1352
747
1800
893
1201
898
1113
320
2002
1038
1928
148
659
915
1502
827
944
1894
176
60
1315
487
697
1563
828
217
1844
365
1012
1306
1083
1918
1847
91
384
1534
423
442
1006
710
999
1566
1398
975
1693
911
310
199
1559
1535
1326
92
406
1881
1380
441
1068
1215
562
1458
1028
713
1539
382
273
33
1078
719
1998
1929
1013
885
1119
1304
1330
634
1678
163
917
1884
1926
345
1484
992
2019
654
552
41
1140
1705
551
327
532
1524
677
216
1555
1709
1051
777
1354
1100
269
366
908
509
132
1690
904
205
1469
325
222
343
467
275
457
1523
1052
114
1707
1642
1311
694
1271
797
907
24
1082
475
1290
300
135
146
693
1751
53
1518
283
1776
1377
922
95
486
1859
405
322
1730
1587
588
599
427
652
1244
143
1430
1837
1824
541
1035
240
822
805
785
665
278
51
16
1378
73
1936
1392
630
465
2011
703
776
1252
1887
502
451
1942
1536
88
524
71
2001
1975
793
1528
640
585
1787
1010
1057
1050
44
621
613
534
683
741
1961
725
221
2
1005
2038
32
897
80
866
1791
1213
923
1235
836
1973
1157
947
1241
895
280
341
934
1453
809
26
1164
1834
1162
1575
1576
259
882
412
383
681
45
864
1673
1383
484
439
1385
249
380
1954
1708
377
540
87
1504
1960
814
1761
334
421
740
1108
386
966
122
230
577
1698
3
1441
661
1488
651
780
781
930
1075
393
952
1882
1765
875
348
1263
488
1511
197
1099
955
1876
900
1369
1909
1414
316
440
688
979
1615
1940
126
511
549
1197
1941
497
635
1447
2047
1067
876
1578
1546
2044
364
927
472
489
318
1212
390
43
1032
2014
1769
1633
612
1969
775
1071
1432
1964
162
1695
289
1785
1466
1350
2010
1809
229
1401
601
1716
596
1495
1109
916
201
1853
1919
282
1022
1577
1258
1225
1269
1486
1752
1434
1580
1348
2040
1102
1943
182
891
531
2041
643
798
363
1473
391
1335
1174
1443
1621
845
1886
308
1063
370
1433
959
1341
674
1168
720
1387
1722
1084
1384
1017
1231
1931
870
134
1313
525
765
12
530
1282
1872
68
647
1500
1372
1868
1070
1934
558
1531
452
99
1778
1899
1560
578
81
1889
581
299
360
57
1596
1134
333
1983
801
476
1848
574
1320
820
983
1242
1567
14
1209
1782
1358
1737
1614
1530
429
200
1663
901
124
1838
794
1547
1188
72
125
1234
1206
1476
2023
1828
1301
352
436
1177
1312
1461
181
298
40
1236
894
1267
359
399
1126
337
833
804
555
1176
207
962
356
1786
49
1299
1041
1795
1363
238
1336
149
1120
1463
1394
1714
147
655
803
700
862
565
1537
357
1903
728
1355
734
865
1442
1124
1122
1687
853
454
623
1775
1953
471
754
941
1146
1938
1210
970
716
119
133
311
610
395
1660
1570
972
396
910
1280
632
943
1440
1339
737
1915
938
1438
214
281
387
1202
1592
957
433
1627
642
971
1510
1439
1079
1359
1073
1390
1221
830
2020
646
358
758
262
689
