2032
486
1841
670
718
1420
1294
607
1818
564
939
1696
456
1500
577
1362
702
534
919
1846
316
1108
295
31
1302
1467
493
195
851
1208
1628
126
189
1227
176
853
1309
1634
355
905
1947
1184
844
1808
460
660
384
180
916
551
2047
584
579
526
1170
227
61
1470
764
28
1404
1749
1407
1038
1254
550
1350
1189
1554
147
1029
1277
1698
1501
726
1002
1762
1074
1323
600
1405
959
1949
1152
1869
431
1916
1545
2006
1119
1963
472
1689
416
1512
1147
1109
115
634
1004
1596
531
1293
1988
1842
166
1817
1983
2001
510
392
303
59
182
1980
494
1504
574
1985
484
131
396
2007
345
1068
1632
1204
1686
925
811
1142
1915
789
1870
1670
827
1026
1057
1386
1655
1218
1520
1299
2004
970
1662
627
767
13
1647
1154
1543
204
699
64
605
1868
1128
1065
914
1356
90
1530
1095
1602
146
1369
544
1023
616
1422
783
923
352
347
573
306
742
1199
1644
1674
1187
121
507
562
1887
778
926
1379
1973
1781
449
259
1803
1692
439
823
1888
1382
297
1886
71
14
984
1096
56
1084
1825
1125
236
648
1547
1438
1307
1246
302
167
696
1427
318
1605
309
1447
485
908
2009
98
1058
12
1249
1325
1305
1908
1932
1678
1022
4
1771
645
1966
289
1622
390
877
1679
559
1306
1575
1493
1056
631
1775
362
197
1240
1347
621
1560
1693
661
798
1782
459
1025
1820
106
1495
1429
1660
188
1353
388
430
389
25
2036
1859
170
1997
1384
1982
1914
330
1146
1114
1237
1941
52
545
1450
366
557
1355
2017
641
1515
1327
1117
1270
311
1094
373
854
1457
128
664
930
20
1458
1654
1487
96
249
1036
1048
683
397
275
196
1179
87
594
706
651
1613
686
2028
1007
315
1740
1862
558
1149
1537
521
1156
1942
756
391
1680
418
1177
724
398
1103
1473
1685
1556
1551
1104
1542
361
1345
372
794
1879
821
1234
1496
102
1274
1906
1460
679
332
282
394
370
1911
1574
1553
1030
1488
525
158
1185
1360
812
1150
48
1705
834
1611
1171
1399
1192
805
1157
1060
1498
1677
992
1918
1831
1075
1807
1718
1021
2020
1442
16
333
11
1361
209
933
119
1444
395
961
110
39
682
1069
219
481
343
1713
1625
134
1489
307
895
740
1959
1761
725
23
233
214
421
1383
199
1271
438
1245
1035
1924
954
1098
1092
1351
950
437
1478
689
103
57
1736
1720
1940
364
1506
1722
326
1899
1815
461
363
1584
1517
1241
585
1610
791
51
1708
475
1672
537
1341
1699
790
301
1102
1875
1263
1589
1667
150
647
1994
1045
1455
1652
1136
906
1847
163
931
603
35
67
426
1834
762
136
1408
1418
208
2038
1971
1669
124
1930
314
658
322
1019
1853
125
222
1568
377
655
174
202
1877
1688
555
587
1861
604
255
422
1979
1565
185
1284
1073
266
2011
135
1061
1922
99
1392
1805
1880
1962
826
1409
1970
104
763
464
33
1055
253
1303
1367
41
407
1630
1717
2010
1321
944
1414
927
251
843
677
143
1166
169
179
1051
575
272
932
1972
111
1621
1671
1238
2031
1262
1730
1787
1577
809
1838
399
1087
294
1653
482
1931
2023
690
986
698
1336
583
308
284
206
1635
1215
741
727
638
1755
624
1800
1921
968
305
1534
1528
1001
94
513
945
357
861
415
1406
1937
1377
499
1247
1954
1167
356
530
1752
1290
381
576
949
155
122
1054
569
1683
736
1668
749
138
1779
2012
896
1281
523
221
1650
2043
367
610
1895
546
9
704
775
1510
75
1224
1791
518
462
1608
784
447
1529
1830
1491
1072
378
1948
547
162
2046
1134
2025
1676
1759
1785
1389
37
1998
1276
1927
1858
1333
379
974
1304
1700
1723
19
100
839
967
1446
323
1656
1798
1513
1614
1232
622
799
156
1216
1832
674
1929
900
1006
1366
116
1497
885
999
30
1365
516
1163
369
74
1050
1410
1330
1195
1248
570
1745
1734
1160
540
1848
198
835
1314
1682
1028
1944
1268
813
2019
349
1884
890
354
875
497
1105
693
1606
458
1626
192
934
491
1599
1085
1099
413
700
261
1116
165
1811
722
1592
1860
1961
257
1013
795
338
1802
317
1603
1617
1349
1063
226
234
1425
1213
1197
1401
705
1511
1400
1111
1292
144
815
1576
1934
495
405
1201
291
1316
1609
1849
276
1394
754
1027
653
1320
443
684
1436
1913
1957
335
1806
2014
1751
290
6
977
375
1809
205
1900
536
1974
474
77
1646
1975
1769
1836
1358
572
1641
1373
1003
788
1955
1690
769
1279
506
1285
1049
385
1939
1334
719
299
529
1977
717
514
24
1137
88
708
1228
1106
1926
728
652
270
924
1773
847
665
571
1225
1765
833
1217
723
737
639
1220
1255
1804
745
1312
962
980
1311
1158
1569
697
473
982
1704
1164
1763
662
1538
1267
1308
298
563
625
1525
220
10
168
286
374
243
1244
985
1168
1132
1151
1477
470
713
1746
1657
1207
334
901
1374
1047
1396
556
1502
806
730
500
1714
157
818
1214
1813
1453
130
466
1893
669
766
671
269
1194
828
101
1461
1086
139
976
640
420
278
1801
606
972
1902
380
1059
441
142
761
1928
1524
643
1417
975
1252
801
548
1721
1236
321
1578
744
1748
239
824
1871
613
1359
117
34
46
1839
543
2029
1684
1079
873
247
1499
490
903
231
328
1253
492
310
1451
1885
254
733
1738
1310
715
998
2040
1523
1071
720
981
1889
1833
1774
1995
1640
1348
1867
1555
867
1107
1724
1032
1435
620
590
1219
1739
1764
714
716
2013
237
479
26
864
1965
1645
1432
1131
1443
592
1558
360
411
1891
565
288
1492
107
1198
770
1176
810
952
1521
1078
1535
91
528
2034
1357
457
2008
849
936
1766
175
1081
511
1726
1945
1115
1328
1681
897
1843
1008
1133
1265
1391
755
1701
1627
1533
480
623
1140
593
178
1563
678
1014
1364
712
779
273
2018
264
552
753
1797
646
803
1329
1077
428
1110
612
244
781
1990
1607
1623
1582
1618
1728
1725
1169
1557
1960
841
471
250
894
1993
1000
417
1760
433
263
1387
989
425
1852
1091
242
1193
1864
1854
1024
1999
1324
287
680
1230
1354
95
483
1522
1039
1750
772
1243
1313
807
1604
1964
589
1673
787
503
22
747
709
21
1322
63
1143
672
947
1174
177
419
348
1573
1711
213
371
1783
876
907
1340
1278
1203
1727
1827
1778
1231
656
346
265
1145
855
1505
846
268
994
207
1020
1464
27
832
1828
164
201
1126
619
1903
942
983
870
863
55
38
133
54
955
1485
1909
72
191
561
836
527
230
948
1826
137
1897
1956
2003
293
114
1958
1388
1433
1009
184
324
1416
701
711
862
1923
667
1865
246
1202
1475
1933
893
1952
1907
1772
1239
1729
1591
1912
336
1703
1200
58
1251
1822
414
148
408
181
842
960
1855
50
1490
1124
1440
452
1612
990
1375
1222
1996
928
566
1572
1882
1469
637
1466
642
1790
1872
773
478
312
746
154
1697
1212
1598
1448
83
872
668
502
878
748
453
329
320
691
118
673
874
1275
1857
1112
141
1205
8
172
859
1331
629
190
650
1536
1743
1756
32
785
212
1829
2033
386
1559
1397
1122
633
1757
657
1587
1015
831
1178
1816
1978
618
262
917
368
1631
337
1430
450
1291
1343
435
1130
194
966
1196
300
60
5
108
1415
44
1062
1083
17
1053
42
1319
1423
327
193
476
1412
1566
1967
401
216
331
1260
1659
1413
410
240
1601
85
1920
1539
285
1206
467
542
469
973
62
1052
1896
1593
996
0
598
1741
1129
814
1892
393
1777
797
256
921
1368
2
838
217
1272
454
1315
1953
1935
615
1483
53
891
965
123
429
1824
1385
2030
951
1969
1269
1235
1571
860
1639
444
1561
1318
1633
1707
1016
1044
1637
659
825
339
617
1810
1845
2005
829
1070
434
1919
1289
1298
819
1282
1043
1088
1770
1472
1393
1082
160
498
1162
1135
1258
1287
991
1758
1476
1484
1317
1898
865
1338
1694
80
173
1503
792
1594
710
1905
963
1286
738
1651
721
800
1300
1419
2026
187
1863
1428
578
929
1744
1041
909
1951
1588
1256
1649
840
608
943
463
1046
1642
567
1288
956
776
626
78
274
1186
1665
734
1648
953
2022
113
595
1936
591
995
1518
915
1731
602
964
1337
881
957
969
1710
1474
376
279
1789
1546
1486
816
1844
161
1067
1878
979
1540
541
1992
218
758
732
820
1950
1182
1737
889
1732
1012
15
580
532
2000
325
1564
688
277
1663
1715
1541
1850
958
1567
1509
1754
582
1590
1768
296
105
183
455
292
446
1097
1526
225
436
1890
581
904
1139
1018
140
403
340
1431
1600
830
1691
796
258
2037
1005
1445
129
1101
850
1664
1173
1570
304
1042
200
888
597
1011
1482
1629
1695
780
1532
488
1479
1148
1837
496
898
1527
760
1986
884
777
685
1378
1089
1987
1643
694
49
1183
281
1155
1209
988
757
911
1120
1494
880
1562
1835
232
1687
611
1188
1211
210
750
47
81
1273
588
1233
1583
1508
937
171
1976
2027
1636
465
879
771
735
442
1259
1342
2016
768
1788
1261
1452
1620
703
1346
241
211
1793
477
224
535
1814
145
1335
1181
519
802
868
1456
152
520
1706
707
1376
153
344
1411
599
1403
782
1709
280
1434
1371
271
1370
1876
636
654
260
353
383
423
1925
1121
43
1883
1514
739
1080
351
1840
940
1481
676
1297
1821
1
73
2021
341
151
93
245
365
70
1223
1742
1040
1332
912
1468
1780
1017
451
1638
553
866
630
387
751
1449
1792
2039
79
935
86
1981
505
1784
1153
109
402
1090
817
1616
404
409
635
1398
1034
869
1138
892
112
1257
1463
1144
1984
1580
1904
2035
1666
89
1459
1615
1175
1037
871
628
887
1595
1280
1141
596
235
313
1229
1549
1296
632
1066
1191
1946
759
522
2015
852
1579
1033
1851
695
229
1719
1548
1421
692
902
941
1395
848
412
1093
319
1165
509
1113
267
1856
681
82
248
883
1402
29
1390
1712
1581
359
1172
666
1226
539
1076
65
149
538
1753
1064
1597
793
1344
1874
731
1938
512
2041
524
3
920
223
1658
186
382
997
837
1381
554
252
487
45
1301
1550
468
1507
971
1943
1465
1586
644
1190
406
1812
432
845
424
910
1424
215
1010
560
132
1471
489
97
228
2002
1585
120
203
786
808
1363
1437
127
1480
76
517
743
400
993
1372
1733
1747
36
1619
899
1161
1796
1552
1661
1675
882
675
649
586
1767
609
2042
1326
1516
238
7
1339
1866
2044
1441
1123
765
1426
358
1873
84
68
946
1819
66
549
1118
1295
1795
504
1786
938
568
913
342
1264
1968
1910
40
1210
1242
1250
2045
445
663
448
1439
1794
533
92
978
1266
729
752
18
601
1159
886
69
1283
1031
1702
1127
1544
857
1917
283
515
1380
687
1180
440
987
1624
427
1823
1100
1881
1531
1799
1462
1716
1894
501
922
918
1454
614
858
1352
1519
822
2024
508
1221
856
1735
1989
350
804
159
1776
1991
1901
774
