1093
1282
543
1686
2033
789
384
1481
233
1905
1736
1706
1659
1420
1360
305
717
1522
817
1608
1874
629
1186
716
556
1504
1730
1155
1939
1810
1944
453
455
511
1754
1876
269
175
1480
929
1045
0
1103
780
862
1731
368
27
443
1230
1161
1598
1136
648
624
949
1851
170
1092
1212
551
187
895
1987
523
1538
677
1568
489
427
1392
750
345
1664
287
809
1174
1482
1066
1409
8
93
1727
106
104
1004
985
290
1417
440
2042
742
827
1948
1097
636
1411
351
957
1432
1431
575
810
1515
616
126
1779
736
1815
365
1908
537
1478
1646
424
1573
1912
1241
1992
1303
429
866
1524
726
1358
184
1785
225
532
2017
847
402
1849
1991
1311
1398
288
767
1315
463
1437
382
1444
1065
1801
1067
2022
1400
457
668
944
1475
2005
1603
1517
1008
1534
1868
1033
417
1783
1579
1448
793
1078
1208
1609
1865
1715
959
1218
916
1324
1039
238
1199
1390
1305
590
2047
861
739
832
1956
764
1419
1821
442
502
1666
801
814
516
506
261
1655
784
278
39
420
986
813
807
860
1285
1644
114
893
1100
694
1553
458
1293
1818
622
1162
988
249
1697
1111
815
651
1422
1622
448
299
1507
1312
158
1871
431
193
1583
1464
1879
1829
1009
955
1880
968
1227
1575
86
1326
1637
887
710
21
159
899
829
1938
1192
1981
839
816
1106
678
660
507
1512
210
101
886
2043
806
569
1336
1526
1492
595
1284
1841
945
207
644
1897
1125
1548
1105
797
763
580
1643
775
635
1594
983
1542
1869
1558
215
521
1253
1322
250
54
62
324
1203
830
125
113
1295
1758
206
1434
1732
1175
1109
111
2036
1201
557
888
195
1653
833
1342
1587
966
301
1798
1734
1721
1313
1539
612
1468
1071
318
377
1574
561
1915
1725
1089
1870
565
1394
925
144
1440
840
819
1177
1427
115
44
1435
2014
1395
1343
13
216
1069
1035
535
1701
715
1774
1859
1496
1988
2038
14
1381
1652
246
450
589
1165
26
1308
127
799
279
1582
1359
1557
627
617
1382
1985
743
703
1058
987
1529
1385
1957
224
1430
912
1995
854
1921
1847
258
738
1418
367
380
221
371
282
618
597
230
583
1974
802
413
1298
573
1181
41
828
1960
1346
602
168
1344
1902
1601
289
1283
1170
197
788
964
1611
1679
1377
1503
108
1110
2019
1834
1063
1525
143
243
1654
524
57
549
1630
1527
439
479
1341
214
355
330
1675
236
1445
637
1156
1936
952
786
905
43
1036
1229
1062
1951
1406
403
522
601
1210
623
1623
1631
1075
1122
1969
1193
869
867
1717
1499
1683
1429
2021
805
2020
1223
808
1884
316
241
679
1016
1176
133
1449
1546
273
1087
1843
1032
1314
1555
965
1816
52
1015
504
1014
266
1926
713
1838
1903
918
1837
1266
1767
1373
609
356
536
1994
465
470
1918
47
204
585
1144
1348
554
800
1159
1888
295
1213
996
1776
251
646
107
1371
160
1672
531
2013
198
1249
1048
428
525
812
1277
1421
1455
530
1662
1473
1310
1835
1514
1674
1393
275
794
475
1856
587
459
1739
283
1098
770
322
1559
592
1569
1332
1465
880
519
1152
1138
874
2012
1046
1485
495
1256
1488
286
695
1999
892
1294
1530
614
672
649
1950
529
129
1493
1081
1356
434
17
1628
1345
139
1592
1200
619
625
412
731
1364
826
454
1714
1280
1509
696
23
1571
488
1932
984
765
2010
430
38
1
792
1523
1773
613
164
1019
1501
659
685
1612
120
707
1376
2002
232
2034
1387
1606
36
1761
1572
928
1133
783
950
1914
1447
1367
476
462
926
1235
1554
1010
298
1822
958
577
1722
327
858
911
851
1145
1855
1244
1264
1802
1678
1412
306
1194
1578
1839
1502
1365
435
153
1498
572
183
1844
902
1904
822
1347
1616
419
674
1233
1211
762
956
845
385
1656
99
1025
752
281
1079
1299
466
732
338
1878
760
1711
255
908
33
663
1965
19
1088
1836
1196
1910
639
148
416
1636
423
2015
314
196
1021
863
493
907
1064
406
1320
1384
1091
91
1681
1157
1599
1003
1149
1055
1281
584
1551
604
857
20
1685
400
217
449
735
222
142
728
1061
759
934
231
1919
1073
1453
394
1338
1416
191
891
2031
850
1581
1814
626
936
1795
1762
323
878
611
547
477
1549
82
894
64
1275
1705
212
1766
1006
1911
117
381
1001
239
1968
1163
178
1189
690
846
1112
725
1484
1289
1591
1140
1439
606
1618
1050
208
512
920
842
1617
1990
897
1906
172
337
868
1920
1510
1120
1577
1331
1128
1134
1173
1425
1458
1228
1755
1383
61
1396
714
1997
73
680
1086
708
548
1671
960
150
1224
55
1180
1325
852
876
875
871
563
1202
1242
1726
1792
1276
938
753
633
50
339
88
1357
1576
915
1374
1413
682
1747
661
1123
474
1296
518
1090
444
2008
1657
1107
1350
468
177
1949
6
865
823
734
741
1984
319
79
1191
924
2028
560
1068
501
838
1486
1188
645
1436
336
514
768
1684
359
1114
179
1240
53
311
835
349
733
105
408
405
300
1483
152
485
293
151
1461
310
1456
903
571
1584
174
1519
154
1290
411
1466
599
1796
85
415
2024
2006
1966
542
1095
486
1467
1882
930
116
709
1182
1037
346
1257
528
692
482
396
1820
264
594
541
1545
1750
161
673
1845
483
748
1012
147
932
1978
922
1753
235
1317
1634
1743
1775
1198
256
335
671
340
190
1692
119
691
1924
32
1861
1222
1459
124
334
1892
1645
1800
669
796
2026
1265
2011
1702
302
40
853
1803
909
67
1197
75
83
1857
2003
1784
132
1986
270
688
2039
1970
1327
1474
574
202
1677
1808
277
1930
1052
1237
1490
498
972
1935
438
564
395
1102
1923
615
265
1782
1379
422
1271
1386
773
1270
297
1940
510
247
447
1370
666
630
437
1407
1614
790
1590
25
280
1541
1862
751
1696
1989
1604
1913
1769
469
446
1508
1239
90
317
1286
1866
1973
490
642
185
1225
1108
78
325
1741
304
162
1127
1366
1101
1309
1954
1361
1937
1638
1680
598
123
737
1083
947
946
315
778
1220
1710
722
665
1084
211
1535
460
1667
1245
464
1975
1828
1195
1243
1737
1676
46
804
95
157
218
1185
1391
1817
1487
969
445
358
1057
970
939
134
798
1777
1927
779
1744
1148
1397
1323
492
397
756
1306
1291
262
994
1709
1959
141
1853
1363
1967
1650
1780
237
145
276
34
870
1673
18
1588
1945
252
1713
220
596
77
97
471
1119
881
1121
1183
505
904
1786
1854
1007
186
1846
1143
1380
1518
1550
843
662
1943
1955
1477
1005
1900
961
721
628
1842
1929
213
1669
484
110
1962
353
940
1566
1139
2023
122
15
1633
923
885
632
1610
791
1824
1029
1038
391
199
1898
1441
307
1402
1848
118
1735
48
1351
1206
65
1840
1254
1287
1362
1168
66
173
890
2001
1738
766
398
1712
1665
859
1952
1826
1307
1562
2030
1886
383
1887
1953
188
1600
296
1258
372
744
182
1353
1979
1018
333
1561
268
1076
607
1564
1104
1740
1414
654
1757
1405
248
1751
228
503
1219
1520
1626
951
675
181
757
2040
754
441
362
700
1763
1297
1996
387
1026
166
935
1462
357
1922
1204
1252
1993
1799
1433
68
480
1635
1028
848
1693
360
1316
1209
1825
418
1759
670
1118
856
538
1567
1811
701
404
942
879
155
130
227
1167
102
2027
603
1428
341
921
169
1688
1941
56
1827
433
1115
328
831
1304
1964
1947
1793
364
1457
332
883
1023
967
1768
219
149
1976
821
1137
496
1585
610
1172
771
1340
361
1074
366
131
1476
1262
1850
223
240
201
312
1805
1044
180
1049
1639
263
2016
390
1506
409
292
1132
1354
1670
1288
1470
937
1002
559
379
375
990
313
194
1187
1641
1116
1651
811
740
579
720
1565
1491
997
1983
1916
1013
1613
303
758
1917
22
1700
1533
1537
203
1027
872
245
954
1274
1864
1041
1452
1807
1319
103
30
658
901
35
1804
1728
896
1415
1516
128
687
348
1082
137
980
96
491
497
1660
1971
1877
1355
1998
1707
729
989
1544
667
1214
1234
1051
1426
242
1135
393
1446
1495
1301
209
1169
873
1454
386
1543
1830
1056
1661
864
1595
1928
723
1771
1334
1031
795
1791
1369
1072
1698
785
80
98
87
331
562
2029
1946
2018
1261
1171
1184
981
1424
2
354
1589
1689
1043
567
1247
135
2004
1130
697
933
910
478
1580
1250
1764
1054
1586
975
1812
1907
1024
1302
253
1099
1552
1627
1352
650
724
973
993
803
1404
136
1531
718
992
254
600
1146
1813
284
1752
1164
963
1034
1770
376
1321
1272
1690
1260
1438
421
824
534
1890
884
1832
1053
1972
192
257
16
747
769
1703
681
1226
291
1831
1511
92
1472
425
1328
63
634
570
1931
473
1647
352
1500
1153
581
772
1863
962
712
1521
374
1335
1059
259
399
363
558
29
1982
1909
1749
591
1819
582
1040
1268
1190
171
7
1339
373
919
1349
499
526
889
1615
140
704
608
205
1694
244
1399
72
1781
321
1691
1158
1794
432
1479
1787
1682
1389
167
1790
995
676
2037
1217
369
2035
347
1388
1642
1255
774
3
1901
1687
730
1619
294
112
350
5
1368
593
849
285
1232
509
643
121
234
844
576
1251
1532
1788
1745
1872
706
1147
1629
1695
782
2032
1663
11
1597
1718
568
1423
834
1720
943
1809
1216
746
326
1934
410
882
1724
1450
343
1221
9
755
45
60
941
1231
555
1070
1300
58
49
836
1318
1017
1602
1942
1833
1889
94
1620
487
977
1410
948
1246
81
1020
1408
1658
414
2041
906
1852
641
2045
1269
1893
176
1375
229
378
42
1593
1047
165
1858
1142
1513
1263
1141
820
1205
566
684
1563
578
1881
1789
727
69
1372
1129
1668
31
138
1896
1442
1080
1505
1279
71
913
1797
1891
1471
89
1556
1895
267
407
1729
900
1873
631
588
976
1160
638
818
1273
540
389
1963
329
508
698
978
1806
605
100
70
1330
1765
1823
494
426
308
1883
1113
1875
1337
1624
998
855
683
553
2009
656
999
699
991
1748
546
1716
200
2025
1772
1238
1547
539
271
10
309
467
1469
1607
621
1333
1401
647
527
320
552
1278
1933
787
711
1536
1708
927
761
1760
1022
163
1207
1899
109
1958
1460
517
1178
520
2007
1000
515
1443
370
1096
953
1126
1860
1117
705
1977
620
1077
1540
1719
974
657
1867
1733
1215
914
982
653
51
4
686
898
745
1236
1778
513
544
260
1131
2044
1625
472
1292
655
689
1704
392
664
1011
1632
917
1259
1497
971
388
545
931
877
1980
401
59
24
37
1179
1894
2046
1570
84
28
456
979
1649
1621
550
1756
1248
776
1124
12
1596
452
1746
1329
226
1648
451
156
1489
1723
1699
533
74
640
719
436
1151
1961
76
481
586
837
461
1925
777
500
1085
1378
1742
1451
693
781
272
1150
1560
841
825
1494
274
1030
1267
146
1042
1403
1166
344
1885
1528
702
1605
749
1640
1060
1094
1463
1154
189
2000
652
342
