509
1769
282
1306
919
1030
1737
1011
1894
302
1733
1877
598
1342
431
450
1687
1899
1757
1515
863
1208
997
320
194
206
1360
1973
960
1145
1469
1174
1194
85
1671
1557
763
1112
138
220
362
1744
848
867
58
1954
1398
1930
1244
1728
1818
414
692
2021
541
1499
837
1795
618
1928
1408
1485
2012
775
673
108
2045
1799
436
1714
1758
564
1607
8
1085
176
227
354
1236
1906
25
1288
1898
233
508
758
1071
1
395
578
1999
168
681
1934
1780
182
892
1783
1865
983
370
678
152
759
303
1748
1439
1032
1402
1546
333
765
1580
1166
1106
1817
384
1492
1354
1077
340
1879
1904
277
667
1317
258
1003
1076
708
357
1589
439
247
899
1978
772
1226
1452
279
1447
514
1183
274
1159
360
1592
1888
1878
96
1462
1526
1326
365
1009
18
794
271
1284
632
943
854
1293
1135
1193
1649
1692
1470
2001
1863
1048
779
402
579
293
1049
799
1837
139
12
1528
801
807
1401
87
298
502
310
111
1107
1220
366
1242
851
1759
1138
187
537
264
823
791
246
1723
172
800
879
1418
561
345
382
1856
1860
873
1792
790
1554
904
1037
1210
1981
1789
1216
1204
1448
478
463
981
709
1294
331
491
456
1618
1915
392
455
2013
214
881
285
768
914
1995
1063
1612
1467
1095
1895
1260
591
1964
1371
207
571
712
2025
624
291
965
857
510
1873
2004
1491
1409
956
1891
1428
1743
155
1704
186
193
597
1611
1544
806
1796
35
145
374
486
757
1331
743
1172
1706
1663
1028
1929
637
1657
1933
1160
1498
619
977
824
572
429
1233
689
1810
416
841
936
902
1222
1957
38
1822
1629
169
1798
1740
717
665
1926
1334
1411
1606
528
449
280
1420
1089
1147
1664
267
683
1962
1345
1016
148
1766
1828
1319
2038
778
1429
1501
161
84
1040
1551
1628
126
1440
1882
913
1630
1968
1674
739
229
1189
966
1382
1932
905
485
1596
720
5
410
847
79
1275
321
97
275
1433
1281
1679
662
479
811
1644
54
230
2010
1316
869
1958
1875
1312
1074
1846
635
462
1564
1156
1344
846
526
525
953
1819
412
1386
199
658
787
1815
1437
1134
649
1690
383
1935
1696
927
222
1764
777
1569
1432
659
453
81
993
512
1965
1015
251
1716
21
975
1779
493
1351
671
167
1650
1884
1827
373
195
1778
623
200
1694
1413
1350
1977
1203
1399
1577
506
1033
1123
783
1504
196
317
480
2037
1355
1831
991
894
2022
1121
183
1946
1127
1311
740
1576
1476
404
1131
1129
808
888
2043
1243
1761
1125
1161
426
240
575
1008
1137
117
616
1710
1240
343
860
762
1632
1266
2035
1179
1520
328
1642
1047
1332
1603
1043
1925
675
1638
174
978
28
109
1713
197
73
628
934
284
1238
467
232
149
1419
125
1901
441
1416
730
1937
1177
954
346
702
643
375
1482
685
633
551
1643
198
1807
1041
316
110
1688
159
19
1903
1507
1444
728
1336
427
399
1699
773
880
988
1019
1866
1841
554
438
1333
1916
1104
1235
1729
1984
942
403
224
1712
531
897
1940
1384
488
434
368
940
1845
672
1931
1600
915
845
443
1377
14
664
697
1393
1328
33
1369
1202
270
704
1793
1825
1059
774
909
1562
1829
832
1026
1086
1234
116
332
16
780
2011
490
1140
1684
527
76
1862
50
113
1599
939
1414
1190
1218
1173
625
1459
713
218
1567
1287
309
812
690
1443
1804
67
1967
1431
1527
1165
1283
1488
1537
417
305
1955
307
562
391
201
1438
654
1018
1130
448
648
1672
423
1775
78
124
1410
703
1472
992
1512
397
1012
1750
1658
1051
1248
26
472
1133
2031
1742
1722
1388
1346
630
761
1662
734
245
1659
94
558
655
1274
208
985
1035
24
4
1119
1756
1034
156
2033
1660
191
235
1347
1880
718
785
1524
760
1506
202
989
1084
184
555
1116
420
1372
59
1626
1126
1301
144
290
639
657
1997
1359
686
715
446
872
871
1023
497
181
1045
771
312
1446
1441
684
122
401
1523
295
615
1952
352
593
1667
415
1141
535
741
1370
1176
1923
153
336
498
1340
1857
573
387
530
1979
1813
653
1516
603
1054
802
433
217
1298
120
834
1521
1139
1585
1784
93
2015
1556
1843
1082
574
951
1251
1425
754
1029
831
950
483
482
687
1777
580
1661
56
32
1115
1380
602
1209
376
721
2017
1338
819
1060
1768
814
1118
1445
36
492
1423
2006
1373
883
185
518
1356
1122
1800
1568
1721
1701
1782
838
925
41
178
543
548
451
1990
1631
1309
1961
1250
369
393
568
1653
1604
1430
727
650
693
363
421
1090
1550
1814
1881
1374
256
695
334
1097
651
162
521
1897
31
519
2026
789
937
1383
1809
92
430
1753
44
1914
896
1910
20
786
1158
1343
1144
1367
1633
529
2028
933
1675
1668
550
288
1786
1969
62
957
1291
515
1885
1966
967
1232
1087
855
407
1971
234
296
367
1282
1105
1422
1169
300
1297
1791
445
1395
1755
10
1102
1020
323
313
1834
1627
1152
621
1970
1330
1217
949
1902
2023
1052
1774
1960
973
1164
101
166
1670
887
1080
1182
1972
1943
1212
922
840
2046
255
583
764
805
1823
1590
803
170
1205
1069
1495
1120
1473
151
882
1767
735
1707
1376
822
1001
938
63
66
1751
1067
1285
1279
1109
676
1996
1229
1870
1689
1539
609
1496
1676
733
1460
22
1648
204
163
1533
959
566
1021
1771
865
1579
1262
559
1093
714
1752
870
319
1762
250
875
325
850
581
425
225
1500
1781
1363
344
756
503
876
1617
221
103
843
1471
1947
150
55
91
962
1867
844
326
1246
829
1872
1543
605
1389
752
1853
1503
1921
782
1717
817
1720
1143
582
663
350
1157
853
1709
1680
1835
1239
1896
1938
180
1252
1646
2003
1553
1450
532
95
146
688
273
1375
1639
1836
638
596
306
1247
1566
1559
1705
9
1702
347
440
1481
51
1502
592
626
784
1889
1830
215
1522
1092
1941
1289
1483
1747
1637
1917
986
600
711
1149
1602
1265
1368
469
1378
428
2016
2014
1197
348
119
98
192
923
1302
553
1608
466
1227
810
1027
533
1186
1474
1487
1406
2039
481
1593
308
1215
1318
505
1794
1050
219
1053
475
929
358
143
1150
716
828
1715
1693
160
889
315
641
644
1163
1290
1511
1776
1847
1230
1850
1272
459
213
569
766
11
1394
1548
1613
1167
903
1171
1852
1530
1974
129
670
1698
1773
37
409
1677
177
1461
1685
1365
1241
140
1832
1352
1739
43
1942
652
1353
776
1727
1168
7
241
34
534
48
1091
1228
1682
1327
1405
607
389
1838
1986
1457
322
74
556
361
608
89
1110
1323
963
259
1325
1636
189
1146
767
1505
1042
999
226
1726
747
861
1927
1806
539
353
248
1605
723
770
1886
1741
1151
1601
797
390
1770
563
1620
682
1349
1695
337
1890
2018
496
1303
283
1588
1651
1573
265
72
329
501
1538
1094
868
1563
1017
1155
1200
1154
1022
1616
1840
1100
1869
1357
435
1656
46
866
292
1641
1535
1874
398
2042
862
589
1249
1883
1292
1924
1079
1466
15
223
1944
70
1697
1211
77
1493
158
731
1096
1634
314
211
418
447
1669
736
668
64
1754
679
1073
2040
610
1811
980
565
1039
1730
971
115
816
1313
969
1254
2027
335
1842
513
719
753
1635
49
1170
301
400
1597
1948
890
1175
1224
281
1305
996
1484
878
99
1364
1529
457
1007
1267
1508
2019
1645
1339
2024
920
1025
818
1517
1329
1575
1458
917
237
1044
918
1479
262
1640
1848
272
238
947
1540
1268
1280
912
842
1951
1396
1918
893
1911
886
476
1358
1269
523
2036
2007
826
792
1300
906
1201
1237
1905
1998
1560
1013
931
1286
452
2029
60
705
1587
698
1387
257
926
454
1975
1245
1963
1000
1081
378
171
1826
128
1871
1064
356
1124
1785
622
1392
642
859
750
1010
1381
1858
239
1797
1024
130
1191
661
1868
1427
928
1746
1519
1083
105
1735
994
1307
2034
1609
1259
154
419
1061
100
102
1581
311
701
990
1111
351
2032
1114
1449
1273
210
849
1518
1385
276
1206
595
355
1415
0
1861
107
546
631
118
1532
745
1497
945
1851
1315
1417
1256
386
536
1223
1128
342
1549
1062
1725
1038
1257
839
1304
1802
1820
722
411
1555
1453
1225
45
1859
911
52
1989
930
935
242
1594
380
1142
1864
1956
1945
1103
468
1295
1887
540
691
1390
636
1436
504
1565
1072
474
141
1075
1731
489
1477
1542
901
133
1258
1561
955
484
744
781
135
885
286
1582
243
699
341
1801
1949
1036
852
1424
1397
405
244
1950
1614
567
1525
460
287
1004
746
707
1308
1426
1572
1404
473
1666
2009
795
359
1310
910
1322
1178
669
30
1184
413
1207
884
968
1463
112
1468
627
437
1509
1621
1421
825
40
1314
1454
646
1570
327
1078
261
660
1180
1678
1711
53
1296
1988
948
1101
1006
1745
2020
645
987
1434
970
464
584
1255
1321
680
268
594
706
289
552
1808
499
577
656
1465
647
2000
1545
465
1900
487
1391
932
570
1708
1005
1655
629
1536
1214
908
944
205
1098
895
190
260
827
1738
979
972
27
83
507
2030
1803
1221
294
372
1277
998
587
738
982
1514
964
1595
858
815
1117
1276
134
674
1982
1271
278
1849
1987
249
1558
941
131
1192
388
1615
958
821
1341
396
68
1922
1908
1647
142
560
2
700
121
520
1070
57
1132
1816
995
984
1681
1031
253
61
494
916
318
42
1324
1490
877
1088
39
586
524
2005
2008
836
1939
585
1654
1624
793
165
179
324
1736
137
1058
364
188
576
1108
65
471
90
209
1985
231
634
1700
266
408
69
203
924
1335
952
304
1264
1790
330
1683
1196
1475
1494
1976
830
1046
666
755
617
1185
694
1153
2041
1263
1435
1734
1480
1665
444
1855
1994
1893
796
1992
1489
379
1198
71
1547
1362
1188
1812
1379
1055
1907
1057
1513
1366
1403
442
1002
1919
588
1552
1598
1686
1270
1718
1068
1412
1844
1936
269
216
1993
856
769
732
1920
75
106
424
613
1455
1912
1278
1591
86
47
1991
406
900
614
1456
1892
544
798
1619
804
104
891
1719
1571
604
1583
127
788
173
677
2044
1763
1854
381
1065
751
1066
1724
13
1765
1534
1320
236
132
461
1703
547
1913
1099
495
164
1299
1231
1510
1162
833
516
123
458
612
748
1732
522
1625
542
1610
1014
921
6
254
432
729
339
228
212
1187
725
263
1691
1253
1407
385
1337
1578
1442
1673
157
813
371
1195
611
1824
175
1584
974
511
1876
549
737
3
1478
724
640
1213
299
1541
907
1623
1464
136
422
1348
1909
696
710
1788
338
590
29
1136
898
835
1056
976
1652
252
1486
80
1400
1983
606
557
1772
1805
1261
377
1839
2047
538
1749
545
1574
601
88
477
1199
1451
1622
1219
1181
961
1787
297
17
470
599
864
1821
946
82
114
820
500
809
874
1148
1980
1959
23
1531
726
1361
2002
749
517
349
742
1586
620
1833
1113
1953
147
394
1760
