1483
1777
214
1203
1373
869
1787
1468
714
323
1902
1377
1943
1448
1030
2021
1065
877
1797
1865
1528
1814
848
1834
1935
1551
2004
731
440
1396
57
1252
1602
1444
1698
1031
857
422
1035
1050
2016
1273
444
197
546
312
1256
695
1829
368
1705
42
461
1841
449
1014
1934
817
880
1279
174
157
264
1357
236
1423
496
926
1190
467
1966
513
1709
1172
620
1037
647
1089
310
952
548
1384
841
1663
1911
1519
1733
0
1689
904
1243
810
1200
1903
1566
2000
69
417
1458
1158
1471
479
43
402
534
230
1359
1839
376
1198
304
1587
191
1638
255
1408
1869
1498
787
1015
607
1226
1707
586
1593
1730
884
418
778
617
221
1859
1665
1269
60
736
138
271
1305
506
895
56
1066
1428
543
1329
1312
1712
891
2047
490
754
1578
1660
1449
1345
1836
1490
660
1132
1303
170
92
493
217
936
1275
706
1153
1217
589
1778
784
1914
750
362
203
738
1693
1181
822
215
629
1311
682
330
345
1639
909
850
633
538
488
868
1054
1414
651
861
996
539
516
1411
1849
1736
121
1018
129
1811
794
1972
707
1223
541
1248
1383
939
1793
1505
387
1741
677
1526
2031
568
978
103
1710
1734
1308
685
74
289
1176
830
251
358
1998
447
142
458
1236
1614
1750
1319
301
773
1112
318
1625
1379
1631
734
494
1509
1427
892
1473
608
885
118
498
820
559
872
123
1052
384
1803
1126
1728
1676
2023
1654
1613
300
1699
758
30
571
1202
1232
1565
1732
565
13
1760
22
1108
1186
1453
1344
1715
961
1492
1353
1034
1636
37
2027
491
1655
826
1058
112
278
1063
1159
1055
315
48
1673
970
1651
1599
146
1083
860
1945
5
888
1622
1675
1028
691
90
1301
796
717
537
245
80
1317
1363
1376
303
1208
275
270
1831
1506
809
799
931
1044
246
1529
341
1646
932
1067
257
934
984
265
1121
1874
979
1840
1482
1392
1721
2025
26
1983
737
998
1810
630
859
1365
1123
1487
1146
133
168
779
1512
540
519
1804
2026
1456
1520
942
1752
1235
1763
1930
1069
1795
2006
1985
1106
556
309
887
1658
11
1960
313
1837
785
1901
391
292
1952
989
521
1354
29
1807
1556
1753
1731
254
562
606
927
36
1739
917
1476
1537
916
580
64
804
1460
1059
879
1277
1883
960
71
124
1102
749
1457
1980
627
1830
889
1103
1780
1133
187
1585
1007
982
696
350
410
40
1263
1667
190
501
514
1196
1114
930
1854
84
445
1008
178
1563
874
321
148
525
686
1494
1856
379
648
1936
1342
317
1375
208
1454
1954
1759
1362
763
1770
1737
1500
177
1169
2001
1234
1682
1994
512
1148
102
1238
1242
1120
726
1524
645
1036
1726
563
1328
472
1372
1987
1250
258
1637
432
1292
1562
2009
1167
845
135
1347
240
1024
951
1704
1127
480
1669
420
702
1984
1433
1800
1989
1850
1240
1318
1340
1518
442
1755
985
1949
1061
1485
1040
813
427
76
621
1899
1098
398
401
1548
50
1933
1597
206
1742
711
1779
1093
1180
807
1231
1691
47
914
1391
1072
1978
509
2013
2040
1409
4
504
140
713
63
167
1360
1351
1218
2007
710
357
1079
956
1156
1738
1461
293
1104
1564
976
593
182
652
935
759
1191
742
403
963
104
1092
68
570
1488
152
79
226
898
1881
53
385
745
1270
1589
94
587
462
597
600
1877
1799
670
1649
476
829
1105
52
1702
577
910
1724
854
2042
451
1230
1393
1099
41
1070
836
316
114
853
953
733
328
1149
601
851
1394
913
356
502
492
205
668
1634
911
1686
1924
709
322
873
776
1495
634
425
1309
373
1315
1827
639
783
1577
920
1905
912
248
155
847
1855
471
55
1796
918
111
1659
314
382
582
1918
1671
1441
535
1661
1272
1678
1262
372
1239
1421
232
1122
752
1904
107
1189
44
681
172
679
2033
1823
1212
51
1245
1023
1183
1259
1645
632
656
1576
130
12
672
1937
413
229
1727
1511
1508
1268
1999
1781
2032
1612
175
811
680
1692
584
767
20
2044
507
1209
1522
1405
1876
438
448
1915
239
1071
454
1316
676
699
1896
900
334
1664
1735
299
769
1554
1964
619
2024
39
302
421
325
241
338
348
567
2011
470
977
1313
824
1274
370
6
1580
263
1388
1178
1976
1764
1940
671
1389
1062
1516
1591
1142
683
1324
803
1130
780
987
1652
272
689
594
1921
489
757
1898
510
335
663
1478
511
863
1913
1536
49
654
1687
1227
1875
1893
1026
1434
624
837
1961
585
209
2029
575
1947
1118
1228
1833
365
599
1808
276
579
1623
1337
1253
366
675
1967
1684
791
375
764
1700
88
1431
1395
975
1082
478
213
1977
1858
1822
551
1826
2043
280
1348
1751
588
1959
27
1080
871
715
812
150
1182
1161
771
127
1674
305
552
475
1749
1124
529
901
1005
1029
1714
1304
1843
1013
340
1746
954
1586
1895
893
1048
1194
188
1343
192
1544
1607
842
1216
1601
473
408
598
684
825
119
1152
158
1435
404
1288
839
65
1844
199
789
156
867
1331
287
1224
700
46
1815
642
277
361
790
436
1442
1038
227
415
602
1845
1174
395
574
1582
907
1584
1979
1470
899
626
944
622
198
1022
1016
1390
800
283
1627
1417
876
1690
1010
1033
1432
344
389
553
147
823
1004
1610
465
1530
906
256
1740
592
1801
1948
62
1430
1588
1997
1368
523
1527
2045
1314
1125
1387
1134
1965
219
1045
1020
14
1515
1053
1695
1872
1000
2014
144
753
965
1507
274
1541
1798
164
1592
1287
58
459
870
1455
1828
1838
1302
1294
655
840
1151
1900
2036
54
1290
2028
18
1711
1523
994
1160
1502
139
828
1135
878
770
1885
1081
1493
196
1185
1598
1890
2010
1574
1193
1199
531
1233
1479
87
1986
1561
1321
1525
1109
1332
613
419
821
1611
1400
1615
1447
1642
1047
1078
1364
1221
724
973
1215
9
1222
527
1748
1463
1907
223
1517
85
1499
1261
2015
153
678
1920
1640
1570
1162
628
327
902
2012
1538
349
1557
1672
1210
957
1754
1677
730
716
1295
98
919
1296
1019
1931
616
363
755
180
1555
1860
635
1378
1466
1887
1003
1060
1386
100
306
485
1064
814
518
1540
1747
1323
125
969
1788
816
1608
1819
522
2035
921
762
1962
1211
1111
1630
1863
8
640
228
1939
1531
331
73
216
1281
1880
1806
1177
1694
661
1246
615
1923
307
1257
1467
1743
962
105
1975
1757
1192
666
1117
2020
667
1683
692
967
835
1853
1326
1643
1330
406
875
2022
1573
34
484
1334
1283
1794
943
45
1049
1355
1768
433
1782
1258
838
819
1437
808
1775
388
434
1462
1776
290
2002
990
1857
202
1068
193
1532
260
428
1025
1254
1271
1129
1077
508
1696
1264
1084
698
324
311
1293
528
1291
220
544
1545
1299
1464
1847
259
1074
1888
1717
644
374
725
1922
1534
82
15
173
1878
253
78
1835
1958
128
222
1260
31
426
397
986
1552
746
1138
1439
1616
1866
720
1879
658
145
636
89
329
933
1027
122
1201
1285
1668
980
1214
653
908
596
1583
995
1113
1766
1873
1605
793
1335
24
1472
1761
618
1701
1812
296
431
2038
595
1249
1244
1001
1336
416
712
132
443
495
337
1510
1380
662
1846
937
70
320
1371
1725
1944
1046
1974
1247
1648
1213
815
1413
1426
1002
1075
25
1590
1163
1594
1341
1543
439
1679
1629
1716
786
801
2005
407
1618
466
950
1635
154
958
343
1310
886
1632
297
740
242
547
233
1338
166
332
1057
1758
1440
411
583
728
91
405
109
673
336
2003
865
866
609
590
1086
924
1350
1179
1825
1382
396
1091
1356
210
1813
929
252
1187
1136
1420
721
1720
143
1604
1144
792
1451
1306
1539
1425
1307
657
1892
412
1549
550
1147
1891
355
1908
288
687
1650
795
834
136
833
369
1955
1993
881
120
32
1165
1416
67
113
1871
268
603
1006
1407
1942
974
1322
1882
2037
827
612
1546
93
983
1419
631
641
524
729
95
883
1374
435
1816
16
149
1096
1571
1237
184
1140
1370
1481
1131
1912
378
1418
61
782
1276
176
1406
1297
1137
1032
1991
1145
477
569
925
1115
611
390
1722
17
1339
1088
722
1723
424
505
1412
1889
81
1445
364
207
946
701
250
1459
468
211
739
1641
1818
1708
1175
1864
1647
915
923
1087
1017
1953
1963
452
955
1791
1894
400
1219
359
381
1381
269
1789
846
181
469
1809
1713
1141
234
765
940
279
346
238
968
1932
267
948
1
708
1369
1011
1325
1415
163
1438
1475
1184
2030
1477
1848
705
1501
353
637
744
393
339
308
1653
1043
1824
179
928
1703
788
1569
141
117
1917
1452
1300
2039
235
35
576
1670
486
993
1817
832
1358
774
797
1884
499
775
1926
487
1719
106
1851
99
981
383
1581
482
852
463
1820
1941
1745
858
1422
1042
282
101
578
1333
1626
718
560
1968
664
1220
572
761
1021
1783
1474
1094
614
530
1450
1969
646
1352
1206
409
557
1802
1289
1897
1568
751
1266
697
97
446
997
247
83
992
1521
1644
1410
1100
394
1988
464
96
72
1558
747
455
1157
849
474
231
19
429
542
59
1110
1767
1491
1535
1624
430
1996
1489
1361
1785
1171
1927
225
503
1090
882
1443
1688
1547
291
1628
638
33
351
1424
1166
669
377
988
1870
1465
457
1971
1938
768
959
864
772
1928
1207
1486
1504
1559
500
649
1621
249
1560
843
1320
1906
1951
286
1204
165
941
1729
949
126
756
266
1579
1929
1790
284
704
1051
723
1706
441
7
1251
1744
1852
1429
856
1762
1681
818
352
1886
1600
743
650
694
1909
1861
1349
354
855
1164
741
659
1403
1784
1241
1009
423
1085
947
1550
450
1173
151
367
1073
922
21
1282
517
261
1469
1995
1056
2041
38
1992
77
536
605
1950
532
237
1990
1041
1657
1842
719
894
1267
1155
3
1821
781
1567
1666
991
971
186
1128
1107
1367
1633
1284
2018
497
212
1773
1609
1662
844
549
1097
1095
200
564
218
224
890
1170
194
294
999
1832
581
802
204
1862
545
665
116
1919
1867
1542
766
1946
134
1168
972
244
515
1229
1685
298
610
732
183
558
1480
905
903
1656
392
195
347
591
2046
453
1916
1366
1771
1514
1513
966
964
1265
1617
1619
333
1398
777
533
604
703
456
1620
319
1402
243
201
690
108
171
1101
1606
688
1150
554
1756
748
1401
1697
326
1298
1116
566
1572
831
1404
1595
75
555
1346
137
10
66
896
1982
1973
28
342
281
1039
1195
262
1553
1255
798
1718
1188
1786
526
2
1385
2008
1286
760
1769
1981
727
1280
520
693
561
2034
862
159
735
1496
1119
674
938
1397
805
1497
399
189
806
115
1143
1446
1910
1139
437
1805
1868
1680
160
1925
1575
110
414
1774
1792
1765
483
1076
131
625
623
285
161
1603
1596
371
169
295
460
1197
185
386
1436
360
86
1533
1970
1225
1327
643
573
162
380
23
1484
1205
1278
2017
1012
481
2019
1154
1956
1957
1772
945
1399
897
1503
273
