1170
251
376
1269
1766
1141
1572
557
1894
2028
796
1592
1312
1448
928
854
351
1838
1586
416
1861
241
1614
2042
355
108
1740
562
1125
661
1564
12
82
1187
923
1277
535
125
1355
904
318
816
857
604
1219
908
324
1949
648
40
1461
520
1038
788
1469
385
1786
768
1067
204
1007
559
1437
1198
759
1036
366
1628
215
352
1603
1145
1693
767
1098
1997
504
1821
1724
400
1154
600
925
1828
1451
1308
56
289
415
646
327
1609
1575
1655
1776
1545
953
1702
396
1764
1917
410
517
1759
138
83
1548
480
1246
1151
488
302
743
920
1142
1048
548
659
471
1287
359
1429
850
32
230
462
855
1500
10
328
1206
1612
1535
826
1488
607
326
944
1705
434
223
305
1156
902
818
1521
1995
476
291
377
1087
1528
59
789
1004
887
1288
1583
1886
990
30
1360
140
1754
840
824
334
1335
627
536
448
124
1810
474
991
1278
1925
565
705
571
1539
1046
554
1297
1109
154
643
843
881
1541
1896
1646
619
96
419
1224
1028
1456
1351
603
1570
997
888
336
1939
413
107
1452
725
877
173
1423
639
1171
1720
1411
331
553
1761
1613
1626
734
42
2029
746
288
1926
1929
78
641
1298
245
1809
1037
1965
271
209
1061
1706
609
1923
1092
1676
1595
911
62
1082
315
831
634
274
1466
114
514
453
1015
1848
1435
294
1101
1256
1804
95
574
1913
206
1307
1043
364
1343
744
439
1681
1310
572
693
89
1709
1081
1350
1599
1090
1862
1085
1823
839
1474
1215
1468
1787
119
617
2008
533
1915
313
975
176
2020
1772
764
1113
1210
947
1667
1481
423
1428
19
1957
1405
531
810
1035
170
467
711
122
1510
1084
51
208
624
895
701
697
1931
1421
1967
1420
1020
1152
1908
1314
833
591
1700
913
1966
1077
1653
1682
151
2037
1334
951
872
1305
1233
1950
753
2045
1512
1758
1656
1684
989
1197
1044
1748
539
894
873
1026
973
1498
1427
1833
1518
1240
1964
1386
1928
1174
914
1756
1260
799
1293
219
250
665
803
1303
1963
865
1262
57
777
1182
892
1508
153
148
1112
837
2033
1180
1841
1514
1866
1431
761
2030
298
524
1940
1391
623
866
1976
73
1332
1479
1860
662
28
1619
1194
1424
1783
876
1882
809
1597
13
1620
438
433
1128
61
827
16
709
721
228
1767
1506
1118
875
1248
528
1273
626
1254
1291
1589
1556
942
580
1650
1319
1096
117
191
1845
728
718
232
961
1865
1561
845
464
1398
152
1870
390
1010
90
1123
1802
145
1367
1397
1911
1671
931
667
361
1353
1393
1442
1672
1302
1377
284
1752
1970
932
468
218
1659
197
851
2007
1625
210
1008
765
917
921
1503
516
1079
1459
546
787
487
1668
897
1835
682
2046
1136
440
46
1648
333
372
374
611
1063
183
1643
1774
779
730
1645
1458
1824
1229
791
903
1472
797
270
53
146
1622
1640
834
673
1836
203
819
886
1434
805
822
319
92
1492
427
955
1402
707
642
1883
60
36
1717
848
1185
608
121
977
1669
472
1055
568
1899
497
94
1551
81
297
1665
1958
287
1881
1569
812
532
1773
485
1900
948
569
863
1901
1726
1701
70
1504
900
1647
393
1577
1829
592
513
1292
1534
954
1296
1801
633
1618
1047
2024
1126
182
481
832
971
383
452
1782
31
142
1465
1039
1341
1286
1323
1446
323
2031
87
748
773
1245
1919
1527
1989
687
1264
1188
1289
1914
1440
238
1304
1455
621
698
936
599
1920
293
1201
430
622
1781
1571
1945
310
899
1617
575
1968
1962
561
719
1959
461
1294
967
1608
261
1339
229
109
1315
1825
406
763
139
1338
455
63
454
1190
371
785
68
216
162
1395
300
317
207
594
1907
1871
1050
1775
1540
1267
800
1768
678
769
106
357
1727
329
11
1837
1380
656
537
74
1847
332
1859
233
248
1689
1033
1557
598
1426
1863
919
631
1741
192
1359
724
1223
1413
1789
384
1808
1853
431
171
193
867
878
1594
1408
1078
414
1673
1537
1306
1887
1284
1040
1054
391
295
1840
720
702
1019
879
1987
1791
1159
50
547
1497
1745
265
429
4
1463
473
1573
949
1107
1600
496
1567
1122
926
649
426
1771
466
102
964
1478
1088
1331
172
1607
311
674
399
987
1261
126
754
538
402
1058
749
998
18
1550
1943
1234
244
1831
1473
52
934
1996
1430
1723
1858
54
802
72
1978
2014
1369
1285
1905
521
1778
1074
828
905
849
212
1505
41
1634
1132
669
739
477
1370
1857
403
1670
1374
1710
1056
1807
2039
1238
1347
1878
1980
790
1639
1168
409
650
995
2005
1274
1744
974
1753
1872
929
1568
1023
1270
579
84
252
93
1271
1895
527
1025
451
1904
1743
1322
200
266
264
564
551
412
885
2009
732
1062
1728
632
1666
1942
1064
560
360
1137
540
2003
1888
1591
801
1784
2006
1513
236
23
882
1394
1590
1642
1694
821
581
1680
1649
858
1560
1325
1183
2044
76
1108
501
296
135
960
1854
225
842
269
1149
966
180
1502
3
1606
1935
1443
1525
1433
1366
118
1903
1410
1582
1864
1843
545
2015
615
1868
1396
342
1757
1687
2040
389
408
387
1357
813
1052
1732
1491
159
1751
1484
1623
1076
1385
935
479
1460
1516
115
871
1409
1719
0
1584
71
1311
1462
421
2023
1196
175
1879
774
205
1117
260
1739
1733
731
482
1105
758
1542
1538
129
1221
906
555
195
1124
1951
679
110
425
1526
993
612
1083
174
1002
968
456
1253
1482
178
339
1280
1181
1960
640
982
1166
1954
1722
1392
1279
1815
660
1417
984
1167
1969
1952
17
1161
2002
716
835
983
1075
940
1162
222
1552
2001
1632
1318
47
1295
1635
226
1921
1716
1485
1099
860
120
1697
444
710
585
15
910
1721
330
530
98
1991
1382
2035
2043
34
1388
1006
1912
1321
638
2026
1986
20
1328
1439
1120
1068
586
1580
1494
420
1165
432
907
1956
1892
447
27
883
1157
320
807
1013
1874
1906
620
1988
1384
149
1576
980
26
493
1711
165
1009
1337
79
100
628
1024
1736
1250
441
512
201
1178
1199
712
1191
1559
655
505
5
1587
506
614
2022
1918
356
1027
217
1891
457
1230
969
1368
1730
690
436
1348
610
606
1683
784
1796
1924
1330
214
272
1790
924
1909
1983
1877
29
1544
386
1596
388
199
1994
751
994
1985
1938
930
526
316
1819
1641
292
483
401
1971
1231
736
1222
556
484
664
792
786
348
1820
635
714
738
1001
1793
227
1690
916
978
1553
211
1324
1982
1094
1419
66
694
1177
1176
1241
405
255
1916
817
573
1805
220
1876
443
1795
570
1207
1663
771
976
1708
836
347
636
582
2034
1849
1316
404
1457
1225
544
307
1232
909
2011
279
458
104
1806
1483
1356
158
167
1657
1362
937
1189
1934
590
1432
273
829
234
1477
1202
1499
144
1803
1227
1933
1679
1114
1698
394
308
1524
1975
1889
2018
1255
884
370
1604
1179
1636
428
1696
681
588
1371
1946
1873
780
321
1746
392
1999
1532
1300
276
112
1961
525
593
1777
1100
2010
1749
1850
343
1558
722
563
237
1977
306
2004
534
1268
450
367
2038
584
1515
1060
239
188
133
128
1226
1379
45
762
2016
1615
1495
166
1091
1146
1813
1390
1144
1140
303
134
713
1235
862
55
1041
1760
793
164
653
378
1922
684
1415
1867
1598
281
766
1543
1051
1153
1454
1381
652
1675
778
844
1121
985
1
500
1638
131
442
1729
595
692
550
1445
1344
576
1555
729
499
1404
856
630
49
1565
727
64
1352
1547
602
1880
299
1336
179
1032
1812
1948
566
1345
354
1247
381
808
1158
1444
1489
43
1375
2021
1695
1839
1712
1115
69
1993
1531
1239
1644
1148
44
1438
515
37
280
1814
1086
933
717
1089
358
187
344
699
677
1155
1662
957
1018
1738
253
1376
890
1834
1135
1066
723
1664
1164
101
1065
459
1110
1616
290
1470
915
757
1522
1372
1637
1998
552
1093
1731
1449
644
373
1658
1000
583
1186
1832
979
2019
2032
782
267
243
1601
511
1972
2047
1523
168
1414
1581
9
1309
1049
853
965
1875
213
1549
972
938
186
1941
927
1725
700
658
654
529
1200
1217
770
668
775
587
999
741
1691
956
1844
80
35
1990
86
33
369
1147
1016
1826
1654
1139
1688
1266
1011
1852
1674
509
111
1480
629
1563
1203
605
127
637
1629
1486
1129
58
861
105
1973
798
1214
48
1652
2013
1529
1447
941
116
113
988
1329
1699
680
781
507
943
494
2036
335
1981
99
1530
1660
39
1822
981
2041
1378
1361
446
815
1769
150
141
1283
1327
1204
870
411
422
147
1937
1792
1507
1630
1624
869
130
363
963
1216
901
1927
1661
601
1275
322
688
1770
1281
1798
398
1610
1012
1536
136
1851
752
1910
1290
1765
312
1692
1627
325
772
1578
1259
1030
198
75
1902
155
1333
1237
1794
616
543
922
970
898
445
475
1389
1184
912
735
1243
492
1097
1588
760
645
1263
1936
6
740
14
992
1387
1471
1487
1399
1441
345
726
1134
1111
460
1546
1979
1406
542
838
1373
1342
435
1080
597
368
1418
703
256
465
1265
1476
1116
518
24
1715
1974
1133
137
1106
577
1436
1747
1944
1493
1313
1453
1566
1228
495
340
2
996
959
1855
893
1788
249
508
1800
1737
874
695
157
1475
1150
549
1811
1364
820
1017
733
1856
1073
1258
196
1070
578
85
1014
437
21
258
1893
353
1953
1763
1143
2027
123
1252
88
1401
522
846
1022
1467
502
1602
169
859
1490
1562
1416
1104
498
25
1218
795
486
1354
958
510
1651
1633
1686
1496
1611
1947
469
1059
823
1703
380
783
275
304
314
750
1816
189
365
708
1678
379
463
1326
65
338
1272
847
1317
1173
1785
424
1346
221
1102
558
283
1257
163
686
156
1005
362
382
811
1299
945
470
91
696
1830
132
242
1579
1955
1251
1282
418
1045
1209
1450
1897
1412
161
1213
282
1992
830
231
1750
1172
503
1130
1797
254
1400
745
1072
946
202
1677
1276
986
666
1236
651
278
589
177
1193
742
1358
814
301
891
1003
676
1163
224
880
263
184
1734
647
349
341
1119
1053
67
350
1718
737
952
1517
2000
2017
675
939
1057
671
7
755
706
715
1212
1898
1095
1301
1407
1425
1208
685
1593
1340
519
1034
247
407
143
97
1501
375
670
1403
77
1363
285
337
689
523
868
864
1131
1220
1205
1042
286
268
277
346
567
1885
1574
190
395
1533
1244
185
1520
896
257
663
756
1169
397
1621
1779
1685
1707
246
1713
1242
1021
950
1742
2025
1103
103
1780
1984
181
1890
852
672
1031
417
1585
489
38
1127
841
1320
1554
1932
1211
262
1069
1846
825
541
1930
918
8
1138
1869
776
1704
22
1160
613
2012
259
657
1884
490
1349
618
804
806
962
1422
1818
1631
1175
1029
1365
240
747
1509
449
235
889
1799
704
691
625
309
1827
1519
683
1192
1817
1762
1735
491
1249
1071
1383
794
1842
160
478
1195
1511
596
1464
194
1714
1605
1755
