235
1218
494
1424
1098
575
1864
783
1891
1465
31
547
508
1480
1267
1737
1625
2024
677
1621
681
2013
1860
687
1320
1054
665
729
390
568
1992
1804
1087
2009
1388
626
441
1719
785
1068
1270
1272
362
1401
1089
32
1559
856
1224
943
882
155
892
865
186
1733
164
988
386
136
1928
1623
1358
1720
1576
9
1836
215
1423
1549
1135
179
298
35
1466
107
142
458
1823
1869
825
503
37
1721
296
933
67
738
940
1076
363
2
1483
1475
423
68
188
1561
1469
678
1980
620
778
1969
162
1543
1030
1739
1961
708
604
588
618
1221
1897
496
1390
977
895
996
1783
1545
1923
381
1542
1863
1355
1826
909
648
1412
191
258
1816
85
592
1853
238
27
544
558
120
2016
1295
757
114
800
427
764
521
1911
1761
985
472
938
1367
1160
466
635
490
765
1801
978
1885
948
964
1342
464
861
1383
1615
600
243
401
1416
1254
639
1192
317
549
2044
1712
12
557
1976
1692
624
382
830
1178
966
863
1501
645
1350
683
664
1296
641
849
572
498
1196
1713
332
1228
1629
312
944
1188
1896
1235
832
1334
669
1880
979
501
1484
1028
1051
504
1123
499
1589
1556
118
397
739
788
1554
268
607
770
1247
40
25
817
577
418
1648
336
269
229
1075
470
7
845
50
646
877
2022
160
19
1566
1941
104
116
451
1810
1585
54
1837
921
1497
899
1787
1275
1996
1414
357
1663
95
1930
548
150
1620
542
711
369
1993
1261
924
1676
715
704
1301
808
1319
1683
1056
1505
1496
1286
1229
1521
1322
1106
1017
1338
710
858
259
763
703
1002
1933
286
175
603
1680
1584
1005
365
89
1097
541
206
1284
1397
220
1304
320
1115
1773
5
1626
1905
302
1077
1008
453
370
1325
685
842
1572
1535
492
321
1276
1055
576
697
1533
1433
1156
695
1564
1975
1027
6
836
210
894
438
707
1125
293
927
1175
1133
1145
94
310
434
526
1510
522
1838
759
658
1417
1211
58
1942
698
2036
1078
875
1311
511
1293
880
999
465
1534
700
1943
1090
1202
1653
1754
367
1751
623
71
680
1925
380
33
449
1608
137
392
1725
963
934
1282
1445
1622
1292
1026
1385
1777
183
1694
753
914
126
105
1305
1538
1194
495
1681
1498
772
1748
1410
945
97
158
1718
1710
385
846
1907
1667
587
1619
287
1927
1639
1970
193
1861
1189
1231
532
684
1337
660
1381
190
926
1618
1708
805
872
82
2034
1509
1117
819
1900
1700
651
1495
1300
1063
919
1504
1041
1346
1514
242
528
1630
1064
48
911
1356
63
1435
1644
974
696
1422
196
731
1646
272
1464
1921
706
456
261
46
347
571
566
8
354
1847
1793
727
1756
2015
1934
1468
1470
530
1153
1627
1697
1744
1308
1400
901
559
1817
512
252
767
171
874
1780
890
595
673
125
1384
1628
203
1735
24
52
309
306
2014
1462
1203
1185
1104
1364
768
942
360
1757
1866
1642
1323
1743
1662
896
328
629
1157
897
2020
144
1774
1012
724
1947
1020
1053
2032
1494
712
569
1811
1877
415
982
828
900
403
1407
2021
1586
1827
1360
1287
1387
831
1867
868
1036
1376
736
740
1922
1085
589
1950
827
1018
1409
593
2037
987
2025
815
1111
1212
2028
307
1095
295
661
1045
408
1960
1914
1917
932
1223
981
1096
535
1977
1290
1902
225
1883
1918
1000
1792
1335
1023
15
1798
1243
290
1832
871
1647
662
1114
952
1568
446
1919
1109
930
787
992
614
617
1520
578
1101
1578
1313
87
628
1477
1279
1404
755
563
108
348
1579
562
345
525
1835
853
1929
1214
1807
378
1343
1021
1205
255
1794
612
299
14
1452
1460
1024
1344
1714
275
591
487
1655
1398
766
402
1839
1536
1049
989
1332
1441
775
1341
1828
2040
908
1809
346
1978
742
371
305
1859
110
1968
705
1427
334
75
127
66
1887
460
1716
410
480
730
1591
1560
1672
1454
1061
335
274
1657
129
1472
88
1226
201
1882
1259
313
1654
857
331
609
519
1727
264
741
445
841
117
1937
1146
583
1850
1164
1418
2000
462
539
634
1187
459
627
1380
2029
421
1340
1369
1704
1956
2007
1072
1052
946
1375
1746
223
1502
1607
515
1251
1236
361
1476
636
199
1688
608
457
1820
1436
688
851
1986
812
803
41
717
1405
1696
1558
1670
1868
1874
1852
285
1491
1210
1998
1152
975
1671
1255
1878
1481
428
1540
1176
1660
1457
468
597
1939
1034
1821
961
1759
855
1842
214
769
726
1245
69
253
509
884
1148
1983
1632
1071
1795
2033
1957
1067
960
1938
1879
1758
153
1050
1958
128
318
2017
1366
22
475
1438
374
748
1439
864
469
663
598
777
337
1936
1060
965
1399
1382
417
1529
391
140
869
1903
1171
823
993
655
61
1857
219
73
714
793
65
1268
1181
1190
1881
1257
311
1378
1636
1770
906
1658
701
64
1386
1219
1277
395
1124
1611
373
1047
898
1955
1128
1140
749
1119
1044
970
1845
972
333
718
1394
1523
1142
130
300
1269
74
505
1039
1289
721
1884
1006
611
0
1668
84
1306
838
425
1490
1260
59
471
1973
202
1803
1312
429
1643
1492
1699
497
1137
1799
1951
1965
543
1575
330
883
424
1527
101
1395
1624
57
1686
1363
1920
366
1204
1333
277
1741
1082
1752
622
1274
422
734
1459
1962
168
205
1747
1537
1574
1517
55
405
138
1749
47
1967
1225
1553
991
51
1116
1084
1649
973
1652
123
1738
506
491
1431
226
551
1434
564
432
2031
728
212
463
1162
452
256
637
53
474
1285
1682
1736
1952
693
174
444
124
1471
231
1150
1440
165
1310
375
1964
1598
1791
379
236
1154
493
789
2018
1800
1508
1617
580
1158
1001
672
955
2019
613
1357
1065
437
654
1848
1010
1571
771
2004
1004
887
1522
1315
152
2030
1420
1402
1935
1776
994
283
209
520
922
893
723
674
956
1463
967
1413
1448
326
17
1567
722
1789
671
1173
1513
1126
1478
756
1602
151
1760
271
1144
1080
393
448
1035
1151
482
1227
886
1139
111
1327
605
247
177
262
1945
513
837
998
1511
187
343
1953
1207
315
1138
995
224
1007
1569
1729
500
1991
77
510
1429
1550
1909
780
957
248
239
1482
1467
971
1201
1316
1555
850
2039
245
1641
1347
1702
436
1179
481
1678
1659
2026
1362
1979
1588
1815
702
1294
1216
1037
222
1890
1222
709
1186
1695
1206
1281
1170
2023
1324
1705
813
779
1479
176
149
801
540
652
1732
1003
1814
1613
251
912
553
761
1924
106
1198
443
194
1771
1854
902
947
959
529
1872
1645
632
440
323
39
1822
644
737
1232
969
555
217
44
455
1790
1563
1580
1131
1913
1426
1086
1687
1297
1183
1813
1083
1779
1703
751
1168
1299
157
816
1485
1916
291
484
840
891
913
1029
358
26
1396
941
640
221
1971
1959
324
585
1763
1449
384
650
325
1249
561
1750
1753
1990
1873
11
582
1528
814
1180
341
1031
1954
1915
1351
182
1974
1
207
1283
1048
732
1931
1876
143
1912
1989
1368
689
1014
1163
1788
161
594
1215
1862
2042
1707
1597
1121
62
1506
1329
1118
213
2001
1069
796
1595
1129
1908
1906
2006
1230
818
619
615
1444
1573
1461
169
1709
854
1871
1059
762
1428
668
1217
485
181
1765
1858
2045
185
2008
1371
1258
60
156
1637
776
1345
112
1022
483
1818
1103
353
1901
692
1834
802
288
1926
1406
1393
246
1421
1057
1689
1184
1600
1684
517
254
1596
200
29
430
372
574
1240
1829
1594
1271
1374
267
792
1234
621
682
316
83
1904
1851
1252
1841
1066
447
1112
18
1782
119
1808
1997
809
237
394
409
488
322
1288
716
377
1778
1666
931
1182
1516
218
1722
1730
147
1590
630
1677
590
1099
1898
596
1635
278
38
81
241
113
1046
822
2047
1856
752
647
743
976
148
1893
679
1524
1446
1984
109
467
1443
556
2003
935
170
1361
1772
266
889
719
1108
486
1531
533
502
1122
804
1605
250
1664
1805
1849
918
1195
860
1894
903
990
139
879
1166
1650
195
1455
1603
1353
657
228
121
21
1453
1889
1539
986
1634
1278
1486
1530
878
387
1256
1755
773
844
1309
103
1640
1766
70
735
1354
135
1303
807
2011
1892
356
1610
1107
413
2043
1802
659
1840
826
754
1651
1661
1786
1070
1674
478
1606
538
1291
1073
1784
2012
798
1693
78
352
937
36
750
516
1237
1242
573
406
342
1233
1244
349
1843
638
839
1963
92
523
351
550
1525
1593
1425
461
1110
917
1601
925
56
1241
1062
99
159
1592
1724
610
599
1604
1389
263
1846
93
1317
1093
565
1994
1328
1370
1011
824
232
1250
257
1191
821
399
782
86
338
79
2035
396
1715
319
2046
1518
835
1981
420
314
1673
1365
795
1167
383
1548
473
1767
1949
862
414
1557
1132
915
122
567
1450
1127
1339
204
1717
1238
786
1546
758
1169
1742
833
1147
744
1091
1165
518
1886
133
939
1825
876
230
625
1526
1074
442
980
1019
1910
537
1209
1999
435
419
1349
534
888
96
350
398
1944
1888
1577
527
1379
699
1762
208
690
49
1638
1701
489
983
1372
1155
211
72
1582
1314
859
1015
1265
180
923
1042
1411
388
1824
1769
1348
1726
745
784
1698
134
1551
1633
172
1831
554
656
1273
1100
189
76
454
524
1009
1113
675
1079
733
1136
1161
616
154
273
873
1865
1940
1609
1487
791
1675
450
146
1456
1830
1040
389
606
184
1731
1432
1775
1932
514
1507
233
216
1016
560
2041
1120
1948
80
1302
178
2005
280
1143
531
929
1565
951
355
404
847
1149
1493
691
2010
546
141
1013
1562
774
115
167
949
1266
3
1819
1447
747
1336
1728
282
806
192
1174
950
400
1547
725
227
1263
1280
1583
720
1669
1599
23
1359
1220
570
1159
1946
359
292
234
1987
928
1488
1239
1043
834
197
1581
1656
848
790
1587
1321
1690
1307
1415
829
1844
102
552
166
368
1544
905
1616
260
1025
811
1972
1512
602
476
545
2027
1094
1706
131
1966
1631
91
916
852
1870
163
1141
2038
1326
1532
866
984
586
265
1489
198
1768
1172
1134
1331
1081
536
1430
1515
885
1437
642
327
810
1318
98
820
1875
1785
1392
1691
1806
1711
412
781
90
1612
653
633
1193
649
713
1855
132
1764
1058
407
426
1102
1352
867
1458
760
303
304
870
1200
1614
28
340
1199
1745
1419
276
670
301
1679
1812
1995
1088
1105
20
294
1451
416
936
686
1092
145
1474
1503
631
1248
1499
1899
329
958
308
173
4
910
100
1391
667
797
1665
676
10
1685
439
1985
1403
1130
477
907
279
507
1988
1373
1033
746
1734
244
843
1253
1552
297
579
968
1197
643
34
1264
601
1796
1442
666
249
581
1570
364
411
1208
1298
794
281
904
13
1781
1262
1330
289
344
962
270
1377
1740
953
240
339
1797
881
2002
1519
1177
42
584
376
16
1541
954
1500
1833
1723
694
1213
43
1038
1246
1982
1895
799
1408
1473
45
920
1032
997
284
30
433
479
431
