317
2024
50
1490
488
994
822
79
677
969
1501
1328
612
1589
1823
320
1274
1671
1365
2026
1037
523
222
373
393
603
243
1071
98
1779
1086
620
1251
980
1487
1909
1935
831
968
990
355
1503
39
120
238
1938
934
123
306
1302
618
621
1160
1621
190
1196
1243
1219
372
1515
22
894
1542
1625
1944
875
1628
884
1214
898
585
567
1275
1400
762
610
164
521
537
648
1860
1016
1455
823
189
685
204
885
1133
943
1211
119
414
401
1969
154
504
674
219
295
783
1087
1287
486
1923
1830
912
974
234
531
1411
1190
1278
63
1072
1089
1200
275
413
888
1645
540
361
210
1590
1298
227
732
272
611
1088
1446
1572
1014
696
208
241
2013
583
1305
1688
705
526
1812
1997
1285
1693
887
1986
673
624
1730
282
1849
867
755
58
1794
1650
1758
936
1613
1344
1752
1945
177
1039
1778
500
586
175
1937
1902
670
1587
2045
687
144
1802
560
1015
1494
737
1847
1591
807
779
587
1027
1050
1292
150
1904
1773
1669
268
371
1851
1369
40
236
232
1837
787
53
26
1326
285
160
310
1175
1670
437
662
143
1337
106
815
992
739
1913
2032
1425
482
1985
809
1889
147
1643
111
1288
1198
52
1765
886
694
237
161
1876
1796
869
838
1504
1051
866
849
890
290
1748
881
708
465
903
638
1085
1314
816
900
573
2002
1652
1962
1881
1258
1724
1006
1065
224
90
298
1204
368
759
1162
1335
1848
1424
811
287
8
995
1965
825
155
1868
351
1998
1520
124
1112
1443
1407
1179
727
1870
1058
1312
1686
716
1166
1266
400
753
1442
878
1602
1392
1642
1001
684
1359
1238
1637
559
478
1746
1786
510
1930
271
771
462
1807
1291
269
1916
10
1706
548
1599
1596
1402
1482
1855
1069
923
1533
1841
1465
605
21
109
1468
1401
185
1825
1013
1066
1640
506
897
1990
588
844
619
797
266
1362
13
1218
330
598
1008
169
748
1174
652
758
1820
1810
773
1341
1307
181
676
1012
5
1578
575
250
487
829
1526
1475
216
1875
376
360
435
746
1562
1042
1638
542
744
1898
952
1262
1595
794
1273
220
507
2023
170
522
502
768
519
1872
184
658
1283
1394
972
1317
1048
1217
955
661
203
1950
346
857
1593
1034
1319
1901
235
1388
2009
338
1592
1540
172
604
370
1019
1690
1973
1852
2035
845
1694
634
1477
1555
1534
1009
1698
1170
1137
239
438
1539
508
183
1049
593
1850
1806
921
84
1467
630
6
1469
1081
1703
1543
812
71
433
367
65
1193
347
1452
1854
977
565
1216
93
752
1385
1432
965
1360
931
1191
86
1789
1828
1582
1888
971
1740
899
626
902
410
1927
481
1415
460
1249
157
627
880
686
556
1959
1245
415
847
726
1331
1910
1993
2046
1771
1905
625
659
802
1241
800
689
1106
447
649
1235
1983
852
1894
249
1791
1351
479
1907
326
1464
819
1866
1751
730
179
1537
1460
937
1729
818
872
1516
1208
1995
1532
760
379
118
308
1032
1182
1451
305
1499
1371
1735
442
1784
427
1225
1719
1600
1253
126
2044
594
993
201
47
1461
1395
698
1544
91
279
1381
1836
525
296
793
281
828
925
2007
1573
1120
2021
1873
1057
409
967
697
889
1435
1685
712
1644
1462
591
1315
1083
173
655
1070
1723
1939
859
1672
1949
1339
1422
948
590
405
1064
1025
339
88
1518
850
1674
553
1470
1899
1457
145
439
1972
1816
1579
1
691
2000
1782
1687
854
192
1838
245
1161
2008
1707
2028
1271
1280
2033
1774
322
796
1290
1495
516
1605
329
1708
942
799
1510
1536
472
1491
1111
2019
1953
2012
1931
693
1079
1130
602
1721
1197
584
1991
1376
1195
1011
701
429
1822
30
1739
1641
767
1692
1056
1743
532
672
1046
464
742
1780
2
512
1720
66
1171
1098
1733
786
1308
751
989
1416
2047
2010
380
1223
555
832
1608
846
1936
247
702
251
1682
257
1084
679
1929
663
1139
1024
576
596
1550
336
2017
1247
1658
1552
264
129
533
761
924
174
419
1373
385
1281
314
81
1970
1246
258
1763
2038
389
1576
202
1466
1364
1000
764
1665
1677
470
1738
578
1926
286
1153
69
1795
1952
112
1109
545
1663
1679
240
1615
671
1430
1817
1156
1858
535
1092
1254
1017
821
1380
445
735
1666
1073
1068
1423
1374
1629
642
1946
1634
463
1303
678
1061
1075
121
1695
528
18
1242
288
230
514
966
623
1093
97
1689
365
1684
509
391
843
276
654
1044
1329
1712
1726
756
1101
1702
653
946
1449
1505
1299
1821
1458
1984
640
278
149
1799
211
1527
1673
714
853
904
1661
788
1906
294
130
1107
395
1124
1202
1030
1099
1732
947
920
539
1189
496
1705
1603
2040
927
1522
1033
979
423
743
1893
1581
178
1571
636
808
396
1584
1683
471
1367
1659
313
1744
631
1793
718
1831
1123
1871
991
1725
1660
1403
1478
1276
2006
67
1627
939
1594
2034
1792
1753
891
1437
59
657
782
1454
1940
1031
1393
1606
1716
1900
214
956
1942
935
1165
941
446
1264
32
1472
906
1914
319
1397
633
34
1987
543
1131
1833
1865
1834
908
1158
163
765
167
1988
35
916
1178
703
2005
848
1832
738
1756
2025
1867
1701
1918
1318
1366
1722
775
1769
1741
1813
1047
1488
432
1957
1565
1180
221
1115
115
766
1004
1150
1653
1598
1768
1067
1908
1396
375
1199
1917
1418
1736
122
28
592
1140
1966
312
1261
1967
1459
340
14
1053
810
1203
641
581
1417
876
1654
1473
1697
804
1934
151
520
1636
824
300
1500
25
1103
200
453
826
1146
1760
416
682
392
159
1144
1384
928
1883
1731
1630
64
566
814
404
999
1523
17
1036
311
1453
134
1749
89
1528
1631
75
451
1824
1921
1097
1483
1922
1880
1399
1623
1676
728
1864
1377
692
171
1761
1541
1691
1887
1835
930
577
1096
1958
412
781
1121
1476
1525
1493
806
601
499
870
254
457
1239
1675
33
1363
1941
1577
431
1324
1787
267
1512
615
1343
2029
345
1441
1077
958
46
484
1456
1897
4
907
1386
1785
1313
1334
7
1718
387
350
1076
448
505
1814
1575
61
725
1809
915
1911
1869
354
43
944
1356
1861
550
1136
1269
1747
1404
893
2011
1108
1408
1586
1912
182
1819
105
1808
2031
1948
622
717
146
959
363
1391
1173
148
643
1878
1005
1633
1981
299
1436
1797
1530
328
914
1777
1345
1444
1022
1775
133
284
1862
798
938
498
1714
23
1332
1234
1920
953
1323
20
1535
1481
836
1971
1619
1138
1829
905
1890
1342
1770
873
1353
892
1463
749
1943
78
1277
156
1557
1152
741
398
706
949
882
31
1406
1479
377
188
933
1412
303
70
1348
302
851
1891
261
1213
1803
1667
117
1236
1588
988
1919
551
1250
430
1951
803
558
140
1336
83
1601
945
113
1517
795
1616
1118
1925
1185
352
274
740
0
571
1657
839
1194
2030
1999
1301
681
1007
1664
996
1856
918
632
950
834
1414
1100
529
675
635
574
383
1327
444
48
711
180
1021
962
1766
341
1413
2003
37
607
639
493
780
327
2016
1215
911
449
293
1205
152
871
830
399
1282
1220
366
613
754
1614
1322
342
73
436
1186
729
2042
856
964
141
1010
1151
60
901
1309
868
1804
1267
1145
417
1509
349
1372
485
1256
80
209
710
36
1845
1492
1968
199
292
1289
790
1839
792
1431
983
452
1128
474
1977
501
378
817
1700
223
1026
1656
579
260
929
1168
11
1358
1570
1545
1122
1635
29
1485
1992
1549
1055
1745
1020
982
422
92
951
1410
1357
1206
1754
1928
837
44
1440
473
262
456
1750
1421
1857
926
318
225
1177
608
394
616
1519
1989
213
315
922
1095
549
353
475
51
1842
1982
557
24
2001
1961
733
719
791
1447
242
1524
1529
1709
321
443
1933
1434
489
637
917
1668
139
114
301
1405
813
785
1284
1382
440
2027
207
108
667
879
1354
1574
570
1678
645
187
1110
1244
651
534
1651
1320
2037
538
107
1710
1790
580
984
476
1090
1155
960
1229
458
1484
932
1183
909
1805
883
895
1932
563
597
913
1546
731
1263
9
1846
1553
1815
1154
77
374
1163
1607
54
390
1438
1879
1265
1915
96
82
975
860
1480
606
536
1188
218
158
715
1222
1445
1569
1129
1715
724
490
1433
1035
595
1080
874
381
1699
1827
411
136
582
1181
42
1622
721
334
289
750
426
776
1270
666
1379
1508
833
1003
1884
1885
1134
707
789
162
1734
1294
1585
1040
1361
1209
307
402
1002
1333
135
62
27
424
589
99
940
1713
1564
1279
1293
229
770
1237
1248
483
196
1547
85
820
835
1609
700
406
1117
1352
1419
252
987
309
1874
1127
841
1781
1389
19
1350
568
1506
805
45
494
455
769
72
976
1268
253
1604
1252
132
2015
973
1696
919
896
1964
1102
206
1757
517
1224
1041
683
1429
1612
324
215
55
1548
41
467
774
255
617
858
660
153
1142
1167
1113
745
1811
244
647
1116
1187
95
877
1169
978
1566
713
524
970
1947
1297
1513
1788
1840
1632
1228
1295
382
110
1610
1554
1176
450
1355
1611
554
316
461
1583
665
1892
1767
2018
3
137
1559
1159
910
2039
1853
1737
1755
840
1378
407
94
1082
1844
1201
1772
709
1330
358
1563
547
191
468
168
1060
1125
1426
600
1955
270
1157
1498
561
1626
1896
1558
480
1094
1390
518
1023
12
1340
646
1028
1486
246
1648
772
1980
1227
1255
1617
102
403
1325
777
1105
74
855
1800
197
572
304
228
344
212
650
1551
1514
628
503
736
1655
166
1230
998
664
408
1114
1233
193
1029
1164
1727
1338
441
231
1507
784
477
564
1207
1448
176
333
1147
1976
1647
348
248
1680
513
861
1762
722
963
680
1801
734
1759
986
15
1567
1561
364
862
1420
1272
1580
1259
757
428
1172
1427
1818
1135
418
332
265
1349
459
1316
1742
1994
1886
1960
541
1497
491
2004
1826
1212
1300
2043
614
492
291
1052
695
1975
131
1924
669
2014
357
127
1996
1126
198
1018
1489
1662
2020
1979
747
1368
865
362
842
56
961
359
864
1141
497
1639
57
1681
552
280
1538
386
1149
546
1439
1104
723
688
1210
195
425
226
356
1387
101
1646
985
1063
1038
720
1143
1321
1428
1863
165
1306
186
778
1978
1311
1963
1226
100
138
569
194
1260
1877
1521
68
1624
511
397
1062
629
1954
49
957
1192
1568
981
87
656
599
1556
1531
1502
1132
1895
1974
1882
515
1776
1347
1450
1474
1346
335
256
1704
644
1717
259
466
217
1221
205
1903
1560
277
763
142
1409
104
1783
434
233
103
1859
1091
388
1798
1184
116
1471
1074
562
1304
1296
609
863
1310
1649
1511
544
1232
1257
1375
699
1119
1711
273
16
283
128
2022
1286
384
1956
76
668
369
2041
527
297
1843
1728
1148
495
827
1496
337
1231
1618
343
421
454
1240
954
997
1078
1620
420
38
325
331
690
1045
125
1043
1764
801
530
469
323
1383
1054
1597
1370
1059
2036
704
263
1398
