932
915
7
6
278
1410
1771
1980
1004
1115
1891
1069
1145
710
505
78
1277
1643
1949
1724
741
1479
1388
79
1547
16
1992
1148
118
1906
1712
1213
1856
813
390
1459
1517
333
498
1473
1564
702
162
1133
406
1569
1984
1056
1457
611
1028
1873
356
158
563
1097
1975
194
1941
1182
1377
1550
87
308
867
1312
329
1108
875
284
732
218
937
807
1636
539
1087
225
967
428
408
486
812
483
48
2039
489
1480
672
1738
376
758
1915
1052
40
227
971
2040
153
716
143
1960
1062
1402
1373
1615
2004
323
384
1326
76
806
1271
1125
367
1011
1139
1055
1822
1748
430
530
1161
473
854
189
1349
398
1001
1338
429
685
533
522
1560
1072
690
1706
331
232
1516
1781
1385
1680
1412
228
211
1302
2005
822
446
860
256
1700
637
1027
2032
1537
203
906
1880
840
1789
678
844
1335
1040
1867
968
1859
1553
521
1562
1753
1348
382
313
1652
717
1710
1026
1804
326
1729
1168
1765
729
304
261
1929
272
216
877
363
318
2036
713
1584
305
1914
1484
646
852
113
1994
1209
1725
1842
1871
1740
502
515
1778
1954
97
619
1736
999
674
684
262
542
1930
1111
790
403
842
1659
591
510
664
1812
1963
735
633
1202
1058
800
372
1095
55
1940
1574
1316
1877
2002
629
1354
988
574
1849
1074
1544
1711
155
930
1183
65
1755
412
1865
627
673
110
411
671
1428
731
56
1253
1734
859
460
647
1629
208
1380
1708
1454
797
89
21
1581
579
1180
981
1375
830
571
1951
1042
1685
206
622
1156
562
536
1761
582
941
902
907
1656
1301
514
137
231
1036
152
1478
1229
373
1019
635
285
1041
330
508
122
1368
1305
1508
154
665
1468
1690
171
1211
802
1471
1051
680
1733
1317
660
845
1409
824
745
940
1068
332
849
1539
2000
996
1474
762
1119
1590
1909
126
1527
712
1876
1506
836
507
892
656
1521
578
1165
183
1179
1250
1350
1077
736
861
441
1976
2020
260
709
37
804
1311
1488
1070
146
1532
652
739
1745
1422
1747
553
135
1505
839
2034
872
1164
1255
1093
1853
862
351
738
760
959
1835
768
1448
1715
1039
246
336
948
913
1256
900
1699
771
1642
1928
1857
378
1394
10
1296
1023
317
1897
928
1207
1894
311
1610
1345
2029
1593
648
1283
925
1400
748
1881
1260
2041
787
1121
1155
832
2010
1170
1379
392
1903
270
1623
624
683
603
172
1037
350
1912
1289
1181
337
46
1249
535
834
1634
1513
1947
655
1151
417
1341
271
51
1186
1299
295
1314
881
1307
682
334
1955
236
1206
1790
462
468
423
513
784
1189
1441
315
176
1882
509
422
1300
1709
1868
1535
2006
1099
1910
181
1413
1017
1419
677
893
1775
597
756
722
976
718
244
1952
994
1008
1193
1536
1266
375
449
726
829
2022
975
1423
416
327
1452
1890
258
577
1543
1130
1157
904
545
1323
752
1399
641
1793
164
1461
124
939
857
320
1988
81
1315
1391
963
737
910
1434
1280
719
1429
222
856
280
1420
1637
1187
661
1294
887
432
1628
1671
1764
1320
1838
618
1297
1958
1288
1465
1528
667
1716
1303
1218
91
1507
1739
95
1080
1749
1608
488
1228
1619
1495
1276
1201
640
576
725
60
1578
1917
361
773
1185
279
388
357
1397
1012
615
1672
466
1184
1365
1879
837
1242
1222
1573
120
742
245
1290
565
934
610
1476
1502
896
235
1621
552
1415
444
1511
1287
1002
1861
434
277
1905
103
1694
645
933
1688
1661
524
540
1824
1970
1477
639
1005
156
734
190
88
1015
1469
1948
548
399
706
1221
805
344
972
1035
1395
1113
1238
1361
1493
1106
651
455
346
265
8
1759
128
127
1946
1239
147
1014
1802
2014
1177
589
150
1691
1595
407
1800
1313
998
827
614
59
1496
1635
1079
1267
1531
405
621
302
1604
238
527
282
1580
919
73
1322
1744
1785
241
234
808
321
675
821
1387
2035
1270
747
52
1998
1689
1378
594
583
1490
268
1918
481
1127
1776
1627
791
1695
38
175
607
240
499
1768
700
1234
1767
371
711
1147
1169
1618
1896
623
528
1456
952
1356
96
1247
838
1455
1258
985
2031
1811
204
890
749
427
1033
1674
72
1126
950
884
1339
1353
490
1585
523
926
1188
1796
866
44
229
1893
704
918
1049
192
889
1814
1973
909
1220
287
23
1053
743
193
1831
1150
33
1343
1144
1279
2019
1784
511
1557
1911
572
964
920
1332
1203
1327
753
543
139
1112
1227
1620
1997
697
905
604
1487
1663
1376
1597
1122
777
348
1216
360
491
1677
1939
148
385
14
1215
590
1996
1648
1435
266
606
1195
1577
223
764
381
818
1392
2046
347
632
1057
541
1875
1417
1446
927
679
560
556
1501
1272
740
989
1498
1697
1705
1064
974
1773
1482
1124
566
1919
355
1292
1676
833
15
1900
1799
961
754
274
1959
1166
199
1742
978
676
2023
1447
57
1758
1396
63
1551
410
1107
1686
68
1007
1230
936
1989
1825
1450
864
567
1010
409
1333
1352
957
977
1586
795
666
1546
494
1991
1355
109
312
1374
215
911
694
93
1251
1923
195
1336
2015
529
1310
1936
1670
1424
644
1801
273
1414
564
935
414
349
1935
1572
630
297
1393
1489
1430
1788
180
1645
383
477
1065
995
294
1401
1328
1962
369
1869
1982
377
776
1979
921
785
437
1071
1486
170
1795
588
831
778
997
2024
163
617
775
1120
1810
379
602
80
1833
339
1895
290
1046
480
1427
1870
1611
479
863
810
92
914
763
798
1426
929
496
161
1225
707
592
1809
1599
252
1464
0
451
19
811
1269
1100
1568
1265
2045
1754
1667
396
1403
1617
1232
36
885
5
431
84
616
848
1714
516
17
324
243
1351
613
1433
209
393
681
131
230
1067
1160
1605
825
1082
1443
1624
1244
982
1519
538
1268
421
992
1153
1421
1614
873
1945
1559
1921
9
1319
1254
1481
724
404
1631
207
1592
600
64
901
1943
969
781
249
1439
559
306
865
70
1644
688
701
145
657
27
487
1237
1889
1534
1520
1219
1743
362
786
1523
520
658
202
955
823
1786
415
1518
474
922
1359
788
1163
2026
34
1995
289
642
518
1090
465
1589
1275
550
1817
1726
1088
1986
1927
1442
1968
1819
1233
1852
426
1684
1640
1969
547
512
354
1639
2033
1834
1772
759
766
168
314
309
650
733
659
1445
1176
1406
1554
767
1730
1957
439
1404
2003
1832
1797
587
53
2007
504
794
1808
328
835
248
908
41
1084
25
1985
1085
962
448
970
943
1245
433
1703
1658
891
457
1340
443
210
1707
1965
174
1472
1981
568
1669
1390
1497
1370
1159
1466
653
1556
484
1723
352
281
1606
1200
85
1000
2043
470
54
117
2008
1836
1264
598
420
620
1950
828
1561
1813
1570
214
1167
1178
991
1104
39
1598
1261
949
20
1059
1411
782
1582
636
1440
1054
436
1131
1844
1101
780
1321
803
1171
300
1129
1408
570
894
75
506
1436
197
1846
226
1204
1060
2009
165
1746
695
1633
984
1664
342
1503
558
765
1622
1756
1827
1613
1214
878
319
883
30
1886
980
1966
196
22
1533
951
1086
94
106
1205
1934
169
1720
62
3
634
1372
1964
1047
847
1913
1678
255
746
1920
116
1904
669
1437
1285
801
1731
973
608
1217
1398
66
876
1884
593
1737
1602
898
1243
1591
668
855
1081
102
119
1638
1987
263
1344
179
187
1626
24
157
401
1500
435
1117
1198
125
1794
1779
1494
727
728
1076
942
1662
1541
1259
1110
1647
1141
2025
1509
1632
626
575
956
485
1199
720
750
1329
1309
723
1
1732
402
944
1999
1840
1854
1196
1741
792
826
1862
1983
2012
689
1646
809
205
1009
1777
1692
469
1860
546
296
691
1576
2001
1018
841
1458
960
1600
1651
596
2047
1713
1901
1024
1224
1510
1974
1405
1977
1616
1782
389
267
772
1078
1116
452
257
874
461
1830
1787
501
224
464
167
1357
703
1774
693
987
1783
1013
1092
698
173
1006
534
2044
425
111
721
670
1885
18
871
500
1792
537
769
2037
993
35
1346
1847
1094
472
98
1902
503
1383
1558
654
178
288
1020
638
815
846
166
1682
880
254
43
2038
573
1942
1091
1492
454
1463
1248
820
366
1174
609
1449
191
71
13
1331
983
453
947
953
1263
121
12
1815
134
1820
1719
965
1630
1607
1555
631
1432
42
1367
1752
1337
549
395
1571
1837
1281
662
561
599
1526
1888
1821
1278
555
424
1540
1512
1823
628
1152
31
687
686
380
182
1284
1096
1769
581
938
796
467
1762
1031
1137
1653
1805
141
601
1760
100
2028
1109
47
1722
1114
1298
1325
136
744
1134
1872
853
1190
198
1140
475
11
586
69
1575
2018
1937
663
1416
476
1098
1816
1515
1718
1603
1978
1342
149
2016
2021
708
286
144
1924
83
1462
400
478
1866
1034
879
471
1922
1542
237
440
1538
1874
1142
1066
219
101
359
868
239
456
1003
497
1583
605
298
1878
899
1696
1418
1933
1175
49
1565
368
692
1687
851
1389
1252
259
242
365
74
1364
1291
1154
413
50
1751
1735
1596
770
1545
1609
569
1529
201
341
931
316
1665
1668
1021
1197
1358
438
531
99
250
86
374
1032
1212
1262
799
843
129
1907
1162
1143
1863
61
28
1073
1045
1044
544
1063
1360
2030
1552
1883
1483
1660
1807
233
946
1993
1530
1514
699
1226
526
1208
696
132
986
1654
903
1641
612
138
1990
26
1485
394
1961
1525
757
1386
1146
1273
1324
1971
1467
1655
714
1173
325
1829
1118
643
814
554
1892
1136
1257
2017
1286
29
1293
751
2013
458
1282
1864
269
463
730
459
299
517
1780
397
1431
1693
1843
1029
251
557
1828
142
1727
1371
1579
761
1721
1048
1223
387
1679
1717
1858
858
819
1369
1407
90
869
123
1025
1030
1898
1925
1304
595
1956
649
1158
1728
67
2011
1425
1944
1681
1362
1931
1953
1128
105
1972
966
1241
1191
419
817
580
1089
1172
990
276
1548
247
1444
186
220
789
1499
1022
1308
338
1240
1806
1102
1750
104
1650
1566
917
322
954
77
343
493
1210
882
1194
4
897
1612
212
551
888
1050
1363
1475
310
1850
291
979
133
1908
1675
159
217
1236
1851
114
1932
1061
1841
303
445
584
1105
492
283
32
2027
1798
886
221
1491
850
1683
916
1453
1438
184
1803
107
1524
1899
1192
447
1138
307
1839
715
1043
1016
1673
391
1075
1698
1770
1967
783
1563
585
386
525
1460
1366
1381
1334
1103
1470
1246
213
1132
1306
1588
774
1318
870
816
1887
1384
130
370
335
1757
1848
912
625
200
112
177
358
160
2042
1826
1382
345
1522
1231
495
442
82
253
1347
945
275
1594
45
1601
264
1926
340
482
793
108
1135
1123
140
292
1701
779
923
1235
1149
1818
1038
1587
1916
519
1704
532
293
1791
185
1763
1845
1549
1657
2
418
924
353
1295
1702
1666
1330
1938
1504
1451
301
1625
450
755
1649
958
895
151
1855
1083
1274
115
188
364
1567
705
58
1766
