1053
853
416
421
1556
141
1172
280
1747
1904
119
1581
500
428
712
755
1193
127
1446
1204
1363
605
454
411
1901
590
1943
775
356
768
1261
521
424
713
1573
1788
1050
1004
1644
435
278
1563
1582
430
831
1792
888
580
485
1436
1285
708
483
813
604
309
701
1565
1293
1670
641
486
299
1432
313
1727
190
1657
302
855
547
1553
72
723
745
2037
1832
915
1301
688
639
1758
1537
1572
1509
1990
1656
1521
442
1438
439
368
589
1375
784
145
235
1315
1044
1673
1403
1543
1222
1564
792
1051
1350
1370
1108
729
1162
560
1576
1418
1929
1806
997
940
151
1523
603
744
1257
1039
34
642
570
1819
1130
1429
270
977
1987
123
1814
727
221
16
1114
1334
1360
116
921
369
739
1771
162
529
184
1041
648
504
783
1280
1746
1639
164
149
1310
1335
317
1102
1527
606
607
571
1650
1831
1079
838
773
211
1146
1192
1398
1864
2027
818
1211
1853
1999
1660
694
732
367
573
492
1020
1704
1343
1412
2020
413
1493
1093
810
1718
1208
358
842
672
821
1445
1757
1227
1753
400
2047
1031
1189
1808
1973
1866
1160
1648
749
1054
682
1488
673
735
760
671
649
244
658
242
259
1323
1891
1550
1545
1328
1554
126
656
714
1255
751
643
375
21
706
528
1331
210
87
293
1613
769
653
419
1977
1494
1662
844
959
197
1461
114
845
1113
1548
1154
414
1721
1989
1464
1596
102
873
1026
2024
346
1179
1651
398
726
1805
1364
859
1947
188
1084
623
1497
218
628
279
336
457
922
1680
684
144
1021
965
332
979
926
9
731
133
909
1372
1325
776
944
1368
1863
1975
1892
1057
2021
1374
582
359
213
360
1111
1508
1421
202
115
1763
272
507
1353
128
1905
1148
650
201
1318
176
695
1867
1025
883
1499
166
1724
1230
130
1706
1860
1235
466
898
455
1589
1698
754
1516
23
1186
1952
1681
1797
1569
180
63
1060
187
1827
1336
1887
1236
800
1595
1063
286
1089
445
1405
1420
7
1090
1738
35
1256
433
331
891
131
308
1878
1143
1173
1478
1791
1330
205
1510
1567
832
548
1713
1983
1123
719
664
241
1298
971
1968
1127
1232
1841
829
1010
1524
630
807
1624
1592
1126
1755
1583
256
90
255
282
957
1129
1654
223
488
1082
6
804
771
2016
1467
812
549
1013
1774
574
791
294
1424
633
2031
215
1483
1498
124
1078
2013
71
1195
459
1096
892
565
1141
546
1043
175
322
1796
437
752
1242
880
757
267
2041
254
289
539
1234
407
2036
1103
1239
1868
611
1982
674
69
592
1751
595
199
1163
1097
1115
497
458
1406
508
225
1961
675
1794
736
1250
43
403
1099
349
540
904
198
914
75
841
79
1071
1959
1329
1821
1094
774
1401
1022
238
1074
1783
477
520
316
1150
585
526
534
476
443
772
191
1258
292
1629
1271
276
561
333
420
427
499
1244
150
1799
204
212
1872
61
1147
1918
98
1447
1711
1223
575
1534
1309
743
1859
968
579
942
941
59
1070
402
1014
1633
1288
230
847
1233
525
1492
1489
55
101
425
399
1882
1966
415
1610
693
103
1661
858
517
945
835
1541
295
1292
805
1773
728
889
722
1745
192
81
1580
927
1679
964
1874
1120
1505
1649
1946
1452
19
690
1305
918
1011
1986
962
1599
869
554
1920
542
1425
1110
1617
1972
584
1981
1511
874
1621
1422
2046
552
1846
135
1131
48
1782
1484
1001
1793
146
1635
1473
1948
1142
815
1896
1394
1481
1840
1342
117
1202
297
1609
1826
1611
1264
794
809
1306
566
142
1838
2033
1466
1820
318
1637
1894
1607
122
1448
1380
431
1005
1119
583
1913
849
588
1804
1772
881
304
991
491
80
1501
654
1104
284
1092
1155
511
535
730
1740
1414
109
1932
1282
543
112
1547
1667
432
2003
1479
1030
1237
1997
1843
1404
1042
343
1880
1434
1538
422
470
17
1012
1068
1776
234
2043
1602
756
159
1714
1728
963
1167
867
1395
1536
1944
1705
1886
1253
1630
1462
895
1688
748
665
905
1870
1206
799
410
1964
1781
1790
626
785
1638
1439
1928
995
1291
76
393
1158
1362
1384
1453
1198
1263
824
158
2035
329
173
1930
938
704
981
1183
2012
933
1871
646
994
350
1322
685
1138
1833
1675
1586
1289
1666
125
1321
683
1779
1416
1795
896
624
264
498
412
2045
1259
907
848
82
42
865
1240
371
1726
1829
1228
887
988
209
1640
710
1145
1279
1625
52
1965
1475
1165
1
1762
323
1908
1652
2007
556
1458
876
1346
857
1348
635
758
2006
550
1834
468
558
296
1889
1069
231
2025
851
599
950
1444
1528
467
285
10
262
882
1850
96
572
1049
189
1531
372
1238
1087
600
461
910
233
1659
64
1023
143
381
798
1491
344
1823
1504
1482
897
325
759
1519
740
1672
129
954
559
1903
1496
174
787
1086
1008
686
1275
1367
1717
77
1251
1396
320
305
1940
1217
277
20
1951
1383
196
1294
610
1687
73
1061
850
651
1561
374
451
930
620
947
392
193
946
2022
401
1539
373
1517
828
1038
1034
1953
106
1585
612
1736
471
1226
1748
834
301
405
645
1506
1571
608
1752
1125
1352
852
1575
1703
450
533
178
300
195
839
1366
22
516
827
1385
720
1400
387
1912
680
1273
1890
1469
1512
820
524
1502
2026
1862
509
1729
148
717
2001
1003
1741
91
1719
721
1024
1109
1006
1707
5
1190
1817
669
355
1801
681
793
1910
1209
1574
1526
1991
217
1849
622
2039
1409
1076
627
171
1184
1055
993
1786
1960
3
370
155
1555
501
987
1121
232
1485
2017
257
1339
1756
1290
107
568
978
1623
1916
698
814
1934
1019
1594
1769
1188
970
251
1969
569
602
1300
111
382
1214
1689
1608
1105
1869
2028
2009
152
1047
1665
1040
394
1601
1970
1994
97
163
53
1486
1072
49
637
1417
179
796
167
1260
417
576
1213
1998
1807
1500
1182
1135
1877
1326
444
1844
952
228
1824
990
1107
901
660
652
1299
1514
1085
62
989
203
564
1710
1419
1761
782
494
379
679
1708
986
1677
1450
929
219
33
2
328
1137
864
629
1177
1568
1732
1911
1435
1317
1199
448
1645
78
870
2010
1879
1678
1468
1027
868
2040
1116
341
1411
763
1132
2034
866
955
1768
1106
160
1015
1276
871
456
1809
263
453
992
1002
1888
770
936
861
1967
1218
74
335
655
615
1812
1646
1631
240
1249
716
908
1696
1835
1381
689
1175
780
1922
557
252
1765
1926
973
816
781
1455
1052
1636
1852
1848
1902
1410
1700
493
86
1663
376
877
1286
563
553
1441
1065
518
1641
983
951
1759
181
1229
1387
1699
1018
1974
1632
1600
924
843
1549
283
383
446
482
345
1933
786
734
1787
1591
1785
95
441
1058
378
1515
2030
1507
1303
911
36
1377
1241
1577
830
440
1754
1701
1472
389
365
1557
273
1898
237
1815
1219
1272
15
1938
1734
438
1347
319
1307
449
657
452
490
1810
208
976
1430
697
894
594
60
288
510
725
1231
200
363
1433
737
1278
1664
523
1603
1144
1077
37
2032
999
618
893
522
846
699
8
1937
1388
249
943
290
902
1775
118
1344
1802
326
581
1169
1357
1426
1443
1133
917
239
182
104
567
1992
352
913
1811
541
996
1451
1161
766
462
937
1266
84
2002
287
862
361
1046
750
291
177
464
1578
1615
1883
1579
1480
1798
243
2023
1760
879
1658
481
478
1924
1393
1427
586
1355
1474
1029
998
1178
51
1865
700
1067
778
609
1683
1789
460
1287
1338
1857
1682
638
1634
11
1152
261
747
1993
1171
1861
1881
41
108
354
1000
226
214
980
1766
2042
1402
463
303
1941
1605
1180
1733
29
340
1619
1277
1764
1118
948
434
1851
447
1327
1207
614
1476
275
1642
1503
1551
617
1777
808
2005
32
1919
1437
593
2038
38
753
136
676
1033
825
44
912
1709
1463
1254
132
1210
1460
298
4
1408
1715
364
1170
139
1858
707
663
931
795
503
1274
1668
1392
1373
1187
1813
137
1157
404
473
1995
1265
577
1653
1935
1268
1767
779
817
353
1080
1083
1780
890
227
315
1354
1690
1692
134
1737
1166
1269
1915
312
334
157
206
934
1075
512
1194
802
1456
1073
1379
168
1529
621
1391
339
661
928
1669
310
1009
953
1925
1281
1884
1017
489
1308
1800
222
1770
1955
1716
1243
670
1893
961
31
1822
391
1284
1895
186
1900
767
836
1316
1957
1176
803
1685
886
1622
327
597
1098
1988
823
536
50
1899
1095
1048
1311
801
519
513
764
337
18
659
1676
1816
742
1164
1996
854
94
1191
1842
530
1470
13
1270
2008
1200
906
1923
636
1220
1828
1598
1931
1945
1203
1454
1320
885
1845
1333
1749
702
1958
819
1825
591
916
314
1731
1725
220
1885
1830
1449
1742
1134
1136
1593
1283
1985
616
920
156
1312
93
57
1428
66
260
1837
250
578
738
1062
960
1413
1604
429
1552
83
1390
1558
532
1559
1909
436
903
406
551
596
1340
1606
1168
634
631
1697
396
24
1369
884
1100
1588
1128
587
1066
1081
972
647
761
1513
562
1495
1297
1139
366
1562
935
925
140
806
1216
984
958
515
537
505
1626
110
1358
1295
165
1897
1720
1560
1382
169
357
1590
2015
1627
1597
1963
68
1197
330
1337
377
1839
1431
1570
1245
1686
531
1356
380
1248
496
1907
1332
1442
465
677
502
1262
790
733
1906
1378
1818
1140
705
899
183
266
100
1750
348
1205
1546
1351
92
1302
281
1471
939
1723
1739
644
1522
324
711
1252
26
1215
153
194
1836
1949
1064
207
1415
12
1876
469
1246
268
1221
1304
668
2019
321
1984
1314
1361
1056
1976
822
418
1185
1540
274
1942
185
1028
1174
1628
236
692
1535
666
1693
25
56
788
1778
863
1674
789
475
1324
514
1873
385
229
1939
154
687
1979
14
826
1671
1847
1440
1620
1156
170
216
65
472
311
900
58
1117
390
28
395
121
1954
598
408
2044
2029
506
1655
709
85
1007
1349
1520
1016
840
54
1122
2018
1616
703
1856
1566
985
632
1971
1614
2004
409
678
0
1181
872
715
1643
306
1224
1376
1618
746
67
120
338
1702
662
982
1457
544
2011
1691
919
172
495
1487
1927
484
762
1730
1151
388
1389
777
1037
1956
1490
147
2014
1950
718
1542
837
1196
1407
45
1088
1784
265
1712
89
1036
47
1722
527
1647
384
1694
1201
967
426
1032
969
1803
161
248
1159
1465
1386
386
1936
307
1735
765
105
613
975
667
480
1875
1980
1313
138
1743
625
875
833
1459
245
27
88
1247
2000
39
1584
811
1091
247
1365
1212
1153
1544
1533
923
423
70
40
1399
246
1921
1112
1854
696
258
347
1149
1319
545
878
856
619
1477
1612
1684
342
1397
1296
1530
397
479
1423
1035
1532
1341
1525
269
253
1914
224
46
966
1267
1518
1587
538
474
1124
1359
797
555
1695
691
724
99
271
351
974
487
1101
932
362
1978
1917
741
1225
1962
860
1045
30
640
1059
601
113
1371
1744
1855
1345
949
956
