21
1208
155
535
1705
1758
1143
506
977
1331
565
796
2042
121
943
1185
374
545
1764
751
1334
1250
2017
274
815
1257
1473
1003
522
438
1195
464
774
1819
934
1720
507
1529
1338
308
967
855
233
63
2043
936
290
335
1793
548
787
219
114
1790
1481
419
664
306
1653
1198
1728
1974
242
1557
519
1086
1469
81
924
1364
1566
1704
968
1165
1248
1774
826
1892
1234
397
704
1378
278
1255
1452
797
540
1985
512
1535
1582
1922
1795
669
1681
603
457
1497
37
183
929
900
1501
1491
640
1810
1070
157
1089
1427
578
1223
1676
431
871
1520
1751
1732
1071
1569
502
795
447
1899
708
128
698
1058
1662
605
1059
946
1108
322
169
783
1526
288
1184
503
1043
396
326
1328
856
960
671
1112
1877
258
291
342
1702
1889
1433
999
1146
608
194
1585
805
892
321
1297
404
1370
1517
833
1230
839
1101
1173
705
448
1995
282
348
487
367
164
1599
181
1096
1897
59
1862
27
996
1565
1925
831
1122
1589
417
449
1124
1302
1218
2004
1066
1584
1416
301
406
1564
1023
643
330
1716
1360
388
700
1736
880
1903
675
1032
277
357
1615
20
877
1522
146
32
1444
93
945
205
196
1390
172
1919
1979
319
1394
1664
997
1407
38
1630
94
1330
869
89
1430
1263
1509
459
379
1103
550
1049
1527
31
1891
1436
64
623
639
1398
729
1002
829
1886
1139
1100
442
1462
847
1749
1700
1179
1811
1717
1906
784
482
972
1119
414
587
156
1598
2005
1967
771
1262
1275
1760
1755
806
1788
250
109
1932
1092
264
305
147
2
1158
1356
1135
1762
1609
1005
73
1315
1458
1065
1067
218
1866
1346
573
1893
560
749
1828
1882
1480
140
1860
950
1202
1296
257
539
347
908
733
951
1036
568
463
1392
67
743
113
409
1775
628
1488
186
1613
1754
1357
1367
1238
814
1141
1286
1365
590
1320
350
889
853
1079
874
2038
1193
1472
253
1624
619
412
1616
2009
1963
575
294
1455
756
1734
1875
19
1966
912
702
1884
1506
593
681
1548
727
794
1348
766
104
1380
827
1034
612
957
1319
1340
1927
1858
1518
1224
1786
965
1918
1549
101
654
1818
534
1439
1148
1399
501
238
303
1938
1011
1853
266
1235
276
1142
1082
1759
1323
119
1563
211
1561
1617
1640
652
153
11
1078
622
555
610
1085
1460
479
1256
98
609
1318
1545
701
992
2011
122
1809
1647
563
921
402
1104
1667
1270
80
236
1649
1711
562
1447
621
1260
949
323
1829
906
42
227
1225
526
954
1888
451
1441
77
634
1999
76
429
710
1600
978
162
1650
30
1372
216
1368
666
867
307
2035
687
1631
1787
1663
1228
2032
1487
1990
1113
888
696
1806
293
1551
768
753
99
102
1666
1708
1804
1243
1898
969
71
1988
40
650
1221
2000
340
1187
1227
541
528
554
1169
588
1289
1030
1618
1305
474
1299
393
1118
1099
1701
1944
1832
514
625
1467
43
1532
651
907
1180
248
492
1968
1401
1037
1689
1845
1450
801
1484
1016
1045
725
1608
566
1291
910
692
1924
775
559
372
865
1576
1404
389
1610
922
602
551
843
1231
1521
1272
1915
1007
1516
1188
1807
1978
1827
1482
1673
203
529
1772
726
116
66
1920
2040
1463
87
521
468
1639
887
1031
905
1276
1161
1675
1628
368
1789
24
1800
1768
1264
1606
736
821
2044
1715
938
1850
798
476
748
607
2028
1175
896
1311
1594
1164
1843
1120
480
828
1174
35
1090
1868
2030
1411
958
1971
1588
456
498
1470
818
1446
1282
667
693
1638
1239
400
1731
269
1170
1632
228
1869
935
730
1222
224
1199
360
1157
773
167
662
2019
2029
642
990
1449
403
939
51
44
1696
15
1347
1695
911
1489
13
1633
809
944
543
591
738
1267
2037
1942
1075
1555
484
206
55
39
592
441
762
1820
1931
299
1803
112
537
424
1538
1583
1797
444
352
1737
1457
1508
1753
1743
450
1821
567
1006
369
1000
933
1954
835
1859
1895
1698
1910
722
991
822
1068
1418
1627
1162
1010
346
980
599
327
684
28
1425
680
1093
1349
1507
1637
1203
1948
812
635
1651
952
292
53
1761
375
316
1384
1166
1670
1421
92
1294
517
1461
1714
618
1879
5
1597
1316
1479
824
1703
1496
993
956
858
1573
1980
1336
1791
2003
1519
385
1625
962
1779
649
1572
617
520
365
1247
1403
760
1389
1429
1417
1448
769
1273
139
1951
513
88
351
586
553
1619
1424
1293
994
926
232
1957
161
173
1244
462
1167
106
54
1587
1107
105
1442
1194
1097
1041
1849
1504
1400
1805
1415
1351
1998
1381
378
1782
1464
240
145
1352
1015
472
432
1726
690
10
653
1880
1607
466
410
2023
339
1094
1471
22
281
1160
1874
309
891
78
764
1362
868
1885
678
435
637
1354
1133
1707
763
703
1823
144
881
1873
491
1056
1914
2021
581
648
694
1798
571
1106
473
1678
107
1982
1930
332
808
458
971
17
455
1784
1580
1475
1382
304
29
363
1933
987
1125
624
1271
579
1671
1916
1284
188
1540
209
1062
1960
3
115
366
1894
791
1423
1397
1408
1765
964
90
1500
1656
955
246
747
6
1943
445
511
1801
2010
469
1655
672
840
1395
1183
1621
2016
1258
1412
1009
75
192
1841
995
165
1553
477
180
1326
1802
717
686
433
1129
780
45
1747
2036
1887
1652
683
1568
1136
793
1177
942
148
1111
533
1084
1996
1253
1706
800
57
1153
728
82
272
1213
1577
1088
249
1211
789
175
1008
1379
1342
1377
401
851
1438
976
138
486
1620
182
1077
1808
917
1437
1733
1908
1785
1205
626
126
382
989
663
549
1236
1738
151
1226
23
786
1591
1278
1648
443
752
337
1341
1210
1420
136
223
810
222
421
1505
72
7
263
1831
408
270
1537
1964
356
195
1485
298
807
1626
2022
823
1847
879
1771
405
931
998
33
1936
731
1531
1575
355
268
1659
1952
1138
422
1317
574
110
1163
1329
532
682
857
1534
1055
1051
656
772
237
1792
984
930
1766
213
544
1945
46
909
1206
1038
481
1856
1917
254
377
1612
963
434
1192
4
707
1345
1812
1981
600
1912
198
496
1595
1128
1769
1039
440
1303
1171
1073
1476
1279
1837
904
215
497
1219
1722
518
163
1478
1511
1168
1181
1645
759
1579
1536
1233
1934
1207
1970
1661
1152
1332
158
1069
58
583
60
187
166
836
1251
26
1746
646
310
668
1554
530
16
1431
1314
595
1523
1581
137
1445
1686
1376
1546
125
185
1539
1883
2020
295
489
1355
1063
1926
1839
79
1965
1020
688
56
1547
572
61
475
1672
1053
1494
436
615
761
660
1130
1361
1752
499
883
811
1730
1301
437
1426
1021
788
746
695
838
84
1115
1940
790
1709
2047
504
439
1530
659
470
184
135
1048
1781
661
785
390
1574
1324
1220
516
596
485
204
1512
2025
915
1026
536
1189
1901
358
111
1321
418
201
1252
1562
852
252
1241
1958
1972
825
1718
1635
1767
655
329
1674
231
235
47
132
1350
1061
1145
1335
802
133
697
674
1001
103
647
914
983
1176
531
842
657
1366
197
247
83
1419
1867
127
1468
1727
1147
627
108
1072
1022
333
493
1495
556
706
1913
1019
1054
1309
1905
334
317
1694
423
817
1465
1763
1259
1499
1
275
1525
1254
18
1861
923
68
1911
1642
1306
1396
837
673
1154
1857
713
966
979
860
1451
354
453
724
1422
1402
1687
1976
903
1780
876
1132
261
1848
1684
1126
1863
265
1242
1748
1975
1825
873
1987
2031
1076
744
1363
893
383
1018
1137
221
1836
614
1201
1014
941
510
850
1453
765
1498
168
1109
120
391
894
1343
312
1388
387
2039
1515
1052
875
411
1909
1196
735
225
149
171
1261
1896
1842
594
988
325
597
845
296
1042
819
523
1680
1550
425
260
985
1956
1514
384
343
1186
1657
189
862
1699
1308
280
1693
940
428
1994
1217
1144
1265
606
974
1105
1665
130
1214
1428
1432
1040
134
1682
1558
927
1605
1288
1074
1937
349
916
394
1865
427
160
1939
1490
919
1524
1851
1543
685
1776
601
1735
1961
200
284
9
1955
2001
902
74
1024
1556
1216
1307
1833
398
14
1513
141
1741
91
25
1719
1872
721
1047
1552
1770
234
1313
208
207
861
613
1777
256
1541
1057
636
616
1840
353
1486
1668
1744
834
1197
1304
1669
1117
1822
1044
381
720
336
1902
1156
1310
1834
1729
1949
1757
407
1149
1712
191
1178
1844
341
577
1064
658
585
271
1778
1131
1904
676
302
1140
1209
285
494
123
478
2018
1542
718
741
1817
799
970
1677
2012
2045
331
1333
584
1692
1660
734
816
361
239
552
36
1544
259
1993
527
863
244
1528
1815
1623
832
214
170
52
611
1246
262
1723
631
318
604
1159
1035
483
897
177
283
1410
918
471
2006
864
1081
732
1266
1466
644
1172
1878
1593
1200
1353
848
1114
870
677
898
1855
1123
709
1269
570
755
1953
65
740
50
770
217
884
803
1459
1127
1984
420
1725
2002
1283
1492
1456
1413
948
226
982
505
488
117
975
1121
645
2046
1325
1033
1724
928
210
758
546
895
289
901
176
267
1685
131
1745
1854
641
1083
70
255
364
143
1080
1830
286
757
1567
1646
750
1435
1816
48
1029
1578
1322
1383
62
670
1268
1870
776
1287
1344
525
0
1570
561
1756
859
515
1339
1697
315
580
1150
2033
665
953
1391
446
1027
1414
723
1025
1742
413
12
1634
1406
576
716
1586
844
1091
1989
1929
1477
1134
313
1871
745
199
981
190
202
1596
1182
2024
1502
973
229
1369
1658
1358
287
1838
392
1691
1028
34
454
508
959
1359
8
1533
1622
1710
1375
359
1483
124
1204
1046
178
866
297
1385
1371
1116
85
781
899
1232
314
1312
792
279
1794
1300
2008
1629
345
1881
841
416
882
1386
1796
986
767
1679
243
154
1155
712
947
1603
779
890
854
689
376
1405
1274
1962
1977
174
638
100
564
2014
415
582
1240
1654
212
1017
1602
1245
1590
1280
1393
1373
715
699
679
467
1992
1012
1928
2015
1592
961
380
245
1636
1212
2026
97
1997
465
399
1249
739
1474
1683
937
589
754
913
1229
1986
1004
452
547
1773
1739
1095
1013
1740
1190
86
1947
152
1237
1852
1813
830
630
1969
1060
1900
1560
1387
1688
1846
2013
629
500
338
557
1783
1050
1991
273
1440
885
69
778
1604
96
460
849
598
1454
1298
1876
461
846
1290
1950
490
1941
1921
1503
95
1935
1907
1102
558
49
1946
782
1835
2041
373
1973
691
1327
524
925
1814
1292
1601
159
1443
426
813
2027
1690
362
1215
41
1110
1614
179
220
1644
395
1151
633
1799
1983
129
820
742
737
1571
230
118
386
328
886
300
1559
1493
344
1890
1434
2034
714
1721
538
1641
1510
1191
371
241
1824
193
569
872
1098
804
150
620
1713
1087
1409
878
920
324
1864
1277
1285
495
1826
251
1611
1750
2007
1374
632
370
430
542
777
142
311
509
1337
1959
1643
1923
711
932
1295
1281
320
719
