474
757
354
378
2031
1924
1442
1395
1774
2035
1784
61
296
1629
243
349
303
861
1156
1406
144
1320
1712
1568
1690
1121
1580
1023
852
637
1211
2034
762
49
384
386
1791
295
1264
614
1474
420
777
1548
353
1272
1893
1162
1099
988
77
288
56
624
751
1517
1493
99
59
822
1067
257
1983
1602
1950
2015
921
1637
201
534
169
423
709
193
1936
1775
577
1729
1385
1365
808
496
1826
848
1090
1080
1705
1415
1662
1183
819
1312
540
739
1134
835
1630
890
1433
58
1013
1773
443
90
1325
952
229
1815
173
1786
683
1120
553
62
776
1601
1976
1124
1287
1054
262
1604
88
67
13
1216
1594
1830
22
24
635
842
1809
1265
83
312
1891
1670
366
858
1691
1324
589
997
33
1931
1603
442
1468
500
1430
1364
1107
1171
281
472
1667
1386
623
336
1145
850
797
1009
1113
897
1993
1693
1905
1687
1307
1311
1920
1988
1973
1975
668
1392
1689
708
1005
1876
338
536
23
522
585
601
1062
1220
941
142
1632
572
1847
402
418
518
71
1319
308
1531
924
1308
1860
747
713
207
1821
1093
685
1621
595
1979
275
1640
678
428
1996
1357
1278
798
1616
249
1896
222
1391
108
1089
560
302
177
374
723
943
255
1380
1133
1223
1824
253
579
1827
240
294
1887
21
765
1743
462
578
1755
740
1248
57
1138
38
1227
8
125
1586
1316
787
1056
628
1855
1309
1366
1858
795
1525
1598
324
164
346
1102
1721
1780
1952
267
1452
216
673
1735
1393
1039
1674
1561
1367
662
31
1024
1807
945
1022
118
525
773
311
1519
1141
1407
1833
1467
1970
566
1665
966
87
1600
1462
904
113
498
1513
1002
1703
217
1186
179
1777
1117
465
1059
155
469
1496
1582
642
1037
233
1578
1163
1913
1184
208
1717
1300
715
80
1347
810
1028
598
1532
48
543
1139
816
364
89
1914
983
2000
676
946
18
729
1151
505
1593
2036
1557
1731
820
444
1953
479
326
316
1963
658
1333
878
767
317
575
1685
1808
473
1335
1104
2045
1473
1422
1299
1751
1947
1862
672
1671
114
1250
994
1256
1142
1482
548
871
1564
982
1885
1362
1883
1021
42
291
799
1476
1840
1890
46
405
782
872
1682
610
1052
170
446
1460
32
1538
537
355
131
397
1004
1483
716
669
1917
1794
464
1341
1851
756
957
693
533
358
1781
238
1419
342
758
682
25
620
1197
1930
938
923
741
1607
1036
409
870
1624
1480
407
1359
272
1398
1353
996
20
760
1506
120
226
145
158
562
1199
1202
1327
895
626
727
528
519
250
394
837
189
1566
1516
524
157
1787
1713
1790
531
654
1038
611
1864
404
1558
116
796
379
778
269
1188
1839
1783
677
606
1563
1900
225
1666
1696
1167
1479
1894
1528
1746
130
701
82
1867
844
1591
64
245
927
1728
730
1489
445
1130
636
1379
599
1654
1880
993
732
1502
1334
1394
1008
1147
908
2008
382
1111
1166
1929
804
1837
2014
419
202
594
1570
539
1772
1356
1997
1410
987
181
357
933
1198
176
274
2017
403
968
1072
1567
827
237
315
1852
1477
1077
1901
791
1296
1576
1678
1545
1110
774
1402
582
970
1217
66
1229
1361
809
586
380
882
1389
559
1466
1354
214
728
780
720
2009
166
602
1733
735
985
1165
178
1631
485
2032
538
1494
718
1612
902
1884
1228
675
1172
321
1261
1177
714
1608
632
507
2047
1437
1233
793
2044
1536
340
100
325
1418
618
1176
664
488
1812
259
159
752
1609
1861
894
1420
592
847
1108
391
541
1981
1187
1648
763
351
2
140
1017
1029
1438
1157
491
1447
1069
612
506
755
1647
109
220
689
950
1910
263
1747
1497
94
1092
737
725
180
1559
753
2025
271
453
1170
106
651
2018
1478
1906
424
625
1371
1960
1921
1719
105
995
350
1597
431
849
399
1697
571
475
775
1292
487
1770
1152
1464
199
1863
1991
771
646
74
1838
110
1922
1966
1535
1267
1793
1283
1443
1224
1523
627
1942
1045
1965
278
944
615
1823
1405
363
859
1820
401
1556
456
955
1668
1935
1761
117
307
1634
9
1934
1709
1977
670
1070
1025
1408
613
906
1520
710
1650
917
1221
523
1792
1003
1799
1349
1649
1553
789
978
258
936
1306
1501
1078
1825
347
1778
874
372
248
834
305
383
802
652
1643
954
1400
508
251
862
2042
962
1082
549
951
617
1263
1317
1595
1352
1969
696
860
370
1262
1925
1614
450
182
339
1518
1382
1237
1704
925
1363
104
1369
1244
1676
19
2039
1337
319
828
513
1000
1191
2041
203
1816
1664
1204
1136
154
711
416
1461
1137
823
726
817
1414
1409
92
1158
425
1744
137
1144
246
123
1859
1551
619
1919
1627
1916
687
1336
362
1020
750
1754
1182
10
1219
1989
608
2030
436
1119
991
1904
1445
1340
1381
1811
511
1346
327
704
478
413
1990
1829
989
1490
1207
1125
219
607
27
414
427
967
1279
211
801
1454
1641
44
1096
1255
1243
1060
1122
590
1424
1417
30
408
1684
230
389
1537
1588
2007
1350
1270
1695
459
1646
1035
949
1061
892
412
1710
1203
486
1849
81
959
1944
1500
884
509
146
1370
843
754
376
1995
86
1109
1301
1888
289
284
918
1274
1845
343
1127
1806
297
85
139
417
1329
1050
1592
570
1064
584
807
1686
45
1051
4
1047
1246
1288
1342
239
1091
1339
1065
1231
175
1428
504
721
205
831
483
1225
1945
1615
724
6
76
656
1273
1388
70
1736
1714
1762
639
147
495
1185
1628
392
1425
1131
1946
790
1985
440
597
1915
234
1877
922
1128
454
78
381
224
1214
1383
41
1699
558
73
2002
1100
976
1866
1251
1378
684
1972
781
1014
47
1404
1698
1810
429
811
824
1486
1886
1613
783
1814
1239
738
644
36
1658
1345
1692
1748
1573
1882
1503
1190
410
609
1620
1001
1277
1266
314
846
320
1212
221
1179
434
563
53
535
2021
1750
1978
1547
1471
493
896
1796
1252
1672
1007
1725
1874
1644
1785
1175
800
111
1932
40
1652
206
2024
766
457
1206
887
588
1651
54
365
813
1033
330
1618
999
948
75
745
565
1146
984
1769
1226
135
759
1742
648
213
1800
1961
63
1759
1332
200
285
554
1291
706
893
1449
1954
1663
124
547
1218
1805
1294
1998
2006
244
1238
1739
621
986
1552
1700
545
1435
905
1853
1031
840
390
172
331
1660
191
298
1472
1195
1749
1795
717
1757
1707
928
903
806
1984
1546
868
1268
2011
935
934
1232
1898
1164
1241
1488
107
854
1962
653
661
196
1355
888
247
2046
447
2001
649
764
629
551
1801
1542
1850
1282
455
1429
1508
1959
187
1115
1675
1083
688
698
1680
254
26
964
526
1718
388
1504
1015
1058
171
1732
958
815
204
748
1016
1804
1715
167
1574
1344
1360
1431
1834
1269
301
1275
659
512
1095
604
1455
1106
1375
692
1941
490
236
112
869
1178
1702
51
1210
694
901
881
1081
1154
1084
1694
1679
371
268
84
1752
1439
43
1011
576
35
1048
1844
1399
2016
39
1032
960
14
227
1625
1507
1310
1610
1101
1661
132
956
103
581
395
1249
1549
119
1318
1140
270
1049
60
1911
466
328
1079
451
743
183
1892
1577
953
1683
127
323
348
1543
942
1955
1928
1222
1351
1321
1071
55
2004
974
218
742
899
433
1999
1869
1822
719
3
674
702
633
857
1813
1802
1368
1254
1434
121
866
126
1285
1034
198
1669
415
574
1656
1019
1788
1245
977
115
400
2003
361
638
911
195
322
1856
345
542
1446
864
1234
1868
148
502
792
898
666
2028
334
915
657
873
430
1075
622
1465
690
1873
1803
1326
939
265
310
1611
736
1495
1842
1041
660
93
1734
1149
261
1797
1290
971
1010
1986
129
832
1230
72
556
11
421
1982
1789
520
913
1708
746
1118
174
2005
1423
836
647
503
344
1150
1491
1760
909
1470
1918
1403
1590
435
1258
101
1540
153
1583
15
1949
411
818
863
891
1397
805
1923
1432
1499
593
406
1148
1572
947
1569
1509
1169
867
448
1560
1289
2013
564
1487
680
149
242
1441
128
1485
190
605
1875
300
1492
470
591
449
138
7
1782
940
2029
1589
299
931
1043
851
1971
160
1459
282
749
1565
1315
264
1094
1173
306
841
65
1174
1411
1767
1073
34
1771
1304
1196
1160
143
1763
1116
530
1192
1871
856
277
341
185
1741
1358
1585
1617
1726
544
1057
398
1348
969
992
1659
1303
1132
1085
1276
785
2037
932
1143
52
829
438
1544
1843
1436
1533
1018
1253
2040
1727
770
975
1951
304
2023
458
643
1259
1372
1328
1798
640
1313
1550
1926
1992
2033
712
426
1541
501
460
1042
1450
134
1044
768
1088
1836
1943
907
136
1475
1522
1908
484
1994
1053
5
1498
1076
1554
1387
2012
833
699
665
1987
1374
1242
1879
235
1642
95
1012
1740
853
422
1524
1701
880
1376
529
568
2038
492
734
279
29
68
1213
877
641
468
1026
477
889
1457
1828
1841
1907
1745
37
876
1155
1343
1510
855
1469
681
1401
463
1453
865
1201
972
432
1599
1724
1240
814
494
441
821
1638
1314
133
812
769
1511
1870
1579
1938
2020
1899
1909
1738
803
703
1215
1857
1097
1571
679
1956
476
510
141
1626
186
0
1937
514
1159
1066
1129
1161
1444
256
546
1297
359
707
481
1046
223
1526
929
377
671
1458
1515
1521
385
1305
293
1768
209
97
1451
722
1776
1677
1639
152
1957
184
197
569
482
439
98
1377
761
241
1236
879
1257
1555
1587
1205
1927
290
1396
1974
1426
786
168
973
387
587
1200
926
920
1427
452
1737
521
1722
532
1562
845
885
1153
1706
1657
1881
1623
1831
1933
705
1208
1103
12
1114
1484
697
1912
695
1295
794
210
1421
212
744
1619
1872
883
1832
1280
1980
497
352
2027
1512
260
194
2026
573
2043
919
1688
788
603
151
979
337
1681
1271
215
1247
1903
596
839
1939
1902
266
161
292
1087
583
1123
367
1168
1412
375
731
645
963
784
1765
313
965
1575
1635
1720
1293
461
990
231
1854
150
17
555
961
517
1878
393
838
156
333
396
1605
471
916
1530
1848
69
192
1779
1539
552
1958
102
1390
1529
252
1964
561
912
1817
1284
557
1105
1330
1180
1323
232
1027
1209
630
329
1897
369
1645
900
998
1968
1373
600
1753
2019
1756
1416
1481
886
1758
1440
650
1384
1716
467
655
1534
686
1730
1126
318
1112
1865
1413
1895
733
1260
2010
1596
1448
825
772
1298
335
280
1764
691
228
914
1006
1940
826
550
1653
1
28
1606
163
1889
16
1086
188
437
50
273
165
830
515
1514
1338
937
1948
79
1818
286
499
1766
1189
360
373
2022
96
700
1456
1098
616
910
667
1711
162
309
91
283
1584
276
480
1055
1030
1527
980
1505
1846
1655
875
1622
1463
981
1135
1074
663
356
1286
1673
1302
1636
1181
631
332
779
567
516
1723
1040
1835
1068
1194
580
634
1281
489
1063
368
287
930
1322
1235
122
1331
1819
1193
1581
1633
1967
527
