172
1669
1392
1186
1366
541
1410
1427
2040
1620
1018
1687
1627
247
1812
1382
1633
1152
1393
1639
1683
845
1165
1082
1442
232
434
1293
149
1629
1668
727
501
138
1160
238
1655
492
1122
1709
235
1694
968
1731
1898
1649
1846
1236
1941
134
1100
1494
1741
1024
1228
1866
719
773
849
769
1178
351
967
1143
21
1706
1241
835
1120
415
1031
2035
200
951
2024
215
2019
638
1625
1094
1729
1819
1825
114
1030
115
1998
549
73
1877
1881
793
1937
1926
758
1273
248
1449
824
515
485
1749
784
870
288
521
333
364
1769
1622
812
1267
582
1949
192
310
1235
1743
173
49
1478
1652
1021
2038
609
810
1090
43
1520
236
126
1752
587
296
1434
1146
1057
2023
1791
1129
1321
916
1493
646
506
2025
293
1078
1203
655
737
456
1255
245
1000
1069
504
1662
1131
1409
196
1870
1115
1757
689
116
1931
1469
1164
1692
1237
1770
427
781
67
309
1738
1253
1955
899
1748
1816
96
2011
1308
1984
1979
370
1568
856
1897
1249
942
718
119
388
706
12
1268
287
1407
1276
896
1460
1676
872
1166
271
1970
804
1747
710
355
1450
281
637
2032
588
207
1856
1514
1130
1557
1963
590
1104
1672
1849
31
1502
1801
1794
857
556
323
414
966
674
2030
362
1189
1930
305
218
1753
662
1553
1471
1561
1133
745
1537
294
2022
1354
1600
1205
2037
675
144
1153
68
312
102
1554
377
1353
848
27
736
928
1670
1492
1710
663
1651
1341
1673
617
1196
630
157
1181
839
861
1780
484
900
875
817
270
1636
1824
1642
1504
672
269
969
447
260
1795
759
1928
47
1128
163
198
385
786
1486
1925
610
398
1597
1210
297
174
440
1010
991
438
1978
1663
4
2045
326
1211
1526
1565
888
1658
2028
924
1415
1199
1045
570
509
1058
635
261
1056
1723
889
30
1136
1281
376
1244
129
1423
997
1798
830
1349
676
1532
1578
291
713
714
914
44
1065
1521
700
954
350
904
230
40
1254
401
2004
425
1274
1340
1020
372
1403
1576
1364
934
1295
1862
1875
16
411
273
132
1847
463
807
1306
317
1481
1567
1223
884
1677
886
1959
1961
1037
339
169
2041
1101
1479
1947
211
109
717
539
1505
7
1977
707
910
383
337
618
1755
1445
1854
1889
426
1971
105
1177
1509
530
1204
1344
978
1778
307
1933
1844
400
239
1071
995
1007
1193
1563
1880
1027
36
354
531
1914
111
125
747
187
1485
819
1367
1038
199
250
1200
594
340
1817
1377
13
776
1264
770
61
62
1689
744
1793
1156
2026
794
226
28
1474
1338
56
868
1924
687
962
306
18
1350
22
1702
1929
478
1739
82
679
1484
1
572
1556
1648
881
120
410
1207
827
1573
677
1464
1167
2027
29
1055
203
2047
58
698
1256
1089
1300
974
336
59
71
219
678
382
775
1380
1991
1653
739
348
498
536
1982
1542
81
1712
1716
841
764
1787
2007
142
1239
1915
1068
185
953
407
483
1865
534
1476
821
1402
1574
577
1467
1808
278
1762
1278
1904
1491
1760
1416
799
1311
1524
750
892
1356
1707
866
154
1960
75
405
1976
204
321
316
709
1796
1783
1610
5
141
765
416
1506
1318
1371
1635
54
100
1900
72
1512
731
575
1948
553
1919
83
1584
1440
762
453
368
1389
1345
403
1064
930
1678
850
806
33
1708
1921
634
725
772
229
941
93
1121
1163
393
1139
1116
1901
1581
1046
1049
151
1902
1328
562
1840
1487
546
1547
1342
1746
60
1608
1208
1280
1857
1527
626
1413
1591
832
358
950
516
481
1523
1075
797
605
1828
933
1718
540
1863
1792
927
496
1498
1871
2013
1475
512
1463
901
1946
795
178
1399
1638
55
1063
251
949
1039
939
2017
1361
1916
1174
1701
1768
1184
1744
1656
906
984
1216
1647
918
712
389
1853
1711
746
660
1507
1615
74
803
1830
167
1073
1765
177
778
1179
1950
1190
2034
947
1369
1191
1814
633
1310
599
1246
244
1488
1092
1936
1980
1343
136
913
1645
985
2021
491
1555
195
1396
1851
1582
164
1447
168
1951
318
470
1771
1659
695
2039
1472
1358
1422
301
959
1466
1099
1969
35
1444
283
162
32
108
1775
1623
1807
943
544
792
366
1074
1599
1943
1704
1270
658
1906
1087
79
423
1263
843
1351
1607
246
48
1062
683
66
1886
375
234
1127
1728
1368
1887
879
128
1958
1580
209
1424
117
371
170
1195
1519
1198
1335
1107
263
457
694
1589
327
1346
880
1831
386
1332
1587
1457
1821
237
158
1384
1095
987
619
10
1772
300
282
145
1674
153
1495
864
926
1248
334
1773
517
1036
1685
1508
1517
363
1643
1654
2009
551
1227
1029
681
1459
308
1489
1418
406
489
1017
708
53
514
1540
2042
155
983
1050
424
1957
1920
519
768
1596
477
137
1585
1641
292
964
697
507
1534
680
165
220
1680
331
1511
923
1066
464
443
788
1247
657
1864
1144
1759
499
345
311
252
91
77
988
854
1911
467
361
1378
1309
898
1277
85
14
1004
723
1363
1758
46
254
1325
1333
1051
1528
580
1023
547
1713
51
644
1072
430
1096
752
1895
1726
257
1699
1503
1040
90
1421
932
1118
1618
419
1912
392
2010
1218
1219
1705
1059
241
15
1348
1213
1102
1282
99
652
1815
522
127
1614
1935
1283
176
1546
912
1301
1387
1331
338
557
480
548
829
1571
1084
1451
474
1550
486
490
876
182
329
26
1917
1781
1257
212
543
472
1634
1168
1650
1529
433
1735
1733
1015
1202
1221
971
1835
1577
611
890
847
1161
648
487
1470
347
1874
1850
936
1438
272
1272
1717
716
1483
1903
1025
1552
823
1048
1592
352
205
240
1838
1006
774
555
690
1691
1996
249
304
1695
533
289
726
1231
1684
1994
601
673
147
1141
1206
112
1869
1660
1848
189
139
118
275
103
186
1180
2036
520
860
650
615
1823
1304
1261
2020
1232
194
175
945
1154
462
221
1026
76
413
217
1176
1604
1839
929
779
550
2015
1275
1265
1150
1477
632
538
325
258
961
1385
190
620
1052
418
897
1044
1290
171
1548
193
608
1954
1611
671
1987
1448
2044
1468
1226
1225
801
1665
1666
148
1209
64
432
613
948
1323
166
1531
143
441
445
740
981
1867
756
1719
763
585
1872
1909
1664
97
1799
1696
908
1804
1105
1230
1661
893
944
911
439
1480
84
1535
1032
1834
274
482
2029
442
728
840
825
1688
1287
1878
1365
1631
990
782
664
2016
227
581
1260
1910
1873
1876
1149
1624
1756
614
874
511
1545
1019
2002
869
1868
1070
1893
1501
877
1313
1559
1884
349
661
1108
86
1845
302
25
303
455
1686
2
1811
1657
623
384
1047
748
421
688
1885
133
1372
561
360
1432
1013
1981
6
640
1259
720
1135
1117
397
583
1605
1233
1395
1473
428
1855
1360
753
319
1992
1320
113
1080
859
277
284
1763
1312
1077
1138
1002
754
508
20
156
1217
813
1288
952
922
1774
1703
299
1913
1809
2033
179
1008
1892
1832
3
1606
980
80
335
1433
867
1693
584
454
791
565
387
1162
1536
826
1243
1945
1515
883
1802
1730
937
666
783
2012
559
1119
469
1061
1810
578
921
1086
1294
106
286
989
977
668
828
1764
8
65
563
1250
649
1640
450
554
1132
367
1883
1837
1240
1858
1736
1995
865
816
121
1157
1681
873
1671
1456
1566
1453
1376
344
682
264
1986
903
691
213
285
1201
1539
505
2003
1437
346
616
915
1400
1805
1827
1329
1983
771
1609
395
328
0
858
1598
591
1053
862
1952
92
887
1003
574
1720
842
412
1142
1327
777
1352
1586
322
1530
1151
2043
1426
1820
1595
446
1347
852
104
1155
535
1750
1245
1297
1106
627
1907
1383
1745
1516
780
1734
356
1081
1337
1538
1721
525
222
1594
1098
1988
1159
686
191
993
831
1215
1242
1455
1751
1782
600
1786
1284
998
152
1806
461
206
495
353
527
1315
909
1632
569
1258
1303
1394
381
417
651
124
656
57
1307
1993
1829
846
1975
1285
435
1968
693
595
1790
604
123
1229
1035
767
1302
751
1944
1093
1682
979
787
1014
1940
466
722
711
1974
1113
1888
1482
1562
1185
1111
1602
1134
1966
654
1299
1797
895
1496
1175
1137
1322
1109
140
1262
757
1022
373
602
1140
1443
701
1544
1197
1194
836
1016
243
568
1188
1754
1700
1541
1646
1818
314
1406
1560
1564
1679
1454
645
1630
1499
621
1724
935
266
88
131
1551
1942
216
1158
878
1972
298
785
1076
636
1826
1997
1419
1841
50
1298
1386
1234
1619
1637
1388
107
552
833
242
110
958
1431
721
917
38
493
404
670
437
1296
1675
394
851
1956
1414
820
1009
853
1011
699
1593
558
734
23
1271
37
629
267
342
1882
1286
122
1012
1785
452
1114
436
431
1525
184
1097
265
1381
999
1896
1145
1890
1370
1001
420
256
598
1761
963
2008
537
1034
197
1617
1861
761
1326
760
1518
1060
1767
201
1224
669
955
1570
1458
45
1214
1147
1375
532
19
380
647
1813
1428
1740
451
1497
593
702
1091
1355
526
920
1667
1425
1465
324
1934
2031
1123
518
586
1727
790
732
1776
1412
1251
313
1905
1362
1292
592
476
798
805
1192
1411
1973
1289
2001
1953
631
653
1314
1836
1374
992
42
1513
704
1803
1612
919
659
844
1269
1777
1962
422
597
891
625
1698
1843
560
500
738
1324
359
815
986
34
1922
643
69
1822
1989
513
1126
1590
343
724
98
1436
1291
1722
1401
1859
1923
1085
576
41
1171
259
503
1054
262
1212
295
1429
1543
1397
1616
1279
996
1927
729
703
1572
1569
571
696
341
894
465
1985
970
1779
1170
1967
63
1446
1125
907
390
475
607
800
332
228
11
1220
1169
1334
1852
667
1644
399
940
210
589
1788
208
2046
837
223
1918
742
1430
1305
622
685
976
1891
1575
1939
925
378
233
956
468
471
1330
183
1252
1173
1112
320
1737
1339
1510
24
391
2000
1522
1965
692
1182
181
449
1715
1187
1583
882
1148
1894
1690
606
488
755
459
130
161
1172
280
87
1621
545
838
1938
542
1533
402
89
1908
374
1316
1435
1879
2014
1549
1860
1461
1842
1697
1628
994
1357
982
1789
473
9
70
743
639
818
1766
628
624
523
1266
1033
1317
497
1005
253
1462
603
408
1417
279
17
814
409
225
2006
78
730
290
811
567
268
1588
1042
458
957
528
822
1103
902
150
1408
276
429
135
448
566
733
1124
705
1732
789
946
1441
95
735
1490
808
1626
1391
973
1579
612
834
665
231
529
741
479
972
1800
1110
1999
1043
931
330
1990
1222
960
975
224
871
715
1932
749
460
2005
510
1238
1336
255
965
796
159
1603
855
802
1500
1742
564
1601
1899
160
146
2018
573
938
379
1404
1079
524
1373
1041
494
502
1088
444
1067
188
1398
1784
596
1028
1319
1714
1390
369
1379
641
202
642
1452
365
52
1083
1420
396
315
1613
684
1183
94
101
1405
885
863
579
1439
905
1833
39
1359
357
809
214
1725
1558
1964
180
766
