1974
1209
1624
399
193
596
398
1100
964
1063
1282
29
1117
1716
866
568
1947
1230
320
1301
1597
98
1688
874
1719
1881
1667
1361
572
1914
1370
1510
1012
828
922
1506
688
560
1073
1741
1804
727
1412
664
1842
820
1815
1885
1416
957
96
485
142
263
1950
1735
2020
447
1790
1390
1856
1787
827
1850
740
887
100
1455
1429
1938
353
1665
334
78
1120
1857
348
1151
1207
1431
977
1816
1853
1642
1061
1052
1628
262
1213
453
905
1242
653
1369
1237
901
404
1483
321
822
457
1118
803
1427
158
1685
1302
311
1602
1660
498
1678
1562
1133
547
329
1515
1325
1862
80
221
1954
36
143
758
946
434
785
1937
1763
634
145
929
1127
796
1556
543
461
1470
1523
218
1647
553
1285
1367
1173
285
1932
1078
775
1157
1536
1111
1824
1931
1891
1561
570
305
260
854
379
1368
1070
371
1339
1055
43
1808
1633
1759
690
611
1392
606
575
1773
30
950
1695
467
1948
601
200
349
267
1229
567
1840
476
956
153
1662
1442
1224
205
469
342
1723
5
65
885
505
1160
2001
1248
1843
376
408
1524
562
265
1780
1155
1827
984
279
2013
686
1721
1558
2014
1684
721
587
1408
933
1389
463
1833
2008
323
1335
360
140
1115
616
1099
1355
439
123
1632
989
1789
1751
1837
1452
961
63
1283
2039
627
1469
415
351
1311
787
511
1384
227
209
1572
716
1225
315
1899
1049
662
948
810
1546
2041
298
34
1551
1713
136
661
347
426
801
183
1096
1458
72
1290
1141
545
365
1522
422
1863
1203
1337
861
1631
75
2046
491
70
407
1064
1024
1159
1599
378
838
2030
1088
1563
1512
1032
1413
875
1448
1893
789
1765
308
1672
1783
1007
593
769
179
1109
1526
127
552
122
1702
256
1008
1997
1306
1199
1715
1712
955
1770
6
944
1908
795
1291
1820
341
1583
1179
561
1792
1253
1265
1619
1738
928
997
1348
1819
794
2022
1844
90
915
1323
1164
683
1328
1449
77
1031
1693
137
599
287
1663
333
1725
1094
1349
1435
1534
969
1059
1489
1640
1131
1641
1266
1786
608
673
667
159
1116
1798
1956
172
478
1138
104
613
1537
385
286
361
1326
496
868
1010
1590
1122
1883
1313
93
1098
1454
745
526
1683
1009
926
1800
1074
918
806
580
381
144
1467
428
650
534
239
591
232
490
808
1019
1044
1165
757
978
1664
1495
322
1420
994
1566
281
1379
1607
166
566
983
506
594
1
672
1656
1555
23
802
1231
563
445
1652
597
783
555
1336
744
230
706
436
396
1673
1621
2031
1710
778
1776
1571
1274
370
1441
1989
815
1812
1831
836
1289
695
714
154
27
480
1167
937
500
332
1696
852
384
655
132
1585
1273
32
464
1875
244
1256
1363
2026
324
1037
763
1371
486
1917
1106
416
906
199
74
245
981
1754
1464
106
1971
1450
639
1403
86
289
1443
817
890
780
175
1102
704
751
204
1839
940
1305
691
1616
357
1962
1332
2010
877
79
1153
1807
1101
1625
531
328
504
466
390
1163
372
1016
1943
1123
1405
338
641
217
1579
1353
150
1240
515
1709
1724
249
146
41
83
1701
527
507
1594
625
2011
532
1486
433
1860
1217
882
1897
228
1060
1026
931
1124
1058
1146
1439
475
1228
1364
1340
325
1181
1671
1762
1341
1221
886
1704
579
1423
1130
1973
812
749
1021
1739
1726
811
1639
2035
752
1015
1186
784
383
1271
111
1757
624
1492
665
674
1614
1747
1198
1988
942
904
1918
1744
1330
853
1002
1314
1114
1855
2045
724
134
207
1731
1433
454
253
1799
544
1103
1547
907
319
1276
1090
1977
857
1066
1440
1727
257
1620
1400
280
1994
388
1659
715
1779
1293
970
1185
115
564
1206
1387
1180
456
124
1428
1023
573
148
113
1261
215
1422
1051
19
1108
58
554
702
50
1921
863
483
1466
1514
395
418
20
962
1244
234
336
293
1409
1445
42
459
1655
465
1373
519
2037
1882
441
48
89
364
1487
618
869
109
1144
2003
33
1419
488
1958
1603
173
382
444
241
167
1022
676
743
337
1999
1878
1801
1175
62
1426
1462
925
1951
1612
1447
1232
656
363
846
479
1955
216
39
1304
99
1540
644
1635
67
666
1646
1295
737
1794
425
1121
1933
471
1202
129
850
1204
0
1201
1687
663
1042
807
1417
468
1083
303
1272
1404
162
414
1901
22
380
1890
1661
133
965
1902
1967
703
1481
1761
248
1637
2007
1297
1567
1700
919
1829
119
1406
871
895
116
1767
1939
1005
899
497
246
1846
170
1482
1945
268
1345
1595
186
1235
1129
603
813
1080
1069
1600
118
69
1027
761
458
1038
420
392
819
565
657
1618
1605
261
1796
1629
1286
424
389
1191
604
675
435
46
1045
1308
923
210
326
1527
1147
557
1697
959
1321
406
391
1401
1768
768
1315
1192
632
1966
1056
254
900
409
1258
513
949
990
1107
1241
1610
1166
1300
982
592
734
1208
1154
1879
429
339
309
277
1722
1852
1471
1927
1320
881
1998
1941
589
1845
525
157
1020
826
64
1216
588
782
793
374
1714
1953
533
1884
1457
993
1924
125
1836
1219
1247
847
903
709
1478
68
269
975
1859
1013
1053
386
1926
1418
1803
373
986
1892
2032
52
1630
1869
405
2036
1668
1351
53
1317
1729
1485
233
495
297
1830
180
536
1029
477
773
876
1847
855
1393
640
1362
742
1876
117
638
1089
1331
935
1936
1705
1822
1674
473
1560
867
891
1365
1158
1513
1611
1649
549
330
617
1541
884
482
710
1318
829
198
1982
1183
101
2028
11
1906
1501
851
1072
1756
1136
152
1091
310
1992
1797
223
2015
707
754
1874
1298
910
1461
499
45
130
595
2016
274
356
1491
1985
1490
1682
1975
1187
927
1823
472
366
1535
1785
584
225
1065
344
2047
1211
1334
911
934
1067
494
295
92
747
741
1425
1075
1519
413
894
643
451
1350
723
1493
569
1239
1025
1772
1508
954
1494
756
825
585
1436
1310
176
1383
1396
1559
1609
1303
236
1525
1354
1376
514
1424
462
1898
649
1460
304
893
1210
2043
1549
377
66
684
1865
1140
692
1152
313
612
660
327
2000
952
449
247
541
1828
1910
883
1832
622
1911
1581
275
848
278
1749
1533
1438
556
1358
725
1275
856
82
1386
493
971
1343
1944
1257
685
1916
25
1565
87
682
220
402
1615
492
1539
1750
1149
996
1039
1033
1352
1935
1085
481
1929
1737
835
299
2042
1502
1730
1963
1463
141
238
1366
312
1394
1255
1791
1190
1473
412
1965
156
1142
652
1978
229
1259
1200
1689
590
936
1969
1970
1104
967
112
509
1758
102
2044
1402
56
722
1135
607
517
195
788
1388
1398
635
1480
697
252
880
1028
1087
1172
12
1375
1277
833
1990
1575
862
201
1981
1034
1036
1415
1307
889
160
1648
1410
1676
1557
512
165
1270
1777
631
1889
188
502
1411
28
1214
916
834
558
1588
774
609
1580
858
1733
943
586
1095
974
1699
242
1084
767
1964
1287
1520
231
288
765
1593
291
16
155
1150
1162
487
1054
872
1444
358
1681
538
1197
987
762
865
733
26
301
2033
503
700
1294
790
1500
1359
1806
1472
1014
1456
54
1329
1223
1654
1528
437
898
791
443
878
1574
1861
1976
701
340
939
583
841
995
642
149
1576
998
892
1168
2019
455
1851
711
9
1004
1468
1498
168
914
214
1380
84
670
510
1645
4
423
307
1316
375
717
189
1942
1182
184
1046
1718
410
2027
1548
446
1570
489
985
1001
1043
1076
824
620
292
1006
1913
1205
1838
1132
1995
708
1068
630
844
908
832
224
1397
1531
1309
693
1894
212
397
699
1529
355
417
213
1414
1868
1873
335
659
924
1544
1915
470
539
1227
739
1360
941
1474
1811
1711
1996
302
1870
1771
259
1606
960
318
1430
49
1246
3
107
187
300
1821
1086
1176
282
1888
1188
1234
1984
1554
255
1532
192
1226
1050
772
1919
1082
1220
1459
258
909
222
484
605
296
240
1930
7
1538
97
646
804
273
1030
1993
1284
976
1372
508
1333
786
1991
1488
726
393
2021
1112
626
1907
128
681
2002
1582
1432
1781
720
1496
1222
1577
1986
2009
1972
1848
896
1374
1940
15
1391
1169
966
1543
1774
57
963
540
1814
1475
243
114
522
196
317
1344
759
177
713
13
202
645
1903
771
777
1871
968
1128
1708
679
842
1093
980
1399
816
1504
600
953
1692
1925
972
1578
1505
1979
283
1960
1587
1657
73
542
615
636
1263
1782
938
718
1817
548
182
1264
354
1218
105
1766
818
1196
369
602
729
1434
352
973
550
431
1507
452
2038
1193
1586
1171
1959
1643
979
1097
781
1802
2024
1517
1357
359
574
1041
1745
1675
1788
442
1866
1905
1760
623
161
932
1920
1322
677
628
1690
582
1638
1017
1077
85
2012
1957
1327
427
1319
823
1636
1465
678
849
174
698
1732
1617
1299
31
1826
839
680
1934
2029
1278
403
1909
520
1658
1062
1784
460
1764
139
2004
1092
991
792
888
518
671
197
1553
59
8
1312
873
131
2006
647
1079
394
1377
430
1775
1904
1755
95
799
55
47
766
1267
546
687
1484
1650
1896
271
1569
1841
103
1156
1497
1626
1134
18
21
999
1952
284
24
1887
272
1912
651
1233
1736
1477
316
1081
1880
120
1238
387
1035
1895
91
797
577
1601
1236
1591
14
629
753
368
194
712
1170
843
1983
1778
912
1347
614
438
206
251
578
1178
1446
362
637
17
1644
648
1706
1279
728
1148
440
1280
40
1382
1849
1139
1113
1177
760
730
1243
859
1125
529
1753
163
1613
450
2
1269
870
840
779
367
138
621
738
1145
1877
1530
521
1254
1110
930
1342
1296
1818
694
559
947
1987
1980
619
501
61
1680
814
1858
81
1251
1476
528
2040
902
235
237
845
314
1511
1670
169
171
181
44
208
1946
1809
1000
1407
190
1479
108
1161
1805
776
879
1742
770
1047
1105
2005
178
1886
2017
1707
94
432
1734
551
1126
110
581
37
1292
1018
276
226
1746
731
121
1691
1651
805
1288
203
1194
448
1717
1048
1679
951
126
633
419
523
1949
331
958
1545
1195
1250
306
696
800
2023
755
1720
654
746
1521
345
1212
1119
1604
809
921
1378
1968
1835
1189
1596
1598
1385
830
1872
1518
1698
1795
1669
1623
1810
1867
610
294
1395
537
35
1592
705
837
1260
1813
264
1677
266
211
1262
219
1584
736
147
51
1324
2034
250
185
421
270
1961
1184
10
576
290
668
821
346
1752
350
1703
1589
1694
1268
571
1040
798
1854
860
1622
735
1748
1900
1728
1634
913
1928
1542
1499
764
1503
401
1346
1564
1653
1003
1568
1137
669
1834
831
1071
1922
1793
135
71
1608
1516
1573
1509
719
1686
1825
535
1627
1421
864
1923
598
1245
400
1338
474
1057
748
2025
917
750
1552
38
992
897
658
524
1743
1011
732
1381
516
1666
60
2018
1249
411
76
689
1769
1453
1740
1451
1174
88
1281
191
1864
1143
988
1437
343
530
1550
164
1215
1356
151
945
920
1252
