1433
2008
192
530
400
546
459
1170
1061
858
376
1790
1272
1012
91
2023
846
554
917
1683
1669
1644
52
1607
576
1140
750
222
1918
1138
1127
1602
653
77
624
959
860
363
1635
460
1292
618
1431
855
985
1002
1427
1979
1610
1088
1397
1843
1480
69
1446
984
523
788
1378
474
1387
280
566
924
1912
481
266
2011
778
405
289
1943
966
943
294
1750
1064
180
47
575
1919
1336
1451
90
1207
187
1011
747
1652
1773
700
1513
501
1055
370
1460
1469
84
952
116
1473
1043
692
482
1228
1303
768
671
1195
1044
99
758
1393
1957
1842
1874
1470
635
1399
1696
716
96
764
209
1301
947
831
1978
840
684
930
385
1153
1557
301
765
1216
1425
1192
1964
1105
1344
48
463
859
79
353
1527
213
1595
255
155
2031
1701
808
636
327
685
824
542
1860
233
1871
724
667
1150
410
1758
655
1794
1760
604
710
1135
1663
1668
520
49
1262
1171
881
544
1859
1671
250
72
1146
1542
1545
1981
1811
23
907
305
1519
290
360
640
88
1954
212
1101
365
1789
454
147
42
1046
1739
810
1499
1249
1721
1743
514
1356
44
1031
1988
691
1511
321
308
1997
1495
1615
388
427
1962
352
334
132
1974
1408
411
1176
126
50
1755
1907
1996
170
723
303
620
1104
1882
1605
553
1482
852
649
895
1201
1941
1540
231
559
1193
1916
1295
516
271
124
811
871
356
455
1839
1392
587
101
150
783
272
1179
1196
1391
242
990
195
1327
1650
1371
2014
1772
1244
1931
958
654
1317
1990
951
949
986
18
1312
862
367
1982
1702
994
2038
602
1389
190
1481
202
273
1369
1831
146
328
256
2024
869
922
1206
1014
1604
679
1506
1959
431
14
1429
2025
1531
1687
1414
851
475
1698
1263
1419
1719
2041
2010
166
1609
574
172
1749
1350
1923
1128
1461
413
1592
1710
1948
977
1984
1174
361
1232
1084
1637
1051
830
1359
1709
792
378
1435
1142
1584
341
449
105
703
27
683
392
1692
1915
383
1416
1396
191
1862
496
888
323
1069
841
538
245
834
1899
562
189
1623
1827
798
2015
1541
1202
1355
1684
1052
1333
1825
1818
1390
1585
1223
1537
158
1491
1822
1472
1640
997
1638
877
1904
1363
1479
1443
1493
573
1910
936
1608
1258
1035
1736
24
727
477
1785
45
325
1858
382
1651
1861
906
1154
630
1070
58
513
73
1735
1487
1852
144
1902
1898
466
1639
1846
1168
1653
1742
1189
1269
495
1642
868
502
715
1571
1357
1492
310
849
1450
318
421
1636
1496
900
704
1580
485
114
688
878
350
1748
120
510
1980
1161
1867
1611
1627
1848
585
1253
600
1583
1187
579
820
1229
1824
1991
270
659
1958
1305
1837
97
441
1601
584
1384
418
1599
1539
883
1242
875
1944
1428
110
1805
1512
208
1177
1562
995
1233
1841
1294
15
800
1132
125
524
1165
1987
71
892
1126
1791
1717
1835
243
1921
1483
1097
1884
826
540
787
740
1004
1231
1006
1434
1057
1718
176
1284
1648
2019
38
627
1438
34
582
1214
1556
515
1024
1723
1657
2000
322
1612
63
1445
954
1554
1543
775
1023
1265
1175
705
489
1697
1530
263
1756
117
67
1365
1819
711
939
169
469
281
1062
644
1766
1747
1793
74
928
1624
221
408
944
428
1325
701
1528
613
707
822
814
1093
1225
1706
1139
399
835
1787
1343
337
597
717
755
1270
503
80
1212
1946
1063
708
861
641
122
934
338
1798
999
777
536
1129
249
1800
46
1444
864
207
252
240
1074
1960
784
1293
741
675
261
1628
1763
615
599
447
1329
1700
1360
1722
850
762
1660
224
751
1374
1845
442
1409
818
68
1510
1411
0
1803
1103
967
1893
1089
1095
720
522
1246
953
1158
148
832
1828
904
1521
1077
1967
1276
1558
1156
277
246
690
194
1894
844
1288
1203
622
157
1364
1726
1090
806
903
823
1475
1224
3
1008
983
1340
1108
1437
458
972
364
1122
446
1060
1929
1807
2001
54
695
1656
1618
2020
1335
1255
1518
803
1021
1520
1694
1375
1283
406
632
1972
1385
660
1778
444
1243
1876
317
456
1042
981
1534
1992
452
1464
598
1550
1646
982
1568
709
1155
6
340
1096
1115
772
66
1358
1504
1999
738
960
1866
238
473
393
59
916
1711
730
278
461
866
78
1855
633
1124
694
1394
19
403
75
1796
476
1804
229
1526
1102
487
1878
1961
1379
1705
404
395
1494
201
1380
173
1048
1144
1887
1681
1316
142
161
1331
885
445
1936
712
467
1315
1180
128
1779
1422
827
696
968
1886
1780
1240
508
623
394
1617
1559
801
1678
2013
471
1130
1286
769
1131
4
571
2026
1248
248
1000
134
1116
344
586
1547
1247
198
1973
1324
1864
1075
1112
1160
1679
676
1373
1720
425
70
1302
1549
143
407
817
1488
1219
7
21
797
342
2002
181
1516
1868
1892
217
669
1081
1939
1328
1091
284
324
677
152
300
319
1026
529
1729
154
1792
921
488
1080
1688
896
884
64
1714
1533
537
874
1299
1313
2029
718
1045
737
1759
1458
165
572
357
1693
500
1349
257
1109
416
1998
386
1310
929
996
594
1888
815
886
362
642
551
756
2016
1707
1500
1149
697
674
873
483
1178
1924
1774
1215
1872
1600
1877
1227
812
1447
1566
1190
1621
612
1613
836
123
557
1412
761
1625
499
528
2039
1252
1341
580
955
1614
1598
345
592
1906
1003
1182
1594
925
1870
1162
665
1788
1148
771
689
2036
109
848
51
611
1897
639
1186
82
567
472
1724
276
882
979
232
504
462
1631
316
465
210
652
638
1415
1649
259
211
1453
617
1728
162
214
1716
57
1280
527
870
898
311
358
1264
1854
927
555
1047
621
1330
1856
795
1184
1782
2045
228
631
1471
785
10
1643
204
596
1277
25
706
1563
433
1509
1200
29
1770
1001
965
304
963
1553
890
381
391
377
1321
786
397
419
267
1767
440
1204
1477
686
354
744
722
1332
1920
1285
287
1100
112
745
603
780
1188
1752
914
918
135
1370
1727
1675
1863
940
1945
85
643
1753
1017
1578
1145
1582
819
565
1677
739
384
1761
539
1917
218
634
1383
1680
779
614
937
1010
760
1118
1430
20
1221
911
1768
1037
1928
1734
1715
1699
1544
1420
299
1222
1802
1641
56
379
550
437
1405
1949
2021
1977
781
1567
1306
22
479
891
560
1666
583
578
1441
1620
1099
1266
1007
1938
1901
1712
1725
1673
1194
205
1674
1771
244
1208
1259
1505
923
491
1013
1486
1094
512
1410
1056
200
605
1926
234
1386
1940
1879
1629
935
828
168
254
464
286
1065
857
87
298
113
2043
61
492
1934
1334
297
1703
1432
1058
401
107
398
230
728
127
1110
139
767
933
108
1367
1524
1049
348
1952
1241
619
16
1832
1889
1251
177
486
314
1695
274
1633
417
663
237
1953
1338
880
1971
1836
1211
950
719
1137
102
457
1121
1273
1133
497
1157
1875
453
429
919
1733
1260
1314
1535
33
1275
219
239
372
1970
1217
752
448
153
1442
816
1741
1775
1570
1797
1869
355
645
1125
1123
1098
275
1289
1395
581
2005
1238
1754
1159
1989
1956
1514
833
1220
837
912
543
1529
1455
1606
106
2040
184
331
371
749
1236
1322
104
657
913
420
1647
1120
188
493
1376
1290
1844
164
313
1308
1020
423
1382
1630
258
931
664
673
1808
1704
893
1565
430
1377
1086
1226
1028
839
1466
548
1459
535
1976
100
1191
1536
1900
1930
1143
1113
1304
1267
1823
380
901
368
845
805
647
2035
216
1667
608
1968
1661
1407
1183
879
793
1018
1398
1015
11
2009
53
1033
1320
1969
973
174
1616
138
1966
1575
2004
766
315
1348
2042
9
946
43
1218
1799
1732
1197
1210
1261
1564
65
978
1234
519
1809
1016
754
1254
1573
932
1167
1027
588
1552
753
1664
1337
1347
734
2012
443
789
1353
976
506
2018
847
141
1801
167
1821
1865
651
225
1309
1366
1576
829
81
1209
1413
809
735
606
151
569
1591
678
1038
1465
450
1082
1134
137
863
1092
595
607
533
628
899
1185
610
577
666
1686
262
95
349
796
39
223
763
1942
1783
1467
145
843
1896
589
1484
1298
609
1784
36
409
1851
525
1083
547
1388
424
1476
1555
1198
941
13
193
961
1278
926
714
1985
1449
1814
980
1462
1025
1597
451
1532
1372
1235
1468
773
41
1908
942
807
957
1166
1903
1274
1406
62
2034
1448
369
2022
1776
86
332
887
974
1579
389
490
251
662
625
1076
60
1762
235
1114
387
121
1517
220
1323
838
813
2032
1713
1326
283
186
541
247
998
601
1213
103
770
1503
1440
910
854
119
1
1141
215
1965
1426
670
28
1034
804
1983
494
1820
285
1764
312
658
1682
1054
1256
1072
1833
1117
1849
1282
1569
1230
1352
1830
31
292
1019
511
1297
37
1813
821
336
552
227
1880
680
1963
1589
545
468
726
89
1053
1883
842
993
1271
2006
1169
1351
992
505
35
279
1342
713
293
956
782
975
343
94
970
402
1685
149
55
1786
1066
568
721
2037
282
1291
373
1593
757
1087
872
1071
517
98
1418
731
1853
1769
133
1005
532
1030
1319
478
375
2033
196
1404
1067
288
436
1751
8
1634
629
295
1417
2003
897
1838
1296
241
1927
1173
1538
1603
969
1815
374
1574
1596
1525
1816
236
790
661
159
1561
1085
1456
12
1381
1490
962
732
743
260
1947
1826
1626
1059
668
2028
320
1777
1551
729
1439
1632
40
699
2017
1402
1354
1740
774
1152
306
563
1731
802
2027
1454
185
1401
558
521
1840
439
470
534
656
1339
2044
1654
971
564
1806
1951
989
156
1658
1009
1746
1111
1857
76
736
853
748
1708
346
333
776
915
593
948
1346
335
1737
1205
136
1690
733
434
163
484
1239
179
1119
791
759
1881
2030
264
347
1676
681
1986
83
1757
1738
26
591
894
799
1032
570
1812
1588
1548
1307
1655
1937
1078
1765
412
1361
1368
2007
435
1403
415
1950
329
1508
432
1909
17
359
1873
1932
1922
1933
1040
905
1421
1572
1489
902
920
1834
422
938
725
1136
1810
2046
396
1457
509
480
1905
1474
1913
1029
1691
1995
1311
1619
637
1147
507
1975
867
1068
1745
698
1345
1590
1911
1993
1829
1622
93
518
326
1955
1501
1151
178
1318
1645
1172
1665
1577
1672
183
1581
1163
865
175
1257
682
1817
390
1362
908
1515
687
1498
1036
561
197
626
616
118
1659
1507
438
426
1107
556
1744
1994
991
30
1850
1079
1106
1452
746
1885
1891
909
1781
1400
129
987
1073
160
1560
889
130
693
1039
856
1245
309
1890
531
945
131
1935
988
1022
590
1287
549
171
111
1478
351
291
1546
5
32
330
702
964
1895
1041
1300
876
206
203
2
1164
1795
2047
1281
646
1279
1250
1502
1485
1050
296
253
140
1662
650
498
1436
339
1925
1670
226
1914
307
1423
302
366
115
825
1689
648
1463
1237
1586
742
526
1424
1181
414
1523
269
1497
1847
1199
199
1730
672
1522
92
182
1587
268
794
265
1268
