460
149
1541
128
506
1218
25
2017
241
263
1702
1698
1846
1799
1422
810
173
166
1728
36
1207
1995
1231
852
663
404
204
644
1801
1219
1588
19
1177
760
1927
816
692
931
1676
1371
1333
1537
1882
1076
1281
1043
1473
427
391
896
589
239
2041
1855
842
1181
1956
1383
257
1878
206
1617
736
743
1606
848
1163
1978
1280
485
881
1315
1762
1099
1342
916
776
679
1876
1977
1674
224
445
375
582
531
832
382
1696
1852
840
738
1923
138
1150
1746
1082
430
1867
1197
1665
699
1819
137
1291
1164
792
1744
988
919
2046
409
1120
2033
1304
244
569
150
2032
1114
29
688
676
1677
791
1705
638
1356
463
1416
2004
892
636
723
1149
823
1928
337
397
1536
248
972
126
1834
1503
477
1276
1913
249
1129
833
983
1504
727
396
514
629
991
153
1235
1364
1912
1740
383
1924
789
1888
964
364
1857
1255
1046
1184
1367
273
237
1068
2010
1742
196
555
1118
837
90
1134
785
831
119
309
1180
1223
937
335
1372
1092
605
975
188
1388
1105
1215
1328
963
539
1880
557
990
1813
125
1973
1097
1903
1132
1140
1809
965
1421
218
1080
628
1232
8
830
1792
1585
1735
1623
1250
1264
1981
532
2045
1532
1969
497
1926
534
1539
180
1169
1240
1186
146
1902
1847
1112
1455
1203
1128
732
1233
1268
873
1651
1412
928
888
1165
1330
519
1988
1485
1008
640
1477
358
886
1056
487
542
1062
57
619
1607
1509
647
574
1024
26
958
154
1576
129
1148
1870
1652
1706
1839
1029
1682
1335
169
1829
1673
491
253
411
322
1021
1739
718
1115
1365
1759
1594
630
529
59
1183
331
731
81
1900
1109
283
295
284
1253
1308
857
339
1340
1765
556
421
1192
815
899
447
498
1229
1950
771
363
2013
1394
1818
1137
458
962
1947
1011
866
474
772
1125
1528
1569
880
1776
40
641
277
1958
1059
1843
1470
236
1542
1796
517
595
501
1601
602
1363
1117
10
693
324
183
1563
1560
1864
1722
117
2043
167
1547
1480
38
1476
1415
1116
1949
45
796
846
1596
843
170
709
1519
642
1708
1063
1225
262
1045
503
62
994
1523
1679
1069
225
526
1805
906
229
1964
72
1307
1065
448
1242
2015
2014
1970
30
1419
161
1545
1858
1689
1925
1657
426
913
1222
1854
1479
1467
476
71
85
1486
332
1968
1985
1756
522
922
325
710
258
1531
702
565
920
690
607
293
1272
499
1081
1572
1645
1779
1564
1831
1691
923
436
811
456
228
1828
1451
548
101
717
1417
1018
121
1731
33
1526
872
1306
763
466
1546
175
1289
1707
1104
768
79
142
766
178
1293
1635
1095
1086
1037
954
871
959
106
720
1514
139
1472
1146
853
1959
1009
1662
1236
108
1578
544
1368
1614
1319
1311
2028
270
1052
367
1788
722
1381
1785
686
1767
1309
755
1774
1174
158
1520
1929
1583
1110
1631
291
851
1426
2039
1155
793
1172
452
1288
2019
1409
201
408
1753
2047
446
1111
1341
1298
1931
973
1922
1664
1845
1449
1983
1254
176
1151
897
1423
1833
854
1710
993
116
999
682
739
1942
1533
1427
1749
1361
110
1050
1239
93
1474
734
1053
326
1815
1147
900
902
1957
593
482
1659
1396
1026
1861
420
1434
1650
1089
1418
696
894
414
1512
1331
240
453
985
943
400
238
483
1431
708
1869
1513
1986
468
1302
1620
1035
1161
75
725
1757
2040
759
635
1497
966
1814
1454
80
867
1574
193
1944
1047
1199
304
877
1769
302
1524
402
1090
1400
1668
313
1953
957
876
2022
243
1534
1241
1395
944
82
1894
527
1989
584
398
730
729
1794
1667
186
333
1406
774
1051
1041
120
366
1838
1695
861
706
2044
1887
479
87
356
1162
342
1247
1392
770
1038
95
217
235
1557
518
1074
1904
2005
152
113
1359
1890
917
1649
3
22
1489
1464
1544
1027
1321
1951
109
803
982
1000
1647
1430
614
1498
92
516
177
754
1906
58
591
603
938
60
524
847
939
1343
780
1683
86
278
633
1804
704
231
390
1360
903
911
1718
1245
1771
1093
523
344
1763
1811
1214
48
856
1347
212
1868
1663
1168
1057
1075
572
1145
926
570
1660
618
39
1946
1465
1654
1618
1460
1500
751
288
2001
419
370
226
1810
118
172
882
1822
1879
1492
1730
1408
1469
434
1103
1108
1571
27
1842
406
1917
1580
94
1877
1351
1883
626
1994
2030
1874
174
2011
1802
568
1538
1259
272
1684
695
1271
1224
1798
758
859
1211
627
1106
492
1589
1821
1937
1124
145
757
1205
465
481
122
1285
812
1672
953
580
1481
1515
1028
1772
301
661
1841
1450
2023
2016
133
1355
1185
781
1543
1066
650
677
359
1832
1624
817
908
1791
141
1766
1216
952
1407
2
1899
472
1584
1599
1002
65
1812
533
1816
1595
286
1697
733
433
933
405
368
742
315
200
1587
425
1391
64
1217
1274
883
265
1586
890
1704
1390
1345
392
1908
976
1070
1022
1441
1719
1136
53
361
1656
1619
1761
1327
1692
1727
550
1204
631
1102
1892
1775
934
799
216
587
819
1992
1598
878
66
256
1979
140
1873
1067
49
1393
1337
1005
1339
330
61
294
14
860
649
143
96
1525
478
893
1860
1139
132
1760
521
1269
319
422
1605
387
1590
1277
599
348
300
1060
601
37
194
202
457
1189
505
1945
660
1064
1825
486
818
775
1669
54
748
97
89
1202
1690
1720
1266
1998
711
683
24
299
352
884
417
1484
608
1382
1703
1725
946
684
575
1468
369
581
290
1941
1188
654
1872
611
546
269
1561
1529
1550
444
1433
1312
1984
1138
1714
551
1380
378
1896
925
384
365
1745
1279
1787
1012
44
9
1378
765
473
1061
1154
6
509
1712
895
1004
297
980
617
508
461
131
989
1237
547
874
1579
955
1751
1019
289
653
1133
795
351
826
659
1369
790
1287
32
540
1786
1555
1158
1314
998
858
1830
828
371
1670
1042
634
1397
377
1862
334
159
868
104
1159
274
1737
956
1965
441
1294
597
1675
1252
148
1562
362
698
1501
658
1632
1881
788
670
1496
1736
1626
18
1681
317
1793
1263
769
251
386
34
1413
1622
562
23
841
1173
968
1048
1713
1884
1551
1628
1859
1734
281
907
1616
829
1548
1996
1320
102
372
264
1179
1483
1609
1790
1387
1439
1362
1101
1410
179
1733
773
992
376
784
1666
285
537
1640
432
740
1025
1300
821
1980
418
885
616
1297
1213
380
68
1905
1940
1982
105
349
215
1916
219
1960
1723
1389
1655
1334
1085
1823
7
1680
2034
2020
205
163
1403
1032
130
374
312
592
1729
571
950
1553
622
648
354
155
1603
424
1349
1991
1299
182
1262
1007
2003
1475
1752
160
1193
1243
1198
741
403
504
586
1290
1478
1170
1920
307
560
1459
502
223
1943
21
1653
844
515
807
901
353
1077
1865
70
399
924
1234
735
1466
470
114
488
1836
1275
863
552
935
1405
1621
1863
737
1079
615
11
310
1795
824
20
2007
393
1898
651
429
1256
171
1444
1411
455
1210
1784
100
1078
1711
1891
343
604
462
1637
1921
749
1208
296
1284
805
800
1386
28
588
1724
1963
165
691
1017
814
266
56
1087
15
2038
838
1326
1685
777
783
1837
1098
464
1166
1135
1939
1608
340
73
678
1374
1488
674
1230
756
279
1568
2025
98
1003
825
1457
997
220
1849
701
91
208
1305
981
1487
887
1171
1072
31
1627
1471
1175
1972
99
961
373
1848
327
600
1933
2031
1301
267
637
199
761
43
978
1044
233
1648
1286
1629
437
1808
1200
1113
41
50
135
1490
583
1930
1182
538
2008
1119
1036
875
1187
1886
442
1508
782
669
559
2009
995
1516
431
716
645
17
801
320
1999
1738
898
713
610
1797
151
1558
1373
1122
500
1630
111
255
1251
1781
1270
1350
879
1701
960
2035
1
254
1123
553
675
1549
1817
416
1597
948
1034
1257
714
1911
1556
1602
1324
1458
1976
234
134
1354
423
1083
778
940
1699
2036
865
1570
1993
804
1153
1521
0
1346
1918
673
632
214
862
1755
1201
197
410
672
1754
1820
1955
1323
181
1006
1228
443
467
1238
1778
2042
1443
715
1948
112
921
1743
1401
124
1567
232
652
439
1001
1157
5
187
1600
1936
802
1456
561
541
321
1511
808
1768
798
1126
1344
1425
513
314
292
1313
1195
1642
1522
566
639
355
707
528
1540
316
435
245
1143
786
394
78
13
1914
1039
687
1577
1835
1491
1453
703
1559
1385
1688
1141
549
996
1932
4
986
1615
910
298
1962
1448
1773
596
1366
1058
1505
247
1020
379
1499
577
46
1764
459
1278
1384
336
12
915
42
987
76
1850
1014
484
438
395
195
625
662
475
1671
282
1732
338
947
1975
103
2037
558
440
1581
1687
1258
1322
836
1316
496
1494
1611
211
1517
545
889
1463
1693
1348
2021
227
55
945
1220
1088
579
1658
728
207
280
1507
1644
573
1875
1055
415
1261
1800
1554
1432
360
621
157
1282
507
1592
1071
927
493
1716
970
1338
1840
1871
1954
598
543
1573
1575
1915
1748
407
350
1295
1107
1015
1283
1709
203
1190
809
1209
590
657
222
643
719
1643
385
1265
912
184
904
905
1493
242
525
1358
984
1566
1789
530
347
1167
1194
1851
914
221
489
1013
1212
164
967
969
230
136
144
1604
1292
1030
276
656
1435
624
941
700
668
820
401
1096
74
1436
585
813
1317
88
1824
147
329
620
979
1530
1634
1997
850
318
1377
1506
1452
191
1100
1535
1495
271
1221
450
1610
83
213
971
1866
1952
1782
123
822
1332
1445
1016
666
67
1370
681
1552
252
1510
1131
52
1152
1442
835
680
554
1502
1329
834
1325
936
107
909
162
609
346
1909
1446
35
1967
1971
671
1424
845
210
260
1935
753
192
762
1010
190
1966
705
323
511
1961
510
2027
1023
949
779
1646
1844
1176
1641
480
469
1613
918
1741
449
752
1717
520
612
1303
268
744
1073
428
209
1897
2012
1803
185
646
1273
1638
750
246
712
2006
1031
613
864
1715
1142
578
1438
930
797
261
563
189
1402
1049
1260
1919
891
1160
1244
115
275
827
849
1428
1375
1267
974
1398
2002
685
1420
1318
381
1853
1461
84
1357
1938
1091
413
1246
942
1144
1440
345
2029
536
77
1518
1591
311
1806
855
471
2024
1907
1249
1593
1094
328
594
1901
1747
1826
839
869
306
198
667
1636
664
1310
689
1885
655
47
1827
454
764
623
2026
567
1639
1379
1156
2018
1121
697
1987
1482
745
1780
721
794
308
63
1721
357
665
1750
535
1054
1084
1678
1625
1895
1376
564
494
1191
51
305
127
490
977
156
1777
250
747
1429
451
1726
1130
16
512
767
341
932
1399
287
1974
69
576
929
1447
1700
303
806
1565
1414
1856
951
724
1527
2000
1352
389
1633
787
606
1889
1807
1353
1296
726
1686
1196
1783
1040
1462
168
1437
1206
1404
1694
746
870
1336
1178
694
1612
1758
1770
1910
1893
1582
1990
1934
495
1248
1226
1033
388
1227
1127
259
412
1661
