1478
243
1498
611
1383
1899
1856
965
261
939
277
976
920
1688
829
1328
1466
20
2034
25
1631
461
1647
1485
701
1439
1873
0
178
1660
1945
1102
721
1567
575
562
871
889
915
1128
709
1129
757
1199
1126
1735
1338
1726
1354
1054
1137
1235
281
275
774
51
1974
1442
1255
489
1001
366
1245
1154
1840
1278
850
1539
826
1759
1476
160
46
819
1828
885
1935
1421
1031
865
225
1488
1028
608
989
740
1763
137
1305
465
1716
247
1937
411
167
1419
173
537
379
13
1940
1465
1849
1707
818
2008
1758
1581
1125
974
1956
553
368
1146
1410
408
1674
1119
753
1605
538
844
1785
339
59
1844
1961
1033
823
1690
921
1009
1118
1972
1947
1566
1908
357
2047
207
1374
405
1627
1905
1649
329
1696
597
840
998
1619
932
764
101
2029
548
723
864
550
675
630
726
1270
415
336
873
1385
53
1751
1550
1440
94
803
297
286
311
56
1242
1553
337
400
1123
496
1470
1173
571
649
1977
1886
741
1680
2033
711
387
973
2025
1121
350
1014
119
1585
1136
590
1091
1017
797
1353
217
163
1874
1617
892
50
1399
995
1514
1502
320
1032
1494
1153
1813
1942
452
224
1522
798
1748
905
1294
618
1650
595
1855
117
842
1600
256
2037
1780
338
144
1853
1267
1108
2024
788
467
232
1808
1635
1962
664
651
65
802
1483
534
1613
1264
703
1864
1432
540
1127
546
625
1048
2006
1201
795
377
851
743
566
341
31
1593
351
1165
17
822
270
517
1537
331
678
1007
1551
2022
1587
702
1044
1037
454
1784
640
279
1358
1495
1352
142
1409
1654
821
1557
1047
1345
1963
2021
448
1161
1934
1720
565
1663
877
716
914
1323
1657
1534
1607
1426
1741
1923
1699
1664
1460
1630
259
355
1134
738
1077
1504
759
1983
656
497
884
1175
1444
694
1833
1098
1018
665
1480
1789
471
1691
708
1932
1769
902
1992
1509
313
732
1308
1249
1271
1189
1447
2031
1986
1689
1107
1389
887
1192
1468
1169
2030
1239
908
1532
399
1760
624
303
1686
1879
28
1164
854
1473
875
1370
1299
90
1994
761
1548
16
378
1728
126
1290
767
1337
1602
1024
1564
361
807
692
135
308
1061
659
1723
2041
1226
745
999
785
800
2012
1243
346
1381
2039
1901
306
488
127
237
272
1824
449
1595
475
754
1749
1021
559
1058
695
74
2011
1392
563
1711
614
258
1637
1112
1888
169
1174
72
162
782
1732
1420
1954
936
1361
1053
766
1092
1197
1643
125
975
1030
301
689
991
1481
1832
735
1195
1626
201
1753
112
1876
1599
451
605
924
1366
856
603
434
1999
988
2043
168
1583
1382
641
768
1641
619
518
42
1704
267
2023
326
1839
946
668
1104
469
951
76
431
364
813
780
756
295
731
987
890
1907
319
321
229
1246
1877
748
323
190
928
1675
1428
827
861
1621
1356
466
685
1946
1588
1280
979
917
1269
309
1135
198
1276
418
152
420
99
328
1251
1941
789
184
1896
982
698
250
1208
1266
1168
1231
719
809
983
1484
164
1166
1659
38
2001
1562
1927
1717
1425
713
750
1909
1816
1634
658
777
67
187
1083
918
1662
919
312
1110
322
1148
188
1996
416
1000
88
806
9
61
629
1326
934
1364
84
1645
153
450
1513
1023
1310
1817
1216
681
1078
1467
669
45
1122
401
1582
1433
1002
2004
458
356
1413
867
223
699
280
1912
1051
532
1730
568
1576
403
2032
1584
1020
1038
172
1287
294
170
1854
39
1565
1764
1554
36
810
1695
1570
929
128
1528
75
1739
1939
1357
1640
1005
1209
64
234
1314
1846
577
1549
395
107
1831
342
1332
882
1258
909
1611
288
1459
526
1517
1800
445
2026
839
1340
1318
727
522
1311
684
784
367
195
1219
1656
1858
704
1646
680
1603
1881
1172
524
324
712
1220
262
525
1975
1351
219
1065
1391
473
1747
520
811
552
1770
464
165
1535
1508
155
832
1388
620
831
1378
2007
1253
724
1900
1774
2028
1572
480
1815
1906
1890
1698
2035
1718
1857
1632
130
462
425
175
1217
1948
1561
264
558
1346
1590
633
1103
912
388
1210
1697
567
1990
1497
1673
943
1892
1395
1116
218
404
556
417
1803
816
1043
1035
1315
1241
828
146
285
1573
1155
848
354
985
330
1773
332
852
116
491
433
948
197
836
561
1960
1872
1301
86
964
1050
589
923
1039
1519
729
396
1490
967
1202
1034
1530
71
1916
1672
477
1203
986
791
1623
139
1863
718
430
760
1969
1827
1598
650
1871
1829
1612
555
1658
1451
1268
1930
1521
1491
439
578
482
1606
1140
212
1113
833
516
1544
1059
1492
210
1797
1991
573
166
1555
1852
1700
804
1463
1676
1309
1745
1198
515
1180
1152
1042
910
793
602
52
679
174
1692
755
1950
601
35
886
1984
1211
373
1835
1380
1694
365
199
1589
1547
1182
1040
1733
1987
585
1648
266
363
503
876
1320
1124
410
944
43
1350
739
1073
1651
1286
1818
115
298
5
1752
1094
1620
593
863
843
1181
621
68
1076
344
683
1850
89
950
1435
60
1064
1339
1227
1810
653
1895
1802
1411
1056
1709
1436
600
73
1377
1825
92
1302
48
1804
177
722
1712
1089
421
263
413
1237
1727
108
304
1761
91
874
1297
236
1792
380
1823
1272
54
1777
120
1778
2036
1252
528
8
1529
857
1762
62
241
1446
1625
140
1667
1661
1145
103
66
744
343
2044
1924
1917
238
1569
1477
551
1949
1454
1615
446
1185
1943
1187
1277
1683
2003
492
143
1624
859
1036
1359
156
1344
1882
588
1259
845
1920
1341
693
666
1644
1362
758
352
1652
222
1838
765
1765
485
239
1333
1578
1925
1400
1450
1809
78
770
1474
1457
938
96
978
1363
1066
725
942
397
176
837
899
1200
105
762
389
1097
1806
1834
512
110
1106
612
136
245
1120
406
1250
335
1575
1541
2000
100
1441
1812
510
392
733
2016
83
1261
1177
1715
968
736
706
507
435
1682
576
953
369
97
1965
138
1729
1601
1489
1431
493
1407
40
171
194
1653
1538
44
613
922
628
1964
1335
1254
1721
508
1225
1325
1794
1708
1109
1429
587
1080
93
484
1244
815
1052
1531
2045
1614
284
276
690
1693
360
1027
118
1188
487
1213
1138
1985
1016
1184
386
888
253
1022
1085
1461
376
216
1343
34
453
1072
1384
853
670
1580
296
961
1757
1655
677
27
214
947
642
1677
1397
801
456
501
1293
1670
1971
123
371
1086
158
159
1911
82
1870
893
1396
691
1075
1577
737
1045
1594
1527
1889
1183
409
906
870
1736
1398
993
1313
468
1665
1288
1257
260
134
391
81
805
940
1790
1471
1821
1379
1524
1401
1319
652
1422
77
106
583
291
227
997
1967
1563
980
535
962
1811
1887
941
1861
305
606
63
1754
1968
825
2038
1006
960
1015
1622
835
1894
1141
607
1224
799
1157
196
7
283
472
131
1885
1178
1303
113
1918
203
1427
333
1312
57
1403
1859
1499
257
154
956
622
1230
1938
274
1095
958
1586
1878
423
402
182
1776
1893
682
327
22
109
1744
1788
1666
855
215
1636
1860
1196
1329
1222
1068
1772
349
1559
634
1372
1394
954
1423
646
992
1993
505
1041
1149
1084
896
935
426
971
1150
598
1897
1933
952
931
710
1131
147
580
617
1556
1608
654
1355
47
414
662
1462
1966
812
230
572
904
663
87
1848
362
1228
444
1701
881
714
1111
900
778
972
440
1156
1731
1019
300
734
792
790
627
1684
1591
1982
1482
1316
945
1232
145
1443
1869
1472
183
1914
486
1132
55
604
1063
841
1322
903
1496
474
80
269
937
193
347
18
307
2020
1079
586
1543
382
657
981
1742
141
1193
549
318
1998
1783
970
1430
1321
581
513
700
390
1997
781
846
437
949
1295
1552
246
1779
2015
1306
85
132
1633
599
927
730
1207
6
58
1176
1609
1959
1011
200
2018
2019
672
436
847
1405
1402
1597
1455
302
747
1756
674
1719
185
317
1456
1766
205
204
29
111
814
49
830
644
1170
340
1898
494
1525
226
1679
1292
783
254
1479
579
1330
728
1415
353
2040
1791
124
959
1976
393
838
667
268
69
498
213
1979
1681
506
1929
478
412
1390
1814
1820
1921
544
460
1958
933
543
191
1117
1151
1904
779
310
479
1743
545
1289
220
1179
2009
869
1265
1049
299
1147
1750
1218
509
1955
880
615
1275
1568
30
1845
70
635
511
1445
248
33
208
1722
916
720
860
1724
19
1307
686
14
1003
1300
422
1010
1158
1026
242
787
1143
609
372
1247
1512
676
584
820
1274
2017
2
560
419
179
129
334
1883
24
1453
1279
394
1304
1866
1424
1194
1452
1714
150
427
1284
1501
325
1740
1074
1087
98
1406
796
398
1807
1642
1349
292
1273
1234
557
459
1671
771
1069
1796
1464
278
1506
192
1953
530
984
500
742
1283
1910
541
1980
647
1884
1523
457
1055
316
1375
1367
533
1191
148
907
202
969
1685
1725
12
1558
1115
121
957
1713
463
1862
1891
32
1836
1331
255
186
442
925
1516
926
244
1404
358
1162
1970
1204
149
1013
1973
1533
1334
862
10
1746
429
542
1004
1705
596
894
1437
1029
582
374
221
1915
536
1493
1099
1060
79
1130
1787
1737
495
231
1989
447
911
1922
1418
868
1995
1142
1841
1144
41
715
1221
636
1628
707
26
1376
996
1387
1105
1669
273
1755
314
1298
696
1505
752
122
1057
1957
1171
1229
554
527
1256
1678
913
228
206
1281
531
3
1515
521
1926
348
23
1668
2010
438
1801
775
794
1012
2013
1793
643
1798
824
293
251
574
1520
1768
1847
441
1500
1214
252
370
990
1503
637
769
564
930
1703
955
746
1067
95
1448
287
1206
1610
1903
1071
1167
381
878
2014
1082
1438
1536
504
1070
21
776
594
1412
1928
1546
502
1236
1781
1880
749
1159
1365
1618
661
1317
751
1734
1702
963
4
1542
133
1771
432
1469
1837
1223
1291
240
315
1507
1782
1386
514
1417
1163
1296
688
1369
1373
529
763
671
1215
1093
271
1629
490
895
2027
1819
539
1025
1240
626
1867
114
233
1988
773
1046
1114
1518
519
687
592
858
1822
1851
898
1248
1133
1416
1592
569
424
1936
359
15
211
977
1596
1560
872
1710
849
891
1830
717
1786
443
655
1571
547
623
1842
632
1868
1434
1205
631
1510
1238
1190
189
2042
1101
901
1327
1919
1414
639
1738
1008
697
1616
1931
470
1767
1487
282
994
1952
660
1799
1687
481
616
1913
375
1805
1511
1393
1139
673
407
1449
1843
897
37
610
1262
289
1639
180
383
345
1260
1088
1408
1360
265
523
499
591
2002
1348
1062
645
883
1574
1795
1545
879
808
705
1233
1638
428
1285
483
817
385
1324
1
1944
866
151
1371
966
476
1096
2046
1347
1282
1604
2005
1100
235
209
834
1526
1475
1486
1090
1826
161
648
1775
1212
1902
11
1865
1458
1342
249
1263
290
1081
786
1368
455
1579
1540
1336
157
104
181
1875
1706
1160
638
772
102
1186
1978
570
1951
1981
384
