1434
1704
956
290
1823
1841
1770
1676
1938
584
1212
1975
360
163
511
1672
1041
1716
962
283
1129
1156
1250
1103
745
642
1191
720
1673
714
530
1286
1473
384
897
76
978
208
236
953
1128
275
939
1603
522
198
432
1782
1910
807
1765
210
1429
974
1218
1795
1480
664
370
224
474
152
715
62
1436
1008
899
18
788
861
1208
1941
1095
1113
34
1844
14
1316
1856
44
1165
763
750
1989
1578
264
733
313
372
1747
1017
47
1019
473
1691
594
932
1196
1937
1082
1402
373
1238
204
859
1700
1143
1651
139
627
2044
1310
1711
146
1474
549
2
1585
136
1520
630
1231
1093
767
308
607
1623
854
1766
840
394
1214
1415
548
1243
1052
672
565
655
739
472
1611
1007
759
1124
298
675
263
1378
691
1963
1960
1476
1158
1812
1086
352
1168
1326
1175
366
1882
793
601
651
1596
389
1773
67
1195
1355
1640
378
1634
1658
887
629
987
1834
1383
1979
427
1749
1371
875
1777
550
747
729
358
1920
182
568
369
678
1807
1083
1265
998
868
1702
462
233
828
273
754
1307
537
1891
183
1701
443
1976
1174
169
1094
1274
1446
1555
365
1526
1276
1122
1741
435
1204
418
177
424
531
118
1556
1998
1942
1347
1015
57
276
1419
1879
1866
1881
27
1524
415
195
1692
598
288
1895
716
464
1703
1153
533
1840
1091
455
1835
858
88
203
1888
1745
1157
2023
1408
1816
487
478
42
80
411
333
64
1953
1689
682
1722
1064
49
518
82
1311
837
1980
15
1322
708
83
1471
1995
886
730
453
1636
585
614
1544
919
724
1577
507
499
1936
1078
1215
1965
842
1619
1569
168
524
1630
1292
2007
1146
10
1600
327
1876
407
1805
1607
838
877
1821
1851
555
1199
291
241
1939
350
1957
1899
60
305
1305
1040
1726
1485
1639
1927
1994
1106
612
1197
1599
1580
1582
777
188
54
1870
1455
1283
1837
1043
348
1590
1484
1508
1954
1761
1531
393
917
1241
74
164
368
484
156
761
610
799
1135
1728
1946
689
1116
1010
1281
1039
280
240
526
232
1193
252
367
1572
355
1229
1278
1488
1397
1410
975
73
1514
1756
1918
1538
36
1048
1223
1541
106
1759
1257
461
603
1632
284
191
781
589
1483
847
884
1519
820
1737
976
1635
1190
1420
652
244
1115
1534
1732
1349
412
0
87
1593
624
1461
1621
1743
1362
1134
143
748
1923
300
245
1251
2004
1653
1706
992
1601
1568
1123
1482
1424
162
816
351
1423
1643
1151
910
1760
894
22
480
950
72
581
1783
963
1724
50
1905
1232
1365
618
1110
1458
751
1808
144
23
1198
1441
1450
1333
1255
562
661
1431
1437
1300
1906
392
343
1160
255
282
309
2022
1797
942
2047
1806
570
329
1695
1852
2034
925
1694
451
2005
831
960
809
312
172
706
2009
830
371
1035
1330
1459
1690
1210
1948
931
56
1718
645
574
1211
215
116
665
1528
1883
225
990
1029
39
1088
450
1373
599
515
811
1679
813
1931
1981
317
1605
1523
647
1800
1354
846
1219
1353
1468
488
749
557
59
1753
37
666
1784
5
428
1717
620
668
704
1510
1339
1659
1293
521
1492
1005
1036
1622
971
2001
1202
1073
1112
1481
881
1624
382
85
698
684
363
948
765
700
1949
1978
1648
891
120
1261
1454
1380
1357
1076
58
94
1435
1074
1940
1950
1056
1327
29
16
802
513
175
1811
935
673
825
1868
1381
1139
934
905
1032
111
1023
132
479
985
1818
502
863
862
1061
1575
979
1063
1493
55
545
1617
764
336
1518
1696
1057
408
153
303
1405
654
1951
1934
1164
1855
100
789
147
717
1969
160
1764
573
1649
741
212
929
207
1213
1147
836
1579
915
1352
930
447
1453
219
1059
625
1131
644
1889
540
660
206
222
1571
1858
1224
1179
248
1973
1540
576
1440
710
79
468
833
404
1491
1513
315
1118
1148
103
43
1216
1382
1178
326
1236
30
1972
181
1396
277
1799
1267
561
1336
779
1306
541
1839
1031
516
2028
1902
342
1294
1842
1375
483
278
1239
1504
150
849
1627
551
699
937
1871
839
1589
1551
1633
292
320
878
687
1016
2043
872
180
1847
1832
101
1099
2037
1464
339
52
1053
1655
1675
1370
176
1505
711
1398
500
1736
26
1637
238
1062
1763
259
323
1374
126
1824
582
784
1966
1904
1709
1813
869
742
1626
494
658
19
1069
1618
785
48
1517
2046
1588
1271
1861
296
1252
1273
1511
1987
1372
328
856
1900
2030
1303
1302
1897
681
2038
469
1171
823
341
1044
1121
506
254
1001
860
1928
1101
1227
438
991
693
1752
567
1554
95
243
2041
489
1772
1825
485
1268
220
692
318
1159
1287
1892
1406
13
806
866
174
1444
1038
1926
159
904
1186
420
477
1549
611
304
1096
1409
63
1234
1350
1051
330
1021
1620
539
185
1894
1831
1264
1097
165
1363
1779
1699
921
579
994
98
1885
1715
1527
1932
1598
1903
851
1924
1537
1109
903
988
844
1376
1222
1173
1984
1628
928
1137
1536
377
1983
2026
200
441
845
722
1625
375
810
1006
1778
354
314
1296
1768
1443
690
633
1070
771
657
968
1758
803
889
1836
1055
760
1105
1674
1909
1359
431
1792
817
676
1748
61
639
1395
1886
7
1486
1100
86
617
151
1102
808
2011
145
2032
1999
140
641
179
1205
1394
205
1573
796
1081
1559
436
77
1433
902
1733
725
1389
1698
572
221
1368
964
125
1843
332
604
1180
635
1786
1457
1304
1869
718
766
505
646
138
1430
1935
196
1967
1525
955
695
1367
1893
1597
258
879
403
2031
1489
385
650
38
1563
804
1665
1418
1490
209
1341
575
888
1089
1945
787
1970
821
1990
386
1071
395
1791
1838
621
819
876
984
1668
1108
1757
1013
591
933
756
977
908
542
1014
615
822
374
1237
1334
559
1796
334
2021
12
517
340
1403
946
1952
449
1497
1068
1182
1465
1392
189
1462
497
648
1539
993
1470
965
1956
2000
9
2025
773
628
1991
989
790
895
1591
1739
1608
1240
1
1009
25
1345
1809
306
379
319
1977
356
536
1849
409
247
563
1958
1391
924
104
1020
1049
1982
381
117
1552
124
1272
1141
135
1754
671
882
1412
1456
1027
1705
286
1221
913
69
1120
832
731
527
194
996
864
1447
1710
893
1943
870
45
1472
108
105
1194
1256
723
28
1004
1810
973
187
184
249
419
554
1452
1543
1343
1377
1360
600
1284
1859
324
936
1908
1206
503
112
1734
1708
552
880
1500
4
107
1678
547
1428
274
1475
940
129
951
1775
1050
1379
1629
1011
961
1516
1285
1301
1731
1417
2035
1721
508
1547
239
237
1669
1996
295
1280
753
285
134
1720
1919
430
1933
1369
406
999
470
1209
544
1566
475
1154
218
1662
24
437
123
1884
338
1170
1072
1269
1260
396
669
1522
166
755
826
1356
1961
321
735
1614
1111
1570
1361
250
158
1789
391
1098
17
261
1785
1762
1200
2017
445
649
1463
1550
1602
827
1529
1077
1890
362
1793
1827
713
685
387
736
896
1451
1495
538
1613
1606
740
1787
1746
1161
1246
1282
912
1288
1346
410
1644
852
1750
909
2033
947
791
1449
1466
634
1413
414
1325
32
966
952
361
1680
234
1384
969
31
2024
566
1162
429
794
1385
890
1661
1262
102
1028
1850
519
1735
1584
269
90
918
758
1959
1144
1915
1002
1641
686
1183
1025
1985
2020
3
525
580
916
1026
231
92
843
1727
1393
1469
1226
983
1295
752
1145
1532
727
520
606
509
556
1253
1003
1448
81
2027
456
1997
401
959
1742
726
938
1860
213
1503
2042
199
6
398
1657
1685
1968
155
1925
841
1432
1201
1332
1645
775
110
1740
1152
1586
871
1275
1815
949
743
1192
805
1290
1037
564
439
1663
202
1921
302
1358
1610
1067
855
558
316
294
1723
229
786
141
2014
301
226
906
2008
347
1045
223
768
1863
774
702
1822
344
426
267
287
1416
1400
1642
780
1553
721
178
197
632
297
1351
137
1060
1964
874
926
1725
815
1309
1780
242
797
1798
1693
51
1521
400
776
211
1263
142
1404
1898
1801
53
638
109
1000
1233
65
1788
514
496
1656
1507
193
425
457
1576
127
694
1342
157
397
501
444
865
486
271
491
1289
782
1399
757
744
1085
1574
1188
1421
1092
421
732
331
622
1686
1386
1907
1127
1163
857
388
1033
1683
1407
850
383
481
114
1335
230
71
1087
596
1277
192
2018
1155
133
293
493
1817
1677
907
1501
1712
399
1075
1557
1916
1862
454
423
1496
1348
778
434
1225
217
1259
667
1047
1974
1299
997
769
1034
1324
680
2039
1615
1667
1794
93
995
1729
705
945
900
1515
1901
923
1176
1612
310
2029
1498
1217
1666
1846
1065
1548
1018
1769
70
1245
265
173
1595
1744
1688
608
246
1682
1477
982
1502
227
535
1826
637
707
590
1244
835
266
1509
376
674
798
1220
1565
1767
829
96
957
1542
677
1080
1533
1247
1207
1558
1671
656
597
1329
1912
1119
11
534
1022
115
1054
1546
460
2013
1479
1790
498
1460
2012
1422
1650
228
1581
814
1228
270
1771
1140
91
1066
2040
529
954
416
1090
66
1845
20
260
346
1114
980
560
1411
1167
587
466
792
402
1592
1317
1125
914
1203
1401
121
1848
1988
986
1172
201
1312
712
1187
1594
734
1291
911
1117
1314
1318
492
279
1425
746
738
1321
1814
1560
1874
1270
1896
619
149
967
1387
696
800
171
703
272
422
1149
1865
2010
571
1971
482
1427
1439
1535
1872
119
1873
824
1829
1647
33
413
299
510
848
970
214
40
659
148
216
1177
1962
1266
1567
256
653
1512
433
1714
442
1930
68
1438
99
1947
1730
268
812
289
1986
663
459
2006
613
448
1878
643
944
697
927
1880
1442
1308
1467
35
495
609
532
801
1132
1774
1609
2002
1660
1012
1185
1279
1104
97
602
131
41
595
1126
1830
1331
688
167
1887
892
818
190
972
873
1297
1917
21
1776
1955
762
46
78
1638
390
325
1992
1340
458
1803
867
943
922
772
543
583
253
307
128
2045
1993
616
322
1853
337
471
1169
1136
1138
1738
1664
1804
1366
504
883
1781
490
1697
623
834
1929
670
1646
1364
1545
958
592
1654
364
1530
1499
186
170
262
1323
2019
1854
636
626
452
122
631
569
1670
1562
1914
1911
251
1042
1913
89
1328
1684
1561
1707
1344
1107
853
662
335
446
1944
154
1249
1487
577
1181
2016
553
1506
885
1587
941
130
1258
465
981
467
2036
1616
1604
1235
345
1875
546
709
417
1922
1755
1713
1583
359
1478
1857
1864
1877
1390
1751
113
1719
1631
405
1820
349
380
1230
1298
728
1414
1242
1445
1189
476
357
8
1833
1313
512
440
1166
578
1024
2015
898
1338
2003
281
1142
679
75
1184
1426
640
901
1320
1248
1494
523
683
161
770
1388
1819
920
605
1319
701
1058
1828
1337
1652
528
311
1802
783
719
1315
1681
737
1867
235
1084
353
593
1687
1150
1130
1079
257
586
84
588
1133
1564
795
1254
1030
1046
463
