503
1282
1585
1078
78
1063
1020
2046
1602
1891
1871
650
1500
867
324
1919
1687
82
1966
310
1799
1822
1155
1414
285
688
1204
394
214
1231
548
542
1284
793
1012
1361
1782
1399
1258
1400
1473
927
961
653
1455
388
451
682
1029
1694
966
555
1352
944
1738
66
760
1659
714
1537
510
1079
1637
475
877
778
442
164
1114
1732
1326
1592
1766
1503
952
1137
1887
1138
1071
2044
126
77
1093
1594
1725
1617
1675
1322
183
1187
1402
1140
893
368
45
1649
801
666
1866
1683
349
512
1069
638
1125
940
580
1278
83
380
1854
1100
1379
674
1849
72
780
1492
397
436
1522
263
1756
574
643
799
848
58
1388
1088
296
1897
1255
1848
821
1120
869
1375
911
865
452
680
1855
917
419
1635
891
379
1808
654
9
1895
1154
1737
728
439
485
1227
1619
759
988
625
1934
1926
151
1579
2029
487
1533
1133
218
1245
699
1936
95
346
1630
64
1351
201
967
826
910
1499
1316
121
1644
477
1614
693
1908
624
1385
1249
466
1547
1338
1623
1164
1380
1995
1727
1110
198
1947
1693
1859
746
1942
363
1132
1342
320
298
568
1615
775
1411
971
858
526
1275
1171
1928
1478
1916
663
2019
432
1459
1557
856
776
1314
34
61
1008
1073
235
1581
926
648
1856
782
1472
930
1624
1742
937
1551
1210
1826
1198
1126
1318
1510
199
1220
1406
532
210
269
1246
1502
26
1609
1556
924
1749
740
1935
1485
2002
1225
872
14
800
128
1640
1495
1151
440
157
318
112
1072
242
244
325
1166
1240
1448
2031
1124
2021
1504
928
500
1474
584
114
1846
1464
1816
1272
557
585
1671
1800
707
1991
1643
1773
19
1376
1213
1759
1280
1401
1532
98
1054
1310
640
853
1479
1509
59
1589
540
2008
1113
161
1811
1178
1341
558
1014
730
1413
1621
1776
1761
636
445
1783
1208
556
335
1194
217
1181
1433
1057
1806
1680
1439
839
1924
1229
1650
1558
1850
1881
2018
949
1389
1028
280
912
1195
1937
194
1740
1409
720
1753
1821
738
1880
1416
1104
661
1263
1048
1237
162
499
1857
87
182
527
1336
427
1944
1523
431
1578
518
1024
523
1317
156
292
1882
1081
418
252
742
978
0
55
1940
914
125
1452
1815
1209
791
1469
1745
274
1955
143
1300
1606
247
615
724
70
819
1119
813
601
620
974
24
1297
735
835
1576
97
1787
1216
1597
525
372
74
1214
270
22
692
836
606
841
572
1188
768
1141
33
992
1708
1712
1710
1954
1000
132
1567
1285
343
1283
1090
90
1418
69
334
1573
2042
1885
350
1577
1946
868
370
1037
1292
918
275
909
176
703
1051
319
455
81
1542
1471
618
415
1099
1901
1540
977
657
628
1019
153
111
1445
374
2016
450
191
1462
1668
1086
262
1192
1735
581
690
396
1264
1354
1211
1917
1903
268
1290
498
522
808
367
1449
1013
619
1202
1570
629
75
136
721
1109
956
1193
1587
1021
1758
1239
188
611
1135
467
127
1963
1513
1560
1996
766
443
1305
973
1788
671
1750
1009
165
1095
221
407
1804
599
885
1484
756
1177
1764
942
1321
1561
1424
781
1118
1486
598
170
1291
1106
1223
798
697
1153
1612
844
1345
39
543
1457
35
887
1146
91
1189
570
790
501
899
651
655
307
1417
1365
160
236
1096
281
342
814
224
633
1860
1530
2027
1823
1347
1339
1884
1328
1757
659
1497
57
1382
2043
158
1023
1419
2023
860
991
246
962
783
496
1121
1733
715
1346
990
1463
306
683
1906
1983
1874
645
875
1299
1440
44
1812
1422
1337
1066
495
1793
1868
1858
37
1392
1665
1751
421
1323
745
1596
764
181
878
1701
1526
1405
1559
660
60
749
846
1269
1845
861
1807
239
803
1892
1703
1925
777
1664
1595
1042
237
1593
2010
200
1663
1315
1427
1986
647
578
644
1050
1027
627
685
1638
1174
1636
626
1421
544
1295
788
989
1508
1719
521
965
770
1717
489
232
1271
1969
1386
806
1200
1169
1546
852
1512
135
192
1536
921
1149
360
1218
1746
1098
1769
1883
709
1226
139
478
289
1932
1698
1238
402
1408
1914
1302
824
1273
932
553
1022
393
1528
1470
866
630
294
845
424
1286
1130
1921
18
180
1434
710
1060
1441
260
594
1002
986
1531
847
591
2005
80
382
985
1838
11
1475
1498
1222
1467
1426
1241
907
401
916
332
1329
21
1128
1312
1516
575
1437
99
1674
96
1047
141
1007
216
519
1359
1796
12
1362
412
883
1771
1201
430
493
534
1144
1270
2
1568
1794
321
954
1127
1705
796
302
1555
1358
1923
1391
472
1381
1374
163
665
529
1372
1350
1430
722
1915
833
1179
632
915
1087
550
1294
1709
700
328
849
353
1039
1483
511
395
832
258
406
1829
1948
1833
1083
40
79
1160
1902
889
1820
612
1067
1805
227
1370
1059
1918
1950
1215
1898
561
773
326
297
1373
94
1819
193
1142
1549
786
1190
29
137
17
108
608
1447
249
222
513
1206
2026
1714
305
1038
1651
2038
1778
958
1731
851
134
842
458
741
1834
1791
807
1720
516
1398
65
1490
1224
1129
747
1647
1835
604
963
1018
1102
1353
1425
1984
946
1139
1487
2033
1397
118
309
1689
454
1031
1700
1003
2009
1798
729
1741
453
1945
830
2024
177
1736
1634
20
330
435
120
5
146
982
88
854
762
272
1115
1722
1243
1724
1256
1909
1097
1667
245
859
748
1219
359
1254
1136
1949
476
31
1076
352
273
871
429
84
219
1034
1183
1767
1261
1544
1760
1482
955
53
205
1412
1552
470
1691
1456
1648
229
1676
13
122
1122
1458
667
969
276
656
211
901
1679
1420
1056
1976
1661
1279
142
1968
545
744
1867
1266
103
71
1562
1308
890
413
870
1980
291
810
719
1975
818
481
123
1780
1904
52
479
1847
1607
1775
2001
936
1298
1967
583
886
130
1134
2020
589
1545
267
549
2047
107
1563
282
547
102
1077
1150
28
1494
1248
1543
850
509
823
1212
1253
668
465
905
317
1091
1320
600
880
1728
687
1005
1772
417
1377
552
1670
119
347
300
474
101
149
115
1423
25
2028
184
767
257
1044
1572
1604
1692
1998
1519
935
649
215
1952
1682
1491
488
322
1011
344
1186
243
1911
1217
1488
337
1655
673
1801
279
208
284
1070
68
1112
576
755
828
1588
116
508
1319
1673
1841
631
1851
336
1642
736
984
691
277
1553
428
1611
261
933
1058
896
1824
459
3
1690
950
1032
1068
960
1185
642
1600
311
416
213
554
2041
785
105
1107
386
1089
1309
1702
303
1527
93
975
613
1830
922
993
1878
1167
771
463
751
920
1170
1267
51
110
502
196
908
1825
733
1262
983
1620
1117
438
750
1443
1657
1152
365
1958
1033
1296
2011
490
1699
471
1763
1017
1790
1920
1123
362
934
1010
959
1870
50
607
1852
820
398
637
546
586
695
106
882
1442
831
333
1466
1814
1721
711
679
1065
718
1633
1939
383
970
1953
1410
1111
577
42
1268
117
1795
530
1234
381
929
348
972
1672
1366
701
551
996
1639
1803
1861
1894
1257
698
1810
226
1863
1489
743
2000
497
1789
392
1511
1085
1084
873
897
155
1658
1960
411
539
804
1610
366
206
957
1972
1813
1628
811
420
1828
1453
787
979
1565
1040
1525
371
857
1890
1534
1367
295
1505
840
54
951
1864
1696
662
299
2036
605
1817
1613
1468
1332
338
1230
2030
1625
1
686
634
1476
329
855
997
1896
1327
189
904
1876
1301
375
805
941
1105
1517
1877
520
100
1384
1016
1131
1477
1931
1524
76
752
446
1101
676
1324
1369
364
980
150
705
622
408
187
670
1785
1827
1999
2017
1697
384
1591
1765
234
593
1228
1836
1730
1199
1802
47
609
1618
1363
314
1616
1378
1641
171
879
1145
390
23
1233
1752
1349
1718
837
231
1006
341
2007
797
207
538
1716
491
1393
1180
1404
987
48
1196
571
1520
1307
1394
2015
1929
1506
603
809
541
43
1148
892
829
939
1985
610
947
1015
1715
482
1978
1729
506
27
1438
301
238
456
564
1768
1873
1325
1977
2014
1333
195
1713
85
514
1049
1176
1344
1629
582
1276
1580
843
1041
794
1501
494
931
560
369
717
1569
1450
449
565
678
1943
1912
1518
595
1507
1922
2012
104
376
313
1886
1539
1603
1407
169
1933
658
1191
734
1550
1981
250
1431
133
1306
1045
1818
190
271
6
1403
772
1626
1175
140
1184
1839
124
1652
681
464
876
147
1429
89
7
426
1157
1608
1831
197
1781
1074
1259
592
1688
259
753
283
1158
2040
2013
145
30
953
614
1435
1162
533
422
1843
1564
758
677
1390
1770
109
1777
652
288
765
404
1957
761
535
1930
373
1844
784
264
1446
1656
669
1865
1026
425
1840
1907
1704
434
815
56
2035
1288
1165
895
255
1982
389
86
256
144
1681
1598
881
1575
4
138
265
802
355
884
1970
1236
1739
945
1156
902
646
900
10
579
1994
461
1627
976
391
1036
254
457
763
1774
1734
694
1182
702
1941
1052
433
1293
641
1889
723
1584
1387
32
1444
1343
1043
1961
331
339
354
1159
1899
15
1163
1905
1103
1252
1669
1348
1583
1666
789
999
864
1304
1496
266
704
1571
1460
316
1521
400
1062
1862
286
1383
2006
1173
186
1481
67
727
2045
1869
567
131
1748
1064
1987
1250
387
345
566
696
602
1030
2022
569
1832
1974
943
378
925
1168
1997
2037
1762
315
1415
1001
1396
152
1784
63
473
323
447
1678
1893
2039
1979
903
1755
174
1260
617
1989
1662
769
590
253
1837
754
1221
36
448
1842
304
460
1436
175
228
327
1754
351
1956
816
1965
1334
1356
1368
1451
559
964
1990
1599
1993
1910
838
1582
16
1964
414
1872
1971
2003
537
1654
1797
1566
1277
1303
1988
179
1992
484
377
597
1646
1927
1265
62
919
1371
1695
898
689
1004
874
113
562
185
468
410
1340
1875
437
1686
293
706
1161
1677
209
834
8
906
1792
2034
1428
1538
358
623
340
251
1554
596
462
1108
405
1913
1653
423
38
795
1660
1116
573
1809
923
1432
1357
172
1529
1879
41
1541
248
441
995
483
968
517
1035
399
278
290
233
1335
948
154
159
725
1313
1355
178
587
241
888
1601
726
1311
1779
1535
981
1973
1080
817
1025
203
708
168
49
148
1143
240
1055
1711
1574
1747
504
712
1172
894
732
1548
357
1853
528
779
507
684
774
356
1061
1684
827
167
1235
1586
1480
863
1330
230
731
1281
664
212
1493
204
1242
1514
1461
675
1053
46
223
1287
469
129
739
713
1726
1786
862
563
480
812
1962
1622
616
536
531
1092
1232
938
1197
1454
385
1247
505
1605
737
409
1938
92
1631
621
822
361
1360
2025
1723
1364
1465
672
173
1207
403
635
1244
639
1082
1707
994
1075
1685
588
220
2004
1743
312
1900
1289
524
1632
73
716
1888
1515
1331
1959
1094
1274
166
1395
757
308
1203
1046
913
1205
444
492
486
1251
1590
2032
287
1706
1645
1147
1951
225
1744
825
998
515
792
202
