769
1006
1527
1125
741
571
1649
246
901
1624
116
1650
1143
1978
542
1203
843
1483
255
1133
1261
199
632
1299
1786
591
866
919
569
43
5
366
1732
1601
1290
634
170
1700
810
198
561
972
1435
1184
953
197
456
368
1438
1161
451
1367
391
1679
471
46
153
1478
1041
1442
379
715
1282
780
1386
233
316
1494
615
978
1609
1950
1525
124
1373
1188
1346
1189
1016
1004
1626
1284
534
302
574
2018
1441
353
1648
310
1750
1670
435
1090
414
422
751
1696
45
1744
1226
1166
1383
305
1348
1100
1841
107
859
1598
702
844
1979
1496
88
1353
871
1926
47
1728
1085
494
876
209
57
776
1836
349
944
331
1692
756
1256
164
83
1503
743
1607
457
734
1939
807
1297
252
1800
791
1173
579
1205
677
564
717
184
1192
607
616
1343
1770
1898
1023
1492
1589
201
552
1234
296
2027
799
651
244
736
727
1764
217
963
679
482
663
204
1504
93
1771
60
895
1320
286
737
1707
1633
690
683
490
1410
267
1854
1481
190
395
438
1969
1857
1278
113
1680
659
908
1393
1061
1418
657
914
81
1850
669
1379
641
1151
1575
693
1702
595
1155
1389
222
1271
684
1427
1849
334
52
1645
263
315
1605
1940
1214
990
102
829
248
111
1611
1324
262
1420
13
325
156
1842
1191
1025
348
312
640
1712
69
118
709
961
746
531
1587
582
330
474
381
762
1495
1452
1573
1741
281
125
465
328
362
1460
1419
1628
61
1066
1169
1613
133
492
1425
1247
521
965
462
74
1576
303
1919
1524
454
1424
1274
1351
554
1371
1331
174
1955
1040
320
551
1464
1881
757
1140
352
1106
1610
1121
957
940
1415
432
1236
203
477
318
279
921
180
711
2040
599
620
1273
77
1678
1641
1785
273
916
697
1913
367
1537
56
114
1621
892
1110
299
430
1873
230
394
10
1082
728
760
647
1293
503
795
1672
560
101
1843
1123
1844
1218
1808
1067
175
1529
214
796
527
250
373
1623
1232
1134
862
1724
1012
681
1242
1731
1005
1493
1318
1138
1855
1549
82
691
210
1333
793
870
1965
726
79
1560
900
570
1375
1902
612
205
259
730
294
1280
295
682
765
1654
182
1472
300
863
883
1102
1917
1886
1521
1945
393
489
864
777
558
596
1235
1484
76
629
1337
1368
1325
526
1782
1158
1517
1128
433
1669
1052
625
247
996
2044
239
1364
1009
686
1861
1310
232
1491
1459
767
384
522
740
2007
1941
1789
577
1569
1417
789
326
546
1335
1513
38
1355
1374
1349
126
838
861
936
502
499
970
211
344
1326
308
720
202
920
1693
1823
48
1666
1255
922
1874
661
1790
1327
1742
1993
733
806
1734
1246
1545
805
1430
1962
954
1030
759
420
1655
16
402
1684
1552
333
950
710
1352
1511
2005
319
545
1397
2015
1877
485
771
578
119
779
1228
1699
324
753
1400
1797
1485
1294
1801
1665
423
708
899
1769
1722
140
1384
1054
1827
1710
877
1421
129
2038
2031
1145
1170
1548
1994
1911
1825
409
1588
674
1630
831
1539
621
1830
2045
1568
260
1916
1998
138
1399
307
952
1953
431
1120
1540
1238
930
1323
1811
1637
401
1300
1852
536
1422
290
40
1533
1897
1211
1698
642
98
1550
1413
1681
1946
91
21
1181
1055
383
1774
1864
245
670
665
958
141
332
1219
1083
1912
306
115
261
610
668
1457
964
854
1253
285
1360
1321
623
19
541
960
1559
347
2000
1153
1659
1157
913
1937
1165
1572
1629
1070
1964
68
1856
387
1839
1319
2046
566
200
195
688
1446
989
1237
1103
1817
529
906
735
1392
1024
1289
778
1381
1677
253
1461
1676
1216
1062
1999
358
973
1796
445
1404
1954
59
1498
1011
357
1747
1497
1509
931
1791
1565
215
1551
1737
1646
1968
291
995
1429
1757
1777
1109
1266
1835
274
630
442
1405
29
1608
256
385
1891
23
1567
1847
1729
1985
1759
1378
1526
1879
889
450
646
1837
223
1241
1311
1695
1778
1193
1638
1111
1983
949
1137
1200
1816
1512
603
120
63
850
905
943
511
1382
1906
836
1725
977
1476
971
1831
147
95
924
1685
1104
2037
1853
875
788
1686
277
699
71
1428
1799
1951
2019
1706
278
1187
1064
421
2020
158
1967
1510
1859
216
800
639
891
470
1958
1079
1356
1807
224
446
1884
188
1767
809
134
336
1981
1923
1172
183
2036
1664
1028
1574
811
583
1345
1542
1523
1022
637
1033
994
533
839
1013
1334
1020
1347
1129
932
872
1259
301
1329
35
327
783
1716
555
1277
1935
473
1627
631
1866
150
351
1595
1303
128
525
152
67
721
984
774
27
1088
969
724
1339
1753
666
1144
480
1114
350
1147
1015
1182
254
968
2002
754
1487
345
3
298
979
104
145
997
491
1563
732
1411
518
652
1520
1824
1093
1795
2030
207
160
602
1366
587
918
1482
1924
1977
92
1880
218
1305
1787
942
242
1840
1894
1363
1069
1136
1736
1328
1987
937
1292
1227
85
1766
264
1583
2014
1671
1132
1394
34
893
382
880
1152
386
1197
514
819
157
1960
1387
909
1966
649
173
1788
1566
1056
108
716
84
1813
619
897
999
359
707
548
790
1658
139
841
755
695
644
284
1017
991
1896
1718
99
1268
39
981
426
1239
1708
1604
36
1156
1403
888
191
1312
904
375
678
481
1755
425
89
513
354
1209
1361
168
768
1713
1878
292
766
881
1362
441
2029
2025
1828
1458
584
1264
1829
692
1653
580
243
974
1445
1505
429
419
1296
1562
1616
814
410
1029
131
2039
1812
37
1889
1198
1406
1956
177
528
406
1756
1288
374
1585
1416
41
826
1075
2012
155
1614
617
1148
455
1032
361
287
1196
258
987
1251
1783
1286
187
143
1570
530
848
65
1233
1314
343
1409
1018
714
42
1606
1450
390
1086
1439
1660
725
676
413
1925
604
1541
479
1860
1402
251
1471
1656
1044
1804
1975
910
1470
701
80
565
1037
1072
416
1146
585
1546
1991
340
1697
1553
855
9
1449
1336
1354
967
1640
1127
1249
939
1815
1518
1625
1715
1507
176
181
1057
304
1105
1154
1973
1872
1863
1694
1107
227
1285
1543
718
886
1183
276
257
1976
586
1248
1098
1701
1580
656
820
1489
1990
1845
1307
1820
1579
1063
208
1432
752
1077
1885
1720
1174
976
1538
49
1826
1084
744
1059
1089
172
798
879
397
117
1131
834
544
1721
1159
739
1963
825
1555
516
951
1304
418
821
1047
738
495
833
575
588
543
860
28
1930
1980
475
478
980
1217
1602
1704
1231
1578
1099
1530
1536
874
1391
948
1160
1535
159
824
469
1229
523
1026
280
1821
378
1631
1388
1915
509
1793
1619
1832
549
1534
440
508
206
1738
923
1929
1833
1516
12
1594
933
1454
624
1019
142
1097
1021
772
1081
1636
1267
460
622
722
1584
609
53
444
763
1938
643
1270
1095
654
1691
1775
0
902
520
2021
339
1194
192
535
322
70
1008
1447
427
982
1846
506
130
360
265
1315
338
1176
1739
1453
816
1514
78
1456
165
815
372
94
2009
1592
703
96
14
1130
1212
618
484
1034
1745
452
1663
171
1809
103
712
1730
1341
1488
1603
664
136
1901
912
648
51
608
504
581
1875
1895
1943
472
1279
54
1618
1762
212
1768
1547
1433
1444
687
1635
589
487
1180
311
673
794
1068
1000
219
123
698
44
434
1920
1870
1904
650
1094
890
1007
73
868
1752
925
154
742
1175
33
1322
1262
1396
572
364
946
1221
1046
225
1760
680
1490
1600
1479
1974
882
1780
694
1340
1163
1910
1615
297
1944
1283
507
2
1202
1673
220
30
1118
1781
2003
1970
761
1900
1501
1642
2001
837
1988
601
842
1848
1401
1206
468
1644
1149
66
75
241
998
1276
1434
1749
1581
392
1918
1992
1667
270
371
1281
1620
1042
20
962
1313
1763
845
1834
415
1612
1113
2013
1761
1908
1407
1451
1179
563
547
1342
167
898
1124
110
380
25
853
1643
1027
700
1862
1423
314
1455
1735
1617
196
424
907
1437
706
832
1867
635
2004
852
1711
488
1596
1586
226
1794
2017
1224
1515
309
626
1948
1933
1719
1675
524
398
573
407
1838
1426
1119
808
823
1051
1674
1892
1350
658
2006
122
747
1802
148
1468
436
1690
266
1475
1302
1162
1557
1135
313
2035
1754
1080
537
594
1822
1204
323
1723
645
1851
1564
1928
851
1717
1506
792
1316
1031
576
2008
817
675
1803
90
389
1746
975
1377
288
1528
1748
106
1001
959
568
346
926
1554
1257
1380
2042
64
935
1254
453
1814
636
1408
1639
1727
1688
1003
519
1230
231
749
1508
161
1260
934
8
966
1252
1776
1931
2033
1448
1810
235
87
873
1632
653
1222
1372
458
55
1414
685
713
189
1201
1275
1465
1634
1208
784
1473
1942
377
1805
592
885
229
1899
112
329
867
1558
696
1871
449
896
1122
1177
2023
1185
335
1705
1117
1357
988
1385
1078
985
1936
467
283
1469
1036
1882
801
1922
1344
1907
1714
2041
828
915
428
1740
500
486
1376
17
1045
1661
1883
1522
1556
2016
847
1733
1474
1798
50
748
151
4
993
127
887
1369
1308
1986
412
835
443
532
1682
463
1142
1306
282
1927
1957
1010
7
1499
437
1074
758
1048
1
1868
411
627
1150
2047
1215
1687
605
1597
1893
818
1652
590
1466
929
1164
1049
439
1207
1087
689
775
803
417
459
237
938
660
370
941
827
1287
179
178
553
1876
567
1050
1076
955
927
1263
593
1220
1544
1662
2022
704
193
1921
1053
633
249
400
1772
483
1213
517
388
355
1245
1002
1317
1199
557
32
773
1984
1395
1622
317
1477
1792
1599
1065
856
1726
1258
1168
515
1571
1989
405
857
447
1903
956
1359
1112
1060
1502
781
1949
97
1806
476
750
731
1071
236
1332
221
1244
1818
275
1909
1888
764
464
213
1887
363
2011
1272
1467
1582
1390
1657
1971
321
1243
1683
1519
556
2026
1240
356
1269
1773
903
1486
1869
1115
1500
1295
1223
1890
72
496
782
1101
1014
600
598
1463
1210
166
1167
719
785
461
705
662
1108
2024
1784
1914
1096
947
812
786
194
1532
672
884
628
1689
1651
240
1952
289
6
606
1265
186
342
1561
1038
238
1995
1997
448
1398
293
1443
512
510
132
466
272
770
597
86
797
144
1043
22
1947
1934
185
1338
163
135
1905
986
667
992
1301
1365
1590
18
228
505
58
149
162
15
1462
729
1126
1291
550
849
2034
497
1412
869
1091
878
2043
1171
1865
376
2032
611
787
802
396
404
1779
804
1703
1593
137
1139
1758
614
268
269
1298
1709
840
1431
983
671
539
1996
830
493
1358
1035
1058
1330
1858
498
1141
1250
11
865
271
169
1765
638
31
399
1591
822
1073
1647
1436
1819
917
1932
403
1195
234
337
341
26
1092
1982
928
146
1440
540
1186
1961
813
894
100
408
109
1743
1116
1370
62
1480
105
562
858
1668
613
369
1039
1577
846
1531
1751
723
365
745
1225
538
559
1190
911
121
2028
501
24
1178
1309
655
2010
1972
1959
945
