63
142
1922
1891
78
274
702
1400
1478
120
1439
10
544
1080
1076
1950
591
295
1543
632
599
1532
1282
1045
495
1566
1084
1143
1948
81
284
263
512
1236
1573
1578
39
1142
499
790
1954
1591
1506
1319
1933
955
411
851
678
892
661
1530
257
1153
657
718
1206
897
1528
1706
999
1123
1731
1634
991
936
252
1640
1872
703
1632
602
112
832
782
1092
1447
1673
1353
1216
417
1426
549
1394
572
1111
27
749
1104
561
1046
1339
745
1645
1241
1127
808
237
52
1225
1709
873
621
2002
1449
415
1522
1355
1789
1966
1304
1012
1992
721
987
1185
1432
1907
306
1285
1261
67
1747
748
1281
443
300
1413
215
1421
251
1356
1008
245
545
1661
1546
355
1519
491
425
535
1902
901
498
796
1436
227
793
232
815
1862
806
733
1556
372
268
409
371
1927
1496
1833
1982
1865
1212
888
1807
580
725
456
203
1154
797
1106
1398
803
381
1036
511
922
988
686
598
428
509
1064
1615
974
1442
1011
1337
1928
623
981
303
1723
1710
691
1333
1295
614
807
114
1758
765
971
1947
835
675
951
397
18
868
1946
449
1929
207
1382
898
1705
1378
705
927
1286
1555
1437
1183
1687
1100
1332
966
517
1487
1220
724
2025
794
629
1879
616
1409
1050
1797
1674
776
379
1998
1038
1099
1775
79
1968
1834
1043
457
1222
952
282
1715
787
788
585
369
290
137
1126
1469
1974
1175
666
470
1993
1739
1485
1310
967
982
1577
1860
1689
539
1737
1316
741
346
519
194
714
2021
715
131
243
270
1904
504
1414
1925
1912
121
1668
1366
269
89
568
1921
1935
729
1627
441
1327
298
1460
1357
1621
458
1497
173
1047
58
1656
357
1473
1693
1637
1
1991
1866
1970
1847
1734
1101
1424
2007
1704
750
506
885
1791
168
1622
709
763
1823
1742
238
1720
1130
886
862
483
452
50
804
732
1223
373
1716
51
1258
1792
279
85
716
659
1819
467
334
515
986
177
205
1899
217
855
1949
200
625
1149
1702
1520
189
475
1988
738
1646
1576
1422
1109
468
521
1323
995
918
538
1757
1969
1812
163
100
1237
1663
94
1894
1072
2042
1808
1042
1633
1558
926
1583
1863
13
1207
1539
1623
1985
1002
44
250
414
390
1134
493
1957
756
1669
1832
958
1311
1254
1892
736
913
759
1138
942
113
1953
1195
1210
717
552
1270
630
208
601
1246
1482
474
122
477
1363
1147
513
655
378
1944
726
1315
1392
101
760
319
1128
516
1839
1961
699
1017
234
1193
1671
278
1918
1729
850
905
1227
1837
611
166
523
874
118
404
1486
769
105
931
1376
145
1827
380
1133
1976
329
875
669
209
564
1184
677
653
1802
1010
336
637
583
1547
2003
980
192
830
1240
522
1682
1248
1120
923
881
301
791
1401
41
219
1168
925
605
1488
399
275
1722
1387
1456
1776
1079
292
427
1916
704
1877
553
1859
647
1250
293
566
964
1300
646
1022
1599
99
1887
1063
1397
1444
1034
1509
595
434
674
973
587
440
917
331
1604
1242
1049
1644
190
1434
847
2037
1179
1423
1491
1610
1027
1690
170
1842
770
1452
843
558
818
151
1978
1061
324
487
360
2005
857
184
1470
1590
711
296
1164
1735
463
1764
1056
175
654
347
311
1349
1531
1917
141
26
697
1350
1372
1403
771
559
413
884
870
1750
575
1384
408
87
1746
527
649
2015
241
30
1679
1196
14
1060
1696
345
1535
1719
374
921
407
1245
1374
1667
1801
1190
338
1518
784
49
255
1162
983
1824
1868
1768
2008
1651
641
1589
1817
350
181
1255
963
1995
267
563
154
825
431
665
1920
1181
1266
720
21
565
1354
739
384
929
1343
1618
1647
742
1699
187
829
1146
1054
531
992
1773
1360
1783
95
1125
33
938
476
1975
581
1375
594
1855
180
1538
606
2039
1582
1362
2001
225
833
1743
1523
904
853
1093
1643
1070
1937
150
1020
1678
159
1906
2016
1698
342
1131
1798
1952
1404
80
1695
98
1029
1249
305
102
1211
1745
612
1399
1035
953
1112
798
859
176
1477
510
45
1176
2020
1504
391
437
1658
1511
1455
1900
1091
341
403
1484
1913
1677
1508
111
242
339
642
451
273
1997
1369
865
747
480
582
1161
1068
1639
752
226
841
325
1280
188
1657
592
819
262
1650
1359
1562
1724
1800
310
1233
104
1931
816
1919
36
1806
1059
1420
1306
802
1828
460
755
1001
1896
0
307
1885
1174
1554
1636
518
1057
1915
1136
405
235
536
965
1269
908
1383
459
1252
1389
1552
395
852
1102
690
1087
1897
1914
1026
161
764
439
1930
840
1483
454
1987
1708
978
576
1055
907
1524
304
492
1139
464
351
1655
1494
1067
328
1774
289
444
1018
1322
343
333
1753
620
1217
1145
1533
708
367
1406
1516
323
218
1021
781
1097
1448
1458
271
930
1765
915
1347
1600
1544
1871
486
418
1335
1462
1325
1475
1529
266
1653
882
1412
1284
634
607
281
777
1007
489
979
996
766
501
1264
1110
56
308
1569
1983
1614
899
618
1770
1180
231
264
1150
1440
902
956
1884
1324
734
1738
1209
1118
42
37
482
1177
1794
88
1086
265
313
1213
1732
8
668
878
1986
1740
1700
533
64
775
1235
640
1889
1265
1829
687
322
1820
555
126
946
1628
354
1938
514
1115
1314
1173
1290
40
1302
178
1276
817
1271
626
998
1565
772
1019
1956
1170
823
277
349
1191
896
416
1472
944
1793
2027
1124
1169
344
534
1361
385
35
125
866
1694
1053
1541
1385
466
1570
136
1495
1014
1574
1945
783
1717
1089
1594
1365
90
362
603
1586
1085
1457
214
144
2047
1752
119
1037
997
1845
827
1551
1411
737
1231
1597
560
546
254
108
1114
213
590
318
562
1714
1844
1994
950
23
1977
800
1331
893
249
1782
1542
1408
410
321
1606
969
1283
1140
2018
1890
1205
1367
221
1803
1962
2004
25
28
554
1984
494
197
1228
1203
297
680
1103
903
358
1638
465
976
596
1293
1598
1510
1329
937
2026
672
1763
84
1809
1876
412
1642
1934
17
1979
1611
1083
1219
722
1405
727
911
140
1402
644
667
1232
1664
970
32
1688
1371
204
1262
5
650
1680
537
1291
836
912
1951
1909
645
1088
1785
658
1712
286
352
1831
68
762
1767
1940
294
115
199
1769
524
2028
985
220
389
1609
1548
183
773
1224
682
472
1391
710
1540
1779
317
1107
1288
1005
1435
2045
728
340
1117
1256
919
256
696
174
3
1386
1466
1795
584
500
1257
1766
652
1665
883
1279
1592
1838
247
961
1691
1340
1813
700
1090
880
1999
1818
920
1967
984
29
1736
945
579
179
949
1418
1194
1835
1561
1675
1171
432
2022
1624
1009
1786
348
1144
479
375
1480
1251
1559
1811
1980
110
960
312
1166
1517
1428
1990
1004
1137
1239
503
1575
239
12
1672
7
388
1822
948
1152
751
877
1396
1075
636
1023
2038
1857
610
1202
639
320
1498
1686
871
370
589
1911
127
421
1728
624
1563
1105
1268
698
962
1805
364
315
648
692
1626
805
146
879
1816
15
758
1989
2019
53
1489
1587
1972
1204
1272
688
1996
530
1159
1652
831
1051
224
1226
2013
1301
567
662
1407
824
76
1581
909
147
1417
246
72
1267
1502
66
134
387
1135
132
1253
2023
1593
1596
1030
47
1289
1641
701
1662
1058
276
924
547
914
1910
1244
1419
731
643
785
1901
1348
182
1943
508
1571
1525
2034
1784
135
1065
2033
1025
382
1942
2044
162
326
1939
75
1218
1701
2012
1493
202
609
376
1853
1119
1074
124
1527
65
977
1341
481
1096
872
1692
768
1345
1500
683
107
993
1208
1670
1964
1438
1585
1713
975
854
2006
532
1062
1870
767
1380
1081
826
1297
1132
597
1095
453
48
1158
129
695
430
1778
1635
932
957
1199
693
1373
1238
968
1073
55
1463
435
1077
442
153
570
799
1416
1619
1654
754
1841
280
578
540
1192
1955
839
61
272
1557
1459
1843
59
505
1721
1129
103
1028
916
484
1550
478
543
71
1410
1467
1733
461
1200
261
1260
16
106
548
1395
377
1346
828
1620
1744
1003
396
809
1287
1893
123
253
838
133
22
864
577
551
1826
393
1932
684
574
842
1492
972
1465
337
628
1317
1725
856
1903
1165
149
890
820
1052
1849
935
1000
1445
1851
670
1960
216
1854
1804
1762
1451
994
779
1836
330
1305
685
2024
1588
1666
1476
423
1031
165
1370
801
954
1883
1277
813
1048
1572
1186
1351
2043
1082
1160
753
507
20
1201
433
608
894
429
143
1536
849
1852
244
1676
46
1499
86
1471
1151
172
1098
1613
1078
571
1344
11
1787
128
1243
845
502
4
895
212
990
1534
473
130
38
1157
619
368
1749
299
1275
1273
889
1959
780
471
74
6
1278
1474
1755
556
1761
1981
1501
664
1377
1605
529
9
469
1625
314
240
2035
1358
1579
1229
891
152
1388
485
1108
1648
1607
1814
69
943
789
1441
863
1468
604
1608
810
1580
941
822
109
19
164
1479
1684
1148
743
761
631
934
681
1771
70
1612
586
1094
1481
1727
1905
651
713
54
97
148
723
1756
83
520
1726
157
557
735
1616
1113
1172
1294
228
1825
496
1259
1013
1681
490
363
1163
450
1799
353
117
1630
160
1568
939
694
448
287
1379
361
1840
1443
1790
786
1815
1718
82
1788
96
887
1878
211
933
1234
1167
327
600
1393
1601
906
593
858
60
195
1936
1602
660
34
671
1895
316
1303
814
2046
31
191
1156
1703
193
1880
438
185
1908
1334
1318
1116
1926
1368
420
1446
1429
656
426
673
740
1071
1777
1066
447
848
1514
1886
229
1730
392
588
445
2036
1754
335
77
746
1867
116
1044
394
1352
1971
156
1141
1873
1490
2011
366
1659
1307
1781
1924
1299
1263
1850
1182
1861
258
1965
1155
2017
1321
910
1461
663
617
1328
613
638
1505
622
43
402
627
1189
198
1864
1006
222
1188
1512
1631
158
186
93
1513
2
1617
196
811
155
1874
57
1537
1772
2040
139
1629
462
940
2041
1503
1882
230
1215
138
1545
1759
1875
2030
867
795
92
1430
1024
260
1425
1041
436
1963
2000
792
635
1649
1214
1069
171
291
1039
876
302
1683
812
1390
1941
401
236
542
844
526
719
1748
860
834
928
1898
550
1121
167
774
169
1697
707
573
201
1453
400
1973
633
1856
1464
1549
419
1320
1515
1431
730
1032
398
1454
1567
1848
233
1309
846
869
1595
1342
1198
1507
1040
1760
223
1707
383
1274
837
1923
1292
62
1433
1296
1450
1560
1187
1178
1247
2010
528
206
1230
455
1603
24
1751
406
1330
422
1584
1015
332
900
1711
712
757
1685
2014
1564
1821
679
1197
1364
2031
365
569
1221
1869
1338
1881
1796
283
1526
744
1016
1660
1312
1830
1415
446
488
386
91
676
1427
248
541
1381
1858
1033
1122
1326
947
989
861
259
288
1298
2009
309
1888
689
73
424
1780
821
285
2032
210
1521
1958
778
359
1308
525
1313
1810
1553
959
1741
706
1336
356
1846
615
2029
497
