405
1627
1375
937
765
2026
168
129
714
1132
537
1452
2003
679
513
1163
1723
1285
143
1022
34
1668
709
839
1641
1817
1397
796
1600
769
1310
1049
1429
1407
1109
6
1153
641
1606
1794
569
972
1693
1469
1463
2024
1145
568
1646
247
1680
854
774
1658
905
1372
1751
883
324
1311
1676
1802
1580
258
650
1332
1443
1525
1987
112
16
470
1293
1148
1006
567
1958
1711
898
1801
289
130
598
50
1733
751
977
1379
850
684
269
1489
477
509
988
919
930
396
870
1406
1719
364
421
1072
511
1095
456
184
681
135
994
1025
761
1071
1409
434
1359
1616
985
2029
2027
1804
303
1394
387
104
1345
1772
1796
2044
1807
185
1839
804
404
1540
63
1399
735
1259
1125
223
392
1245
833
666
170
1510
1827
241
1964
1113
1114
970
979
1365
795
486
1158
199
1482
1274
1717
649
103
1551
888
1462
230
1624
62
340
531
110
948
1031
483
1572
1403
760
1515
1841
1110
479
563
2045
1309
1715
1116
740
256
26
1957
689
1129
302
1955
697
1445
338
1227
485
630
1134
864
141
325
271
1764
1860
93
546
1280
1910
417
319
262
358
1947
1773
1736
1115
837
1918
1683
0
10
1068
1210
280
309
1281
1919
817
174
11
1091
81
1174
616
378
1645
1943
706
1806
1498
759
851
535
594
1219
1983
1614
923
1579
2001
595
1630
976
953
403
1373
548
1536
1726
1137
1357
815
1952
1173
756
1161
212
105
711
1833
573
1577
982
626
224
1565
1586
918
1038
1852
1286
1086
442
320
688
590
1721
1924
119
1541
749
260
1686
137
365
1126
522
1689
1734
1480
235
1149
1352
818
820
458
1028
1655
1707
1615
1422
281
197
543
90
1411
1177
1338
736
467
810
1732
1524
1254
1564
1133
148
1781
307
1765
807
1930
1592
1522
1168
1941
443
1949
431
1246
214
1369
401
437
764
680
279
181
1622
313
1642
1183
902
14
1216
1824
78
1080
1340
413
85
1485
806
1013
1922
1620
813
1378
660
1265
1703
1906
1048
1701
1247
997
1969
464
484
21
1334
1100
1479
1189
647
1416
1656
1481
812
492
645
1303
1509
496
1868
890
1192
1251
1513
880
1554
1492
507
1473
1146
1584
1021
986
213
772
646
452
1568
1047
1791
823
1681
1313
980
932
157
182
1662
89
779
1142
824
873
1755
1292
713
1371
1270
1020
1611
961
1542
1023
1197
920
482
1576
742
2012
728
101
1528
1582
716
973
734
950
1459
1457
526
1523
2038
61
186
1716
1724
229
1799
447
710
656
1453
204
1272
1329
1105
971
245
1438
699
896
17
722
1176
662
1631
151
588
44
336
723
1202
1057
809
857
1844
430
1939
532
1449
1713
1690
1236
473
602
2015
1439
286
1093
514
379
346
1729
1945
1143
454
45
1010
597
1508
88
190
1539
41
9
1283
2005
1437
1797
423
461
1090
637
717
596
1795
2032
1413
124
1041
1856
655
167
297
629
1882
617
1597
481
634
1432
1003
1985
1382
533
216
1785
1065
947
707
1179
1262
1675
249
1758
1290
1612
100
852
1426
1476
1832
315
1558
488
1144
22
1342
1877
2021
657
737
1891
1601
741
674
1030
1237
191
133
1594
1874
1992
1301
308
1155
1242
1988
1186
1220
1531
967
1552
460
123
353
1198
466
853
69
337
1561
1244
1138
165
829
1574
2047
1209
1351
893
1424
999
1944
1667
218
1511
2036
343
177
835
192
908
87
345
768
1294
1098
871
316
2042
1884
565
1888
23
732
1659
564
35
1239
658
3
372
1768
589
1828
1044
872
162
2028
743
52
1665
195
541
2002
1950
1975
557
1548
120
138
1442
1213
489
715
517
275
1130
1651
968
983
57
1759
19
1978
1829
422
1225
556
1261
64
848
369
777
1362
474
519
1367
926
642
475
1725
1456
1845
1188
409
605
1206
1376
1710
1193
540
1465
1150
1623
539
1744
579
238
2033
1604
1055
1074
206
1632
351
1327
1908
317
505
1818
117
1266
685
24
84
202
949
1634
1647
1043
272
1306
721
503
194
255
724
1295
592
1981
583
332
334
1973
2035
663
1147
640
1995
998
1688
1467
1519
126
907
861
614
196
1486
1260
1391
1374
48
1084
326
574
415
327
1903
55
29
176
237
1045
373
1823
1503
553
875
1500
1019
1968
1512
1425
1812
1405
1967
1533
368
1862
1011
333
1103
989
1170
173
1282
868
38
1172
766
1596
1507
1636
831
1101
1993
497
1583
349
114
607
1705
1249
1139
1039
1639
825
1238
7
136
1464
250
991
1708
166
887
253
414
586
1241
1954
1814
612
1808
1505
495
290
469
1619
411
1016
1904
1276
1704
1423
1119
1777
370
193
1412
150
877
805
625
944
1866
1743
1989
794
318
1203
669
1695
969
874
362
211
1410
1136
698
140
1499
1455
200
209
966
1339
1088
244
239
1322
1117
996
1343
867
628
1402
1870
1474
1836
1925
1934
1393
958
1897
667
1951
1321
1240
1487
1396
1180
1876
1865
963
178
1570
77
1211
1553
1894
1388
361
959
1488
371
1543
754
1392
1085
1458
257
1205
1834
604
352
1547
718
111
1937
884
1421
1846
1896
1472
293
1268
1712
1029
1135
1094
576
132
1913
1007
939
859
544
830
708
94
389
1387
1590
1360
1194
1933
180
670
633
440
1999
1559
1257
1493
438
1878
1450
5
1550
96
1798
866
1737
1062
508
1517
1842
1298
1053
321
175
797
1820
1444
654
42
1108
381
1235
1757
892
377
897
1864
74
1654
683
906
889
1895
1747
1350
2009
1899
398
1628
1826
1661
1454
1279
814
1398
1289
1740
587
763
1638
838
1073
1873
1953
1017
215
1822
693
1107
463
107
744
1603
228
755
1167
95
1428
412
1538
955
934
577
536
1687
1356
222
1984
671
1739
311
1857
1663
382
390
226
357
227
1156
97
1858
803
1377
1991
429
1106
1358
1921
1400
37
1811
310
276
523
881
198
274
1477
1420
1929
1871
1635
187
113
555
1563
380
1911
67
1674
978
702
1347
922
1067
1037
623
487
1746
1128
694
432
1880
1484
1232
1051
1248
449
1181
1766
846
2000
603
1526
1278
808
1243
1323
1390
1702
1560
60
1917
965
1727
459
782
610
591
847
801
1537
1599
1879
1898
1997
739
725
1769
1273
1297
268
1578
1643
1602
664
990
1587
551
1617
762
566
1504
682
1666
844
1644
909
1545
542
1778
277
134
547
1328
232
524
819
1005
203
510
189
1855
1199
791
1589
1195
1152
1208
1767
1506
1081
1233
582
261
160
374
1660
1234
935
1024
726
1419
149
1064
793
1530
304
1361
1066
1214
964
267
1431
1501
312
102
1670
1495
1893
12
1776
1697
314
621
957
219
2022
516
1555
1154
1408
1979
593
672
1252
1491
1608
1920
1018
376
882
2004
341
1326
1004
402
1837
1618
1544
811
1956
472
1900
1825
822
1035
1840
1389
1075
1250
2040
1008
1909
288
1317
164
1050
879
627
903
1089
611
144
1887
1418
328
975
615
1854
933
125
581
285
1178
1793
1300
2010
1076
91
1448
1892
1042
1585
2020
1685
1141
876
1497
1696
1096
47
733
240
1222
928
217
18
2034
15
451
730
1118
329
106
781
1015
1475
956
1256
719
1672
391
1936
242
1353
858
265
1336
727
1863
1883
263
561
2023
1516
748
1986
1318
1277
1401
355
960
1535
1160
1077
1741
984
183
790
59
1059
1063
1653
1965
295
1886
39
1926
1915
1629
394
243
1621
465
1567
1200
1809
606
1002
347
940
1460
2014
747
2031
954
1
800
1230
339
1927
1316
1573
1748
1977
1169
2046
441
836
86
783
1212
773
1468
1218
692
73
58
156
1700
1803
407
528
619
427
1111
28
1164
397
1815
76
1901
1684
776
225
70
330
785
33
1649
1121
661
1231
2011
931
1581
1607
601
1296
436
1546
515
775
1786
1224
1682
974
1935
109
448
1308
1502
891
444
518
1569
690
758
1441
233
1255
639
1175
1923
1451
1996
282
1790
1730
287
1928
435
1869
1040
1344
1872
246
925
1253
1190
849
384
1415
1990
1514
490
1324
878
172
1745
506
1383
1749
676
335
1012
1881
1433
1304
2041
1069
687
1813
952
122
1774
1355
296
798
599
1258
600
840
1709
886
1381
291
1859
1228
294
82
1742
1699
348
1331
788
367
631
1363
1679
1226
439
869
545
580
691
455
560
1861
116
1761
1320
83
1782
1131
2043
1998
1000
1092
2018
1184
344
171
264
821
1752
1652
609
79
1291
572
163
476
4
911
784
1430
1305
643
863
1494
1549
366
416
154
700
789
770
188
2019
450
428
46
1201
236
1694
504
502
278
1341
521
1370
1885
562
665
695
323
1521
350
2
559
234
538
408
306
995
1461
300
1532
1157
1223
771
1207
1217
575
1966
927
1671
252
1014
635
1657
1907
1731
1384
916
1753
1914
66
1470
1102
1853
901
1754
936
1052
1595
613
1775
1483
420
1962
1613
1971
54
1534
1821
799
832
453
738
1097
433
1609
951
1735
1760
131
720
1185
981
2013
1831
1435
1783
1299
1288
1980
962
644
201
865
1779
842
399
731
1386
36
25
299
1664
1771
578
2006
618
2016
571
549
342
1330
305
1307
400
1847
585
1346
418
1843
1562
1033
1756
27
1490
1571
1182
677
1994
1269
1446
1368
1946
1976
480
1591
856
608
750
845
1127
1478
121
155
146
499
668
1058
917
118
678
1366
354
1196
987
1162
529
383
53
375
359
914
1673
885
1263
1972
938
1789
1215
834
108
745
1637
912
1404
712
943
904
1026
419
1319
1974
1123
208
827
534
425
570
1692
1626
1302
1959
1380
525
205
620
550
704
1763
703
1364
1314
945
1434
220
757
284
1124
855
1610
1780
1800
1001
786
179
1159
1714
530
169
128
780
1395
1518
1706
1354
1770
1112
787
159
1942
1788
1417
915
322
254
924
259
410
1960
406
696
1677
673
1440
49
1792
1083
1032
1961
1056
746
1471
792
1867
946
1982
1027
705
1349
1566
92
147
1970
1625
1728
652
1875
498
2037
921
1838
675
992
1187
2007
266
752
1036
301
1204
1810
1787
1805
659
1466
1060
1678
500
828
1436
1605
248
843
356
1191
1529
51
942
2039
68
1140
1120
20
1046
632
1720
65
158
462
651
210
1414
1079
729
32
494
72
1527
520
1575
929
1348
1264
1171
1830
457
1287
900
1520
1588
701
554
1325
445
1221
1009
99
142
910
993
1916
826
161
40
501
98
56
653
1819
426
1333
1104
894
1099
491
1633
139
941
1905
363
1598
331
1275
395
1816
1427
1034
1312
283
1385
1890
1932
638
292
1669
778
221
816
862
899
1931
468
1849
360
478
1151
31
527
1267
802
207
115
1166
1556
1738
2008
1851
1722
1335
1229
1082
1337
424
1691
1848
753
584
1640
1271
636
388
622
624
30
1902
1912
270
558
8
1650
13
127
1750
1165
80
471
1718
385
1648
493
1087
1940
1593
145
298
153
273
895
1054
648
43
1938
1835
1698
1889
1061
1762
512
386
686
1122
446
75
1963
1284
2017
152
231
552
2025
860
393
1447
2030
1948
913
1315
1496
841
1078
251
71
1557
1850
767
1070
1784
