1553
632
1744
1041
1014
25
1662
380
1201
1801
1970
115
1000
1616
1653
682
85
1172
1401
1429
1379
1853
706
1402
1254
579
338
858
1982
799
441
1410
2036
1461
719
751
1868
351
1039
1812
509
23
1640
73
1720
783
1087
569
1576
344
760
1731
1281
767
1080
733
1935
1500
882
1809
261
9
461
391
821
1423
438
1846
1765
1053
1930
495
775
978
932
478
959
196
251
937
991
448
1460
1319
1020
21
1547
693
1022
1663
1987
921
180
1981
906
2033
1775
512
374
1917
178
639
119
213
574
248
1356
1466
1156
44
1481
322
1669
949
106
1189
339
348
1451
1815
30
651
1145
1813
578
1629
1262
519
266
1082
1814
582
442
1811
101
891
116
1751
847
290
1571
324
26
1075
597
1971
1386
2007
553
1697
1206
1076
1915
1693
2018
260
179
379
763
1674
997
1027
886
766
1923
312
1119
1595
1951
163
1898
1299
264
577
1537
1264
1952
539
91
809
1865
1369
446
611
1175
545
1017
860
600
131
1649
1046
675
1065
1187
816
2019
552
1209
323
280
42
1975
1872
1621
284
1210
1725
1905
255
2047
194
1257
319
2006
408
1112
925
798
1313
1202
250
286
629
960
1249
1208
465
1745
277
1340
2028
779
1716
230
291
397
730
271
455
1610
468
680
1860
1152
1651
520
362
436
1750
50
643
488
920
1997
1696
1093
301
948
1613
2013
72
1606
1841
747
1477
559
155
19
1882
1862
796
388
440
1186
1985
32
1706
200
1118
1300
1140
1499
1111
1180
1387
1886
777
734
481
1558
1398
637
2010
1159
1979
59
1084
1692
148
275
1457
1422
794
720
1777
1851
1545
79
974
724
885
780
1104
270
1721
1570
1509
1392
1380
735
1804
1561
1301
1552
1764
1753
1382
859
1483
709
593
547
1601
1703
370
697
1913
161
657
1071
681
1587
943
618
848
591
1194
143
508
998
1823
165
144
1999
966
1200
426
1740
1439
1874
1236
1762
718
1637
427
1059
1339
1006
84
1091
1351
1524
1296
1258
2027
914
328
773
181
103
1116
695
274
716
1443
1683
1625
1520
955
825
333
1081
2024
1238
242
1218
331
415
100
243
583
141
289
383
239
634
1485
124
896
1920
1094
1639
219
320
1864
1125
689
1436
1712
1961
686
768
1021
965
1730
1897
1279
45
1675
1934
414
1599
1149
1888
1263
708
1950
1199
1505
1344
407
1838
1738
1220
463
149
1551
1957
199
37
1510
645
614
6
728
1810
969
1667
14
1449
1650
315
717
784
1808
1542
1879
345
1267
1522
304
873
136
420
1025
1976
814
140
70
1347
40
1176
1102
1342
1489
1052
1100
1270
1602
1375
1400
1048
812
530
592
303
409
444
1723
1150
11
490
1793
1589
843
690
1700
684
924
113
1647
1164
670
1684
1056
619
929
1798
820
460
1447
918
102
392
1511
1799
1433
1837
980
575
1239
1677
1763
1980
562
2037
1133
638
1183
1385
36
897
1803
755
1825
480
977
1618
528
364
1324
867
1089
739
473
1007
1854
1462
1680
919
1415
2021
524
236
12
173
850
1028
1353
1051
434
1643
246
1162
615
827
1883
256
489
869
112
666
1648
1945
1107
1768
20
435
853
525
1569
712
958
503
2041
946
1630
16
341
917
1536
1365
714
1774
1658
622
700
1526
1594
1355
759
537
1578
844
90
229
729
610
75
912
1687
939
1409
1320
698
1427
498
395
888
1977
1250
71
1484
48
314
1044
1193
707
606
1839
1735
1036
1419
475
833
817
1297
1073
1274
217
462
933
1535
413
1031
1967
329
222
1756
1597
928
187
782
1069
86
300
1875
1661
676
1335
153
361
1278
1922
268
1068
4
1151
49
586
317
307
1394
2001
1534
458
871
167
1941
753
795
67
988
1314
1317
419
1177
1032
550
295
715
1827
1205
1430
1910
425
1869
963
31
1306
653
479
829
1937
471
713
927
1994
572
259
953
302
568
631
990
492
1367
368
845
1343
1008
98
1512
313
725
1931
1870
805
1532
1033
1515
411
1736
908
2030
1992
1577
1284
1061
1889
418
2014
947
1563
211
605
1822
1280
1724
1760
1408
938
1170
1469
279
1173
584
1664
1623
1287
1927
1095
1885
808
504
828
1376
1231
1682
658
1088
529
95
2
1710
1741
1908
1167
1325
691
819
1307
111
47
1555
1216
1797
2042
1631
353
2044
802
1224
804
358
1498
1525
1245
2022
1440
22
556
548
1452
1117
1849
851
856
1468
1142
1019
793
1635
1418
1143
363
118
1546
1681
393
1619
452
54
170
10
1820
125
1554
63
28
1678
1960
1701
923
1608
956
77
1600
151
1942
1134
1507
836
147
1492
109
1098
1131
1129
150
265
769
1732
203
2043
232
1890
1779
542
1491
1384
1311
1359
1819
1309
172
731
1636
1924
813
51
968
33
617
1137
599
1596
74
866
1240
1373
1243
1275
1015
1506
1374
704
1761
745
1892
1114
1096
1105
1993
160
247
1034
830
337
770
535
336
1432
332
445
225
818
96
1188
841
401
366
1042
1966
400
1899
431
1434
1794
750
705
1293
942
857
1755
1393
1857
1336
1842
982
166
1884
350
1388
1713
1529
1013
1659
1495
469
1516
453
1474
1679
1060
218
1126
1029
347
699
1592
1573
903
1698
1099
1285
1475
518
1709
1604
517
648
384
884
1450
122
1233
668
1634
785
1139
1326
244
451
1660
169
502
476
1956
787
121
1978
1242
1598
626
526
428
895
890
1178
1272
457
1377
846
443
2032
649
894
1826
910
576
82
1113
1983
1282
2035
152
1581
931
1847
1586
1881
162
174
1470
1128
296
934
1758
1946
790
536
226
55
1030
824
534
1023
1473
1620
1911
1448
1887
1322
762
822
1714
1896
1665
484
209
1064
1488
1446
430
402
1332
1354
1786
1668
1702
1627
660
789
1949
1791
1523
981
234
1138
1919
1273
1123
1752
1867
1360
1213
1974
566
661
522
215
1399
1160
1906
1397
1617
1990
1955
477
52
467
1530
7
1227
1086
625
421
1214
1438
650
642
456
1166
1566
786
1632
2003
1773
589
1062
1715
403
1508
1891
2009
1203
1711
335
1528
811
1407
875
1083
1329
1487
129
644
1090
1130
551
1349
1615
879
1155
1626
1852
1691
864
1289
221
987
210
1237
633
826
412
1607
1266
1953
1043
27
694
354
1496
513
677
184
369
1549
192
297
807
839
1109
1146
1055
1807
1067
740
635
973
385
1358
2012
1572
1420
1645
1286
1009
1624
1002
1965
1733
741
1251
1722
1548
936
659
1049
1876
188
823
1371
1707
158
788
1695
24
1490
1932
1223
834
238
738
466
1480
1903
378
1459
1754
776
1323
1148
2029
1456
1818
1514
1652
1830
1518
523
1467
1464
1403
1310
590
1471
1308
1331
1291
1416
1817
34
602
723
527
1605
437
240
1108
902
1232
287
838
849
1391
1191
1766
1277
1276
357
417
237
1654
356
1831
245
334
1364
253
996
92
1120
2020
1560
1771
671
874
900
252
1221
78
1234
1873
0
1895
945
1370
139
565
1988
1729
278
557
8
612
423
1479
212
976
596
1995
142
1655
1035
543
99
1348
191
1003
201
1749
110
646
994
126
241
1562
915
177
216
1593
494
137
386
66
60
1063
108
1328
227
868
1863
80
1303
1295
1588
1909
1676
1381
195
781
922
2004
778
754
898
1861
662
2031
624
604
685
532
1568
1298
904
1739
961
1836
202
609
538
999
13
1783
406
1066
2025
1584
2045
1790
107
1097
424
1316
1556
909
298
220
1540
564
1689
926
1708
433
1147
376
756
893
2005
1787
1778
1991
1157
1916
1154
623
1412
554
613
497
1368
83
359
62
1235
1057
1074
257
193
1132
138
992
507
863
1902
1996
546
1748
558
701
1998
1781
1866
941
667
1115
61
1040
746
483
432
1318
1253
993
748
1564
1963
416
950
652
1465
1372
1904
1688
89
1638
367
905
343
267
360
1421
876
1016
1728
972
1121
18
801
352
2015
727
1103
1196
1228
127
540
1591
687
1939
1757
877
1543
1219
1984
1037
1856
1198
1806
429
862
1334
1192
1182
636
1943
1054
506
911
587
134
620
249
190
1705
984
1557
1229
183
1802
865
208
1050
1531
1207
1085
887
1225
189
674
1252
2002
1271
1959
1795
171
1045
1718
935
130
1345
1361
326
752
563
1292
952
1850
511
1828
1628
765
703
692
986
1302
1321
1158
983
1519
1395
570
1565
764
1161
1912
831
1248
1486
544
491
1122
1527
1241
1796
1010
308
1259
588
1579
1463
2040
349
1973
1784
310
1404
346
1092
806
1283
105
1947
1346
688
1058
493
81
598
944
641
1517
1788
474
1829
533
1727
594
355
154
1338
1426
585
57
69
487
1106
722
758
1925
1550
1657
989
1185
672
1136
1737
330
1247
93
340
1622
372
957
1127
482
365
1458
1018
133
665
881
309
1435
1413
117
743
1704
726
207
1642
664
1986
679
2011
907
1844
228
1135
855
375
1357
87
1666
560
1940
810
840
1789
1390
2017
316
1038
979
76
1859
1559
43
273
607
872
305
1079
186
2034
1141
311
2046
792
1261
449
56
541
880
1406
647
1533
1004
721
135
1575
1603
1169
1933
1290
123
1383
1900
1539
41
262
1396
710
159
1454
1077
1244
1012
1782
1212
940
175
771
1671
656
510
224
1425
1226
459
1734
120
732
146
1341
1834
292
501
1230
1171
1184
1312
1315
1502
1928
1832
1411
702
206
1929
1424
1583
1772
815
1476
889
382
1378
1305
1686
377
1855
389
404
1072
283
1
1824
214
405
1880
1327
791
757
1482
696
1785
1944
975
1165
883
1972
1503
1918
797
1641
595
185
1521
1894
1964
381
128
531
3
1746
1441
1179
630
899
742
2038
1544
1330
892
1907
1478
1268
1405
842
673
1840
832
1153
1026
399
233
1845
132
549
1222
1954
555
951
1871
603
205
663
1609
373
1442
1858
1437
616
1848
15
371
1350
1246
470
967
281
515
1294
1265
272
1366
985
601
711
496
567
104
744
852
954
1001
318
1800
1614
669
1078
390
1472
995
1936
17
1878
1816
1574
1690
164
901
655
156
1211
38
749
2008
1843
835
913
1428
1646
1453
342
1780
258
1363
1743
1444
628
761
1513
1005
1538
1024
878
97
654
1174
387
1255
1612
1144
1204
1821
1110
971
2039
870
640
1792
774
450
499
1914
1962
394
294
53
197
269
447
88
1215
439
1582
235
1673
464
916
35
772
737
1497
1352
2026
486
1431
1195
29
1414
145
1256
58
231
837
683
1541
285
2000
1833
1926
1769
930
500
1968
5
1969
1197
1181
46
1893
1501
1958
571
1417
1269
1504
1585
1168
396
168
1921
1670
627
1047
1948
970
1389
282
521
516
581
621
736
422
1163
803
1362
114
1742
1656
288
1877
1685
1337
198
608
39
1835
1101
1124
1672
1699
2016
1719
472
1190
299
964
321
176
861
1805
1938
485
854
1611
962
1260
1644
1759
678
65
1070
223
306
204
182
254
325
2023
1901
1333
68
580
1590
327
1776
454
410
505
1747
1217
1580
1770
1455
1726
1011
263
1633
1493
1767
1717
573
800
561
94
1694
1989
1494
398
1304
64
514
293
1567
1445
157
1288
276
