93
362
1572
535
604
586
882
1915
1628
313
1308
1124
940
870
1558
716
470
969
1911
1153
438
636
423
914
1892
727
1009
701
736
1043
1205
1991
1446
1887
1079
1812
1949
1368
1071
711
1399
1537
1841
596
402
297
76
1659
1743
1260
283
1762
43
244
1920
238
1115
1351
1706
1481
191
308
1171
763
309
200
106
591
300
1174
14
1
1779
1851
1051
382
1876
1867
608
140
136
148
560
583
1434
761
216
1143
1045
835
206
1404
1513
588
1631
1287
520
1568
610
1080
551
1470
248
170
1562
1370
413
353
1100
434
593
1845
1756
174
10
1965
1102
1643
425
1008
1902
495
207
484
403
1656
1479
392
677
202
1797
1049
618
1191
1197
1024
1613
1165
1421
1609
1674
1994
625
1144
1050
1052
31
2009
1273
1944
898
1486
501
900
2025
101
1318
1212
1439
1253
1472
375
344
1650
1938
372
1450
1309
1600
893
1713
1322
1637
646
1193
1503
1390
1254
180
1850
1556
1574
1261
668
1689
1957
847
724
1402
1747
1665
909
515
1343
1594
328
1836
115
250
1618
1827
498
24
553
955
936
584
1502
215
1506
380
1136
845
1830
1716
159
1319
1194
2042
439
1565
840
617
1804
523
505
1466
336
1675
1607
1726
232
1409
1891
52
23
1504
532
1037
1879
189
1709
1270
1335
1141
1696
1658
1014
488
1647
1331
171
735
277
1349
3
999
728
1532
1396
1971
1070
1497
1397
540
1982
485
274
885
1976
453
989
647
2039
525
1033
1376
1563
1662
1983
1224
1230
1519
555
2029
145
1482
1059
55
1931
1163
379
1732
1252
1386
790
939
1189
182
352
856
557
963
1440
1354
1777
1297
1669
928
1121
452
1202
895
219
802
1067
1340
749
652
2
1673
1097
1271
478
342
832
1745
1786
1785
151
235
257
1714
804
1415
730
1298
1040
166
199
387
217
203
1257
1433
768
2040
1980
1231
81
1754
50
739
399
1752
494
246
726
108
865
1604
1473
687
261
533
1546
1357
388
764
789
839
899
710
1172
991
1973
228
1320
1094
1168
1259
80
1661
629
1374
685
592
420
772
947
1771
770
1127
1184
1814
642
437
408
502
1547
2021
51
1221
852
77
877
575
1538
325
1737
338
631
2006
1730
1048
1624
1623
1652
26
1016
1584
1453
1375
105
130
1315
1735
1688
814
1904
2004
1791
75
34
2011
1620
868
267
1889
1199
5
1227
1670
589
546
1500
104
1289
1461
920
674
1998
566
2035
1972
1987
1302
1394
1570
694
1858
614
1036
177
384
1964
307
173
1248
146
1525
432
1118
1086
1175
120
1875
156
1413
1262
490
528
251
732
1091
1242
1264
1746
1529
787
823
1684
600
998
842
796
468
590
1105
355
1235
1216
7
1926
892
620
1986
1316
1834
561
1576
1566
1471
651
1285
111
1837
1025
1741
1112
1382
880
224
850
1249
810
278
1313
17
626
662
1942
630
926
1329
1560
2030
1210
891
370
971
186
2017
2041
1457
904
1739
659
1542
1828
1943
1766
98
1408
1384
1358
671
247
95
890
230
831
500
1947
967
1455
91
1523
1236
1724
1448
822
1704
777
718
461
1807
1595
1708
2026
1580
265
1597
280
758
363
1341
786
966
1872
368
1476
980
734
713
692
154
867
782
1117
1744
436
374
791
1648
516
49
288
1985
196
221
430
1695
721
1992
1795
1190
1748
1908
411
454
952
774
1283
757
1065
1495
1614
1857
1517
462
1778
1170
875
1132
2016
1369
1626
964
1548
162
416
815
245
1417
1679
271
1898
243
851
742
18
272
747
2037
1062
1606
1345
1715
1937
809
195
1180
41
654
901
326
1269
1267
860
1387
447
1997
1250
172
1524
262
1583
84
1090
1123
143
1505
1557
733
527
427
1710
1705
285
762
573
539
1344
1978
1061
1120
1952
1787
1392
996
1815
1208
753
1719
222
1445
1383
1860
1900
1306
1066
1206
738
684
1751
1395
376
978
304
390
1655
157
1543
1921
279
1671
428
1088
1894
2020
1521
544
960
2014
702
1280
391
1277
1951
2045
385
2034
253
1924
1905
178
1046
1683
1293
1984
1428
1813
704
1377
1544
556
519
1012
670
1498
131
1081
665
1209
941
201
675
813
467
1880
1187
421
541
1029
2012
982
378
1694
0
1379
1126
15
310
1913
530
141
1736
973
977
844
209
951
1728
1783
1897
292
508
66
1478
605
264
359
1541
1183
429
712
698
581
21
1021
1028
931
907
477
700
1017
603
123
981
1134
406
1266
311
1366
1198
445
1533
1451
169
537
1032
1073
1418
369
74
1868
2031
935
638
208
417
419
564
1901
360
1004
1462
549
1884
121
296
534
1874
1842
38
609
1873
1410
1087
1698
268
415
354
797
574
122
460
1454
2024
1740
925
1738
1727
1458
1389
1058
1076
381
1276
29
1919
1150
1693
953
1239
89
924
1279
1145
550
1881
576
1069
2001
599
1300
13
910
1757
33
1801
719
1610
645
673
1177
1211
1588
1896
680
1883
284
1101
1161
4
1334
1989
1720
53
1918
343
707
263
1412
1125
1899
1930
1484
239
635
1311
769
1725
598
663
249
407
683
905
1398
1182
11
767
1275
1006
233
517
1213
690
314
1877
1185
1075
1910
529
918
945
1895
1405
476
1788
409
1463
1158
1635
69
404
817
1077
1663
1380
1840
743
1645
818
1970
554
1109
1220
168
1988
567
597
1846
954
1491
653
1593
565
1690
522
641
1758
633
1338
1775
1063
1573
1166
44
854
1226
1480
792
1677
1217
298
1304
512
1722
341
1355
422
1935
329
1975
903
660
1201
812
679
1178
401
1666
450
1364
1649
321
483
806
2007
1107
2046
71
1912
1490
676
160
110
623
1545
1774
1459
457
394
1514
1288
622
1808
395
125
1493
1068
513
1305
1729
1653
1958
444
1487
2023
458
1083
957
1961
92
1492
345
1403
40
1861
1843
226
389
634
1829
950
1718
1882
1561
489
212
681
1295
1945
356
927
657
441
562
1638
1567
1148
803
223
281
1687
2003
188
1483
1151
1682
1953
1251
949
1385
1810
771
1651
741
1821
1294
912
242
1641
1948
64
1768
183
1596
351
1767
621
658
1203
1761
708
666
1361
518
1373
1363
632
68
628
179
259
1644
65
1214
1039
286
318
1447
1422
873
1460
1233
2032
472
335
1934
2043
35
1925
1106
932
1474
463
1149
330
1602
779
863
745
1164
1612
667
1839
995
373
794
1959
1999
317
545
433
258
968
2015
1667
986
128
1015
393
1256
496
1555
1844
333
552
514
990
1526
644
1142
1616
2013
499
144
1159
82
1552
1152
876
451
287
993
1664
167
1030
1527
983
1000
1367
72
780
1350
30
337
1799
440
1072
107
956
20
887
1352
1510
87
1789
1617
302
929
1119
1581
688
1848
1082
1806
1263
729
1805
1192
819
543
1002
299
563
8
187
785
1582
1534
94
2005
1020
722
1419
1431
1993
231
1290
339
1324
1640
1753
139
974
1773
1232
1755
204
1222
896
1784
1625
1064
1520
1668
1678
1429
748
305
1886
1325
466
1391
1162
691
1420
793
1140
1133
1835
448
1916
569
1371
229
1585
1225
1793
1098
1113
1475
1301
1411
888
349
85
1592
639
2028
1511
324
1522
985
1765
869
843
152
315
114
1336
103
1108
1031
97
948
1633
648
1465
1093
1969
1489
871
316
1468
1817
1339
1131
1960
855
1137
1116
976
984
1864
1750
773
942
134
443
799
1966
1282
1444
475
57
1281
1188
884
930
962
965
864
1237
1229
1849
1515
824
255
897
449
1243
117
958
163
602
1554
1535
1792
1327
481
90
509
78
1360
435
695
1818
987
1362
503
149
1035
1940
1798
801
1353
1922
1578
47
291
1246
347
397
821
1452
1337
1956
100
155
210
164
1196
241
715
725
1699
1968
894
693
1692
1284
1274
1742
1823
1044
1589
649
465
862
1034
1539
348
234
878
858
1019
184
1599
1587
1317
126
1605
1441
1299
197
1435
1862
1990
1104
1130
1156
994
1866
192
709
414
1914
637
731
1169
1516
582
579
1084
1865
1330
1847
1010
214
1247
1888
766
853
175
1241
32
784
1129
275
1401
1615
227
587
127
889
473
1265
1485
944
331
1700
1146
1564
471
1312
1013
1111
1053
1114
1646
306
511
99
109
1707
1128
1234
1416
459
699
137
1204
678
112
147
902
643
482
923
237
783
820
323
1424
1512
1509
1586
1598
240
1449
788
760
1155
594
706
1038
2019
1407
1776
1731
1654
795
1332
56
1770
9
1442
1139
1228
1258
1941
1712
615
63
1342
1003
312
997
961
138
1430
45
922
849
1759
881
1099
220
627
1822
37
1018
720
1528
2002
705
1531
2038
879
1685
1632
837
1001
161
723
36
906
116
859
1074
398
1291
507
1723
754
776
357
1621
765
1173
1794
1095
834
908
1549
1219
1292
2047
531
1686
538
1432
1802
2022
1365
1579
464
611
442
1890
1800
1819
1909
751
2027
1054
150
664
1642
696
1240
1200
129
752
1929
846
874
1215
1135
992
937
861
1027
778
252
486
1622
548
22
613
1634
405
446
39
1933
526
1825
124
418
1356
559
61
1103
1627
364
1906
686
1923
1218
572
585
365
1041
1608
386
371
350
655
1702
938
383
1963
327
225
346
828
424
58
1974
497
1977
1820
1781
165
1042
270
1950
759
883
1092
474
1022
1878
1011
1838
934
1007
67
254
756
303
1660
703
1160
1967
1601
42
1346
1388
1176
833
1936
1181
294
619
624
1138
1803
367
1323
1167
185
1359
1078
755
916
1496
289
946
48
1326
672
377
1436
1796
1833
198
1303
1005
1238
1717
1456
1122
1381
293
1769
568
1026
1372
1437
455
334
811
118
1871
479
1508
1550
1494
1488
915
1995
1085
19
650
506
410
571
213
1207
807
62
510
1244
1425
1809
612
841
194
176
88
1272
96
135
750
301
1932
426
1154
740
25
332
1321
211
492
689
1255
1443
1186
1907
54
1575
808
1636
970
697
1348
2018
606
269
1630
153
400
979
872
959
1657
640
1680
857
1501
826
1954
412
1245
714
2036
1639
190
2008
607
816
46
320
717
1772
1859
825
1863
1393
580
746
60
322
487
102
921
133
431
282
193
1314
661
744
1780
1400
1928
1811
1885
1852
358
276
1060
266
1530
781
1406
1764
1955
319
1518
656
86
827
260
1853
577
866
1927
601
1569
1110
1047
805
1701
911
1826
616
366
886
480
73
972
1571
1869
1551
1711
504
142
1855
1870
1477
2000
1328
1499
1763
917
493
205
669
1195
1691
1089
2033
1147
1676
829
1681
1278
933
919
1603
1590
1672
775
1469
1760
1157
1733
1559
83
570
1629
1179
943
1832
830
1268
1286
1591
737
913
1438
28
295
1378
1782
521
1426
1790
1979
1981
1749
491
988
1703
1697
1962
236
838
798
1464
1939
1854
12
1414
1996
1296
1734
1540
1096
1917
536
59
547
1507
2010
1057
595
396
1721
1055
27
1619
6
578
256
290
1946
158
1307
273
119
340
181
1056
524
542
1536
1824
1467
1310
218
558
469
1611
848
1816
682
1347
79
1223
1856
1577
132
1333
1893
16
1903
1423
456
1023
70
975
836
1831
1427
800
361
113
2044
1553
