931
703
192
230
1444
1496
1690
1437
1976
350
2045
766
464
1747
1553
1020
1608
624
1817
1085
1896
1768
660
590
867
414
1207
1263
1081
154
63
627
1400
1484
547
1643
48
793
738
284
150
661
19
1910
925
1650
1542
972
1958
652
1890
476
574
218
117
1703
1839
373
198
239
2030
1599
1865
1550
273
116
109
1933
1104
657
1613
1389
167
1269
434
1821
758
1986
1398
1808
115
976
59
206
1409
1637
324
212
445
1709
523
378
1307
1083
1565
472
76
1196
1178
168
1973
1392
842
1212
1667
869
213
486
889
351
1482
174
358
1489
1705
916
850
934
1143
620
1364
181
1554
1954
1501
244
474
1672
380
280
1467
1348
1305
1593
1745
1911
846
640
796
646
20
701
1905
1078
1131
84
190
1301
73
1528
593
1506
451
1710
1170
1220
1296
1166
623
1635
278
1939
874
1199
1780
900
1350
985
1953
297
852
1993
1016
832
1404
1923
2010
92
1912
263
650
1922
140
1012
809
1949
1192
420
289
276
184
918
58
1940
768
418
470
1095
294
1755
1585
1424
352
1566
637
127
1122
1151
169
1774
634
1465
1802
644
1458
197
290
597
1035
439
1367
1732
1043
913
392
643
1680
1063
427
991
585
1858
1137
296
1998
340
1661
1934
1076
1649
825
1008
423
1687
565
1097
1138
2016
521
1450
1132
473
1666
713
21
762
1439
980
1075
1243
39
1606
1202
1693
1764
1978
1005
310
658
873
1153
4
1502
516
1136
1775
949
382
2036
1145
764
1658
1025
1845
1390
1824
1564
232
942
1893
114
714
1061
1792
448
331
49
1711
1924
1846
1376
1751
1623
503
684
1456
671
1844
1397
1629
1029
311
698
453
1581
1962
1499
948
1038
690
876
287
1540
899
1804
1927
277
215
279
1908
1878
293
745
1574
568
254
1907
1684
1647
870
440
1555
72
783
1697
1216
1723
1631
1800
797
1451
645
686
1883
146
786
541
1727
1304
1918
362
1072
1322
409
1943
465
105
2000
1919
374
1246
1742
251
884
1641
1906
1027
2035
864
497
929
875
149
1867
798
1877
388
1426
987
763
43
742
1455
1034
1756
1730
774
539
1339
413
1754
1163
721
223
955
731
1619
333
226
1181
1146
1431
1522
463
1766
1028
47
136
1092
104
214
1375
44
407
554
1673
1610
1974
1210
688
511
71
1231
14
1920
687
1030
1597
170
1651
1849
1275
1324
1648
1363
1688
1026
578
741
1440
1421
2043
505
1010
372
801
433
1309
325
356
1342
1743
1454
1725
1074
817
611
243
853
1447
1902
935
524
706
1354
25
82
517
879
494
649
1966
591
1412
404
725
26
1126
363
1570
343
1006
1812
911
180
1408
694
530
1229
704
695
1568
1547
509
165
431
2020
1569
1583
1100
1563
1418
33
761
1543
1331
1274
1069
1850
2041
1580
594
767
1994
818
518
143
525
1116
259
1527
1980
711
1278
1682
1683
1713
617
582
171
487
2008
267
1429
979
1247
1472
1141
1776
1618
456
397
1235
896
551
1757
984
1045
319
1053
827
1504
1748
468
138
994
1622
1303
1624
636
1448
299
1762
510
1670
969
1639
600
750
436
571
522
1370
1064
1277
2028
815
1575
60
112
1470
99
845
55
1881
648
443
1783
1050
1892
1752
1294
1854
2018
1089
1142
196
1403
482
1872
1117
1129
1023
1917
1815
1720
301
1481
996
599
354
1929
188
1238
1443
1067
1782
546
1433
1548
1254
377
1884
18
614
1942
759
108
812
1385
271
718
329
728
1264
1234
1379
920
262
1373
1171
570
1491
220
1060
1805
1158
1515
452
1836
1562
1689
1642
235
952
1765
1928
757
1784
618
137
5
46
1176
1529
872
1729
1218
831
328
1442
1326
685
843
202
78
909
1830
589
520
1676
556
122
466
641
1932
1099
993
1925
1066
288
999
1327
572
1712
1147
1445
1579
830
346
469
1997
1904
416
816
612
854
1590
639
1320
1512
1552
962
1560
2024
458
1898
1169
1871
782
1975
1788
1486
1507
1187
663
1003
369
1551
1268
479
42
1302
1535
792
1123
1021
2003
1797
1900
586
1070
1750
810
789
1984
506
1493
2002
1298
1386
1702
1087
1428
765
919
1505
1001
888
1913
1255
1256
1460
1708
1289
1633
1868
1691
255
185
1733
1567
1806
1617
807
401
746
1538
795
1843
1266
286
1019
1947
153
1584
945
992
1186
1018
1866
1227
631
1837
1201
1135
622
1206
1640
1740
305
236
662
182
927
240
1461
837
1273
629
1873
1969
1321
65
1944
575
1347
1441
312
323
1049
678
1744
822
1656
1921
526
193
1036
446
1498
953
475
710
592
1414
781
1655
2025
1864
1133
917
45
441
1213
1062
1328
151
2004
1794
2013
667
791
1399
53
16
1287
1253
733
1716
847
1989
823
1148
749
1004
890
260
1607
681
673
1983
834
840
1077
1577
753
429
943
548
38
1057
1737
302
1413
588
98
1419
491
208
283
1189
682
317
1886
965
901
534
1177
944
871
1180
1333
1698
881
485
406
1257
1779
814
478
1084
1125
1985
923
755
272
719
513
1355
1899
1611
708
176
1288
1124
233
1582
145
1972
787
1746
1270
285
2022
1901
178
295
2026
587
1476
772
256
1088
1239
773
780
147
1992
988
1312
94
1014
1334
1862
567
1055
391
1785
1770
408
553
1838
1856
858
1718
1945
1490
365
95
1803
1000
1446
326
210
2032
1795
152
1110
1211
1936
653
330
189
779
495
550
318
1382
1195
722
12
1811
770
868
348
368
460
577
1285
883
1536
811
1157
1258
398
467
1761
563
110
1653
799
552
697
1183
1749
66
1790
425
1430
1194
788
157
1340
1245
1223
1362
1109
1614
602
1209
1677
968
141
225
986
1094
1162
107
1760
394
1261
231
1106
1956
1130
2009
100
1190
396
6
1977
1217
88
1299
760
216
676
245
887
370
1047
1503
625
9
10
207
1739
281
1636
1544
692
632
29
1946
1103
7
1024
1516
744
471
1549
257
75
1316
924
1809
228
619
1214
1102
1054
527
1841
963
264
616
806
121
1449
125
857
894
1546
1926
35
1789
1545
1508
1359
735
2029
841
717
1107
342
674
1625
1205
1532
1090
489
508
1279
177
605
123
1620
449
375
898
2006
891
2007
865
274
1167
964
693
1861
1556
339
135
1885
555
1114
1728
67
507
1276
234
777
610
161
1249
1537
1407
246
880
1700
250
1351
344
696
576
860
31
1009
258
57
715
1778
1695
1483
936
819
1310
1457
691
1488
131
1686
309
1154
1738
937
303
939
298
1963
737
1874
561
558
421
1914
1526
824
90
2015
242
1500
1233
249
1236
1970
96
1842
954
306
732
2046
227
607
1995
336
442
1352
1587
1586
8
573
1715
395
2039
813
1332
1284
1308
1523
1510
727
144
1521
1384
221
200
24
905
1644
51
432
457
126
1996
895
533
1592
961
124
2012
1511
1292
1459
1208
926
1530
2005
1840
1851
1286
1699
222
675
129
1475
1144
902
268
1769
304
1378
804
564
1031
910
455
1193
1704
1685
998
700
651
1323
1267
447
1572
364
64
292
1387
1736
355
562
747
1188
1539
596
1179
1438
833
1295
91
359
1052
1634
537
861
1600
1557
402
1318
412
679
1855
1722
385
1314
247
1669
2014
1108
1080
543
1758
1357
492
349
162
540
332
604
28
79
771
195
1988
1394
739
754
62
2033
829
729
1280
1369
1344
314
134
428
86
119
940
893
1701
203
130
903
50
386
1971
1853
1968
1119
531
1652
702
856
159
912
1250
1336
191
826
1859
248
1281
321
1767
1588
1674
1870
1828
69
566
1121
1156
155
1957
1128
405
2011
666
740
1291
1909
1741
1897
1240
1315
300
1497
1990
908
642
1721
1232
800
633
724
1469
417
34
1434
1086
1293
1930
1999
204
805
1692
430
1198
450
164
1096
1311
1365
683
1531
1981
654
496
1425
1959
156
1894
1300
863
802
720
579
1494
848
670
179
1662
461
1576
1759
111
1037
437
1982
1452
1228
1915
1463
341
1798
194
921
1120
1174
1111
756
966
1226
1524
2023
1410
1160
1377
1598
1022
1518
415
424
669
422
80
383
1058
360
1573
217
1665
828
1848
951
266
1612
1696
23
752
1033
608
1221
1388
974
1381
1242
1185
601
1361
87
166
1786
1632
892
499
915
241
514
855
932
1172
1349
1042
1317
504
1118
175
1140
1474
559
93
938
1203
1668
1168
1960
211
106
995
2
1773
269
366
1366
542
1602
1165
1781
1659
1595
1191
459
128
1895
493
778
30
85
1480
1952
371
315
1290
1082
334
77
1341
1374
1509
635
1810
2040
1596
1259
982
638
1051
1
743
1432
1065
997
1791
1860
967
1772
1420
656
1520
835
1329
1353
973
1681
1519
2021
1645
1319
536
1345
1252
1787
1903
1139
393
61
1852
528
1105
322
1241
186
1869
101
769
229
1679
1964
790
282
345
1358
501
1678
975
1793
803
1950
1098
1571
379
544
971
199
659
515
484
462
1664
1175
320
1801
1823
1657
613
983
1041
1615
313
1416
897
438
989
376
41
1477
849
1406
361
1325
1951
1513
928
1771
490
410
709
1343
1395
907
1857
1260
785
1731
628
1297
1714
1471
1224
1215
1534
1468
13
1578
1719
730
1654
1863
784
836
1002
327
1559
1401
1248
83
1916
2047
1402
158
885
680
1961
148
1335
668
664
726
1628
557
224
2038
133
70
1591
1991
173
384
1383
1219
930
502
1707
37
1604
1671
347
626
1466
1155
1814
689
1271
1605
844
545
1726
1032
851
1818
1093
1225
1514
1184
1391
716
672
1048
1517
498
1799
252
959
1826
1222
1337
1561
426
1411
316
2027
1272
22
538
1889
1134
381
1101
56
1346
1071
500
1127
598
707
1777
1603
183
1835
1059
2044
172
1525
1948
1626
1979
606
970
1887
1360
1627
209
1931
1663
1244
1833
483
630
1829
1621
1039
820
113
1935
1832
1879
1182
1796
839
775
1380
265
1013
1197
103
877
1393
1115
291
389
906
1011
1694
1265
1937
454
529
2034
238
435
665
946
1938
52
922
1724
120
1646
1368
1462
950
595
1819
387
335
338
367
488
102
519
205
904
981
2031
81
1423
1601
734
1479
1941
1558
859
1675
1616
261
187
584
1831
1161
1717
477
132
580
253
160
1875
933
1735
1435
560
1112
1495
1638
512
794
74
712
532
1807
399
1880
142
1492
1159
1204
2037
1813
609
941
403
1987
1630
1417
54
1436
1763
1541
1230
1079
1464
27
1149
1882
1313
1609
1876
68
699
821
1706
1955
337
581
1068
978
1891
1330
1415
2017
862
32
1251
1338
1164
882
655
480
270
960
1827
1847
1533
390
808
1262
1150
535
1200
40
1113
2042
444
705
11
914
1967
1007
878
400
647
1825
89
990
1056
1073
201
15
1237
0
1734
1753
1044
866
1017
1173
2001
1589
838
886
163
419
353
1356
357
615
583
1816
1485
36
1834
308
139
1282
1371
723
1822
237
947
603
677
1427
1283
751
1965
736
1306
3
1487
275
17
748
1478
977
307
1594
1453
549
2019
621
1660
1152
481
1396
1422
1091
956
1040
958
1473
411
1372
1820
957
1405
1888
1015
569
1046
97
776
219
118
