359
917
1877
2003
1753
1360
605
1693
438
124
479
987
557
49
1088
818
891
1668
1249
949
451
1723
523
1983
51
1770
1769
2022
218
608
1872
667
1235
847
1742
1687
1236
1156
1
1487
159
7
1937
239
757
1015
734
1377
1347
1952
1978
1116
246
437
1368
1022
1748
175
922
1010
368
2047
1006
623
522
547
1630
1442
1447
1873
327
408
2036
802
1459
1867
1682
99
146
1472
670
506
516
629
1786
163
1373
1710
688
568
1462
1128
1635
353
831
85
443
204
626
293
1119
1713
1801
249
417
3
1043
283
1720
1991
1919
1380
1922
1727
1175
287
87
1888
556
331
816
376
943
1976
1588
1911
1426
1268
738
1642
115
501
672
1155
716
1314
758
1523
1173
241
654
221
1076
1759
1649
1972
217
953
1193
546
519
1069
1140
1595
1083
907
315
1126
188
632
1987
1357
1463
630
1885
613
1157
988
1552
1998
899
1008
387
594
1353
1433
713
1589
391
1082
1560
1065
435
240
1931
1255
1110
1225
1318
2020
422
2034
1204
1621
1214
1865
1365
348
1322
1381
454
1261
1515
933
1562
873
1676
1961
457
1411
1289
18
1534
15
1396
461
55
277
1625
1098
1207
897
906
2028
1079
1039
1124
555
386
91
421
38
1530
12
27
1564
1892
1694
212
1684
1957
415
1172
839
1388
1845
1087
1202
45
346
699
1689
838
1445
1485
2030
622
52
243
1721
534
821
84
1389
1764
887
82
598
874
1711
80
1925
1178
1984
992
92
572
544
1037
1599
173
1122
76
1975
730
1305
1750
1889
147
1441
1788
770
1020
405
1505
436
1343
1869
684
1861
1920
1213
994
2002
332
1683
1167
83
1313
1555
635
1959
1369
665
515
1809
1270
1351
2010
1618
920
621
879
88
265
1704
526
935
1679
1077
675
1405
1089
401
1546
347
1093
989
56
868
1789
1547
843
1855
928
1371
1497
597
1587
1364
712
86
1145
97
1060
1825
114
144
1698
1045
721
1579
20
58
270
1075
1070
1308
1328
1263
141
1005
660
482
235
1917
563
167
261
1051
1680
480
1026
1055
1725
474
592
1177
1945
1448
138
1737
2042
1576
1928
1990
1125
362
776
1681
1210
1627
1817
1427
179
1609
1062
1334
176
345
701
1986
472
191
836
694
945
1326
1294
751
774
1860
883
1466
984
1842
926
1542
1848
1606
429
1102
1638
974
1513
1480
1264
1767
1932
1754
1532
195
662
1822
1188
674
1030
1613
1478
1791
1416
698
247
1507
1012
1117
930
1834
1401
627
728
872
867
1779
1331
280
259
1382
681
976
447
1550
1705
483
590
336
1636
1996
502
543
1806
851
121
1691
1120
1761
1871
1056
1443
735
1774
1286
2037
715
139
972
1040
1100
1258
1489
1999
1113
1203
808
70
1191
677
1127
760
586
951
1799
1284
596
459
1601
1054
1309
963
1266
1504
788
616
427
1029
187
1971
101
495
334
940
95
1212
1256
424
1699
428
1209
898
773
1629
2013
720
1500
692
886
1272
1995
567
2039
881
1458
736
2016
1414
723
1619
185
794
916
1792
540
1802
463
1332
9
1245
478
1660
197
1870
549
1477
1571
855
1330
220
161
1856
832
1234
708
64
1009
255
225
999
554
1685
89
1362
1884
112
824
1024
915
1527
1000
1611
1327
1535
78
769
854
403
1474
431
1208
361
656
1503
1800
1464
1031
1251
1951
1556
156
1879
1537
1805
1567
1510
538
1090
1483
532
1994
471
1965
1423
397
1034
1548
1775
1151
1883
1948
570
1107
1301
885
1131
1717
862
1084
1744
338
1465
497
936
959
848
849
1170
1250
1524
1686
2019
208
1718
1440
801
1751
560
870
1394
186
41
477
2012
696
514
1229
1783
1482
358
1939
251
726
1506
1881
1557
1402
2009
339
1244
900
131
575
813
779
581
977
1216
1138
1115
306
202
1468
775
1185
1063
1573
1749
1964
1047
1003
737
649
577
663
1577
360
759
2044
1129
531
1186
559
1013
1383
1626
1218
1857
825
834
352
1982
199
275
1596
363
1847
53
2045
1165
1692
1597
1895
1296
655
754
1541
1658
1021
1719
371
1813
1169
1366
77
1428
1387
365
13
30
1740
1184
263
116
28
1046
381
1345
1646
1536
1624
1695
1858
1968
357
489
910
1237
947
462
1672
1455
162
98
1526
1781
271
278
1239
1688
1298
1824
528
1897
1274
1776
1246
449
1086
189
300
1832
780
1412
1655
809
399
491
864
642
1199
527
1418
1891
1066
599
908
257
1771
929
74
108
602
500
1164
971
33
198
122
1967
691
826
2023
1651
664
301
450
1317
619
714
333
382
1041
468
1565
1926
687
571
1818
396
909
232
997
503
1486
1823
369
1517
725
412
535
100
169
1981
2035
1520
548
1049
1495
1361
1868
419
1417
356
1341
1851
683
1491
1059
1814
533
90
281
1233
286
1643
1391
485
835
1583
1829
1439
979
157
1739
1955
1558
248
743
203
388
1708
1044
1144
132
455
1400
1950
493
1622
434
1320
986
705
1292
69
958
1180
1777
1227
1023
319
1714
747
942
1882
983
1887
1374
964
1187
1306
562
1195
1795
739
414
828
2006
269
876
10
1904
181
778
842
1259
1267
5
1762
595
252
367
487
1454
102
42
1025
995
1913
1450
1827
308
1104
1758
748
1916
1200
1903
373
539
1863
1784
939
183
1896
350
552
1669
1036
258
607
1042
2033
1663
1670
1061
1854
420
317
518
1319
253
1196
1490
1324
1337
1386
1297
57
335
733
1923
267
1850
1859
486
912
349
905
94
392
475
1385
931
340
762
1163
766
1743
1898
1570
1282
1674
2005
160
1803
620
558
812
254
965
1600
1846
799
433
135
1424
1359
645
1765
1161
1407
1876
956
1908
1312
423
1628
786
954
96
993
1457
292
440
1665
1616
320
294
1798
1162
1880
934
882
1586
1614
1038
1819
190
827
1019
1752
504
550
1605
1632
2027
805
524
875
511
1929
216
1470
1615
1785
1782
219
1349
1906
1311
1960
1078
1277
625
137
641
1050
1902
693
1900
1106
1828
366
296
452
1109
402
456
680
1033
1690
772
385
19
768
707
184
4
439
1969
1640
1962
639
1709
1778
990
1154
337
576
1949
1339
1671
1344
777
1841
746
860
1372
647
1584
1966
446
93
817
1551
1974
966
749
1907
1018
1035
752
785
1434
1637
123
1811
342
1812
793
1257
981
795
904
1838
1760
24
1735
1796
967
1493
1136
26
1756
740
313
853
1315
1766
1940
1947
1810
1011
1135
1152
230
1563
1304
410
1511
1780
961
676
1273
1137
600
914
580
1905
980
1977
861
1460
1254
1915
1159
2008
118
2040
603
35
1941
998
223
1057
1696
791
866
918
54
673
859
330
637
322
1499
1942
1496
134
1398
298
164
268
11
377
678
2038
1899
755
236
1728
44
1221
1701
59
117
1355
215
941
1934
1356
653
782
1101
1533
351
1706
1262
1667
1052
709
1992
1201
1444
1280
1430
224
895
1074
579
1989
1501
1522
1918
75
911
1575
589
453
1393
1641
1657
1598
1893
1730
473
1498
651
792
565
284
1502
154
857
2024
1281
846
1189
982
1105
2025
264
537
1793
1608
617
1738
1664
962
973
1763
1247
1017
2043
1935
372
1217
394
1329
1097
1111
1081
1569
303
507
1979
1553
36
229
952
2029
830
481
1531
1661
1807
612
1224
1452
628
1004
1484
142
207
798
957
1726
1703
1118
1240
578
426
1068
1475
238
1734
1352
226
561
289
174
1849
1291
1980
48
1241
62
797
1456
180
171
2017
1844
1219
796
706
2
266
430
508
950
530
233
8
1431
969
1252
1001
307
722
398
700
1092
34
611
1650
1677
1469
669
1363
975
644
1633
991
1593
719
1833
71
1310
1139
948
1348
1512
1293
1390
1358
1479
2011
869
1435
209
1340
1768
919
1866
1048
783
304
43
73
1406
242
1278
1662
1585
823
1338
1350
671
1544
1290
921
1307
807
1724
1659
1096
1095
1808
1921
525
1666
585
469
152
1581
17
1321
1820
1014
178
1831
22
470
1647
927
494
484
551
718
106
1528
925
903
1790
441
177
46
1519
460
686
767
400
136
564
1554
1223
404
601
498
1198
878
488
210
763
126
858
2046
1408
1973
512
1222
901
379
1072
1797
407
1392
1230
0
1852
125
1399
960
871
1970
1826
14
1993
250
829
32
262
1032
492
1300
390
149
1206
1103
634
1702
1370
1623
1149
610
1946
1912
231
1323
711
704
1436
1073
325
2014
448
609
682
1985
877
1446
1316
1461
1194
2001
1715
1158
1336
1295
1220
260
1409
1432
1874
1509
244
668
309
344
1645
1421
50
1652
566
151
640
1094
1451
731
1099
955
81
697
1543
1612
168
63
1016
310
1830
2007
1508
890
1529
1335
31
517
1147
1582
150
615
856
158
888
1580
153
652
810
2041
840
1471
1545
211
1757
234
717
1836
1733
968
1644
800
329
128
413
937
1123
444
1438
771
996
1176
727
1707
1143
1108
2031
814
1285
145
40
913
1875
1419
72
1148
666
1574
47
411
884
1413
1231
1656
1473
513
1183
841
1559
765
1134
1653
985
902
784
844
845
318
395
445
1673
2000
789
1215
1561
1997
155
1067
442
1404
1333
1112
781
636
1276
214
1437
1773
1835
924
1700
1890
182
1114
384
370
1080
23
659
1179
1620
702
196
1540
742
245
923
606
143
657
1085
520
806
1988
545
312
1375
1590
761
120
889
732
1731
321
1787
133
201
2004
1160
584
383
1166
1943
1944
1248
1602
646
1384
1287
65
311
1839
505
1028
1002
1910
1729
932
290
803
21
811
744
591
1654
573
165
1429
1843
273
695
140
1746
1403
1271
389
804
418
1299
648
324
1243
364
467
1816
1141
1146
227
105
272
1354
1953
1634
1288
553
679
1853
756
1367
16
1303
200
1150
1397
1027
297
1168
1794
658
66
1197
1226
724
529
1121
111
1864
354
542
1283
1901
1578
750
1821
109
328
1379
291
61
1481
1378
458
1954
631
1909
375
1592
837
499
815
1610
1376
2032
944
1933
1566
1815
466
1269
68
893
1648
1342
1422
624
355
1549
1837
1591
978
1716
1639
633
316
1862
1924
2026
1745
1153
1453
685
1492
326
822
1275
425
299
509
1678
650
604
25
416
393
39
60
1840
1415
113
689
285
256
274
852
1053
1171
892
588
1232
465
1747
710
1174
1604
1927
1732
614
1211
194
1736
193
1804
282
6
222
1058
1181
1132
583
2018
341
314
1930
1936
1238
1712
1133
1449
787
148
741
79
37
618
850
288
863
643
279
1205
569
476
205
29
305
1130
432
1476
1631
67
1963
323
1467
1064
228
1878
1410
1675
690
661
237
510
1514
1242
703
1525
107
103
729
1007
2021
1539
970
1302
745
820
1425
790
894
865
1617
295
833
1914
1228
1886
574
946
753
276
464
1956
638
1603
1494
192
104
1142
536
896
206
938
378
374
1958
541
1594
172
1488
406
1279
1260
1346
1938
1607
409
1538
521
490
1071
129
213
110
1521
880
119
130
764
496
1568
1755
1190
166
1265
587
1182
1192
1395
127
1420
819
1894
1516
302
1253
1091
1697
1722
1741
170
2015
1518
1572
343
593
1325
1772
380
582
