978
1098
139
1736
2044
741
1341
902
1521
652
1607
1068
149
1422
1660
1583
698
1496
1782
353
306
891
573
606
557
284
1519
710
240
1136
928
1451
1957
1948
1699
613
545
1667
69
1781
1780
1694
747
708
23
1809
2038
1640
1325
1902
162
2035
1622
1275
1698
1099
555
1884
1463
48
636
699
46
1991
1603
1475
1963
1500
167
1134
1117
154
1478
2012
103
59
1854
1239
1573
794
1452
1665
1054
792
1572
264
1010
1866
1316
52
1236
1030
431
1880
903
836
1428
789
806
640
1960
614
2015
1375
191
1086
1479
745
1652
372
1423
687
847
415
1369
155
1862
530
604
997
280
1959
929
927
1028
338
1914
914
450
1245
549
1596
743
1907
198
1394
876
374
1420
1395
1488
1447
1261
434
1343
514
769
575
677
1412
522
1541
1278
1480
29
777
315
1193
35
479
1719
1387
1892
1384
1571
1197
1612
1848
1995
935
382
621
1945
463
705
520
1544
582
1731
1498
873
183
722
304
1173
1110
153
562
1431
1436
1582
540
1389
684
394
1644
1917
554
2006
1637
1213
1155
1182
1318
832
1188
1170
190
571
1683
25
307
1821
110
856
2039
1388
1894
1972
1588
1739
672
600
352
1440
2019
1135
454
439
2011
630
1424
1487
1373
656
136
649
1474
179
1265
1865
165
1309
1941
867
1507
1126
475
1153
553
1383
1088
5
1413
1752
43
1123
1738
1396
11
1294
380
2032
2009
1300
54
432
830
1467
1494
261
81
618
1037
1298
407
1039
1338
890
398
68
1220
1056
1947
1082
1288
552
586
72
1953
1687
184
585
145
1472
833
1623
1551
670
293
481
933
780
1662
971
638
1189
507
1100
1766
926
195
151
90
962
1075
1606
132
2024
1419
2003
918
764
970
779
1120
1246
192
1851
1141
720
1935
185
1969
1408
1046
1414
998
1685
1533
709
564
213
249
1760
1891
1491
1950
282
771
1348
1168
1199
310
965
1922
1444
627
1715
1771
60
98
1615
1532
1464
493
115
1050
901
1836
948
872
755
1237
987
1216
1445
1049
137
767
385
435
1778
27
809
1574
1079
749
1432
1686
574
814
659
766
1306
290
312
1597
1704
1701
88
1744
32
1071
624
1986
278
897
834
1252
979
559
999
1453
676
328
717
1091
964
1115
1503
1505
2028
480
1391
1159
316
1095
1187
837
1908
1403
232
632
255
874
1053
354
242
589
823
287
894
1856
838
1367
1998
1664
1893
1805
1289
730
1212
602
1870
941
1924
801
607
603
900
422
1747
1185
1055
1974
592
127
420
333
2025
1634
337
375
349
1307
1976
1749
477
135
1556
49
989
1800
438
888
297
2029
1951
686
587
1457
846
339
829
983
1248
668
1404
1215
1691
421
1229
2047
1978
1032
1078
746
579
58
416
1990
871
1564
976
1233
1510
1863
1590
317
205
1482
1678
92
1434
1163
1227
21
28
1035
233
726
324
1378
756
1277
1931
1797
951
33
26
82
1608
180
1718
650
1593
51
1449
140
1570
89
678
1231
1020
1044
305
384
1228
1350
42
1145
1875
314
1723
818
197
1942
1217
331
1077
1443
1988
1629
228
133
975
704
459
362
1784
619
524
1796
583
1004
57
911
1756
673
1973
1565
389
1192
1713
1795
986
13
1733
862
1528
655
411
1668
812
719
784
561
843
288
1759
1823
819
2013
371
826
254
1324
752
93
1397
2041
1693
869
947
178
1198
682
1641
235
802
1530
296
404
1089
1335
728
1256
1129
433
985
1087
1516
1069
1783
1243
1720
1609
1258
1360
14
539
1112
671
1943
1484
760
451
181
119
1410
1317
844
513
247
1133
778
486
1477
2045
350
1468
1371
608
204
1692
188
497
499
773
1214
472
1710
923
1177
1105
1689
105
112
1833
1631
1799
177
631
959
696
502
351
1076
1274
1767
446
610
1101
225
1312
1137
593
532
1366
1036
1038
1238
795
1643
413
641
955
542
1052
30
754
1896
1421
1352
1558
942
666
550
688
75
387
1308
469
291
1645
1190
1830
1952
1043
1223
1977
1807
538
544
1024
1681
899
128
294
1427
1604
193
691
1868
1794
925
363
461
1932
1149
931
386
1962
1899
1654
1670
344
851
1471
1429
950
428
1119
738
1983
551
367
981
663
2004
412
1577
701
1813
392
1398
1336
1985
1697
1208
1283
302
393
1107
648
1492
685
2008
1476
1418
1819
1411
577
501
364
590
1499
1320
1684
943
797
974
1230
1777
1381
1928
436
1569
1448
1611
231
322
87
916
1601
1648
1992
2
345
64
466
457
121
907
1769
909
1081
309
1722
775
1379
1886
100
1150
1021
1955
1879
2043
612
1116
1481
262
1019
373
1226
1905
1085
821
1204
1009
164
1859
189
1773
1146
417
99
258
1785
1276
841
693
991
401
1732
1493
1964
1742
534
379
1175
1270
882
815
1281
1874
1232
1560
1996
1853
849
859
1835
229
828
1142
365
1006
510
1299
1490
946
642
1965
1839
1968
96
142
2033
1746
1353
1014
1885
1832
1825
1433
1997
1377
1642
1674
526
1157
482
2040
332
1124
1818
1546
1867
1944
1680
1181
484
816
596
83
1485
827
174
1257
18
176
1108
1027
1735
736
504
1167
1012
118
1763
845
270
1842
325
1712
1772
1517
661
1595
1939
1567
440
237
1247
1502
848
932
1538
1144
2042
1555
67
348
751
690
323
50
1520
963
700
1399
1015
1
1183
623
1405
1812
1984
1882
31
1703
138
1003
308
1221
1169
346
1333
1327
1518
1000
1508
1550
53
336
268
1380
62
1617
533
1562
38
1568
854
1267
1511
148
2002
1260
1877
1677
1460
381
506
1666
166
1757
6
1393
1682
1926
1416
870
739
91
1186
920
1627
108
55
1633
458
1883
1979
243
1109
1584
203
1483
1557
875
1585
1152
1806
1148
1293
735
1067
1727
134
866
1817
511
1786
996
855
558
1980
993
1993
878
1158
804
173
330
1927
460
1734
131
820
977
516
1845
1295
1925
1580
271
858
763
1815
1592
122
1737
762
359
488
1025
881
1672
1253
599
1650
1417
944
1382
444
1690
1743
84
1548
1632
1269
1861
159
1762
376
123
1741
467
1755
519
598
1554
1166
1106
1244
1635
1206
1495
839
1844
1946
218
1776
1843
78
1102
937
651
1970
1547
1740
1171
1094
2026
491
880
1814
1545
442
711
877
1649
1179
1292
223
1304
1062
1754
1903
360
246
2034
474
216
202
2036
366
396
253
1287
531
2000
1534
884
723
1435
391
452
919
1717
1788
1779
1656
984
960
37
1130
252
1838
1745
101
966
1470
19
1104
292
1241
1949
1143
1339
44
1466
1513
1789
1966
40
1007
782
220
1828
395
1646
1934
300
441
645
1334
1676
445
529
953
405
2022
1092
1034
20
1314
616
609
1486
426
1791
361
694
689
1497
1354
758
1630
102
1002
1527
1361
2014
217
1526
788
471
45
1323
397
1688
1669
536
1172
1023
776
141
1017
2046
109
1093
1328
1904
186
1303
1290
9
541
1798
1271
972
921
611
1765
1708
853
1506
2007
1376
786
1900
1331
917
707
320
251
196
1614
473
489
852
1128
1305
1579
835
1121
403
77
857
1345
1589
1426
658
409
1184
427
1456
1515
521
1591
1888
817
1122
1211
1855
1930
1961
1840
982
1726
1700
1561
1827
1933
267
1954
1016
1344
1125
1207
215
2016
1127
537
1525
729
725
1967
1543
713
1750
1161
525
1439
146
464
429
1013
1989
1857
462
949
952
16
904
1118
742
807
1364
824
144
39
1770
1535
1205
281
718
199
1915
528
913
113
150
548
518
1349
490
1938
400
744
285
615
1657
498
238
1370
1816
1392
169
1249
1279
1501
633
257
402
967
175
73
680
125
158
1599
1273
813
674
111
825
1790
17
224
781
22
358
1616
1808
107
1919
1262
790
500
1374
1240
1920
1286
1540
1263
922
219
770
319
1326
796
85
772
675
2001
581
1210
1696
740
1042
737
1761
1537
1357
456
1981
1566
1872
1222
1250
470
1450
1653
1504
1407
733
572
798
1975
120
1005
207
1728
863
1639
1066
512
714
810
1553
318
1724
1613
995
822
390
889
1679
1768
1929
643
1165
1176
448
1191
1259
1659
1820
1889
143
1347
724
591
1001
1048
1254
783
570
1415
1313
1587
980
1523
1132
1918
864
761
74
1340
1268
1837
406
1090
1218
930
1400
1906
910
1539
66
1871
487
1624
2017
595
803
170
1559
568
667
1671
1847
157
126
1022
1536
430
2031
1437
1850
912
1594
377
368
1940
1881
1605
1178
276
1600
1524
1764
418
567
1282
95
597
1332
1810
160
1200
1026
1160
787
895
1822
260
938
1455
1139
124
70
543
163
355
1909
799
1912
478
286
1386
1047
1224
1040
578
626
906
1619
301
1209
343
408
1201
1803
1459
303
639
241
425
1707
1084
508
892
660
1156
104
269
289
683
1897
63
1390
681
517
1725
556
1514
1549
664
335
860
1070
1658
1051
576
702
505
326
759
161
1296
1753
861
274
206
1552
1706
988
1748
1916
1337
1342
968
56
654
753
566
1059
945
765
1841
495
1509
1610
1811
1351
748
10
275
1151
535
647
547
1097
221
1063
706
1330
283
1663
625
629
716
209
1489
992
1284
1301
1083
703
1531
840
990
1982
1251
697
65
503
483
3
569
1628
1775
1936
1072
1576
1651
1372
248
1058
244
956
1721
1442
1302
8
210
1074
1401
584
1563
1876
1321
1402
1446
1114
842
187
299
2023
1702
1033
1860
424
628
637
1869
560
279
1425
1987
1512
2010
147
239
79
1730
334
211
1758
2030
695
485
1473
1358
1365
1195
1234
1575
1266
214
915
731
2005
41
250
808
2018
868
1196
732
1804
168
865
1834
1831
226
1846
601
1956
1147
414
1910
1858
1319
905
934
887
222
321
1356
1235
994
419
831
313
546
908
1675
356
721
2037
973
340
236
369
657
468
1913
1064
527
1242
1060
201
106
692
1291
1111
1618
1581
47
182
423
1029
1174
117
465
1311
7
594
12
80
34
768
1008
800
1080
805
61
1937
665
1578
669
230
1620
898
1958
76
1626
523
939
1385
1878
1522
94
1661
1994
208
1801
1864
272
1164
36
715
662
227
0
266
679
1911
1971
341
1454
1103
329
1621
580
734
1890
1430
152
1923
515
1598
883
265
712
1709
1138
1225
1310
1469
245
1096
1131
1895
492
383
496
1529
1898
1140
378
896
1901
1824
1852
327
347
924
1793
1873
4
1638
1280
357
1045
793
1329
172
2020
646
936
1203
494
1368
1438
1202
1673
234
750
644
1362
1829
194
1315
1194
1359
635
1826
259
1322
1625
1297
156
97
256
1716
893
563
653
969
617
1255
212
954
1586
1057
886
588
1285
605
565
476
774
958
757
885
1465
453
273
1849
1999
1729
71
1061
298
1073
957
86
1180
634
1355
277
1406
1462
785
879
1787
1921
311
811
1031
437
1441
200
388
850
509
24
370
1363
410
1346
114
1011
116
961
263
727
1542
1409
1695
1458
1272
2021
1636
2027
455
295
1887
1711
1802
447
1461
1065
1705
1714
940
1041
791
1018
399
1264
130
129
1113
622
1154
171
15
1647
1162
1751
449
443
342
1792
1602
620
1219
1774
1655
