997
286
1006
511
242
811
1587
1274
639
674
1894
1225
443
869
754
1452
388
1387
631
2001
2000
1472
1021
395
405
1119
237
1221
1577
1888
1421
1596
127
1638
1264
1585
1444
397
1554
1733
24
1356
223
1036
1055
2005
408
1141
1860
1777
1487
521
965
423
1607
1990
948
1654
254
1814
1548
860
875
1939
532
781
1506
1958
907
1786
1382
1161
856
867
759
2032
450
402
1928
1323
1224
504
1878
372
1373
468
7
377
527
747
1581
1926
65
367
552
159
228
1505
994
1508
1429
285
1934
1254
1627
1280
458
801
313
55
1622
1033
987
646
374
1026
662
293
77
785
766
946
484
338
1996
1410
1618
1799
393
1135
1748
59
1553
406
514
529
769
1849
2007
1808
276
826
730
284
535
124
1570
369
177
266
664
1738
1103
870
362
1229
232
2008
1271
1063
80
1795
1112
619
1875
1636
758
212
515
1152
1591
240
221
365
1781
1246
710
493
1704
477
1159
2027
1330
625
1230
966
1220
1065
1325
1692
1817
1646
883
1476
707
1203
508
202
1133
1208
1823
410
1653
1730
845
978
1489
822
111
1003
417
644
1340
1942
1488
1123
1371
425
595
1077
187
896
78
1988
593
1045
1308
872
1588
1458
931
145
925
22
640
809
1722
1389
12
1737
465
1315
1255
469
749
1807
440
1484
1602
1400
114
975
844
1802
298
310
1150
628
658
1608
1593
152
1614
1578
2039
438
1147
1132
459
551
839
888
991
1949
942
1158
1573
371
1925
569
1231
1037
961
442
1673
480
1820
1513
257
1560
603
1189
292
1010
969
577
139
1854
471
1206
1245
1069
539
626
1552
169
616
1734
195
793
958
519
501
1714
1525
1684
1676
643
153
957
444
1374
473
1523
1023
142
804
1268
1838
1794
1042
268
1393
833
720
709
317
90
262
5
264
141
213
798
1194
1044
1479
1307
771
1623
1322
655
131
1131
1337
243
618
1987
1503
2031
1758
876
1594
1897
148
332
1178
1001
1959
1798
1074
1014
1825
1712
1760
1232
1068
1761
206
163
86
562
935
1743
1547
1509
1815
1455
347
1769
476
1143
823
1626
585
208
1019
1882
1651
95
614
905
400
858
1780
879
623
565
1537
2011
507
1549
1174
968
1551
1582
1954
186
1495
2038
1288
1093
1518
14
1146
496
516
1040
331
765
1302
1510
598
545
1843
61
132
1962
460
1425
591
1924
1238
506
1242
2010
380
1859
752
1863
1499
1109
45
1869
1385
1915
884
1741
788
1852
1752
1983
1257
1502
216
1433
1589
28
950
108
525
1957
429
1716
1212
1892
13
1576
321
523
1329
714
418
1826
2013
1324
1173
436
322
1398
895
1902
1519
245
1728
384
1661
977
924
1952
269
1846
803
1105
1687
796
1116
1756
1092
1713
1244
105
1349
808
1406
26
121
1311
40
770
1222
1785
1833
1279
588
645
23
1078
2029
841
188
1493
1201
555
1899
1574
201
62
1827
828
1800
669
1796
549
15
92
983
568
1463
1819
594
1956
512
945
1929
157
741
733
2044
46
1053
1377
155
1209
763
1407
817
795
1426
760
955
378
854
110
913
617
1442
1784
1812
789
1129
122
1870
1691
838
1683
2003
179
1137
1920
247
676
415
1604
375
837
2033
1705
1540
915
1580
1670
1202
1876
877
610
1659
353
1251
929
865
2017
1248
2
996
3
1130
349
880
50
1938
1157
249
1922
447
1606
1223
1885
51
433
1740
613
164
1532
335
757
783
792
1557
224
1617
536
1681
1087
1933
54
67
1909
637
1732
1603
1091
1176
1480
734
1866
1128
452
2036
517
1297
967
325
387
683
938
21
104
1360
1680
579
1196
572
1771
849
1167
389
1200
1678
1986
575
1448
218
1082
20
873
1403
390
342
985
165
1648
1072
343
1030
1335
1415
1965
1321
534
1227
463
1168
48
1153
1313
762
742
1454
84
1521
115
2012
885
1806
1757
1219
190
81
379
1671
299
497
1412
1124
1595
2046
993
1530
1501
198
170
1049
357
1314
1718
590
1258
899
1101
1417
162
1742
1496
494
1912
296
934
1120
1051
488
1923
592
113
1947
2004
314
265
241
2006
403
277
1347
274
66
1747
1527
1893
337
1056
1966
1104
1774
1707
547
2019
1644
209
1720
1645
102
1211
1470
1721
1637
1507
1751
1466
1979
1584
1061
988
1571
2015
1117
786
451
1980
1992
448
489
699
1941
1240
695
848
419
256
49
435
1265
1775
1481
466
1047
520
272
1531
928
25
874
1724
184
953
1632
1685
1118
1319
1151
76
1215
1884
1437
2034
491
1538
1171
584
794
125
302
1739
214
567
1873
654
89
75
2014
1698
1945
706
2026
1446
1095
1183
990
19
1984
1736
1005
503
764
445
1142
1348
916
1880
222
461
693
812
1205
1241
1080
1350
1657
401
41
1881
721
959
689
234
2041
1586
732
836
1967
1184
1524
211
128
1663
138
1778
1305
1910
580
871
1616
1439
409
1621
863
666
301
1405
1070
31
1907
1844
1763
980
6
1071
38
620
1930
606
927
984
339
1837
918
1038
1511
327
893
1985
1490
1018
1181
1535
962
2035
97
1218
722
229
2025
171
1649
642
487
1269
455
1950
954
832
650
638
1745
964
1190
1625
596
799
39
898
1217
700
761
663
846
1192
194
657
622
1304
561
34
583
106
1898
499
1210
641
118
289
2045
1541
43
691
814
1564
1498
554
144
1277
1125
1113
109
182
1106
101
1821
1901
1767
1394
1624
1528
1275
807
949
1669
1411
1383
910
715
1214
1723
1320
1974
1186
909
176
542
1729
290
1709
2028
1419
922
1199
998
454
1900
756
1193
58
236
1185
1575
1287
261
1512
456
154
1467
1180
834
1699
1656
857
1456
1629
726
1076
548
656
919
538
453
1848
1828
160
482
1840
1278
1294
1542
1364
1940
1363
1566
385
1402
653
308
358
85
1067
1831
936
607
800
973
351
963
180
1136
820
1655
564
668
553
768
306
1515
772
601
778
100
1719
1094
1259
135
1388
1432
712
1546
178
1266
1650
1664
635
1851
1029
1465
1953
1464
227
544
855
1460
1555
843
1674
1052
1370
1461
32
73
1216
1362
816
457
599
1457
263
98
1198
498
1034
1562
16
320
659
1768
1160
1539
1035
824
1339
324
307
1605
1471
718
134
1890
1998
1803
346
1191
1905
1696
143
1054
920
745
1891
550
1937
2024
543
698
1973
117
587
1445
502
203
1355
558
431
1772
219
1482
1981
1824
1545
736
246
33
1449
901
1746
323
1165
1012
806
1111
172
1599
1677
1469
581
1976
116
1145
1296
1726
103
192
868
530
1303
1390
1149
1414
291
589
253
1889
196
1204
1283
1611
260
2043
1642
708
1134
130
441
1914
982
407
1341
47
1858
305
995
878
1572
1635
1592
1290
672
1391
690
537
8
1291
571
1665
1615
1102
1561
1333
1336
173
1793
437
1031
723
1788
1628
472
1395
887
44
1491
1850
932
29
892
1494
1016
739
776
570
810
1138
1108
859
992
136
183
1675
1514
2040
474
688
280
96
1396
210
1188
1765
1368
2047
563
753
914
1867
404
842
1345
1423
737
1443
921
1430
1177
528
782
1969
1822
882
1872
679
1522
52
941
355
1346
652
1839
1285
1237
1436
235
424
1235
1792
790
420
72
1534
283
83
1154
1357
687
1686
1993
1919
174
1318
2022
295
1813
1365
1598
1326
1703
1366
1865
970
1855
1811
205
1182
1207
1162
560
930
427
651
373
1100
1862
1228
702
1273
1809
1048
1735
93
1879
540
481
1024
939
1727
328
1842
825
1286
533
1250
1256
297
1239
2020
767
557
275
1166
340
94
1110
2009
951
119
204
1896
1301
57
315
636
1431
1013
1579
853
1917
1935
609
937
233
1543
777
1977
1379
1247
1039
1805
1175
911
151
2030
1434
1066
947
1312
1643
255
1099
1386
166
1306
1770
1060
398
11
1963
541
864
1856
1002
1399
1753
724
1115
1022
1369
1358
2016
743
1533
1913
505
1380
478
559
1059
366
267
430
678
546
1978
426
1372
1004
578
694
522
1520
1299
1081
146
79
1667
392
717
1050
1927
1270
1810
813
600
531
735
1422
1710
829
1289
1526
345
1610
1776
648
627
258
1473
1688
661
30
1438
200
1749
1284
624
1715
383
1187
1960
288
88
1011
1243
787
1169
1416
341
1352
1424
112
1529
518
1028
1755
475
1156
1267
1731
1088
1475
612
1392
629
1114
630
611
1139
1504
27
207
574
167
1361
705
1631
1098
99
1613
18
1982
1453
774
238
311
158
215
199
189
133
1773
835
1620
1043
1376
738
897
150
1310
185
780
673
1263
1327
608
137
330
740
381
1057
391
556
411
621
827
716
704
270
750
719
1835
53
294
1804
2002
149
576
1000
1459
677
510
1999
862
248
414
1997
1451
485
818
1253
633
821
1226
1544
755
1096
147
1744
682
1309
1706
703
1384
360
42
1943
1857
1948
282
1316
744
1272
348
354
123
1964
446
986
815
685
1836
9
1334
1695
71
1359
2042
386
660
1017
252
352
70
686
1282
692
649
1568
1702
573
894
1886
281
830
1474
1600
359
1375
220
251
1961
69
1342
671
1975
1766
1483
784
923
1658
1700
1236
1428
1668
1908
1041
1409
1759
711
728
1331
979
680
1853
1694
1783
259
1556
1641
197
1903
1298
1084
1261
303
36
396
852
1468
1717
1163
667
312
278
1418
1420
526
370
1086
467
60
1486
1779
797
582
1046
334
279
891
1708
434
161
1148
900
940
1672
1666
779
1563
566
1427
1122
802
449
1834
1085
1435
382
1994
1293
1689
1213
1590
902
2021
1861
1841
1754
1249
1693
850
217
329
318
356
1234
1583
1401
1015
1413
1025
1874
4
1007
120
326
1260
632
2018
1441
1906
1789
1609
428
421
2037
831
1633
1179
333
273
486
1252
890
1619
464
412
886
91
1121
2023
805
1911
1009
1462
881
422
1970
1492
1353
181
35
1338
1662
943
439
903
1328
413
1634
1871
82
1300
287
1679
1343
316
775
1630
225
376
1887
665
1292
748
1127
1447
368
1172
1536
1762
1381
1062
1845
56
1652
1921
976
1408
1404
1233
917
1164
1955
1951
1597
483
250
1079
866
605
729
1559
1089
10
1883
681
64
751
1989
1497
1485
791
697
1477
1832
684
1868
971
37
1354
361
912
904
974
1075
1140
696
1450
1155
1144
1764
399
1931
1064
999
1550
1682
126
989
1020
239
670
1801
168
1262
107
1126
981
647
889
675
1517
972
1073
344
933
960
1601
1995
1690
1170
416
1782
1711
244
1058
1317
364
701
727
230
1918
524
1818
1750
1027
1816
1791
604
1829
1478
861
129
634
1032
713
1944
1790
926
226
1991
1936
944
1895
1639
1640
847
1830
319
500
17
509
432
1367
819
1971
956
1107
1797
1558
231
470
309
175
193
1697
479
1295
492
1332
74
495
1
1904
1877
156
906
1916
725
1787
271
1565
300
0
1083
597
840
1097
87
1972
63
952
1864
586
1090
462
1701
513
1500
1281
350
615
394
1567
1397
68
191
1344
1378
1197
1276
490
140
1351
602
851
336
363
1516
1660
746
1008
773
1932
731
1569
304
1946
1647
1725
1968
1847
1612
1440
908
1195
