164
1344
1477
952
213
2017
276
820
881
1174
1305
86
1800
744
1848
1264
486
1897
625
1973
1990
282
168
289
193
1495
42
195
925
785
576
1313
1903
1333
585
1463
1273
1403
1555
479
1491
1087
93
1426
902
1770
368
1388
1524
99
739
541
1687
545
2045
1416
1981
648
701
1750
504
1137
461
1914
1809
887
3
327
759
1205
423
221
2036
286
1484
628
1620
1987
922
1390
1588
857
1241
1151
1966
870
1111
629
1162
758
1258
1960
111
1310
1847
598
408
973
1020
942
1944
292
1644
884
84
992
1176
571
525
467
896
1840
680
1059
1523
1407
1641
108
508
1913
1507
8
434
798
1896
1855
1634
702
1568
939
1440
589
980
497
663
1412
528
1394
156
272
1801
372
1116
1820
36
2039
1779
222
378
769
1462
357
2020
965
1215
1186
1835
1554
1483
1905
587
1674
915
1822
908
1814
607
1658
1361
1352
1125
721
495
694
1902
1274
1077
1572
753
849
211
1793
375
1468
329
605
114
1762
1778
450
985
1425
1552
937
656
261
892
1085
1789
964
455
1811
112
803
1083
1700
1823
1334
215
1879
1972
1382
667
592
433
1021
707
1603
761
21
1923
1494
1702
566
29
253
1282
1202
824
874
1246
1997
1748
1453
1708
330
1184
505
982
1199
855
1424
118
1527
1570
1970
462
559
1486
1633
517
1473
611
219
988
1728
1773
1618
117
7
1066
960
242
660
1345
22
1079
2041
2043
371
1699
1460
1928
1927
453
1052
1844
1747
457
714
1719
806
1104
1607
51
1919
1014
1652
1439
1063
1470
1389
251
913
617
12
2042
717
152
1238
1284
389
1868
735
825
1287
120
1701
1705
1662
317
1774
154
1296
287
2032
747
1891
53
1595
1602
1454
438
1372
391
926
2021
1901
705
1498
63
147
1349
1711
379
157
582
558
271
650
590
1218
1755
1650
1012
935
177
1851
1262
734
812
977
1482
1508
153
351
1764
1546
126
334
1661
527
1926
1321
567
381
1214
962
1265
1694
1538
1601
55
903
162
905
961
503
1810
1600
1050
277
1122
465
269
123
110
1378
1373
1198
1924
921
1016
649
1457
1537
536
1579
260
805
1716
1401
1206
534
20
1300
418
72
1695
1380
929
600
1070
833
596
1642
141
47
352
1004
1590
1254
1400
82
1845
1130
822
1598
1029
1263
1798
1877
1540
224
1766
448
760
1499
549
1884
402
1006
698
709
1703
49
180
675
1880
1952
923
540
240
795
1268
1638
1609
507
420
2028
1850
736
1492
1549
105
1898
1533
1526
1469
1576
1219
1276
1188
1476
1138
810
958
304
1161
865
92
1684
373
1892
1653
1698
1135
676
995
196
529
1227
1329
1746
839
369
417
1717
1471
250
428
578
442
1604
524
1530
338
987
320
1367
1726
949
210
172
1353
32
1072
924
1279
1239
904
1680
81
39
1525
782
1646
459
308
335
1228
1009
696
1771
409
593
1731
837
1669
1285
809
775
816
569
1688
1722
1147
818
511
1788
1899
197
61
1058
1759
575
1921
829
394
204
166
302
245
847
1220
449
1437
85
2007
1596
2011
66
1209
1727
765
1226
1628
341
498
1089
1585
400
873
412
4
1547
1589
1649
387
1837
838
348
794
1354
238
1950
1545
724
661
712
1929
1543
155
502
615
431
729
175
895
1149
1794
1190
686
821
1153
1057
436
1247
1712
799
1614
669
1539
1812
199
2040
356
257
422
198
464
322
850
171
1976
159
1852
601
762
1156
243
1131
473
872
1035
1691
658
828
646
1216
1277
1082
1643
1036
1828
1489
1909
1086
1883
1428
37
447
886
480
1667
1640
1455
595
1464
1293
573
1767
1222
1027
716
854
218
419
1808
1436
1351
1626
483
1355
1017
1605
1280
1368
657
1528
137
1465
1953
1101
1143
202
19
1557
1689
319
255
1741
603
947
1645
1998
1342
644
246
1939
1558
1392
169
512
1317
24
773
1982
1772
1409
285
83
1067
1556
1532
1113
1493
738
1796
1984
1256
451
532
41
879
750
1040
1611
1550
343
858
1160
1583
362
184
303
475
846
1073
706
1039
1348
728
1931
1938
568
1322
1106
1145
1275
337
1864
43
1692
179
1025
672
1535
1986
1187
1026
521
1410
914
1201
454
1024
1566
581
674
807
1636
1266
835
1865
1446
1244
28
1968
531
940
95
1356
50
723
727
1281
538
542
1374
97
1449
1536
780
151
1075
560
997
1350
367
1259
636
94
928
745
73
984
920
288
1433
1324
1283
1519
677
1730
266
1518
1690
1846
1873
485
770
1622
2000
14
1251
875
298
836
767
1261
2016
1233
1573
572
631
1824
1121
900
1935
1735
1729
281
342
1561
1781
1780
638
583
1564
1435
44
1910
725
1842
1080
1542
788
1707
214
941
2010
651
751
349
9
1768
1670
1141
844
494
768
413
493
1064
1578
1964
711
1166
1430
655
1995
1167
1180
1434
554
1142
1663
787
967
683
1665
395
1267
239
630
1323
131
90
1737
1574
56
1299
377
383
993
1677
1751
336
1983
981
1306
827
647
859
1316
1685
1505
374
101
1500
1173
1693
618
586
468
1294
622
561
401
2022
262
1007
1565
58
248
1298
1132
173
1108
808
1257
332
1377
1022
866
476
1955
1095
830
1619
901
1365
1315
1615
45
135
972
1548
225
1110
834
1975
16
882
1221
1245
1807
1882
626
309
122
1991
755
708
1204
145
452
1047
856
2047
876
1951
1445
2024
358
1314
682
477
998
535
543
270
100
1112
1829
501
212
1671
867
1509
666
470
1165
119
1098
1088
344
234
1325
1832
679
437
1522
1887
1782
1834
522
1023
1639
1387
144
427
1560
843
1515
990
791
1666
1208
1183
445
1739
264
407
1816
1339
125
826
88
1230
1514
550
1624
1894
1308
869
1011
1038
68
1068
932
1061
363
1818
1154
797
1511
1488
1364
34
1212
1341
370
2029
1466
190
65
1760
185
31
1623
957
555
206
1118
1911
742
1332
1271
229
2013
562
1957
888
71
754
907
1740
1520
98
1763
793
406
861
1441
1008
1045
67
1965
1825
986
116
1571
64
944
2025
2027
1956
1704
258
1517
1713
469
1338
1456
75
283
1629
891
831
491
1448
1015
934
1885
730
819
1418
1157
1139
191
684
968
430
1999
1937
354
1886
1592
463
635
804
599
1252
784
1074
1613
1890
1347
639
2014
397
1164
1813
1586
315
284
70
140
1056
1918
1402
27
1330
1250
1831
1371
1742
1745
959
1451
2
1769
134
115
91
1383
2009
1594
563
1159
1672
1777
693
1444
1229
815
1393
165
1993
1076
580
481
645
1398
1954
347
1414
274
570
432
1856
1817
1676
316
399
620
1802
216
207
796
1103
1253
1799
813
801
700
1617
654
1397
1037
1946
236
1071
1616
1838
546
608
79
604
526
713
2015
991
1423
444
1152
226
313
1709
161
263
2002
602
54
1033
893
1827
936
1194
652
1559
1196
763
46
1422
500
547
1599
278
1791
1395
1979
588
310
1232
458
183
551
1415
290
2012
1346
1223
297
113
30
414
13
1207
579
182
1185
1438
1049
1396
983
1013
1032
678
1744
74
1055
885
1849
641
1127
776
1765
148
969
1413
1369
1631
1941
143
845
1302
1942
1843
1150
87
359
1947
1224
1978
1375
1679
999
1128
11
138
852
1
889
1242
703
1189
519
1720
244
687
766
1192
48
719
1105
273
1172
1621
1480
1863
1404
1255
1775
1501
946
623
1041
1900
333
1359
1123
1090
930
710
1225
1904
318
1733
127
1697
1211
539
510
1385
1908
1379
441
906
1171
1870
1109
537
842
187
665
235
189
2006
443
1034
6
653
752
506
764
1785
1030
1231
737
1710
299
1432
1591
951
384
1237
1411
613
671
1754
789
1181
633
1930
2046
1871
640
241
1376
1170
404
1001
396
1859
584
692
802
943
1996
405
1723
910
279
1054
909
1761
1581
2031
1478
472
743
1328
1097
364
1459
52
275
1906
1961
386
132
1270
339
1915
1860
1725
1977
1660
948
1582
1797
294
1179
1163
411
919
1654
1875
621
746
1043
323
1992
231
1821
380
883
186
971
954
1178
823
1858
259
1732
305
1370
1963
689
832
124
1683
2019
840
385
2033
158
1289
1504
1862
1288
853
1391
1358
1291
268
1203
209
1042
174
777
1513
1664
265
1637
548
167
1988
1673
1657
2035
1749
1169
35
1408
1943
1467
295
530
862
1608
917
1867
2023
1420
1534
484
1861
509
311
577
868
1084
5
1474
415
1458
1804
619
673
1922
60
1269
931
685
632
556
963
350
1051
1967
325
1115
328
1819
170
1249
1969
223
774
487
811
1721
474
1869
945
176
1736
1213
1510
326
1907
1625
1783
670
102
718
1806
1278
1384
1235
38
756
129
300
146
778
552
57
1335
1878
1099
1307
1461
1715
1340
1472
609
142
514
489
1155
160
749
911
220
1920
974
426
1916
1124
978
1417
1551
314
2030
664
1158
256
1129
1442
1874
1696
1429
1506
1974
403
864
1002
1980
1260
1985
1784
1630
1934
848
1635
1452
1512
393
1668
446
1343
1114
2008
1140
133
1577
772
1656
697
1360
267
1210
1790
720
681
1895
814
1481
1610
1065
1337
181
1857
205
128
89
1217
1000
1062
26
890
136
471
188
979
1487
643
699
1362
201
557
1815
800
1959
324
927
1627
1309
17
2001
62
1046
1562
627
291
1853
662
1889
130
1297
786
565
1738
59
307
1195
321
1081
1093
178
1655
748
1363
345
1028
1010
1805
1724
616
1606
1197
1094
523
516
1427
741
435
733
731
1839
955
1304
612
227
1757
1647
1421
103
296
23
1841
894
280
121
1795
553
1182
194
606
513
1675
715
1706
1497
482
1743
232
1303
688
1146
2044
1311
200
1405
416
1312
1419
1319
1563
499
365
956
1958
192
1531
346
1872
1144
18
361
1381
1318
1940
490
1948
1503
817
1949
1936
306
544
771
1681
1932
1659
2003
1485
841
252
410
966
970
642
1053
1587
2004
421
496
520
1119
1243
355
1175
1096
740
1100
78
1060
1102
1200
69
1756
1752
1107
1331
440
975
1803
1580
366
203
1786
1758
1925
80
950
376
1248
564
139
10
1336
382
695
1406
610
1496
1686
1597
912
726
1971
390
1917
217
574
691
1177
637
899
1133
1240
659
456
1866
1833
340
104
989
1475
233
1018
1078
880
247
1234
851
1092
1236
1734
293
1516
976
877
1718
425
1003
1632
2037
1048
1320
1193
1292
1648
871
1881
460
1553
1912
1854
1682
722
1787
1584
1830
668
1529
898
1069
792
1479
1893
918
1876
107
1933
1490
1651
1431
33
2026
533
1366
360
77
1945
1295
1136
634
863
1117
301
163
439
996
878
624
2034
353
933
230
783
1989
897
1272
0
331
254
466
208
790
1544
781
1386
2005
1776
1447
388
1678
2018
237
1126
518
1826
40
994
1593
149
1005
2038
1575
1044
1612
1301
757
515
1962
228
1502
1191
953
1327
488
1091
312
1120
15
1134
732
1031
916
591
429
1994
1019
1541
1792
492
779
392
597
1836
1714
594
1888
109
1148
690
150
1753
106
704
25
1567
398
76
938
614
1357
860
478
1521
1290
1168
1450
1443
1326
424
1569
1399
1286
249
96
