887
569
674
109
412
534
601
1495
859
689
1256
855
1116
173
1571
686
2045
1626
196
443
282
1224
429
1494
273
538
1801
1917
2032
434
61
917
1109
1096
1446
761
418
1837
1479
848
1894
1826
2037
1531
1606
38
1895
441
1867
67
1000
1541
845
1734
1001
75
143
1596
460
1208
281
1201
670
1974
914
814
404
1765
1605
149
2014
405
254
1716
1075
1517
477
1097
183
695
1331
233
1106
1982
1593
1558
1504
1160
863
1608
240
363
1444
1825
1877
271
1842
1675
77
1530
162
2036
860
1763
585
1610
899
1715
87
941
997
402
1144
1692
1873
521
393
5
810
1599
76
1424
163
351
1834
369
272
805
1560
632
1385
672
257
1241
411
800
1017
1022
723
1821
932
459
1943
145
1786
1137
513
1668
501
905
1854
78
1862
1195
1967
1344
117
1791
1749
1216
1852
462
362
1650
165
1949
1620
472
1735
2008
610
858
1846
25
627
1866
35
1515
1315
1190
1134
1831
847
1559
1388
1859
9
1769
2013
832
1781
1316
819
967
564
1776
464
565
247
400
959
1047
1107
1827
1742
1273
40
391
1025
1233
1888
1418
700
379
1119
313
144
596
389
206
20
880
1221
192
1506
823
283
461
1347
269
243
1451
29
1915
1680
4
1180
46
1816
44
527
1255
338
1807
1361
498
575
1707
2010
1902
942
631
1264
1352
1700
1881
1372
1975
1179
856
528
1989
1813
1039
893
687
2039
1588
255
1014
1217
1325
550
846
1343
982
519
706
1210
1539
57
1375
666
1226
1637
2034
368
1533
1681
322
1470
99
1422
22
1561
1639
1519
834
1443
1609
1027
1197
357
146
1445
557
1480
1987
103
1720
432
1812
1172
352
592
1567
1861
1889
1246
1476
1403
607
225
972
1578
1362
1556
555
1028
184
223
237
1298
1460
229
375
1333
49
1662
427
529
385
2022
1796
1052
1425
288
812
1046
1757
2005
1644
1163
1641
302
408
34
43
380
1414
664
602
126
314
193
1365
2019
1661
366
1164
1652
2016
734
1844
1542
1996
199
1525
1330
493
1108
413
1501
1390
2007
1147
478
1083
889
347
13
1161
1469
1773
821
373
1497
1858
51
1423
1654
1218
1899
33
1265
71
1400
89
241
1960
382
1474
1534
189
1073
446
1409
609
1952
1829
280
824
1830
1617
492
1782
746
865
701
1008
541
1078
1288
69
851
1261
1005
318
1512
952
505
1600
1672
1379
830
1135
720
714
1976
1631
1640
1002
1913
36
1050
1407
1063
216
2035
1377
215
1342
1584
1373
1741
680
1314
1442
1110
1618
1257
1669
510
1753
772
1762
1535
1113
1543
433
251
1983
820
969
390
525
668
502
17
1374
218
623
717
852
158
1473
1627
1021
1785
1992
1945
2028
1718
1505
1292
690
936
1688
780
1840
537
1015
1703
621
190
1602
1458
1468
548
1313
842
1234
572
102
1835
1685
1962
266
675
345
613
1691
1159
1158
1657
1780
1269
676
1067
297
1819
1931
1237
1456
339
267
643
440
996
827
614
39
1311
1037
376
659
92
1591
1575
155
552
518
176
1498
483
295
760
1115
1832
1722
1566
1721
10
748
1205
1098
350
133
945
489
1227
246
630
1044
250
574
1236
1554
1802
1323
995
53
1114
1188
551
733
325
879
1249
2044
1091
922
291
966
476
1598
1908
1926
1056
1191
949
652
1395
1502
1959
594
1472
330
154
167
1879
54
1475
336
1148
644
450
1694
771
606
316
1454
1712
768
1433
1737
171
494
925
516
989
1488
744
397
1431
1843
1081
1455
1951
1939
544
1461
1189
935
999
406
983
1947
1932
442
721
107
187
938
1284
409
1145
435
1389
990
1349
1671
589
947
844
1912
566
1429
455
650
1435
125
682
1670
1154
1991
230
428
1551
712
651
1683
535
1878
798
737
994
97
32
186
73
1580
911
1251
473
480
1876
836
1820
367
813
324
653
1467
159
563
1687
536
1903
445
403
1092
1453
1555
204
1890
618
920
786
1740
619
1594
1891
64
1420
1971
1977
221
490
1897
72
1673
1090
417
1929
1754
657
259
1357
524
1486
1337
1402
151
633
873
470
23
1923
1690
981
41
931
1235
2031
980
1601
482
715
1653
797
870
11
811
770
514
640
1651
1752
1614
208
304
1784
1532
486
1950
1643
1126
1747
1942
1536
1196
837
1856
1725
1758
128
1339
1491
1271
885
370
1031
1369
1124
1823
1739
710
1303
1150
124
1383
1665
68
256
1280
884
1885
1774
85
1914
1318
2025
1493
1799
1176
1937
1368
1841
83
504
881
1916
1750
1893
1904
1406
1787
751
1800
1270
894
1187
454
1142
612
1471
1612
1380
1426
1518
2040
1350
1397
781
1219
1173
161
1732
1667
1155
1581
210
1702
1232
1324
1927
970
694
831
828
1220
2023
388
1171
1557
201
1282
1436
1986
287
562
962
1012
1634
1658
203
1729
449
758
605
262
1973
8
56
1824
1736
704
383
1290
778
1869
1622
1616
1625
568
818
1204
1306
131
890
104
1833
2004
18
239
469
1590
2015
1778
242
1955
1291
839
1880
1087
1117
912
394
1910
1186
731
736
160
45
244
1871
992
1366
648
1979
182
27
491
803
732
1679
1708
1386
1071
48
1822
1336
317
309
479
321
1699
1577
1748
1576
1294
261
1042
1676
567
1281
378
1523
2033
285
82
1664
882
1447
1170
1434
372
112
769
1760
52
1120
622
354
815
808
617
937
655
1636
1503
1084
1572
620
100
1370
248
452
796
726
24
416
1275
94
1645
343
1411
62
789
1948
1484
767
998
1192
1049
1860
1711
531
1998
576
374
1258
679
1074
1359
1193
1
944
785
1419
745
533
298
927
1045
1332
249
543
1954
105
1477
19
1200
179
906
1548
598
1956
1167
156
753
532
523
115
869
1016
862
1363
1387
799
924
1048
1510
1759
448
656
7
1371
904
530
840
147
923
2026
1321
638
1850
1756
910
637
1185
779
1944
202
1896
1545
1573
323
1394
178
853
360
765
301
198
762
1222
439
119
2009
63
669
1900
80
1633
1815
540
395
110
1874
1772
1421
1252
1408
1130
978
170
1225
1907
1993
328
801
1276
1043
488
1026
1811
1358
1244
1194
2020
545
730
871
735
1203
608
1851
864
1030
96
1066
1911
88
1623
1648
234
1611
757
1771
1706
135
15
30
1231
1448
1794
349
1607
843
1449
1689
1023
759
1416
826
654
1985
1009
120
1857
600
788
1629
74
833
481
1305
1441
693
1299
697
948
1660
901
1995
1582
1666
1848
353
1267
918
118
311
219
777
988
1638
1398
293
1032
1072
457
2024
1481
929
624
749
387
1946
140
1649
1925
1920
421
2038
1935
577
647
578
1024
1214
284
1761
1695
645
1149
1574
1970
2000
599
520
953
1376
1143
950
169
677
1283
1569
1795
713
1592
1803
1938
867
1697
2042
108
1384
1972
742
399
954
1351
2018
683
1766
1934
1529
728
1527
1564
512
696
497
681
1178
65
358
787
414
1415
1704
951
1659
423
447
465
471
1308
875
1818
1082
1248
928
1490
1921
425
1151
725
903
965
1036
1062
646
407
2043
1483
973
546
1175
1440
1198
1035
1677
1496
1289
2046
310
1019
1710
335
1817
1184
122
320
1070
729
1007
116
874
1240
582
1038
503
636
1123
764
164
1439
1615
1465
979
1905
1544
955
1520
253
228
740
1463
1410
181
1326
570
1513
554
2041
319
1793
1437
1100
474
384
1034
1656
1069
348
1552
987
1245
1417
1870
1516
703
111
0
958
1963
86
1674
849
1941
1136
270
2002
396
214
1849
1855
1783
431
1206
1229
1492
91
1129
1263
1013
1133
150
719
1121
1632
1427
919
685
59
1743
12
1260
1010
166
752
332
1731
1085
556
2001
774
934
1182
1079
591
1713
976
1272
1293
699
1981
515
663
1853
2017
968
1489
807
6
1940
1696
2027
1540
940
584
507
106
1549
1642
79
268
542
1302
1550
1961
245
1058
626
909
1132
217
857
276
1011
436
1396
902
684
1562
1459
1367
1883
1865
649
1004
908
1678
232
1965
993
26
344
1751
603
1279
892
1310
1798
1033
579
1482
1953
1040
475
279
891
1338
1391
485
1924
841
1304
1401
377
90
1604
1655
1621
1500
1663
975
1242
1278
872
876
1628
508
224
1701
410
1452
688
1906
1268
1345
361
1887
522
641
1724
587
1462
1060
50
1138
1122
907
458
1930
14
1141
850
1738
691
1909
809
838
1068
1202
188
692
1393
1466
1286
1957
114
1839
1057
168
1563
738
1223
1354
1213
595
194
1089
1745
1140
1103
1746
1777
597
306
792
1719
1808
1341
506
634
1728
265
1726
252
1714
153
1061
1779
1428
1901
1054
355
484
1966
1162
2030
275
639
438
1199
1301
238
1980
660
60
296
886
1207
58
1770
1936
1727
1296
1287
364
1788
426
1565
134
1322
401
1768
616
1055
1329
113
333
213
900
1101
101
174
549
93
1356
878
37
129
468
365
868
180
1587
743
300
466
1364
1969
1595
1399
956
28
337
724
1266
615
1646
1334
1239
804
1790
1209
1978
961
205
55
1898
437
1125
1693
604
1156
939
806
1243
263
312
419
926
342
463
1522
1003
1102
1183
662
1792
1228
629
559
1918
1300
802
960
658
790
197
835
1538
784
1152
42
1547
1006
456
21
1327
1583
773
487
1118
1589
1886
1317
877
16
776
1775
1438
1285
334
754
593
1809
136
303
1307
747
755
1810
398
1528
141
1868
896
1104
371
1053
137
1864
1131
212
590
1968
1259
1919
635
1088
1059
1277
236
185
177
1838
571
1157
191
1730
1128
1328
1450
424
588
1041
913
386
274
671
739
711
930
359
1065
665
795
718
794
702
1806
667
1521
341
392
1238
500
1105
1355
467
946
1988
775
1405
1064
986
974
1274
1755
420
898
861
1360
678
66
883
1647
1882
211
121
829
430
123
933
817
1211
496
1635
1994
1526
1619
315
526
381
1177
1166
1863
963
750
70
971
1430
132
1094
1872
152
200
1029
138
985
1684
581
1404
822
1933
1499
1508
1507
1432
1845
1169
1168
292
866
1127
1999
888
1412
611
1247
854
1309
227
1603
264
289
1797
1511
916
1174
586
157
1086
1884
294
277
560
305
226
895
1095
1051
921
148
1139
727
1320
1928
1804
763
991
1413
628
327
1381
1990
1682
1875
539
583
943
1146
1378
1709
1093
553
1723
307
356
98
1570
331
707
2
2012
3
1514
1922
673
698
95
499
756
220
1111
625
2003
258
1099
561
1487
1348
741
139
1767
340
453
207
708
31
1262
1485
573
1080
231
2047
1335
1392
444
766
495
1250
509
964
816
127
1077
642
260
222
517
2021
1464
1018
1457
1076
84
1253
286
558
1353
984
1814
791
1686
1705
1964
1553
1181
308
709
299
422
1613
897
1586
547
1698
1382
1254
722
1297
1112
1585
47
1215
235
1537
326
1568
2029
1346
705
783
1733
290
1230
1836
130
1597
1579
415
915
1340
825
2006
451
1892
1630
2011
1744
793
142
1764
1546
1478
716
1997
1789
172
1805
1524
346
1828
1165
81
278
195
1212
977
175
1312
1020
1847
782
209
957
661
1295
1717
1153
580
1319
511
1984
1624
329
1509
1958
