859
271
873
1869
1860
1067
150
774
1326
1194
67
909
823
922
333
133
776
993
1085
1518
540
2035
2028
882
1041
1431
1020
854
486
923
162
642
1156
1839
1541
1296
1786
1654
124
739
1474
1201
812
751
1754
537
1246
1858
1740
711
209
1835
436
1331
34
587
852
954
975
1257
1082
1675
1915
39
174
506
111
1564
2007
1337
102
877
181
1886
1609
1902
1381
1206
1239
1238
1920
1289
1183
1323
1105
1242
847
983
460
578
1899
929
1936
1150
1579
1558
592
1521
1130
1910
703
1753
1153
1345
857
1388
1016
1963
1653
117
784
134
475
1199
202
1346
1777
819
1889
1509
1810
1122
107
999
191
8
11
1852
1758
563
1842
936
994
964
1405
727
1272
970
580
59
1034
1241
1414
339
1402
1603
626
898
924
1647
300
701
252
414
1078
1847
425
2027
354
336
791
652
367
853
1358
1511
2003
235
262
789
1074
1273
1376
510
1954
689
1458
1871
710
1589
891
1374
1628
1367
1115
1182
1089
1876
90
1818
1109
1637
1576
1836
141
1700
1890
1319
322
514
1946
399
2021
732
1691
1463
100
940
247
290
1478
359
1360
557
610
220
2008
471
883
338
934
1604
1850
1117
884
1662
1152
1775
2033
1336
190
281
452
1470
1918
320
773
310
1776
534
1627
1532
1290
1200
1593
1253
88
686
1221
1132
341
500
287
640
1284
543
832
1350
182
501
1676
535
719
196
1744
108
1552
657
991
400
161
817
1655
63
77
1793
561
277
1820
244
1251
1726
1567
682
1328
944
131
1390
511
411
620
58
1745
558
199
1313
1391
602
1808
1669
641
1719
2037
257
167
1224
667
524
258
284
482
1774
935
767
1493
1949
2014
1250
72
779
927
1659
328
1601
1112
844
521
474
1268
1568
1488
1863
530
1271
1068
664
709
963
1087
85
572
915
1550
454
1784
1171
22
1075
1365
1591
21
1853
156
420
526
650
1456
1216
332
1385
1361
946
97
805
105
1168
1058
448
1959
1750
473
1344
216
951
1445
560
1413
268
505
1120
1154
704
477
666
19
1688
1761
1596
531
324
6
1752
1689
838
1928
1939
1231
693
1531
370
1619
1158
1815
213
1882
671
1459
459
977
1696
1483
1101
724
1099
135
1320
730
251
1230
1412
685
1912
1214
1429
1261
1093
417
424
348
863
1704
782
1223
444
509
722
1453
1742
1991
1244
677
813
1686
1621
447
842
669
1578
2001
573
729
1826
1690
1553
1618
184
1727
1147
897
1804
283
1118
1427
1184
1309
1269
903
56
413
708
2034
487
218
434
1685
1584
1748
1879
286
1084
1931
57
356
379
1416
1173
421
1974
718
1921
532
1306
1789
886
1007
377
1634
155
203
396
495
827
1079
61
455
1160
175
194
83
1186
1006
1311
1380
706
119
1042
992
1816
1288
1134
1442
1625
1933
1796
622
777
1734
1792
576
966
1406
1709
1128
726
1872
1446
985
18
546
1840
416
502
612
1681
291
1362
814
378
750
601
582
1052
680
1129
862
1642
1536
920
947
381
1848
961
1995
1951
697
232
363
315
872
2004
1263
1887
1714
14
1449
1605
288
829
1859
143
1806
1611
1854
892
1540
1670
1125
533
1111
618
1522
1695
858
1226
1615
32
330
841
769
1706
655
489
443
545
48
1060
749
298
189
1711
122
312
183
868
1021
318
895
517
1501
180
1811
1114
2026
1369
1958
911
1526
1461
1767
1072
982
408
1680
1324
907
1297
1189
783
1062
1451
1005
1664
1556
1086
1708
1148
585
1318
429
1398
591
250
1174
1401
1019
1107
725
392
1492
1440
825
2017
1419
446
325
1817
518
1035
735
1701
717
1944
292
520
1828
856
1746
1846
876
207
445
1787
822
450
1760
1354
1870
1015
528
249
1113
1762
1104
66
1592
51
480
1116
1595
678
1973
237
437
1970
996
771
1363
575
81
733
770
285
1497
888
2046
1581
1957
45
794
31
1555
614
564
1254
1538
1780
307
1423
1720
1436
554
605
1053
1265
544
1512
672
1162
1683
1377
1033
1737
1197
1432
1563
1333
1192
1645
1023
921
1212
192
1126
1942
350
1037
69
902
1163
29
1922
212
1721
267
137
1572
660
441
476
360
479
1102
1559
404
76
1176
807
673
1267
206
720
1274
1597
274
166
1866
1059
1140
644
1507
901
1051
1629
96
906
1277
428
1036
1092
1527
1747
1299
801
95
824
896
512
1281
648
86
426
1502
42
1543
795
1349
1422
239
382
121
2040
1768
236
412
1955
638
391
881
214
16
1824
1131
1570
409
1885
1232
1607
1469
1247
753
1795
130
406
1252
745
1757
438
1988
764
688
1434
2011
1898
159
1017
878
1295
503
230
1175
147
1477
595
1633
1164
1457
828
1108
1292
75
112
1291
380
1487
1486
2019
1496
1873
351
65
306
1514
275
1124
492
1845
118
234
1981
346
395
599
1644
1011
1678
1310
568
1781
468
1731
1190
978
294
1347
1857
1834
1149
435
1193
1481
1652
1245
1077
1178
1764
1520
1083
548
375
1393
1832
1287
423
513
25
617
778
1577
629
1444
630
731
1139
361
458
1209
1668
1997
1515
116
94
654
1993
1782
694
1677
1341
1091
497
498
1371
766
1353
1855
1339
1012
1430
1094
1208
835
1465
2015
1203
958
296
89
1960
1994
15
337
887
2041
1407
941
555
366
368
1191
38
1561
1000
1485
1925
624
179
1044
1999
418
1027
372
1982
1648
1851
1348
788
1600
1103
948
843
405
1895
1636
1314
1519
928
611
92
91
263
37
1264
1565
30
173
579
297
1849
1222
757
676
943
1490
187
562
723
398
1705
515
1069
645
1736
631
1837
1256
1145
646
132
74
1530
761
1658
146
1703
1106
1266
1047
1794
1630
790
1215
765
41
538
439
670
570
402
1383
1066
1285
746
616
1523
780
1551
1682
279
1980
574
968
2036
1613
594
255
1908
1623
1941
1439
736
1661
305
403
1549
1441
1884
1986
665
152
1304
1620
1562
1940
1924
905
233
1799
1308
493
125
1491
4
643
1135
43
1529
1687
1316
323
1428
385
158
1009
1779
84
2009
1219
316
1396
1298
1499
1707
1533
104
960
295
628
1843
1732
1838
55
1243
390
1966
816
1187
1022
1738
1977
253
1823
1557
967
1864
1985
583
1234
1765
870
1443
1987
364
692
238
793
802
79
10
1237
1739
1001
979
40
639
349
1505
1917
1656
114
1322
1500
243
1437
103
1724
1460
647
1010
1466
1338
457
600
756
1673
899
945
1312
169
1945
369
1425
340
1751
1749
44
547
1856
2018
1743
1340
401
170
860
1098
327
308
1123
1692
541
598
60
972
1641
1018
393
219
1159
914
850
335
1791
1464
937
556
636
1998
691
1919
974
129
1657
1769
912
808
1913
1225
508
1624
949
818
1270
20
362
101
607
464
1146
1803
1547
1868
215
894
1841
1763
433
1233
567
1617
1438
674
980
625
1534
1585
1967
1143
1343
54
634
483
246
1382
593
529
304
559
1049
986
1665
419
527
1386
205
484
855
1286
2005
1307
2000
1904
478
715
1698
151
675
1151
1783
1881
1566
1421
1325
613
302
1180
1504
1411
926
995
1262
627
140
1213
164
1545
1494
1303
1454
254
1608
1770
1127
762
1972
1056
584
1729
120
64
1880
1906
344
623
1410
1646
49
1394
82
651
866
2024
1759
1554
925
13
1038
763
272
355
1003
1479
269
1679
388
632
1588
467
971
1452
1293
1141
303
241
461
1897
551
653
347
1525
1660
245
200
932
148
1771
917
1976
358
496
571
1205
142
1635
210
1877
861
1632
365
1279
99
597
204
1370
431
1797
1930
1032
1975
1392
1110
1076
394
1937
851
1185
165
1697
1903
465
195
1812
1907
1874
1571
609
160
787
1455
826
834
1508
1302
1210
1202
637
128
1923
1002
50
1961
442
1606
874
606
1008
615
798
1968
1472
799
1952
1342
1616
1825
1045
933
1814
201
52
714
1294
839
259
800
1217
659
1971
1674
507
965
1883
820
1400
171
1211
1240
264
53
796
755
186
289
1473
687
810
163
1693
1575
357
1723
1484
549
1355
590
663
1893
376
2030
1165
1651
1948
875
1901
1582
1586
198
2010
1227
1862
1639
387
707
1435
1300
577
2022
1166
1195
748
1517
938
329
1301
12
1969
942
1710
427
1717
1426
804
157
586
690
957
916
1778
1260
1229
1800
619
154
1013
1756
1574
1424
106
849
1861
383
1667
1807
1539
1259
1699
223
2023
1809
845
792
1927
1694
1788
1830
681
1819
466
2013
28
1417
33
1602
224
1172
869
552
407
1329
1137
658
988
1894
809
317
1359
1573
1207
1892
1433
981
2042
1544
837
649
178
1594
293
1025
705
1914
371
1236
278
2025
1989
1028
1827
0
716
123
1088
553
830
1043
110
900
519
893
430
1375
1773
1030
1170
115
781
449
569
343
990
1891
522
1138
87
1097
1161
1831
1090
172
1040
1395
633
1351
1822
1357
1356
1029
1471
211
1992
1663
1583
2038
98
959
109
712
1938
1335
2045
1204
904
1408
1050
1415
1228
1276
1220
136
656
319
456
168
1979
481
760
1956
831
1330
71
1943
1916
1409
1064
326
865
373
1418
1100
1785
1403
226
1249
1821
1364
1996
684
1964
743
1590
208
1404
523
1953
1813
747
919
1878
126
1397
2031
2047
1730
470
1984
1650
1482
754
1332
931
1626
73
5
266
1640
797
494
240
261
1772
1071
1467
352
738
1475
1258
987
227
1282
1476
1275
62
188
955
668
321
939
1506
1715
1
864
2043
1031
589
2006
1448
1713
1516
248
908
683
256
386
68
1638
24
331
1054
1865
242
581
1725
1702
1610
1372
93
806
1790
889
1722
1046
1119
1829
1368
1278
1169
1073
78
260
698
1546
1218
1366
353
1065
1733
1805
1334
1755
432
1926
1063
785
7
758
270
1631
1321
440
952
488
1735
221
149
740
1587
1716
1157
741
2012
1909
1026
604
950
225
1524
1096
47
867
803
1055
197
282
1728
2029
9
1315
451
1181
1935
1798
1503
702
36
744
153
1014
815
1888
1766
1489
1867
997
1167
314
1039
713
1833
1684
1598
217
516
23
389
2032
596
1447
1548
1255
734
17
80
821
504
1569
1672
463
742
1420
608
1983
1844
973
1352
276
1048
273
1542
846
1468
1235
1911
1905
345
679
1384
1498
1198
1081
139
696
752
1179
1622
1932
565
1801
1399
833
635
1061
472
1177
1387
1248
491
956
1283
918
1142
879
840
759
525
1802
1136
177
1510
1080
1004
193
1528
910
1900
962
913
1537
588
786
1965
342
542
301
1947
661
989
176
2039
1990
1121
1875
880
1480
1379
1280
27
1599
1950
374
1671
228
1462
1978
953
2
1612
662
1495
566
311
1712
695
415
1095
231
1196
984
728
536
469
26
1317
603
1057
1378
334
280
490
3
2016
2044
550
775
1188
410
462
1643
1934
848
836
499
1513
721
871
1580
309
1305
1649
621
1327
2020
384
976
1929
1450
113
485
185
700
885
1070
144
127
422
1741
737
539
1144
930
1718
1962
1155
145
35
890
397
772
2002
1666
313
1133
768
811
299
222
138
1614
1024
1560
1389
46
229
969
70
699
1373
453
998
265
1896
1535
