314
241
911
64
878
157
1220
1357
895
976
716
357
919
1099
174
559
722
1396
453
777
1081
750
401
1402
335
62
436
848
1504
448
115
1840
584
2036
1892
903
501
193
1218
811
273
2038
1505
1045
525
245
1667
111
1308
1890
1002
144
724
1855
188
849
283
1351
975
908
1514
771
1715
1633
844
987
921
1891
1797
1574
104
606
389
1501
588
1558
1962
661
234
1451
129
769
1582
82
1853
176
1044
881
18
154
1806
1016
1979
922
2010
216
941
198
1810
1871
218
1622
863
425
1972
1759
1568
1864
1802
684
1429
1018
116
918
1952
1599
522
1065
58
1508
857
1192
1444
1480
1811
1931
96
1206
51
52
1345
2014
1338
1551
429
1637
743
619
467
328
290
97
1640
1576
1123
304
134
1431
391
2047
1360
966
1535
318
295
1873
491
880
1011
1799
988
662
1542
539
1361
489
0
913
970
1212
1656
1996
1241
629
299
1785
601
1847
1364
905
1454
530
996
1023
991
1817
1134
1069
452
249
1320
386
1491
1850
957
1077
164
801
1384
1329
856
1048
1019
511
341
949
1978
778
562
998
1863
951
1562
721
57
1887
309
1349
1140
109
1227
1440
24
190
81
1083
766
275
1852
47
343
1730
1233
75
1098
232
1683
681
298
898
2028
1421
973
1700
1646
1150
1259
1665
547
1156
862
1164
1234
782
1688
1033
1426
1824
785
1187
1567
1939
834
850
1787
1186
846
2023
1650
1751
1982
1237
894
71
312
1468
2035
44
233
1333
362
1104
1794
727
1379
822
1573
780
1232
1911
145
33
1632
779
1648
699
765
904
330
466
351
828
153
563
1380
607
404
207
378
1166
1072
1819
1448
1473
25
1403
1277
1292
16
758
291
1777
1624
1592
1644
1418
177
1781
1067
906
182
1088
1420
1697
978
110
1635
625
199
597
395
914
315
1435
1306
2044
89
714
397
2000
169
74
590
1385
496
1389
1988
1543
133
1282
946
10
1512
1712
1210
230
1577
1844
26
799
219
1321
1611
70
2026
797
1933
1428
1546
1025
1654
1561
1591
1928
2021
1416
860
1638
1289
1957
479
763
845
214
1217
213
1628
1929
889
877
1304
1254
36
1942
660
775
1311
1940
431
149
938
1161
1668
528
2029
257
1235
30
457
1093
183
1228
1973
1168
178
1479
1300
649
1365
838
1749
1295
485
292
1137
1180
1464
1240
1901
1386
651
1766
63
1581
1153
593
2037
165
1020
718
955
639
1997
1556
701
1163
195
465
523
365
1580
1910
703
1287
346
1055
1832
261
1769
2020
252
1269
474
1249
1376
1920
1111
1719
2005
637
920
1331
1326
749
1184
410
1097
1427
623
691
1833
709
423
1243
1686
1671
729
1276
1030
871
1860
289
1450
1919
1010
1214
356
1791
2032
1040
535
1353
1207
968
1148
1458
628
1984
633
1878
40
1959
1118
1513
725
683
1106
1270
1629
1257
1146
1679
238
184
1278
1299
1954
1930
1053
532
1610
586
1705
17
1017
1221
229
1826
1728
2013
1497
1869
1872
1666
446
1265
929
329
502
1374
823
282
1717
1061
1158
1889
1747
790
19
95
1854
545
482
175
1559
560
1904
1485
885
717
1264
726
1388
602
1121
1467
1603
208
484
1831
1696
266
1823
1145
1597
227
1949
731
1422
1463
201
561
1274
1718
1595
1907
1
969
621
910
582
1937
437
932
1880
375
1419
1812
1922
583
1694
1915
1041
1903
945
550
1963
1788
1623
80
892
1209
1370
255
1197
1271
1876
99
1035
342
185
510
1991
730
319
599
1433
1154
992
1147
700
454
520
7
499
2042
556
1885
536
1493
1804
1792
1141
841
677
340
645
293
1918
1605
783
1846
934
1533
1980
1296
1946
251
1856
1284
1822
615
296
77
512
1286
566
1250
1612
1452
751
1613
654
1272
708
344
1442
507
2003
1821
1726
1868
1046
360
1950
50
1026
483
1263
1027
776
624
2019
1961
1691
1189
762
772
1373
179
598
1042
1006
1858
697
1564
383
1317
868
1690
574
2012
1660
1222
1713
509
1171
1076
380
594
364
284
665
1941
1917
127
2002
162
925
1602
1554
11
768
1347
748
1614
424
807
1834
1752
469
210
9
891
244
325
22
228
197
1685
1548
2011
1188
1366
728
965
1496
767
107
813
1280
755
49
1681
1251
420
1601
1669
720
1758
1714
967
658
752
1634
861
167
1586
979
1446
1230
27
334
426
1039
1208
505
23
549
1160
1288
279
1005
1082
579
1344
719
1132
663
1578
1729
1390
34
1267
674
1399
1414
262
1291
428
959
1793
832
1236
757
1905
394
379
534
38
1469
820
616
253
818
843
1649
1470
1393
321
1530
581
1022
1934
1684
1753
870
1711
327
930
1958
1408
504
829
659
1167
886
441
1921
2007
1989
1096
269
1495
46
1071
1803
1842
156
812
147
1395
105
1337
638
1571
1609
1387
564
872
1328
1383
753
1707
1412
32
358
839
1490
1114
1897
761
1309
1092
243
1731
1527
1701
223
490
1532
1391
1944
939
316
412
760
1839
853
381
1664
1066
676
989
2033
1070
67
1593
1139
1837
1057
1346
571
1174
1126
168
143
737
1600
1977
400
1894
1746
1194
1641
531
1363
664
854
1432
209
1830
1877
824
1037
1068
1124
173
620
734
1631
982
331
916
1110
1744
1767
642
1341
297
1004
1734
1477
1354
693
781
1407
141
2039
242
42
808
740
671
76
1924
650
1133
795
270
1138
1515
884
1336
1993
1008
961
78
1112
1966
806
337
1314
108
1475
1735
1103
1457
302
1617
994
1948
217
893
480
1248
1239
288
695
817
3
449
678
264
1672
1231
260
1883
442
237
2040
1084
1358
1659
246
1176
411
1169
1898
56
403
2
821
43
294
1772
1047
948
160
1566
1689
542
1776
1706
60
977
138
349
300
55
1531
942
1857
373
443
867
1275
1307
1487
673
1886
475
1523
1095
1702
1544
1743
995
901
1281
85
570
305
492
1127
815
1038
1588
119
1902
866
1742
303
1925
732
1896
742
1990
1795
306
239
1507
858
526
980
1494
181
1651
1738
2027
1720
1202
667
1334
94
1225
756
1115
1199
644
1867
1226
132
203
710
622
831
873
13
376
451
194
196
1658
1129
711
1585
350
1159
103
800
205
91
869
1625
28
1670
958
225
390
468
1173
604
1355
1960
274
983
798
1318
1152
1796
1881
875
1693
271
1090
131
447
1653
130
754
927
332
926
478
73
1938
406
1882
139
788
1971
272
1322
414
1768
558
707
1211
1870
787
2009
636
909
1565
2034
928
1879
1315
494
543
1324
333
1182
2043
900
1703
739
1639
1524
591
12
488
1394
1216
1955
1500
1756
1774
657
137
339
887
1252
1692
1101
267
585
1987
1478
1616
1179
1642
421
1621
1999
1761
345
366
1636
1482
1425
65
577
445
1755
1590
971
459
1547
1075
1441
1790
371
2001
786
1405
278
31
1105
1203
882
14
48
1519
1339
1757
745
1884
384
1572
859
427
15
158
865
896
1293
20
736
680
1246
1054
1516
92
1062
310
1914
409
1191
348
1423
1732
852
738
35
1488
1771
1424
837
1262
1539
121
1737
793
2046
567
537
1725
557
53
1836
212
1502
1244
1438
180
161
254
551
416
152
546
235
1128
1943
516
541
171
1998
1043
54
985
912
407
840
1674
1782
1297
1029
1319
656
1974
1773
1348
1089
1116
2008
1256
741
704
635
369
1063
1100
514
1330
148
1200
1362
1865
592
118
1945
668
874
1312
1541
1325
277
614
21
1994
1085
643
1375
686
936
320
589
286
1253
1049
352
1091
189
521
1245
1215
1851
1995
1125
1108
6
826
764
2024
1909
1970
1143
476
41
1789
569
1196
814
1087
79
503
1437
1968
338
1012
2045
37
997
1936
405
1332
1481
1739
1001
1529
1472
682
1170
1807
151
1708
1410
1109
90
1398
317
1818
1052
1537
713
1413
1843
1859
1021
608
605
1498
439
631
1036
324
313
999
1406
326
112
1343
617
155
363
842
1372
311
1205
1122
506
679
953
1923
924
947
672
1193
552
372
690
258
1723
1534
1760
1545
1808
533
1913
544
1503
301
1699
69
1969
517
222
1367
747
1724
1371
1964
382
1965
1392
1456
1511
473
1165
744
640
5
1550
1009
125
1443
1149
1327
211
1260
1301
1449
554
1219
135
773
632
1294
1526
1849
940
268
1342
1335
1619
1131
1813
1489
1956
1107
322
361
876
192
355
1848
578
83
993
59
1060
419
1486
669
256
1627
1763
627
418
417
399
1266
1290
1117
974
136
1518
493
215
666
972
573
102
265
450
276
1400
1647
1368
548
1778
1474
1682
1801
1460
1716
698
804
685
1439
931
1378
387
1741
86
1661
122
1779
1825
646
1932
1750
603
830
1816
1709
1875
98
847
1238
1762
166
87
1916
1032
1050
1086
287
1645
353
354
819
1074
120
1509
226
2017
1687
1102
438
513
1606
1459
527
1874
368
626
1677
1764
1517
88
836
538
1733
705
1310
1195
1727
142
101
508
1181
1247
555
72
84
1908
1786
568
1499
68
415
45
1453
1177
495
687
128
733
1415
1461
359
1484
1525
206
580
1028
1283
1031
613
1465
1510
1261
1434
1657
66
285
1678
433
461
634
462
1506
370
471
1198
1080
4
1229
524
458
1483
1447
1356
1172
1404
952
1704
1471
29
540
117
802
735
1462
385
146
784
393
455
186
2022
702
1736
435
1655
1589
1800
1828
611
1579
587
981
1015
827
641
1740
1552
1900
833
1185
1626
497
1652
1985
1967
803
990
1862
202
883
1401
259
159
2025
1951
430
1775
432
1397
150
576
897
572
715
805
1258
477
1557
1064
1673
1007
1528
367
1224
1927
126
1409
1893
774
1618
907
789
1549
1809
1120
746
1748
1607
1805
240
1155
962
692
1754
565
1190
408
172
655
2041
1555
224
879
1034
816
1175
402
610
960
200
794
1675
231
1285
923
809
810
347
1560
515
1094
204
630
498
694
1323
888
963
899
472
124
1305
1835
933
1411
100
1340
1845
1058
398
1721
600
1024
1273
1722
796
440
308
652
170
1663
855
653
1142
1000
712
140
1596
39
1059
1866
1926
1630
1417
1279
1003
696
1575
944
1680
1436
1445
1553
392
1013
1615
236
1983
1992
1698
2016
1563
1178
1213
1359
1899
553
1861
1676
1201
1975
1302
935
1947
612
1827
1113
1268
2004
575
1521
1466
1162
163
1382
1204
487
1784
2018
943
519
1540
964
1073
1765
1798
1829
1583
986
1888
1569
1430
106
1783
1079
463
1695
825
1151
422
1570
323
456
1780
1536
1352
759
1455
1662
486
2030
954
1976
1841
689
950
263
1953
1608
2015
248
1895
191
114
1598
723
835
247
1136
1814
500
2006
518
596
1587
1912
670
1350
675
1935
1014
8
1369
220
1584
61
609
648
1594
1056
902
1820
123
1298
984
915
396
250
93
706
1906
1745
1303
336
434
1838
864
1620
1157
281
851
374
1986
377
1130
1981
1316
1119
1643
1144
464
481
1770
1710
1313
1522
1604
1135
770
791
937
647
221
792
1476
1520
1538
890
388
113
444
1051
529
413
618
917
688
1381
2031
187
1255
1377
1078
1815
470
1492
280
460
1242
1223
307
595
956
1183
