50
731
1097
855
959
497
1034
318
67
1117
1371
580
876
709
1404
1177
1104
1501
1679
440
1027
953
1250
725
7
812
164
279
139
1723
1072
1918
1873
1751
1917
588
975
1670
263
1803
24
515
907
1411
589
2041
720
551
1222
1342
667
755
451
2006
922
1691
1700
771
949
1799
439
1849
1639
1649
224
345
767
726
1410
74
1376
226
635
1109
689
298
939
1597
242
1217
454
751
794
1588
55
208
136
1856
111
1493
1299
35
1716
1683
820
998
1340
543
143
1617
1851
838
0
8
1842
493
145
409
373
1922
290
1114
39
1814
1812
1662
1343
1675
1950
517
1020
1951
159
1872
1894
1058
1330
1630
566
1478
1941
1816
1556
1906
1708
1067
1140
775
1533
1834
664
509
452
96
1594
1354
1214
1542
1752
1470
631
402
807
961
1671
1955
1181
1704
1698
18
45
189
674
308
1541
1673
389
129
1629
304
207
537
928
946
1095
1760
1241
1804
967
1059
2019
711
1515
663
1903
1745
1771
694
1902
739
587
889
1895
655
333
1257
1451
1460
1734
1861
677
1883
1494
1620
784
1399
516
887
1599
1437
460
1684
197
270
1321
326
498
5
1826
1701
1012
10
455
1793
72
1945
1592
98
839
1709
1282
1491
1335
1433
963
966
940
471
1397
1938
518
506
1472
1919
1135
231
787
1202
1495
624
1829
1653
952
1240
1308
504
529
856
1791
673
1974
2036
1339
287
221
633
1767
1687
288
906
1152
1158
1860
187
721
390
1744
1647
346
1977
1165
1587
330
1388
740
47
1754
503
78
719
456
1028
602
1564
12
1247
1445
1317
2016
937
424
1644
1389
342
661
1169
1139
1131
38
1625
1580
1023
1366
1450
94
259
1253
411
1755
1605
395
1022
1838
1442
302
272
1272
1525
1756
334
1868
163
638
347
1412
1313
555
1438
1227
883
369
582
853
1161
245
1062
1323
479
131
168
1567
773
1185
257
1537
147
238
104
1232
1172
306
1526
742
1383
476
237
1325
1422
240
790
393
353
397
1961
1643
606
450
1413
541
816
244
1213
1682
989
1
599
1591
1021
1210
1965
1551
1915
1393
1026
155
1982
657
1844
962
915
152
1820
1372
818
872
757
1910
366
821
495
1386
1602
935
181
941
295
468
770
562
844
637
1976
696
1574
2017
426
616
99
964
1543
695
220
685
200
505
54
1255
1507
1037
792
697
1566
158
851
511
23
150
1529
2032
898
120
1259
1465
1332
1801
1575
1489
1203
1898
1536
385
878
1510
841
1361
754
1263
1192
1073
744
1937
1518
917
378
912
1722
978
591
1931
371
30
1005
149
1598
249
458
1110
201
412
1614
247
796
1421
1676
37
433
1082
1288
407
299
75
1654
1040
930
1511
1633
1235
1532
1144
1959
282
285
798
1039
1229
154
1373
64
565
494
893
903
1962
107
1954
636
670
250
246
1606
1151
703
122
881
126
114
1002
877
467
1414
654
676
680
1380
1166
123
656
2040
362
1690
560
954
1171
640
417
1916
1189
734
348
1187
22
865
125
2042
1265
992
93
1504
608
1007
1991
1589
800
2047
1344
1761
1979
921
466
1467
442
1968
1601
1013
1120
1563
1969
473
659
500
32
722
525
84
76
736
870
605
692
646
331
265
191
227
461
379
1603
2043
1942
832
305
1000
193
916
213
2002
1136
1980
105
1133
1777
1948
553
824
1092
533
831
1619
1473
1828
829
1565
756
1932
153
1370
1387
1045
1544
470
73
1572
866
1426
1869
1615
1773
859
1549
1689
1089
826
387
761
289
1837
232
894
61
1269
1090
1435
56
1194
1966
1710
1446
615
313
188
1284
575
1628
1069
1921
1175
19
564
291
817
1939
16
1357
1124
1742
1555
166
1423
502
1326
554
1737
1402
1033
980
1766
1359
296
819
1042
1522
404
579
36
431
604
1800
1871
1459
1046
1808
1892
307
990
627
782
482
1170
1302
1190
981
1274
1116
1010
9
405
1132
1970
1887
1441
53
223
1864
1356
642
1748
2038
1036
403
1590
1774
1973
1145
1043
211
823
1209
850
4
519
1111
735
1956
335
1554
1975
2000
320
230
574
1469
1464
28
1304
1817
1697
750
2018
1736
354
1923
184
1264
1658
1035
340
1052
484
430
1262
1994
612
561
955
1102
1586
1107
1634
1314
698
140
1705
530
1621
874
748
707
1914
1908
1147
1244
700
1731
548
1477
1949
357
778
727
21
977
11
121
1897
900
641
1484
1462
1312
219
1818
1294
1650
1415
1782
571
355
1061
1338
1143
1920
678
1368
1678
283
925
1279
1311
1577
146
1570
1750
1579
1079
1611
87
1503
1218
1195
176
882
301
25
1693
712
586
300
446
1285
60
65
1078
43
410
190
1182
653
559
1729
1329
15
747
421
834
1424
102
273
1858
780
255
594
1108
1821
1196
1608
202
1985
1717
1084
1439
1832
987
1613
392
1534
858
1769
1488
204
669
1867
2044
1505
1103
1753
687
1286
1347
1933
1077
469
429
1763
1631
1986
256
1333
1125
1584
996
1810
1228
1776
1093
418
1119
1681
1319
386
969
1071
1822
1296
528
2001
1336
1056
852
1788
1912
1711
1963
2045
490
1176
148
849
2020
1655
1385
225
2009
1226
169
1692
144
929
1400
1758
1306
1593
806
1967
68
705
1485
1540
827
1322
178
1298
1668
453
59
196
542
848
71
1044
1499
753
1746
1487
745
195
652
899
1845
632
550
1352
1947
388
349
546
1519
1712
783
531
488
629
1212
363
1624
1486
717
338
352
332
1875
1502
759
398
323
1238
267
321
142
377
830
947
1309
603
805
1420
17
884
1468
1907
1827
329
1086
376
1513
514
1694
535
1770
1877
1779
1270
1787
1025
1934
867
133
408
651
463
1461
1164
1550
112
162
1377
1448
1665
472
1004
951
836
1882
864
1558
1068
462
1609
1128
401
370
33
116
1514
1850
243
746
492
351
926
879
128
1936
607
1881
799
1156
1098
1831
1378
27
253
666
2025
1893
1416
1772
1130
66
206
688
1305
172
69
1060
29
268
1365
1535
749
303
1016
729
1790
496
1635
1137
1431
1127
809
42
1531
1106
1890
1909
1041
1847
743
1957
1560
927
85
1293
48
628
1337
1663
205
382
625
942
931
1559
1840
328
512
416
762
1530
1457
1785
1434
802
1618
134
1267
933
1154
995
489
1878
254
1819
1050
1316
630
521
399
1993
293
1528
690
765
590
875
199
1545
1809
1778
1765
236
1211
1122
526
1277
691
547
2046
194
994
1888
1447
276
1141
971
415
1283
62
368
1732
1848
815
1081
944
262
1064
970
1784
1720
769
1327
1167
1048
613
570
724
658
760
1987
1789
229
312
448
522
1527
90
1075
1129
1466
814
600
1454
251
972
1703
1846
1168
391
1524
1126
82
1054
1289
117
2012
1475
97
1783
699
833
1569
1538
1070
704
383
88
1206
1863
1186
475
1943
1149
662
1444
758
464
1374
1981
269
835
3
217
1865
1833
772
364
706
337
1266
647
1944
1249
532
1278
441
1066
1223
1604
764
487
956
1065
621
138
2024
284
297
730
1324
438
693
1295
1138
1707
445
1051
1667
1600
325
2026
1455
1884
2034
534
1017
2008
862
1273
80
1018
1405
49
2
41
406
1583
1458
920
538
77
1443
1581
70
372
1315
563
314
911
1775
810
733
639
1699
1651
1866
892
985
106
266
634
1940
905
2014
1695
1702
339
118
1573
715
1719
1854
1874
216
52
1802
1083
1157
766
908
1971
235
846
2015
1490
1029
1197
573
358
375
1669
1275
1726
292
679
1815
1648
1355
319
1718
1395
1988
1006
1862
513
1345
6
222
1725
1179
1118
868
1174
788
713
192
1622
92
327
558
828
1155
808
842
281
1852
1497
361
728
311
1498
275
1219
1287
795
457
1568
2033
1183
1053
1885
549
365
1786
1640
359
1268
1792
1178
1427
491
1578
26
1148
897
1456
1841
1407
1805
260
100
13
880
1328
1652
1351
423
1367
1561
1233
1237
1911
1055
135
957
1401
1142
1113
1245
1928
215
741
83
847
1425
108
873
991
1607
1879
1645
785
888
1539
1252
264
286
552
1891
428
2037
1781
1992
1646
1260
1859
1924
248
425
557
1193
1870
1248
1825
1375
177
1290
932
982
568
1011
1780
763
1900
109
384
1300
1153
396
984
1239
1843
14
1403
1360
344
958
1747
1334
1483
274
1764
1001
1199
89
845
1768
1085
485
983
960
1184
1659
890
576
350
1795
988
324
1927
822
1632
161
459
801
650
1641
1063
1953
1134
317
1492
1180
1087
315
578
58
316
2010
1517
218
718
110
165
1121
1521
1685
1198
336
2004
1057
843
57
171
597
789
1925
776
825
2028
684
261
1256
1743
1074
394
1595
34
2013
1243
436
1823
601
660
997
593
1757
132
1076
1714
1889
2027
1696
544
1904
499
1254
1626
1996
1392
1091
577
1548
1242
1715
1452
1208
1428
774
1638
1958
252
1440
1429
732
1706
886
1115
119
1191
2007
2030
620
1727
1163
341
241
909
510
710
170
539
1216
918
686
156
141
1724
1281
1049
1930
786
1794
1430
1418
1150
86
20
813
2021
2039
1449
179
1952
623
1899
343
1482
779
945
777
1230
1476
1019
1730
1030
714
1364
1220
1616
233
643
437
1258
1978
151
309
681
103
524
1101
1100
871
896
973
649
1738
1398
1836
115
598
277
130
1946
1562
124
367
1656
1880
1998
1728
1876
1363
1349
1369
434
804
501
427
592
999
1406
1225
1160
793
1009
182
1038
1811
91
595
1204
968
1105
209
1585
1666
617
1188
160
380
626
1853
737
444
1436
137
1623
1657
1032
419
1674
1015
1419
913
1358
1112
536
1453
1173
1999
79
280
465
581
1901
1201
1582
1271
1318
569
186
1508
1824
63
1341
1224
904
752
1379
1463
895
1280
2031
1291
1088
1557
234
1989
1479
1520
716
924
474
1721
671
567
902
910
545
449
1835
360
738
1205
167
157
1896
477
1310
1432
943
1739
797
1830
1207
1391
1474
919
596
891
1496
993
381
885
723
1552
1664
1762
1480
203
2005
1408
1995
1292
432
1997
1983
938
1612
702
1162
861
768
854
271
1331
986
585
212
1857
1749
2035
1905
1099
1390
1990
1297
1523
413
175
1276
1509
1261
1008
1301
435
572
610
1350
1913
1855
701
803
258
1576
1740
948
1506
1200
675
2011
1346
51
1215
1627
420
113
294
2023
1396
1307
1672
837
520
374
322
1146
1303
483
1251
1417
210
2029
1735
481
173
1221
1926
1094
1014
914
1680
857
1500
1759
1159
46
648
1661
583
901
1610
1596
1384
976
486
2003
1348
214
1382
979
1362
609
1024
645
1471
863
228
1553
31
127
95
950
1381
2022
840
1409
781
278
683
1546
310
1960
414
1798
1839
936
1660
1637
44
682
356
81
180
923
507
791
1806
668
508
974
708
540
1686
1813
1512
1246
619
1234
1096
447
672
1984
478
1688
1047
400
1886
556
965
618
523
1733
811
614
1547
1636
869
422
185
1972
1080
183
1964
443
1236
584
1123
1571
1796
40
644
611
1677
174
860
1807
934
1713
1741
1031
1394
239
1929
1797
198
480
1320
1481
1935
1003
622
1231
1516
527
1642
665
1353
101
