1269
1745
198
960
1540
473
478
1180
186
1149
1573
1735
1354
172
1298
824
1204
881
1300
534
424
1535
1145
545
1116
167
1788
1444
56
230
1096
752
329
1536
434
887
1782
2022
39
1574
521
1990
528
1053
389
1833
1797
1587
718
1820
1686
980
1224
245
995
1639
536
1263
673
934
1554
1652
79
728
835
467
1769
1048
840
1296
1211
699
334
819
1280
1097
1360
458
1580
1265
1393
1261
1121
940
1566
1653
1558
1455
1581
145
468
1518
1114
706
1483
155
583
730
309
1167
715
1655
893
1892
1122
614
2003
654
1061
8
1709
1409
791
733
1950
911
1949
1044
1447
1413
26
749
247
1855
383
977
688
1645
169
1770
936
1889
596
363
538
270
451
1683
1106
1387
1316
1667
1282
1380
1075
918
1081
1016
945
103
1501
1740
1941
115
36
37
833
1056
758
112
1710
1974
265
1538
101
1845
950
387
1826
65
1953
1512
1927
1079
1140
1825
1565
826
761
1945
694
166
953
1324
190
377
1176
413
1311
2032
1377
1614
511
543
800
1640
738
298
1390
1046
2023
1563
1899
113
1045
898
1716
1294
550
529
1659
14
1508
1647
15
1454
1871
1144
1977
1603
501
563
300
1510
636
1128
161
1572
254
965
2008
1863
368
1971
1404
1812
52
1998
1786
1613
1818
1049
11
13
767
643
585
1967
635
1270
1385
1505
817
1366
342
1166
879
771
713
175
1987
584
1396
1715
1532
25
117
606
1410
444
1747
993
913
1258
1248
1677
1070
1900
1417
1643
1361
999
242
1568
403
1202
1371
477
1760
4
903
1069
1474
1230
750
134
1893
1625
102
1023
1730
1177
1559
1636
1807
1548
693
29
1779
1477
1347
998
1291
1164
1731
883
1394
1940
963
1470
485
1492
1712
1955
213
1314
1253
870
470
138
548
1091
150
494
640
961
1800
1119
1794
314
1668
1799
1585
721
1752
35
650
1215
1697
1718
361
1775
84
493
1359
1619
1703
1403
740
350
357
1174
1384
327
51
1223
1187
681
651
1143
910
460
151
620
1838
973
321
266
520
170
1671
532
1271
1695
177
517
863
246
742
847
1108
1984
380
1041
1675
92
1756
932
1007
352
804
1341
1467
109
1193
1340
769
704
869
1976
1071
922
1024
343
1832
200
1952
133
1809
1082
964
1182
951
756
1956
1912
222
1872
205
1931
1170
1978
1691
248
1972
1588
1793
1273
1189
997
1885
319
818
1301
925
1363
1065
1086
675
162
1646
2010
433
1988
1557
851
1792
463
156
1386
838
782
1117
896
1835
1542
570
1353
217
1877
1995
308
306
579
1493
1369
1529
1804
1355
692
564
989
1908
400
655
1031
518
331
78
40
1334
1344
1891
228
615
1519
378
1823
3
1372
886
1072
234
1286
1318
1323
1919
6
183
153
1292
104
1342
1272
831
1700
832
1321
1577
582
22
85
1197
38
849
1073
206
1901
197
806
668
1929
69
1379
2026
626
1511
1693
526
572
364
480
823
251
1851
1160
146
243
2044
1362
1080
1649
196
44
1738
121
541
856
527
2038
547
1591
641
1847
1506
407
1022
1761
105
1759
1864
1281
859
187
1627
27
311
1381
1881
1546
895
1004
283
1110
366
1830
46
1839
1120
778
519
1630
1208
725
634
891
1924
143
296
1074
1834
619
1837
1370
1158
68
1450
1802
325
707
445
1308
502
1968
367
1753
842
710
607
159
695
1842
141
488
850
512
315
1806
1925
1787
1063
498
1592
827
1942
864
947
1661
772
1742
1705
1039
1943
571
1469
1199
812
1962
1488
1184
631
747
915
979
1610
371
1013
312
1817
1681
796
1218
1325
438
1599
2019
508
1213
1552
609
1485
211
116
1458
33
86
1776
184
974
1188
939
1214
905
792
293
1326
633
1457
415
372
317
481
9
663
1459
273
1487
1374
137
1449
677
1850
781
1171
649
878
100
1951
20
811
1317
1136
1219
1827
793
179
613
1226
1138
928
191
598
1692
193
450
1306
858
1251
1319
1500
165
632
1631
406
926
1151
724
447
921
1887
437
1236
73
790
1064
2015
720
1078
1420
99
889
753
464
7
1378
1185
1438
1856
828
1684
55
743
1520
1732
1209
671
2017
667
2011
1985
557
1751
882
1173
757
181
1704
956
328
586
221
1997
1345
436
1880
431
1589
1553
2033
1320
2041
1986
1743
705
966
841
225
1739
305
935
1975
605
546
1873
683
411
748
267
892
429
1946
1973
472
168
565
2043
1093
98
983
1357
1746
1165
2024
490
1937
63
1541
1993
2007
374
1533
595
1970
486
1382
1575
1642
1854
802
1191
1142
766
1005
1434
1252
185
483
1398
504
391
1375
1260
47
97
1733
1284
700
507
1021
729
567
1556
1463
1289
1848
1601
1723
18
1516
1961
1778
1725
287
901
874
1673
569
1279
1598
652
1012
1397
2012
797
1624
1764
48
709
344
1543
1841
1426
496
1026
50
1433
1875
1981
1637
1238
1468
1672
418
474
362
860
1240
795
505
904
1351
10
1650
1932
1418
2035
1129
672
1611
1958
1155
75
316
1922
1276
276
390
339
147
1153
1729
441
1486
984
1126
241
991
810
942
1590
1288
227
1003
360
814
1734
530
1146
1285
774
1496
49
533
351
2018
666
1641
719
868
1436
938
1658
359
1232
552
1706
354
466
106
2040
1803
1819
2042
487
322
1666
561
1162
664
1620
1964
1524
2029
852
1443
1708
2004
736
250
1773
194
1471
1525
223
1109
1660
64
1245
1310
581
1550
871
1460
1749
839
988
255
1670
70
732
612
1040
623
232
249
1490
514
2030
1195
1365
1035
577
1088
1030
594
2016
1609
848
1125
1241
994
1198
1356
1335
208
30
80
639
539
260
2000
216
1479
397
1517
297
43
726
239
1545
131
1124
23
1047
535
59
1754
1107
1790
323
212
1497
786
2020
289
1979
1290
837
235
1406
83
1679
959
1412
124
1913
1350
638
698
1304
1728
443
680
916
465
689
1229
927
1255
462
414
0
855
1724
716
294
432
1886
399
551
1561
489
1583
2002
1346
1283
1478
118
669
861
1192
785
1906
862
386
1938
969
1025
154
1784
1690
717
1481
1484
1480
88
1456
259
1181
1843
1523
261
1576
1874
57
244
409
21
28
1994
1868
1169
954
1504
1087
1014
746
1878
1602
491
95
1134
1894
1328
1391
337
610
107
1293
866
313
382
1828
617
1094
1244
72
2047
648
1442
996
1744
1763
1662
1017
77
1902
42
513
345
1499
1313
787
231
554
1689
1150
189
122
1560
1861
1423
708
1615
1982
1795
475
135
171
1632
923
592
1698
302
1721
1098
1578
388
41
1865
1701
1549
522
1186
656
1037
1909
762
2005
1200
515
1798
1562
967
1527
794
780
1495
1702
1297
130
846
82
139
679
268
1774
291
1757
1154
264
902
54
292
1231
1890
209
279
843
1133
784
330
34
588
566
381
1594
307
1866
492
676
645
1634
1239
1411
1791
1571
1829
1051
1767
1274
1810
1737
1870
1771
1225
865
237
1811
574
1813
1617
1437
711
1629
930
152
1085
271
1303
836
1555
449
1719
1006
1867
180
1222
238
353
1339
1127
446
1395
1315
1256
1152
452
440
647
1337
1814
1711
1836
1514
1796
1376
809
269
128
1009
1343
604
1220
149
712
272
1083
542
516
1446
1948
182
1857
1427
1178
1425
67
1267
884
1727
61
1944
1441
1777
1883
1824
484
1960
263
1257
125
1785
1465
803
599
1772
751
975
789
393
1364
917
555
970
495
653
1305
1452
540
575
741
1111
199
499
395
731
853
1440
816
1278
1101
32
164
906
1669
140
1596
1309
2031
126
608
1498
348
1295
697
1896
777
1095
1206
1330
745
408
336
1626
1969
1567
1916
417
1157
2006
2013
2025
1100
624
622
188
426
1103
1914
568
285
909
163
332
603
1055
1963
1954
875
1736
66
834
412
714
1156
2014
469
1714
111
1132
768
1205
1057
1032
523
1651
1748
58
1966
114
1414
611
1965
1
1780
1859
31
1352
1612
385
1593
202
60
1416
482
376
1816
1019
1991
876
1015
1099
1043
1216
1765
123
310
1033
1983
1860
1895
625
1957
1907
900
471
722
90
1462
702
2001
290
497
401
1428
1001
1011
252
880
1996
1489
735
356
19
1302
815
303
696
93
333
1846
674
2021
919
1917
1980
1130
1383
2034
1768
587
1322
759
1405
658
660
723
1451
1888
280
1607
419
1307
71
1989
1934
479
1419
1275
1422
176
423
1139
1327
1415
1515
1237
1663
500
1068
226
1898
987
439
685
1903
1448
1105
808
346
1201
1475
457
845
1254
1801
74
1789
1482
971
1904
320
1389
1077
304
1407
210
1179
630
914
873
783
854
682
1884
1336
127
324
593
338
1926
233
1331
1168
1439
764
1717
1399
948
821
207
1635
96
1058
1930
1688
1312
347
421
1029
148
1858
637
644
1822
1358
691
1920
17
773
91
1530
941
1221
144
1699
1163
1682
404
1131
962
277
937
1815
274
920
62
590
1034
1135
765
1805
220
284
1388
1430
1741
1464
503
1628
537
455
349
763
1349
558
1196
341
844
857
87
253
972
278
5
830
1678
1060
1656
885
798
1141
1008
602
129
867
1766
1332
1461
370
1933
734
525
1862
1664
1897
1203
1183
1123
318
1694
801
136
1687
427
1648
985
1207
1052
1264
53
755
524
1242
16
1161
459
214
1217
12
1853
203
1233
1879
944
1633
410
1010
1726
1720
160
1597
2037
744
1249
1544
1654
1435
549
81
1604
1644
556
256
157
1551
442
1762
1250
1905
1600
1537
1513
2036
1050
258
727
1680
931
1491
1299
1584
1259
1882
428
1528
616
1076
933
1090
1424
775
1959
448
262
1212
600
1808
394
369
355
531
958
158
888
1104
236
952
1429
822
829
589
1172
392
132
1676
1494
1713
1928
1755
2046
553
402
174
578
924
1935
1621
1373
1579
1685
1115
877
1502
805
286
142
1262
1287
1038
894
1910
825
1112
1147
405
1758
618
1722
1472
580
195
240
506
1067
597
1392
670
1547
1608
365
642
661
1118
968
955
453
576
1509
1400
204
119
1054
1159
1431
1840
657
897
1674
1113
659
872
219
509
1852
1062
456
1570
257
295
1616
737
215
562
1696
1066
281
1582
1638
544
340
1210
373
1564
946
1781
1915
335
813
788
1921
94
1089
982
476
1227
45
665
1665
1277
949
384
1338
1333
1027
1466
1243
1750
1831
178
1869
1234
1092
1018
890
2039
1401
430
1844
1606
192
739
1194
1507
1445
1235
1190
108
986
420
2009
1148
701
454
1522
627
754
1539
770
1939
358
760
957
1002
76
1999
224
687
435
686
899
629
912
1268
1622
1605
398
1821
1534
1028
1595
799
978
1923
1036
218
943
820
1059
1084
1586
929
275
120
201
1175
1876
510
591
1348
1137
89
1368
976
1503
992
1266
1367
1228
807
678
173
776
1947
690
907
326
1531
1623
2028
1918
1618
1473
601
425
1526
1432
229
981
1476
2045
908
282
396
301
1329
1453
1247
1911
1408
1000
1657
110
375
1402
1246
1042
621
288
299
2
573
379
1936
1849
1783
1020
1421
2027
1707
646
24
779
461
422
628
559
662
416
1521
990
1102
1569
684
703
560
1992
