1981
1594
995
532
270
1746
1908
1054
494
896
1149
1178
2043
1047
263
1319
785
569
225
117
330
764
741
1757
858
24
694
1770
1169
1731
311
522
1914
1977
787
1775
1097
795
267
323
1165
47
333
1195
1987
1566
1526
1581
1949
1064
1156
1180
1095
1401
1522
344
1656
1171
1881
48
614
711
1524
1543
2000
955
997
898
1270
439
1451
1280
1575
882
759
1437
682
477
1255
1826
73
579
503
1817
360
1561
180
325
1073
758
327
1369
1108
1136
1814
1482
1084
1469
1838
90
1580
856
83
1302
324
1046
807
248
159
1723
1922
1889
1742
1571
907
715
1913
1
793
1114
1177
1258
966
434
1874
1204
1125
482
1176
106
1514
1843
589
52
612
710
94
883
380
1167
1509
373
1921
1883
1138
916
1505
1769
1739
296
1793
1666
1649
342
849
968
774
1947
206
191
1687
888
1106
116
1582
1781
1113
1229
1719
1833
1787
1412
1564
205
1257
1452
217
1244
1824
2030
1461
738
1325
953
1912
1904
1646
85
729
688
1471
853
362
1805
1974
1536
56
1330
1038
1544
1658
1599
1967
236
1527
1198
1188
1104
1126
55
465
877
1355
76
1647
1207
551
716
411
359
1714
903
38
1596
218
756
1052
1263
1210
331
2022
574
1650
1141
1834
725
473
1017
1503
1341
2033
1168
1383
227
808
1783
268
1282
622
1034
1782
375
575
1321
281
1698
1609
1785
426
382
478
1103
695
11
1124
1024
2023
1299
1228
1661
918
1089
21
1487
1716
1181
496
365
563
30
1008
1320
792
1722
901
533
1851
1607
1754
994
754
1788
1499
144
1758
814
214
1991
1636
1515
357
592
1667
114
34
1962
1075
1380
781
1885
1708
894
1070
1672
1128
1664
1854
1595
1512
271
2044
1678
1619
277
1109
1342
1960
1071
1357
1996
1675
2042
1480
137
1297
685
425
531
1442
2005
1680
975
839
336
1867
1796
1002
366
681
1361
497
1944
1243
963
1897
1858
769
1220
866
1848
1068
166
1287
1530
387
857
1256
1065
1372
1780
160
1233
173
1267
71
1994
601
892
1542
580
1559
964
1813
935
727
653
1281
1298
59
967
1226
1683
187
514
1338
390
1007
15
673
782
121
278
1120
1577
1474
239
909
364
757
1455
547
709
208
1225
1773
723
1414
554
155
2016
1866
749
1631
674
1441
1538
885
515
399
841
1203
675
1491
1725
253
1242
1494
1152
1737
143
1573
872
255
1579
947
1982
1879
315
23
1235
1895
1199
1555
1557
1416
184
641
1083
847
1041
1196
200
1588
1317
829
33
1548
676
509
1853
1693
1429
1888
1208
1980
1761
1900
536
1969
1623
1232
620
545
631
165
1311
417
1150
1961
171
234
658
585
740
413
999
1394
1928
743
305
1112
789
1475
577
164
1478
1550
88
1600
1696
1507
1802
273
100
379
471
1882
1592
422
1629
1496
1700
1807
1504
356
983
487
1628
991
1644
202
318
1318
556
1617
147
133
1702
395
300
1117
929
354
1058
1804
1148
1710
1370
1516
435
483
863
1200
95
17
1426
289
1331
1605
1865
1276
1706
307
1855
1436
292
677
1366
524
1271
1633
984
1679
645
1310
1615
1033
1971
706
406
1651
111
1346
640
905
1603
619
1476
256
157
923
948
1743
1570
1261
40
668
1859
1598
1721
1313
316
1584
768
1385
1695
2004
1871
942
1004
1492
69
1231
917
708
81
1440
1844
2001
440
1305
1792
851
130
1367
448
1212
213
211
2024
812
340
2006
1502
1132
429
616
776
1050
1307
1955
1423
462
1419
1163
1358
523
897
1086
908
979
745
223
1129
1134
1697
1037
1988
1513
786
2031
773
1091
1910
1907
2046
452
27
565
1553
183
959
969
423
1314
381
1777
739
1948
1465
2002
1185
1304
126
672
1421
258
605
647
1547
1272
1076
925
702
20
986
1517
1042
1375
1983
924
1074
1222
1062
670
1240
799
358
656
1864
573
310
1131
713
1353
1192
837
1382
1290
938
139
1040
1540
880
96
965
1045
1368
560
1498
1774
594
177
1880
1896
1532
1942
1590
1090
1273
242
1088
895
820
859
2010
637
1348
1000
1681
407
691
1293
1749
1632
99
581
293
1997
800
819
1322
350
978
1611
559
1923
1892
1182
542
1023
507
442
985
821
53
229
1578
1022
1337
1135
1197
735
118
1950
501
1500
488
850
1692
562
1324
1924
194
1359
1732
363
499
421
578
1153
1810
623
1643
597
669
1286
1730
282
1768
1340
45
123
1205
1237
1219
818
553
141
755
1408
700
2003
936
1428
320
867
1248
1453
1411
398
1563
692
384
1506
1539
410
1511
209
582
1829
489
1351
1057
1712
934
1110
1614
1890
607
958
455
1020
1964
671
904
1751
1190
475
1795
660
1558
272
1250
1420
1875
712
1901
89
600
2025
110
84
2020
1820
1816
1013
1107
297
29
391
1309
954
1350
1173
1832
226
299
1798
926
1835
1604
1377
176
102
1356
450
1028
1830
1404
796
825
1116
714
232
915
1528
424
1459
458
1652
122
1143
368
1238
444
517
485
1869
830
1713
940
767
484
828
1407
552
1984
737
2027
153
1323
97
1545
651
1572
1154
798
115
418
1999
287
243
1174
35
630
864
1799
1011
1085
416
1827
389
733
525
1403
383
241
298
1779
1209
588
633
1262
791
1393
313
1660
195
1939
490
51
705
1931
1673
540
1339
113
1036
572
1659
1241
950
655
343
1082
1080
2009
221
254
1812
530
1006
1247
108
1446
1911
1956
1466
834
648
1878
1674
1694
1390
1184
1140
593
1246
1183
1373
1347
140
288
1648
2041
606
687
921
1055
2018
262
1410
1477
1069
215
284
135
1265
945
747
1044
1447
466
1903
1122
771
1043
1655
1585
1569
2029
127
1397
912
611
162
937
1005
1221
269
1893
353
178
1927
502
1025
8
869
972
260
801
1009
1133
933
982
132
1078
823
1434
1146
1626
1102
1748
1654
25
609
1274
419
1519
498
1690
824
79
437
1953
251
766
1327
1822
659
744
174
1308
451
930
844
1066
838
302
802
583
887
1760
1837
436
1794
394
730
1849
1935
1868
7
980
1786
843
1978
1485
303
1172
352
1431
275
332
989
874
1828
1682
1946
750
1194
649
1473
1457
775
237
1759
1101
2047
1916
1003
409
246
6
351
341
1424
107
396
1402
604
946
527
1422
1472
1164
1391
1634
961
87
1019
454
803
179
238
1303
1860
286
549
1415
1316
233
1771
919
98
646
1497
1637
1484
1789
449
817
951
1972
1521
762
1201
1966
167
294
1371
652
266
346
1884
317
1734
1653
960
1289
678
613
453
158
1665
952
338
54
1061
689
1831
1593
561
2034
168
544
1186
339
1823
1610
326
190
1288
1847
474
1326
707
219
1039
511
1364
889
1202
1296
1669
1213
783
1925
1909
431
1269
161
1842
1099
1015
778
441
865
1621
1254
567
1677
777
1549
508
1750
230
37
345
2037
1852
1836
1684
914
1206
625
1363
402
1239
1620
1445
1193
3
760
1130
145
911
939
1671
584
1399
2035
1092
855
1668
1155
1481
1151
1026
1035
1691
816
1973
125
1531
1986
906
662
1105
504
1821
321
586
1458
1772
628
810
370
1929
86
491
1166
1616
636
513
309
529
78
1145
1463
701
1803
319
1752
1395
329
385
932
1846
751
1918
576
212
1601
393
717
667
943
797
335
283
228
371
235
62
1711
1111
1720
1488
1427
1877
18
1741
890
920
1501
1510
724
1456
541
566
93
1662
1443
512
1857
1574
41
875
1801
1840
207
832
1460
1467
1142
19
1450
861
570
2019
1379
1170
1568
1657
65
634
1638
1001
1077
308
1763
1251
746
1583
1778
621
1663
626
1332
944
1898
595
459
1699
469
617
1096
1887
170
1098
784
1294
1990
1486
728
1766
1312
957
534
1856
1162
291
2039
1839
204
328
1724
1283
210
1014
1409
1937
304
1384
1738
75
1215
134
152
1418
414
1535
1157
510
564
1292
602
105
642
993
1815
1940
1818
1493
2015
1360
1059
355
1227
1051
599
1470
1438
1490
2012
492
862
1483
1053
5
927
881
1439
28
666
1449
1970
2032
1016
891
763
443
1917
430
1139
788
1589
367
249
1123
1958
119
780
627
987
1951
128
163
13
432
1630
680
1268
548
899
1753
386
591
1933
1627
43
377
154
962
1236
1800
1275
222
136
956
192
1191
1388
481
879
1266
537
1624
1374
57
1989
518
1279
1381
1328
60
1260
546
1567
470
842
836
650
14
1121
149
1425
124
220
500
1764
480
1392
1992
1118
878
596
1841
704
4
428
1556
693
528
457
1565
683
1115
1920
66
1217
699
146
1430
1863
1245
742
36
1362
1872
39
372
403
138
264
664
539
80
1306
374
1479
1448
1060
696
663
846
120
1915
188
1546
22
1100
657
610
1930
1745
590
31
463
1635
2021
447
58
1094
400
1934
1334
726
245
427
703
49
63
61
388
250
1048
1386
1010
1733
827
1454
734
1329
971
1613
1541
131
555
1021
860
752
1554
495
558
1175
1224
104
1686
276
1464
189
1336
1776
1335
996
1300
910
2014
1533
618
1159
770
0
438
813
1398
172
719
809
461
1349
519
822
1790
1975
150
1489
931
378
1861
870
1161
1301
1433
1670
456
977
698
1081
1612
70
2036
811
1736
1012
1825
486
1703
1639
845
142
1291
736
1387
369
44
805
1945
1417
1352
761
301
1765
1520
516
401
404
506
476
1640
1093
632
1797
1597
2017
1602
1756
1376
1147
493
1067
1685
1959
1214
198
392
1587
467
203
571
1811
1295
1444
721
1576
420
445
1676
2013
196
1808
185
1622
175
1343
557
1508
684
990
1784
193
257
376
1625
1943
949
312
1715
77
1862
748
1965
1406
1218
1727
1344
348
197
1709
446
804
654
1586
1027
720
970
1941
1562
1899
1468
295
2007
1230
91
624
109
1278
129
643
941
1223
690
608
1056
181
1718
852
1926
520
1891
1873
405
644
1819
10
765
2
1137
279
697
1954
779
603
1845
42
314
1029
1905
1618
201
252
2011
1495
840
661
1552
337
1462
1389
902
68
1189
1032
772
1726
1645
1762
1919
306
815
16
1534
322
753
1179
82
460
1378
2045
543
981
46
1744
876
347
1704
974
112
535
1876
835
280
1396
1728
1591
101
538
433
415
973
1253
1072
1259
1870
290
1701
1932
1413
1688
833
1216
1160
1642
2038
1938
1729
1234
1277
240
639
1551
1906
74
261
884
244
913
259
1345
598
1998
1187
1936
397
1806
247
1995
224
1689
1755
216
468
893
32
848
1902
629
1525
1993
976
1968
1405
1850
1523
886
871
1747
1249
408
67
826
1435
265
988
1400
1354
831
998
1252
1049
92
1518
1767
2008
1608
587
922
1529
151
1957
1018
1560
12
1606
1264
1740
790
1158
1211
1432
1985
731
550
1537
186
679
854
50
9
1791
1809
521
199
334
2026
992
1979
479
182
568
900
873
1119
1735
1333
156
412
1641
1144
26
928
1705
1894
169
1717
72
526
472
349
1886
794
868
1952
1063
718
1127
665
285
361
638
722
732
231
1284
686
2040
464
1365
274
1087
806
635
615
1315
1030
1963
64
103
505
148
1707
1285
1079
1031
1976
2028
