192
1393
1765
697
696
1410
675
1480
298
583
269
1593
608
2012
1752
281
656
15
1976
1073
2036
1946
1550
1210
1216
1524
1897
1844
1660
1552
403
1706
895
160
585
1727
1587
1644
376
1278
444
118
1819
435
1207
953
1940
1955
1905
1334
841
1499
702
539
1132
909
893
1182
544
492
566
567
1397
1891
1690
1774
1452
714
383
1662
1830
686
642
1443
959
658
1076
1780
1986
231
1696
614
690
1964
489
1440
1274
876
1922
662
482
558
1439
1641
1679
847
651
1483
745
1803
332
297
1669
1510
1779
174
1517
1592
789
245
28
1460
491
187
554
1315
1038
1851
1675
437
553
30
1539
234
1813
1069
485
1576
1827
1504
1847
1310
1936
2018
1117
1704
1090
1567
968
1174
1144
483
1882
803
1878
517
727
1485
460
1187
137
2042
1826
1716
2016
128
1209
1164
1578
1446
368
775
1648
430
60
1361
38
1228
1096
982
1186
87
1635
772
1764
1950
1412
1037
1705
1865
663
221
1893
1170
1156
1502
334
594
1988
1725
719
832
1092
481
950
627
752
589
365
1770
530
633
730
1079
0
248
904
1448
419
1009
668
1463
1387
206
939
90
335
359
1863
501
1855
1039
1505
989
1921
311
762
1931
478
998
652
1303
1800
591
672
1843
307
469
1405
1497
986
21
990
1159
1162
882
1115
1494
1588
1063
892
1147
1056
1478
1612
1331
618
907
1432
667
290
70
222
527
516
39
1876
159
1253
224
410
1861
949
1622
995
724
693
1296
1668
1778
1043
776
1530
1161
616
1703
1188
1370
1581
1812
1652
1859
1241
9
401
1336
274
1981
536
988
1540
1020
673
498
1277
818
65
1146
511
258
1399
1920
1538
1951
979
1767
1801
1630
749
2046
1396
370
161
869
371
1130
1270
1732
515
1282
526
1201
648
184
1595
723
559
223
2010
898
867
1974
905
1177
874
1014
1358
10
915
541
1917
786
418
424
737
92
145
104
1338
1458
417
1060
899
914
1728
1267
1435
1330
1925
1808
1375
930
2022
884
1464
1862
657
397
2045
406
1883
1557
117
1365
272
659
134
390
1692
1962
802
76
1788
1709
683
1198
1230
1373
1943
1428
153
11
1971
562
985
360
346
493
937
1616
246
1048
917
1854
804
232
474
1848
216
448
615
800
639
586
875
98
1513
1251
1389
292
271
1105
821
863
932
66
1077
1653
921
353
4
1273
1633
1061
1332
1074
890
1191
1149
1546
654
225
276
1515
67
1312
582
1978
1118
472
1742
1260
1148
793
1323
1572
238
913
816
426
836
1227
1322
1367
103
1436
2008
1885
2027
1979
1107
458
607
1469
69
1450
1608
519
858
94
1285
1160
1384
1722
1488
864
735
1462
414
1197
1858
669
1473
1226
691
764
479
1250
624
861
1151
1678
946
100
341
833
1476
2006
1993
1255
760
842
2024
1729
1948
1138
72
1874
1416
227
1824
1583
1419
1674
1279
1411
632
605
473
1360
82
1470
891
1351
613
1856
1853
828
465
1637
266
717
670
308
385
1234
1112
1746
1584
496
561
13
1126
329
400
1693
1314
1607
1354
151
568
1899
725
1055
372
178
37
911
638
707
158
355
1631
438
977
1689
1585
1522
1406
1618
1371
809
794
2034
1956
1059
1769
1651
537
758
1067
1617
845
1730
1569
940
1217
2013
377
2035
237
1429
1368
797
255
1342
1058
1145
514
1421
1211
795
1613
609
33
1293
1437
1570
815
1257
1898
1403
967
1221
787
1901
487
41
1352
1929
323
1113
209
1657
1757
429
283
597
2032
213
2038
1566
593
906
1894
336
1701
488
1155
1301
1180
655
1272
434
962
86
495
1362
71
131
1071
552
14
1008
1434
142
886
1833
77
2003
1555
1276
513
1329
925
1650
2001
1376
1926
629
1382
1671
1032
1247
1939
20
1560
364
1994
535
260
431
1684
636
1984
74
1062
1860
1784
1759
68
1343
1533
1647
969
1968
1341
1625
1140
565
1154
249
1842
413
958
873
1066
57
53
1881
1501
754
1823
1887
1543
24
1472
422
944
948
883
454
1909
1317
1594
280
1040
2043
1910
852
1433
1699
93
378
110
1496
763
1712
1163
649
1509
1445
1121
1346
525
427
197
2014
1831
441
51
1537
1143
241
2037
1202
1019
1642
868
1750
1088
1686
1760
734
1036
744
264
728
505
722
1466
643
1355
695
1754
1091
457
97
1873
236
574
766
1916
587
1815
49
173
58
1610
1391
531
1553
344
155
1654
1714
152
2009
190
856
934
112
210
665
1185
1479
1004
299
1794
1013
179
1392
1518
1562
1626
1089
1733
119
1663
534
680
813
284
1123
1219
933
1214
1991
1972
251
176
358
1175
1017
1304
545
1739
1834
1179
306
879
920
1687
1309
1292
523
181
647
1328
756
1772
1941
2047
1353
637
1927
1551
581
240
387
1418
1193
123
1086
279
1275
163
1563
1918
1890
1
826
453
1596
1960
1266
1665
1157
1084
1224
1912
1945
1165
1269
943
504
500
1935
1845
1340
1643
617
612
1658
1242
1586
1001
1349
313
1299
1026
328
563
628
2007
942
1870
1740
1064
1961
1094
1313
666
42
1080
1737
275
888
556
88
878
1053
897
1016
635
1119
928
445
1745
79
1173
1318
1139
572
522
1298
1748
1649
1535
630
549
699
321
779
27
343
1232
1082
1049
976
1741
186
1864
726
1520
1947
700
687
261
1685
1124
1263
1192
926
357
1236
848
570
1579
575
351
1427
7
2030
394
720
203
1736
811
1869
1744
538
1664
1908
1797
1238
62
984
1508
677
715
165
1534
1248
1996
1262
2026
1402
373
1364
712
1871
901
829
1259
125
896
1799
1287
1153
1152
348
45
520
1104
912
1544
150
215
577
168
1098
252
1713
510
447
1442
462
603
981
796
2028
154
1521
1907
1789
947
84
22
1857
1426
1239
1319
48
1938
945
1697
1791
1969
555
1231
31
791
1500
1999
1169
910
1590
881
169
839
1205
201
398
423
386
1903
1359
1574
1482
768
590
1762
640
1623
1381
1755
381
107
1868
1386
992
771
681
105
361
1832
1980
467
1766
862
808
497
1288
533
475
602
1212
825
349
1995
824
622
202
421
2041
718
859
688
1645
126
703
1295
455
1444
217
599
1404
506
2004
133
1054
120
1818
834
1220
1457
770
16
871
1768
1350
966
1281
291
318
550
748
1264
1378
436
1114
1611
820
1385
446
463
1030
243
1465
459
268
827
1676
1028
1659
1311
1913
256
1982
1344
1203
314
1316
1326
439
1952
18
598
1166
1027
1474
113
1661
345
954
923
208
1184
135
1204
1987
1417
1240
885
1190
1930
157
1523
433
729
1085
1708
1289
1838
1506
1265
456
524
1841
854
1798
356
1168
1369
1337
337
1787
853
1196
253
1125
183
1475
263
1511
716
322
1356
1877
1846
1321
970
1222
777
1545
1589
1942
408
1646
1773
1967
1710
592
1606
1424
277
1965
2029
17
468
1747
476
312
130
547
595
2000
1131
402
1702
900
193
780
1561
1415
1604
375
374
1682
333
1756
416
781
1142
1006
1176
935
1357
753
2023
1495
1454
751
1717
1127
721
2025
588
122
1103
1958
1400
1300
95
961
1438
172
1723
1237
1070
316
835
494
542
580
1763
1045
1229
1033
1526
1944
1456
1715
1932
1998
1814
1408
1738
139
1183
1683
1548
529
569
1667
840
141
490
1005
806
61
631
111
138
303
1471
331
783
382
1670
242
1621
294
1451
1294
1565
1379
1141
1363
450
1031
1547
1245
1828
1075
880
228
443
204
12
369
997
229
2044
1068
1677
1934
219
705
1707
1571
1776
634
521
866
91
2039
200
1810
1409
1895
838
509
1271
293
40
89
908
860
1775
1327
477
1467
746
34
1681
330
300
211
379
1743
769
747
1215
96
273
1290
23
1514
342
692
140
1751
1990
1111
301
1656
955
2011
114
1603
198
741
1042
1181
99
576
1002
1691
710
1044
338
870
1012
1507
1785
1886
1914
1937
205
1100
650
319
147
1949
1283
792
1137
1953
503
708
1614
1489
56
1977
380
1985
646
1529
548
391
1580
1761
1018
1726
327
1597
872
1924
182
288
1372
143
812
415
1449
1554
931
1632
557
1167
971
1673
865
317
1035
1700
1120
1532
1817
733
1867
1335
619
1057
1189
278
1919
1297
653
1029
1577
924
407
428
788
1698
220
1052
1487
952
1695
286
1852
740
830
80
1749
109
108
1414
309
1889
1252
1735
464
1804
486
972
1348
1024
1758
54
1734
999
819
262
29
805
682
1806
1000
1802
1235
993
1486
698
1010
1374
1527
188
1022
148
1199
2019
641
625
1178
1783
1782
1835
2040
1531
1459
903
102
739
508
43
2
101
1573
621
1790
1896
887
471
1366
1286
1837
1383
551
339
1258
2017
518
1997
512
684
354
392
1099
1721
936
399
1493
790
1413
743
129
849
177
396
660
709
166
987
889
713
1320
1083
957
1491
1963
927
1305
362
1195
973
1097
1423
412
296
1793
449
1771
1892
877
180
2005
480
1792
1101
620
432
1620
1601
919
1615
499
1208
1966
1609
846
425
185
1928
1512
1102
685
1106
560
1816
83
1325
325
46
1694
1575
564
1225
1503
1605
393
50
405
1900
226
571
239
1542
440
742
1401
1680
1095
1619
1308
674
578
384
773
1133
295
1072
2031
146
956
75
1345
324
1598
573
127
1975
144
214
1249
765
1324
25
1135
267
1629
191
1110
1129
199
1223
1957
63
285
1884
1666
1395
1634
350
132
189
1888
1711
1655
212
1915
1983
409
26
1291
679
1050
1582
1795
980
85
1302
1627
1461
1796
1731
1455
1398
1347
817
996
1850
1875
850
1516
916
604
1268
289
676
1284
116
1065
1805
975
1959
1431
1243
1477
918
1021
1108
1194
136
35
610
1528
922
270
352
1839
1244
1807
1564
1591
218
442
843
1872
196
1599
1688
73
1261
951
601
1777
810
1970
484
265
233
1904
1377
1880
36
761
1821
978
507
326
844
19
1388
1407
5
451
1672
320
347
831
750
1047
1640
1973
310
1394
304
52
1558
701
162
1719
1109
798
1122
1078
814
1933
149
1992
807
1218
1492
1425
59
1481
452
678
757
1954
1820
1390
689
1568
1624
1753
801
1639
1422
1246
1911
395
623
124
167
1720
1809
164
47
1254
257
2002
823
2020
1638
1280
1087
732
1636
596
1136
1825
902
671
1718
960
1536
1549
1836
736
963
965
194
2021
606
388
470
600
404
546
1498
938
738
6
3
2015
1811
1600
731
1023
366
1781
363
1453
785
694
661
1206
1519
1034
1840
420
254
964
1011
1724
782
991
64
1556
244
579
1093
894
195
1007
305
302
1923
822
626
156
1051
207
78
466
1172
778
644
1380
175
1420
974
1046
1081
1879
81
1441
664
1171
1116
983
1256
784
247
543
115
755
1906
1902
1822
282
1307
1849
1041
2033
1447
711
1128
1333
1158
250
774
1430
855
540
106
121
767
1559
8
706
1525
170
1786
645
994
941
55
1150
235
1628
851
799
44
704
1484
584
1468
502
1541
230
528
1134
1025
171
759
32
1490
1015
1829
532
1213
411
929
1989
1200
1602
837
367
287
315
1339
1866
340
259
857
389
1306
461
1233
1003
611
