1465
910
1736
768
680
1788
1698
1682
1566
1244
753
760
533
1185
136
1150
723
754
865
1467
1531
850
277
493
1385
149
1529
1001
14
1162
235
743
855
273
513
125
51
1490
1503
1711
875
1678
1322
328
1316
958
1794
1986
1196
221
1382
105
99
164
269
26
1031
1702
1701
580
1728
1002
1626
380
369
363
270
1007
430
570
1030
1497
1034
2026
809
1081
1738
1741
316
23
841
130
1352
747
1194
97
1927
104
18
2046
1117
69
1826
1820
1975
45
620
25
1582
1650
224
913
1525
290
420
990
1216
931
986
912
1719
433
278
348
373
1979
442
183
1412
1520
629
388
93
201
68
1590
502
1825
1929
714
728
1399
769
1871
427
546
1402
857
291
1660
98
1401
490
1323
532
1693
1747
1256
1094
115
1868
1629
1934
644
1812
376
1141
1148
206
1670
1112
1486
1859
516
1839
1464
1613
890
1805
592
134
895
309
1379
423
126
1823
1003
1995
579
404
980
108
1483
475
1420
504
1289
710
1946
1496
856
1867
1907
1974
653
823
347
733
1796
1058
2045
1327
228
1551
1657
947
1462
2023
2004
506
286
1339
1799
1368
757
320
1215
371
1612
1824
1814
1077
1921
1466
15
989
808
1684
661
548
755
86
365
632
1803
1459
871
1074
1398
1513
1436
191
892
773
1900
726
500
296
265
435
34
71
1172
1554
1732
531
951
1837
1743
2044
1319
1026
1092
1114
285
722
667
440
418
1164
474
956
30
1787
428
1830
132
1547
941
1348
1994
836
1395
1771
1409
243
231
1050
593
1952
999
1766
399
1029
1251
431
1005
792
452
1425
873
993
1928
468
901
685
1764
329
202
1857
1676
1250
1048
361
897
795
510
1564
1773
1438
1470
17
1405
2005
260
1140
1818
58
1935
259
643
1274
696
1482
1006
879
940
2031
522
1489
758
419
678
251
1609
1749
984
1800
551
229
1455
133
573
1806
117
432
1588
1910
1617
1777
1269
756
385
336
1937
1035
1047
861
181
1960
1080
4
1967
481
360
101
460
1959
153
816
688
1357
1858
11
1553
1939
1632
591
1785
466
1065
810
123
508
1635
1337
351
1276
1552
1246
674
1652
682
72
1700
226
333
1604
985
686
1931
1429
1485
613
616
1540
210
1212
1786
727
188
1017
766
364
1440
0
926
1193
457
171
61
1373
437
1740
482
1621
1822
659
1505
938
1463
1661
214
239
1832
1087
1638
1126
1542
1259
382
845
939
1761
1801
1275
1718
1924
518
1539
1712
1258
530
711
1992
1501
622
848
408
884
96
1831
1984
1392
909
150
880
878
976
1101
1102
186
1647
1291
610
463
1423
512
783
87
640
1561
969
648
1133
330
1157
366
1309
1064
1973
299
350
102
1338
1248
1600
225
492
232
1219
903
256
972
1958
1725
476
639
340
1755
1321
1039
1387
617
627
1793
1515
1541
1023
1550
42
1502
796
190
721
582
2027
2011
1789
79
1343
1067
189
275
1717
1433
1567
1519
1206
337
898
1434
391
1353
997
1318
562
1808
1354
445
257
505
1270
585
683
187
566
443
1187
1227
325
608
343
1397
802
1603
1460
952
2036
1784
415
1127
322
924
937
1781
82
615
520
1915
1656
1449
303
1010
1298
1932
1095
1346
1606
236
20
1758
148
557
1753
943
1189
1300
1876
124
1019
1866
578
219
1875
2019
1143
603
866
1299
835
893
1697
1334
1776
1840
1663
121
1680
1315
2
1620
1122
1760
543
535
679
1134
1607
1581
1653
9
541
843
1527
1955
1431
1558
1445
1580
1211
724
1457
1861
342
478
1683
346
1135
1086
1624
927
991
1549
293
515
334
459
1361
282
1071
536
1665
1987
83
630
507
2006
1217
1889
501
672
1909
67
1028
1965
1106
961
631
1138
327
1913
523
749
416
142
1543
1199
1943
966
281
1674
1016
960
456
1052
254
1360
1235
28
1477
1125
1448
314
886
312
1060
1341
1602
994
633
1691
599
1879
2016
1115
2039
1579
1450
635
1863
409
870
1673
1651
1573
1232
863
965
775
735
1079
176
1662
1774
741
1681
1287
1983
1848
141
1347
779
321
1775
75
1706
1584
138
424
1480
605
77
666
1538
495
537
925
628
1280
1146
1845
1882
107
1304
1828
1169
1168
852
1843
1110
298
1672
1253
1105
1378
511
885
1886
1639
868
204
1903
1988
763
193
1099
1366
614
1666
1374
402
1014
215
1160
319
1224
2000
862
540
1369
805
746
1222
1748
1811
829
92
1121
846
1727
596
1578
1619
1120
1458
1556
1177
978
1234
146
781
1098
1756
1655
1247
601
771
974
1721
559
2008
774
684
24
1615
485
1751
625
313
326
1265
280
1266
1668
100
565
381
1009
1293
626
854
1165
1759
33
1648
1430
152
1453
1622
247
37
568
915
1545
324
406
1933
120
996
729
1977
22
1283
412
681
1273
764
1898
1340
1144
700
1032
1989
742
1356
458
1878
5
1292
1061
1892
1242
73
942
1124
411
1123
656
1153
1517
1835
332
740
1053
480
825
81
200
449
967
7
1846
1421
652
1873
1119
807
1936
1559
1695
1209
368
1523
1359
786
1856
1506
1476
1181
1508
1770
1524
156
1920
1687
977
1419
1056
907
1516
1922
173
1802
95
1329
1243
1182
1070
479
166
1511
1151
553
1963
828
1625
169
1860
1004
1679
395
930
310
946
55
1391
695
1699
650
777
1904
709
1418
41
834
1303
155
911
665
708
1278
1158
1533
462
928
1778
292
572
209
1043
1722
469
1233
78
461
1015
19
847
389
1311
887
1528
651
945
1938
453
1917
1260
549
1827
436
288
712
1557
1484
2009
1057
477
203
1993
223
429
1022
1944
641
655
279
1646
1745
1797
761
271
323
642
352
1394
826
1514
1598
1976
1902
268
491
900
2020
662
602
975
1999
804
1230
691
1862
64
31
1328
1041
1175
534
950
1380
1677
917
1762
1326
362
1644
1548
718
1990
1782
1780
127
194
1024
1643
1393
1027
1220
1809
1238
1791
1249
1836
91
957
160
1949
94
59
1284
1978
426
842
1307
35
1494
467
1375
1705
1530
564
84
970
162
455
1137
383
494
159
158
1690
932
103
407
1630
1107
1869
1097
1912
811
29
283
2010
441
790
588
1574
1569
563
1376
1948
1279
1100
1313
1916
450
1945
1671
199
1200
1407
1783
1708
1167
1096
446
1570
39
992
1601
1245
888
1424
1888
234
157
1704
1589
979
1834
584
359
8
1268
1040
1565
198
1645
906
663
1675
1370
1972
521
27
1874
1577
90
403
1568
1426
1174
1961
780
793
706
434
934
785
1267
702
988
589
1414
217
1852
524
357
378
677
114
1724
1333
1136
609
1349
1428
1572
1779
561
233
1198
1597
814
1306
1286
1877
390
788
422
1795
1850
1596
1864
147
1180
1082
483
550
853
1623
881
372
797
1997
1103
54
1358
393
1221
1880
1847
1188
1685
1817
1240
438
1562
1295
1362
872
1962
2043
725
1534
1841
1285
252
237
1731
839
356
1709
519
1610
1432
987
1594
815
1229
297
1104
1585
1336
1441
751
830
178
554
784
822
353
1128
1491
577
12
1367
384
300
1073
904
498
274
1173
208
1066
670
76
1461
1085
1475
1829
791
308
1218
738
600
1631
2018
528
1982
1919
889
1231
971
1335
339
264
1371
664
484
1998
748
119
1488
1447
195
272
496
1980
302
218
196
379
611
1314
719
1046
113
844
1849
1214
1226
1703
2042
1184
1636
36
794
1918
213
258
1710
1108
576
1970
331
1451
1893
1971
1084
899
1891
267
244
1059
1923
470
1049
1532
560
163
1145
1033
401
1442
2028
1069
1767
731
558
1790
1633
1036
1413
1500
238
905
883
250
820
1757
1078
1152
732
525
2024
645
1255
1012
1881
1213
690
527
1183
555
1389
776
394
1090
963
1956
983
948
750
1179
1254
586
220
140
1546
212
295
1297
1897
276
514
1456
1301
1330
1264
1383
1197
248
770
707
968
2022
16
1191
1611
1332
1735
935
827
1951
43
2032
1940
118
1768
618
1422
1723
817
63
598
151
358
1154
396
1186
1498
982
923
1895
567
1563
1930
1166
619
47
1908
981
1481
634
471
1377
1658
1437
448
1305
1947
1555
1688
1051
135
145
1063
745
1
1454
122
1618
344
1914
860
1890
112
669
192
936
538
1495
806
137
1252
1170
414
595
1885
1038
1769
918
44
1008
1147
1410
737
1518
454
60
587
902
675
1271
1968
914
2025
387
1737
736
1509
1228
253
3
575
849
106
1739
1416
1171
1296
1068
205
1752
182
720
154
1821
306
289
88
1733
1435
1351
487
762
1614
1991
499
1331
417
676
1726
503
1479
1472
876
46
995
1474
1734
908
1964
1996
1018
1883
1576
128
838
1493
180
1202
767
818
778
1415
1344
1281
2007
1345
1492
744
569
646
311
962
1118
421
57
1667
1575
1310
255
1669
1591
1236
1325
730
1587
1616
1810
177
301
1320
161
1109
305
472
998
1176
165
1833
1089
1195
1262
50
216
612
1608
355
1091
410
1342
230
345
167
179
1000
1093
606
1583
831
1365
465
242
542
1129
800
294
1062
819
1641
647
1942
1417
1689
335
607
1765
526
694
864
701
1257
687
2029
1263
246
1076
1872
2014
1142
1815
1083
488
1288
1487
1302
1544
896
65
544
1813
882
374
1473
62
1654
1901
1011
1649
111
1444
832
1969
1763
739
370
109
1595
1592
1521
2040
660
1042
1819
955
131
1715
1390
341
1716
604
143
638
1844
1088
1896
1730
211
944
1894
1729
398
1865
240
315
1044
386
1838
668
284
129
597
1851
1854
56
637
1159
1512
1372
529
1664
1696
1950
1855
70
1272
1772
1720
654
704
1926
803
594
833
1707
451
929
590
916
172
13
1411
840
894
919
261
1536
2033
1750
752
1804
954
2012
1469
2015
1020
304
473
400
2038
89
338
1953
1884
1478
921
52
1192
197
1439
1201
49
1504
2034
949
1204
1396
1210
1744
765
1225
307
1072
703
1294
821
53
1400
1324
349
287
2001
48
689
1190
624
1507
1627
397
38
317
556
464
1388
222
74
1468
1634
1427
1593
425
1713
1887
1308
1384
1013
1571
1853
1906
1792
1537
964
1075
405
1499
697
1021
1208
509
1364
1642
1381
1911
6
10
354
1659
953
1905
1317
1130
858
922
1452
772
1842
1312
66
1282
1155
375
715
144
1746
798
2035
262
1640
392
812
1870
1403
1054
583
1149
891
168
2013
1408
1754
959
1178
1290
1386
933
867
859
717
692
1406
367
1055
547
787
1925
1742
1510
2047
1223
552
920
207
1139
789
1471
1714
1037
545
1985
1605
174
636
1163
1045
377
623
824
1237
658
851
1131
1161
1156
877
693
1446
837
249
40
85
1816
1111
621
813
517
782
671
497
175
266
698
139
245
1025
413
673
1535
973
1132
1966
1522
1205
1686
1363
869
1526
1798
486
799
759
444
1404
2037
185
2041
241
2017
734
1355
1203
1261
713
32
1113
1586
227
1241
1899
1807
801
2030
184
1694
2003
1941
2021
489
1207
110
263
1981
1692
874
1628
1954
1350
716
699
1277
1239
1443
539
21
657
1560
1116
116
447
170
705
2002
571
1599
649
318
1637
80
439
1957
574
581
