1128
424
818
177
9
347
1849
1783
282
1742
1147
358
198
1411
1207
664
1707
145
1355
1287
1898
201
1860
1270
1261
1011
888
883
1752
1442
1208
143
1240
1793
1786
58
1605
206
1139
18
671
134
870
1039
1171
1391
362
1483
1338
1064
1362
519
1177
1108
1867
1511
2020
688
1496
1751
35
1941
953
1225
1005
498
1698
1501
578
1773
1198
414
1821
1997
1001
336
379
398
1651
1078
449
1612
129
595
1096
1502
1791
1886
771
5
1558
1281
834
1584
976
1600
1354
1807
1396
1245
1077
1723
616
133
1074
1472
223
184
737
231
805
1238
494
1003
693
1148
1963
1825
364
1318
1133
666
419
1118
1925
1958
502
456
1677
1758
90
1141
1482
1956
695
1197
1236
1363
1283
445
338
510
1433
226
1947
1598
1465
1762
798
403
1377
215
1174
1682
654
961
856
799
1040
1767
1424
1679
997
743
187
1122
1144
607
66
1466
1671
1589
247
1216
1686
221
846
974
512
1249
756
1780
770
1196
1266
1635
1715
271
309
1545
241
1182
880
882
575
1641
363
1607
991
1379
1275
98
305
881
905
1720
963
1606
1508
529
758
728
335
460
796
1523
1244
267
1223
359
530
450
507
1962
1827
1437
1705
1150
1404
2044
983
925
1080
1968
569
1882
323
1700
443
1215
587
1993
1044
1665
84
234
827
1866
409
1159
1036
1101
1027
1429
1199
2041
1604
1376
858
348
747
1991
1247
1936
887
1149
1736
399
628
539
370
1564
2010
801
1823
158
1425
380
1880
296
1530
1851
1623
638
645
1188
597
139
842
1480
650
566
1637
295
1348
1900
1441
14
1782
1190
161
1620
1943
815
1041
1160
514
361
334
622
598
78
49
780
2022
439
1910
164
1568
745
651
1455
1826
719
12
702
1423
1525
275
927
1356
549
611
591
29
744
1250
1314
788
2007
1577
820
1324
1563
552
1254
440
324
1631
1140
1340
634
197
776
1901
1344
1094
480
1959
2038
1315
1119
546
479
355
1747
1012
433
1507
713
427
1574
1498
1859
823
1163
567
431
522
1987
17
794
603
1749
1937
1932
752
1967
1382
20
167
1586
1495
1712
1528
472
560
1536
218
951
1948
1346
123
318
698
1840
947
28
938
1950
1687
1280
59
22
331
1872
222
2023
487
1725
885
1412
867
1510
548
272
2
1615
731
707
1172
170
1440
374
944
1031
213
1817
1582
1844
1789
1913
97
1578
1768
1996
1045
987
589
1050
1274
1319
606
1155
1982
2040
1132
1176
667
1298
486
739
280
1492
1337
1506
377
232
112
2047
705
559
1562
1753
307
1458
1696
1957
183
306
1863
465
287
2026
1366
542
861
1848
1998
941
1277
402
81
868
397
1453
333
1527
1596
899
11
686
1887
2037
1628
274
934
147
1409
111
1384
700
432
1189
1286
376
593
1547
636
553
1714
196
332
1273
1846
1802
1710
191
1068
1721
1647
662
896
565
1560
1191
1904
954
405
1815
435
1154
1638
1741
1772
1209
1838
408
1728
1702
1357
1857
1464
824
132
631
912
1072
284
857
171
773
844
544
1471
1460
2016
1650
532
1614
237
390
1520
1513
644
946
981
673
975
2028
1591
1535
1243
113
1435
1136
1672
1015
1750
442
1810
291
447
44
1142
384
56
126
1494
576
1954
1779
131
1399
1579
652
1663
816
1797
1469
1450
230
1984
900
136
1903
308
703
715
407
401
146
977
499
1410
909
225
1056
586
694
1342
1084
1167
1540
236
310
1674
701
945
360
1489
261
313
604
24
205
243
395
1126
1683
1477
339
1732
1517
594
88
729
1019
940
1891
200
1629
1219
1828
1576
396
1290
1731
1218
120
86
1835
3
769
797
1757
239
1193
1125
1978
639
1756
1448
1809
303
1695
10
297
60
1431
647
1961
1592
238
1931
1381
1444
1422
699
648
300
385
1006
1438
2035
1285
812
178
13
1300
2034
748
792
1754
1822
180
1462
1938
466
670
454
245
467
838
353
1097
62
383
811
1573
509
1428
920
452
1787
2021
1204
1279
137
1883
1942
755
194
1013
1744
91
312
1228
1842
1572
1137
623
1661
429
505
863
311
75
1764
474
1212
1922
1192
750
562
1255
709
1852
1585
1646
533
289
1087
836
2042
1970
1468
1735
446
706
1110
525
469
1326
1561
1737
1364
517
1
1083
720
1352
489
1233
1417
1459
786
1989
1583
1325
916
210
1237
2018
1820
649
422
119
1897
568
1640
677
1179
485
1746
1850
476
1052
1058
1834
1977
1567
1035
391
1939
1808
1427
1372
1378
421
1313
1949
428
1881
294
541
1703
1716
501
884
574
1790
1479
1556
118
1311
1025
366
157
174
1794
1014
1981
637
971
538
932
615
1670
1972
753
1595
892
800
1106
740
1666
1349
125
626
1230
777
1689
1008
93
1445
1774
1537
255
2005
493
802
165
733
721
1999
1660
1771
1601
955
1926
1162
624
787
497
1792
1075
254
325
470
204
1979
1173
1581
1713
1668
1534
518
387
516
1548
1526
52
1332
109
558
718
1915
105
2031
144
321
51
50
621
1461
1819
1930
96
935
513
1969
1833
1310
1374
1038
1934
1542
723
1093
155
212
1294
1690
1032
1724
329
462
436
25
252
950
1251
1394
1784
1518
1361
1156
457
83
1343
1253
1587
2017
1738
1059
186
192
600
43
547
908
957
1076
678
1973
483
669
956
246
343
253
240
458
1227
840
1145
1718
2036
242
1157
1678
1306
1854
389
687
537
1878
690
1062
1452
910
830
1360
1232
1060
411
23
886
803
219
461
1421
1652
1675
1327
185
1259
1624
1920
504
72
1439
57
722
527
420
1729
1565
315
372
1170
434
31
1304
1392
2003
1619
901
1269
508
1885
850
1478
425
965
1499
1272
655
1781
346
738
2011
1966
736
2029
746
1500
173
930
1081
847
1519
1341
1161
1203
388
1908
895
34
1608
676
1276
102
1195
393
1951
779
482
1002
599
1405
269
1856
74
151
994
416
4
244
1865
1552
551
635
1853
357
851
1323
63
668
114
571
100
1393
554
760
30
350
38
1955
42
263
973
1067
1533
1135
2008
1021
1443
152
1655
273
985
790
2019
1105
854
1134
55
891
561
1493
1603
772
1333
1090
1785
897
190
1235
1222
153
430
1415
48
138
116
1481
784
1359
182
521
214
592
2006
697
314
27
573
281
1544
65
1656
1065
285
77
675
1234
1633
392
674
741
1524
959
1282
1180
1217
227
808
911
1484
0
524
873
691
107
1798
415
1166
94
726
1509
1829
633
1538
1309
1864
179
1322
785
1447
341
810
996
356
859
492
627
216
928
1419
417
684
1221
1681
1546
211
806
982
316
1839
1869
1185
735
1092
1335
1894
936
817
988
1549
1004
2025
1336
92
766
1071
495
2009
1685
1763
1611
619
89
1748
761
16
1020
1994
2046
774
545
1284
2032
1806
1395
286
765
1550
658
1590
1933
1206
386
220
199
1308
852
1158
1420
1370
122
1899
1654
869
958
412
875
1697
734
1795
1296
1923
1699
2043
1301
260
1610
1522
704
1054
556
767
1467
1796
1688
682
550
1649
1843
672
1470
970
108
459
1186
829
1976
528
148
821
496
1023
582
1242
1456
344
224
1095
1896
1924
1734
1055
2024
1927
1717
1669
1463
256
160
1028
53
1111
1329
279
1009
1775
70
1029
276
37
1328
1380
1226
889
156
1403
980
1297
1143
142
581
1127
1451
32
1664
778
283
500
352
1007
128
1884
1288
1383
1200
625
1659
602
1476
511
681
82
904
915
804
661
340
841
762
902
919
683
1331
1769
1109
864
948
1893
1580
1104
1239
423
1569
1832
259
1115
2001
235
922
1602
258
375
1418
642
1975
1836
1079
40
188
351
711
660
1708
1902
1892
162
814
1847
1634
159
1268
1777
2033
789
1117
855
921
1905
317
1187
526
1043
1776
874
1953
580
257
1320
1339
520
557
1805
1879
555
1594
326
1722
141
1912
860
1648
1800
172
964
1662
1653
1911
117
1246
1743
596
1091
1316
1667
783
208
1168
150
710
1985
1877
656
404
1986
992
1988
822
1258
345
837
1873
1369
1260
1811
95
471
1113
330
481
1146
1551
708
960
1129
613
1024
175
453
1929
506
2030
1184
914
1214
381
15
195
564
1017
1416
608
1907
1295
1658
248
1278
943
166
354
1100
1406
1387
2002
1408
998
1874
328
1473
1760
825
106
1271
1870
302
406
663
966
1131
618
967
1921
135
437
877
79
563
1983
1816
444
831
1487
610
1566
349
1625
1293
1124
1918
605
154
209
1759
251
1871
1709
1704
1099
984
365
999
1000
1553
1597
2027
448
1965
1830
1042
876
1692
848
749
584
1201
727
298
21
1388
1138
1130
1719
809
1213
1085
781
1739
620
1505
775
410
813
1804
413
369
491
1740
1353
926
1205
1069
1512
1895
1367
1248
2000
1047
871
712
47
249
1103
1265
1727
657
1262
1169
288
2039
717
1037
1317
730
1990
1475
1350
1609
1917
1033
1906
367
1474
1818
1389
1066
1488
1571
849
1446
1514
995
292
1082
121
894
1202
1358
36
795
1153
484
1543
924
1402
1070
103
865
1046
1330
277
845
1616
630
1057
1053
1745
1788
1504
378
1599
2004
382
39
993
475
609
872
1449
1165
426
843
1231
764
1770
612
1120
923
319
1102
893
233
441
1531
1940
1946
68
80
7
540
1645
71
1114
181
931
477
629
1321
1267
732
1657
1088
1398
640
1263
1588
1617
130
1390
962
189
1397
759
478
266
601
1063
1643
1107
127
1312
1515
1457
531
1909
1264
643
2015
320
149
1755
1224
1636
1935
1430
26
839
1486
1765
1622
1436
488
394
692
725
534
577
217
1680
1706
1112
1257
1407
754
659
1711
757
1529
368
1730
906
400
490
1914
826
714
278
1673
85
54
978
742
99
110
572
679
1386
1016
768
1289
1952
793
979
1256
646
1570
371
1022
101
1639
1351
1916
1152
989
1098
763
1521
1497
937
1454
45
1621
1684
716
1434
828
1813
807
87
1516
1229
833
878
1010
1733
653
163
1210
169
1302
913
1694
1778
1801
1121
265
1175
1211
819
1945
1960
535
585
1414
1890
1868
1049
1485
1618
1855
866
933
1799
907
898
104
1365
879
1630
1426
1875
853
1980
1061
665
168
570
464
614
1303
696
1627
1559
124
1164
903
1812
207
1401
536
176
76
290
1974
1220
418
588
262
689
1575
1181
1642
890
1995
862
1889
250
929
1701
73
1766
1413
438
1385
1862
724
19
1858
990
949
337
986
1073
202
1400
327
918
1944
69
64
1803
1555
6
61
1151
1593
463
8
1368
952
304
228
115
1307
1375
1371
301
473
451
293
203
468
1305
1432
1691
942
1034
1632
782
455
1532
1644
632
1183
1837
1761
1178
1503
972
1726
1539
1557
299
1051
67
590
1554
140
1299
1086
1613
1841
373
968
969
1676
1345
1693
2045
322
342
1123
1089
1845
1026
583
680
1491
832
617
46
1030
515
751
1252
543
1018
1347
1824
1490
1964
193
2014
229
1992
1241
1626
1292
41
1048
523
939
268
1814
1861
1373
1919
503
2013
685
264
1831
2012
1971
579
1334
33
1541
1876
791
1928
1888
270
1194
641
917
1291
1116
835
