366
1031
925
247
796
1270
1673
1612
1085
1724
590
926
1066
1174
519
428
1404
7
378
760
641
686
21
1326
1872
602
2015
621
372
1768
1929
339
1474
124
1591
973
1305
453
1618
1147
1249
960
1413
1928
46
949
693
1873
241
1108
1068
1752
1018
1495
470
826
699
729
1804
35
868
817
359
911
1098
613
835
1987
195
1841
665
123
435
1434
575
341
1549
1606
1688
931
1278
1307
539
750
1456
183
1184
1250
1778
1654
1265
803
469
1435
785
734
22
472
316
516
1667
449
402
910
1380
1777
262
614
1631
588
1584
421
1239
544
1888
73
549
783
1442
19
1811
792
1036
1241
172
1751
689
219
1485
688
1429
579
1534
1886
884
1347
1913
1183
608
935
403
1409
558
75
776
1226
251
376
759
1647
169
1240
1771
471
1002
1613
83
1230
351
1116
970
1489
1251
1527
1554
231
1617
1292
1014
1341
1634
583
634
1645
551
1793
1259
1231
8
1335
144
706
153
1225
810
1410
1330
1754
1949
1840
1839
1513
1697
1809
793
1245
322
415
1684
177
913
140
1430
510
2034
2040
446
1424
263
1100
876
82
677
1367
1715
591
150
627
652
1823
818
1979
1916
1179
1626
778
1815
243
1890
1774
1632
1288
1742
1316
272
975
444
1563
715
1199
1044
1011
1925
1387
1921
1299
438
1881
820
460
141
1648
1859
1060
676
1453
1168
485
1559
1363
1252
214
1477
1369
1836
1042
10
1164
1322
1546
526
411
179
636
240
1755
273
1603
2020
525
1885
1530
1901
1443
442
1451
1537
901
1833
1344
185
958
517
779
640
199
1866
850
586
301
1039
1857
92
448
529
775
101
547
522
1479
347
147
389
122
673
130
1849
1065
23
1779
658
335
705
1922
1371
1415
1298
1765
530
1801
300
1242
1732
1297
1887
1441
828
1831
780
498
492
1577
297
5
1093
1302
1379
1356
709
1096
61
1531
745
1567
897
1332
786
789
1693
1484
862
827
64
269
161
1740
1812
1500
1961
1052
1127
1806
1289
1219
1662
938
986
1157
1992
1516
406
1607
1624
755
1397
1268
518
916
39
1963
1726
191
659
1091
432
1943
380
293
129
1674
1854
1125
1845
841
1365
88
1323
137
1403
218
962
1460
1
1391
843
371
1106
701
423
1386
712
1035
902
1595
708
1438
1010
1492
1455
1260
1582
2008
1152
1273
1454
737
1053
1229
1678
1366
520
264
436
1668
2041
1138
1037
2001
1468
907
1450
933
15
735
1807
1825
1213
1256
1558
291
823
1666
279
1977
1476
467
1373
1638
1206
1545
1165
1604
1766
1118
1508
1192
1436
1967
649
504
882
791
1600
667
532
1630
288
49
694
1586
690
197
256
710
1847
506
1941
121
382
1914
514
445
574
2017
1653
1575
1883
51
1526
742
523
1255
26
937
2019
936
845
1770
132
1721
447
1728
1954
752
1054
692
1081
965
509
365
274
881
119
433
1808
1318
1235
971
1656
1319
1605
1818
1996
1910
1200
716
927
852
726
1296
4
855
797
1064
554
1587
327
1533
1150
1698
114
189
1856
1741
1998
1931
1714
1143
1824
1822
1463
886
1487
528
1625
1491
1343
1012
872
186
1663
261
1780
1718
1414
1858
1466
159
1015
790
1902
281
213
1290
1313
1862
1488
662
1744
756
985
981
1353
1210
52
1594
1497
1008
664
980
1264
143
883
70
315
1237
1253
1966
1541
202
2004
570
890
48
111
361
721
809
1761
887
1915
753
474
1185
1120
814
1191
228
1877
1032
815
175
325
328
906
1975
1694
1194
345
560
1111
730
675
1263
1306
1258
481
1094
1346
163
1838
350
680
1092
1498
1419
434
601
1802
1990
947
1247
298
766
1576
79
1382
1428
1003
1735
204
229
816
1875
1572
1274
1431
702
1418
1148
858
451
224
1475
672
1923
840
1637
1004
25
165
2010
1616
1490
188
1473
283
2022
1829
637
222
594
849
388
1362
60
992
1374
74
2000
1161
68
149
1973
223
1588
1496
738
1519
2027
653
603
1486
720
732
2035
1853
1932
109
1959
967
333
1067
312
1894
1978
43
543
87
353
1071
456
1426
892
961
1908
521
2007
758
173
1300
1394
736
633
1843
321
1927
1176
1271
1550
29
344
1458
1447
1629
136
1070
1827
1953
635
117
425
1006
1919
225
1819
1350
1798
1217
393
1069
155
1940
1730
1763
1568
685
1756
806
838
765
1129
1156
631
577
486
605
1944
1725
719
899
1592
2023
1019
1088
717
1828
1336
964
205
2036
1425
1110
1348
133
1030
536
306
908
464
1034
874
1041
1134
391
1800
367
599
1791
905
255
1155
864
763
1960
620
1704
1190
1623
616
465
2018
1947
1520
271
18
2026
508
1437
595
1597
915
740
1364
296
565
1745
808
320
363
1904
573
1040
1058
1620
698
1102
1354
1503
1315
311
42
1696
1957
1311
831
1144
1198
377
893
32
1874
585
1976
1016
542
431
287
822
657
895
859
1279
974
1062
190
1182
30
1390
1965
401
57
1805
1072
885
568
1470
1205
104
1162
639
731
1197
1984
1074
1544
1022
774
1893
501
572
928
127
1073
254
400
1202
313
1449
1046
1329
942
1524
1137
398
1986
593
832
1114
1405
999
477
1267
1218
1897
1739
38
441
289
2
1523
607
84
963
1686
904
578
812
1432
674
348
250
1788
384
1321
455
1361
2046
1154
1820
1378
515
59
1331
1970
1776
861
553
226
282
1407
265
1160
1557
192
369
1461
118
1580
2021
2009
1142
1750
714
493
1325
1832
1909
1097
1842
1652
1393
491
1810
643
1659
440
596
196
1865
72
1635
1999
1083
110
1089
762
1672
1736
463
1398
259
863
277
618
2045
1547
682
1215
1471
724
1504
813
1906
1680
1201
624
991
909
1781
1864
200
761
294
811
1433
166
358
1180
1529
1926
540
1130
1392
1907
851
480
1107
1465
988
439
1895
55
168
1136
513
1581
394
245
700
1291
237
647
1889
1643
1703
1892
1049
106
1295
969
1122
696
1682
178
1551
898
918
1167
1905
894
430
697
994
238
160
1246
856
1627
1705
668
1140
216
589
989
203
47
768
1151
1542
847
1799
598
512
278
1692
1234
1050
1846
1170
93
362
138
1056
2002
473
14
2039
984
1599
1552
1181
661
31
723
873
584
1560
1045
1583
268
1738
929
1868
1510
1952
1878
1406
1569
1254
1124
158
1969
1281
1590
1308
1104
113
1579
972
571
1399
1589
1685
1020
1834
941
483
805
939
1043
1830
404
1578
957
628
836
330
1790
795
1505
2033
17
1509
1737
1695
1640
1539
466
896
409
767
1974
754
1324
340
152
1209
670
171
479
100
419
310
1400
1608
922
550
1602
1945
691
953
308
146
71
1021
576
1707
1402
880
725
1681
1734
770
1525
1383
1177
108
1860
1320
495
1310
1870
503
1221
1903
1769
1501
626
1502
1785
632
1989
1981
1747
1009
772
266
502
704
1112
773
1621
182
1153
1748
1211
193
1553
1713
2030
295
337
99
1955
1293
1794
1528
331
711
489
27
511
1314
11
286
135
1075
996
829
944
305
900
1059
1163
1412
62
336
940
655
244
40
794
622
1105
1082
267
819
420
1357
1408
239
609
869
1233
1757
494
1958
1266
374
1238
629
232
399
1609
167
666
1687
713
799
1269
592
462
1814
921
148
176
112
951
385
89
1376
1462
651
507
164
1543
253
248
80
920
1203
582
1733
1017
1047
746
1826
0
125
408
1480
1117
1204
1000
1675
1773
695
888
798
541
396
1317
807
437
1642
1566
1934
457
1196
417
1786
180
290
1301
1585
2013
103
120
1951
1555
1851
1285
1128
681
1535
66
1995
1186
1280
1208
527
1598
1622
1261
233
95
1671
1121
217
1783
386
1427
1880
1564
1651
1109
1193
1084
1304
1991
1701
1565
1775
954
983
181
1749
660
260
1717
496
932
221
1670
1511
1611
174
1422
1033
2012
945
1048
187
1679
1275
207
743
1478
284
383
67
1159
1389
2028
1340
1038
566
355
1283
1601
1440
1521
357
1469
854
1900
1370
839
1216
966
1710
625
870
1518
1997
687
1079
610
1141
1972
1924
9
1971
1286
914
1464
1131
891
1423
86
800
804
1027
1228
617
1646
1709
1852
1421
784
1983
912
1007
1446
684
126
1262
487
416
309
1619
2024
1494
201
998
978
157
955
1171
1614
342
1641
1375
360
1772
567
314
1964
131
1633
853
860
757
20
1743
1867
1562
1884
1368
1950
1753
97
606
1699
1507
1420
1272
1644
69
771
555
1086
332
782
546
454
990
679
1338
1706
1178
215
334
748
1848
387
741
1891
802
198
1938
443
1294
1025
1146
1939
1359
2043
107
1556
1813
1013
1467
545
134
654
1076
1538
561
548
488
1339
1930
1540
1512
1655
934
407
1282
764
1303
381
53
303
1764
1711
871
1610
162
1248
534
6
533
825
747
1988
36
395
220
1920
562
1087
1985
1416
392
1517
564
33
1189
476
427
1844
615
379
356
1628
642
1795
1095
1665
1360
1708
1803
1855
375
1223
307
1882
1719
1968
44
2016
1222
1287
413
1337
1472
1861
552
648
950
276
1080
865
1439
299
531
28
824
242
769
98
1720
390
801
556
1896
499
923
1702
559
1459
1051
1792
56
1506
1716
728
475
1571
1731
1722
1499
1936
833
1660
1636
1115
600
1532
645
1982
85
319
346
1401
484
500
718
1126
156
787
749
751
733
429
37
1342
211
1063
1782
1661
304
1224
497
837
94
412
875
418
349
230
1664
2003
707
2032
777
1101
1962
210
1758
1417
1276
1994
1727
1658
866
924
2029
834
1055
1729
1352
1133
1099
285
450
78
1956
644
848
1899
976
535
1657
2005
867
977
1057
145
1377
452
1078
1676
1700
354
788
1172
1871
844
1760
1312
1113
1911
1132
1023
1236
1691
1123
1243
821
1816
1384
919
623
1173
1284
81
1061
34
206
1257
683
1372
1388
1481
877
234
1948
302
1309
1835
2038
2042
1457
1028
1850
943
997
1746
1797
611
1214
343
1649
563
1918
995
524
1767
1001
1869
604
646
50
105
1195
1514
1005
1175
1863
63
727
12
1381
490
96
612
1445
76
1898
1993
292
1444
1596
257
1333
1573
857
1411
968
1358
1328
2014
280
2047
1933
948
739
1227
414
2031
1452
1876
956
1493
65
987
1396
2037
323
1345
184
318
1837
41
581
58
917
1232
1169
317
638
889
1712
1683
1669
212
952
1448
1207
1145
422
781
459
2025
1149
1817
669
1515
1334
1244
1690
619
1821
77
194
468
1139
1615
538
3
587
270
930
597
170
2044
1935
656
650
90
982
329
1135
903
478
45
580
13
24
879
1759
1351
209
338
1522
557
142
326
2011
1077
744
1593
505
1639
235
1158
151
671
154
1188
537
424
227
1548
703
364
249
252
54
1879
959
373
1917
482
1937
1187
1349
1561
979
246
410
1166
91
1536
846
324
1119
878
1029
1574
1395
461
1762
458
663
1723
368
370
1327
1483
2006
1024
1103
116
1090
1784
115
1482
1789
236
1570
842
1220
405
1980
16
946
1385
1787
678
1942
993
128
569
1355
426
830
1277
1689
208
397
1946
1912
1026
275
722
1796
352
102
1212
630
139
258
1677
1650
