390
1615
1953
1905
392
473
153
674
1946
1061
1778
161
1287
719
1480
869
1449
303
1494
1442
480
25
1140
1683
1254
1950
1105
617
1404
798
389
1059
882
1269
1875
515
842
253
1685
1268
1093
345
320
616
524
825
541
1596
2005
1817
75
1352
1422
211
598
1983
14
26
1340
496
1201
1492
897
1911
969
1226
618
55
288
121
6
1966
1743
280
922
246
523
2027
233
1621
2023
279
875
442
978
29
1403
632
1245
629
1363
450
388
2022
665
18
956
1060
1239
1783
104
1066
151
1041
58
904
1443
899
1780
692
1802
270
189
1406
859
725
818
1843
1200
830
1851
1696
1733
1126
804
1637
1794
849
1236
47
689
1713
576
936
1727
1542
1508
1247
2001
353
823
1499
453
713
662
497
1591
751
150
313
851
333
1309
1171
1745
511
73
727
228
1490
1549
800
2031
1402
1561
1521
90
960
573
1585
1354
778
968
522
920
1712
208
1151
895
263
669
21
1939
255
1576
985
1765
1800
1434
430
1029
1923
2019
1191
1475
1785
844
1096
1446
1677
2038
1359
402
1691
393
1444
368
1445
1606
856
127
494
41
1902
237
1455
285
1077
1697
989
896
1915
91
1747
908
699
1813
1659
589
141
377
387
188
2047
1523
574
928
938
1262
1349
109
149
504
1976
1848
1255
744
168
855
122
809
805
1836
1726
1844
1750
1383
1139
1159
1301
1502
1728
2006
1920
1365
704
1517
1605
1412
1033
1478
709
206
1421
1379
1744
870
850
1699
202
181
334
1439
38
1051
1879
609
134
1880
1940
420
991
1613
677
245
608
682
1074
336
729
59
1168
645
128
1220
1414
1314
741
1814
1914
838
668
877
1882
238
1000
907
1986
1094
63
905
1618
1977
1437
737
1436
232
432
758
1707
327
900
422
846
1071
620
136
1587
1969
690
700
1529
1653
1021
385
1274
889
489
1024
224
217
1641
894
1264
1639
1464
1791
701
1334
1166
1250
257
1056
1804
919
1835
1545
461
2012
1886
1204
2029
783
486
671
146
1805
133
575
1539
1898
1518
1158
997
726
1731
1822
680
1616
801
1922
619
1611
1315
1617
418
502
1293
1720
634
1952
1014
20
381
1889
614
443
1893
1936
1497
503
807
1930
182
328
1353
959
707
790
201
591
786
429
1163
567
1121
398
1164
1042
1134
294
610
1289
929
663
1067
720
1222
1623
474
467
1089
7
1894
952
2034
1088
408
695
1960
950
1825
366
1072
1586
1214
581
797
1195
1643
845
61
1736
1153
1
1925
1104
887
872
1593
551
792
413
1531
1347
1073
350
1808
83
917
1548
243
1420
1607
492
1161
1006
1461
115
583
1243
1034
1244
212
272
1935
337
1283
271
485
1524
32
1424
156
346
776
1967
1458
1368
1989
1276
772
1541
175
454
1553
993
1224
1165
1500
1346
1509
167
1788
1225
349
974
1570
1503
1671
1427
898
563
119
239
1129
411
885
331
1592
1934
1047
248
265
1829
2
1190
1507
1681
1515
1323
1013
1877
269
1377
1332
1364
1231
1333
1325
1704
1815
273
837
1115
756
1956
1435
84
1186
1483
982
1228
1771
2037
1978
915
964
569
945
935
1146
30
1932
126
753
421
951
545
954
304
1812
317
1543
342
322
234
1303
1240
521
1961
1219
971
1188
817
1514
664
1579
1252
760
1640
1603
516
1229
942
911
1213
207
51
1387
455
463
1107
1856
1271
105
1369
547
1253
1234
1176
560
1259
1695
1775
1266
28
1971
1647
712
1676
1710
768
1272
1233
984
1718
847
728
490
1717
705
1187
1642
1655
57
1111
1350
1418
1460
417
1550
1907
1761
1489
1884
1085
36
1058
158
1831
1663
1296
1996
483
1037
1409
1049
179
670
338
1386
1470
1632
129
1758
841
631
611
116
477
794
1729
1389
2004
539
97
360
436
603
252
1620
325
1861
169
1708
957
1326
963
832
527
164
332
1974
1141
451
1298
1993
1297
1973
11
866
749
1256
721
1645
364
606
558
143
1853
410
1941
1304
458
74
347
1854
646
821
1174
163
874
966
1294
718
1567
843
555
946
924
1160
1144
1123
1757
1850
532
834
1684
565
517
266
802
931
1501
1796
155
1871
1486
1286
1491
1821
1709
1471
703
425
595
513
1590
88
1035
1630
1154
405
124
225
1705
1045
1367
878
102
376
198
274
992
476
943
199
445
16
585
1106
1909
140
1433
1050
1487
679
185
86
31
509
2007
2028
840
926
1319
1372
363
1180
1249
1417
1865
1384
775
675
12
300
130
1631
423
746
491
1466
180
1057
1341
394
478
2044
552
761
1328
1626
351
1064
464
1185
1054
1238
653
162
1572
434
1327
371
144
1999
630
258
1390
2016
1329
1527
65
330
763
111
1752
1194
1959
1703
170
1862
37
1721
1465
62
1838
1177
1751
1899
222
708
72
977
1358
755
1454
505
1803
512
647
1112
286
197
1113
652
1673
1840
1895
1345
1556
827
357
372
1972
439
1181
961
947
1998
994
710
1273
1962
1820
1903
903
1528
308
236
886
1949
487
200
1295
661
1991
192
172
979
748
691
166
657
403
1764
5
1221
1715
100
1127
433
1374
1633
927
806
375
934
716
22
1735
235
787
93
1926
1890
1569
1453
1982
1395
996
1337
1546
1610
1711
96
1698
1162
71
557
759
306
1980
1732
311
431
780
1192
1425
165
901
1415
1227
613
628
1602
884
1199
438
1282
1658
941
528
1913
1702
1053
1563
1203
205
374
731
1090
1981
113
1558
2040
1849
644
312
1594
1799
318
1916
354
953
1994
131
702
1537
536
1661
1069
1128
715
643
578
660
27
1248
590
788
1010
1819
1299
795
658
428
688
1381
1281
1918
296
1279
290
49
1774
2046
1891
215
1516
544
87
1753
380
369
1476
297
623
56
1097
1391
933
1305
1145
1599
764
230
435
384
1170
697
460
1790
828
857
406
672
1456
757
921
1498
1084
879
24
1742
1568
1065
1398
68
1479
1560
930
824
1196
444
1768
316
301
1462
1554
1635
2014
1910
142
1092
305
1741
1874
1032
642
329
852
1595
962
683
1241
1809
1324
534
1477
808
159
352
1608
1183
1142
835
1493
612
1109
1212
1792
1845
599
2020
1205
1156
944
1430
1770
1172
98
1628
15
819
1526
810
2021
1779
1670
918
1178
906
1411
344
287
829
826
965
1132
722
1662
250
1019
1513
1798
1987
1614
1405
1083
283
1469
1426
1688
1571
1686
125
1737
1079
1858
1215
803
765
240
890
176
1648
508
52
1474
1116
1284
973
101
1419
396
1321
686
1485
1481
1578
1948
1832
247
1380
1495
1740
601
50
1525
1538
1197
1651
1451
391
730
1667
1235
1086
1646
426
216
518
891
1917
1441
637
196
1672
1746
123
69
1504
45
2026
1748
1335
714
1182
562
1091
625
358
955
1339
1265
1169
769
1152
284
479
684
401
831
1008
404
267
1824
1009
910
1179
414
916
867
1330
1933
307
1756
1597
530
506
572
1155
864
812
309
633
370
888
1251
468
1937
382
1719
1900
335
1348
1564
1724
597
64
85
261
1432
213
654
650
1776
649
1043
1357
767
256
1888
264
577
1124
2000
359
139
43
1401
437
1506
694
459
2009
310
1015
1120
1102
987
2032
571
1921
743
1679
362
132
1837
1965
739
1063
103
1046
1675
1654
1448
1810
1511
1457
742
106
1811
77
940
1793
1081
1202
1904
92
1872
419
1136
0
1223
48
636
848
588
1772
1722
1075
221
348
972
1288
1270
117
174
1830
1007
2013
1995
873
1119
1316
771
33
796
2011
2042
1945
1138
1864
137
1207
593
379
871
777
1878
640
836
1577
1055
553
868
361
1397
1716
412
1859
1216
641
579
190
341
811
499
526
1929
1881
1101
698
229
13
2017
219
1574
1277
81
204
1510
1841
292
1459
319
89
1137
1313
1385
1769
326
220
1869
184
1300
1488
1682
681
624
1919
1031
1062
1108
1030
1125
1173
550
1984
1522
1012
656
958
1098
1826
860
1842
734
471
626
1496
1622
1184
1039
321
441
678
519
1656
1665
1206
1331
1660
193
784
1028
1322
1344
1114
448
1689
1230
466
621
1400
1876
214
750
600
1100
145
1754
135
218
1117
863
1723
913
1110
277
1258
112
853
762
1237
1690
339
148
1957
822
1951
876
223
1638
1450
1533
909
1408
1552
693
1823
546
1997
415
1167
2008
1755
1624
1020
1866
1955
1767
378
1634
1447
1291
1652
1452
191
1700
1863
1410
2002
596
1210
291
1338
531
456
289
1044
1666
1148
793
1336
484
1175
1320
816
1484
1924
1048
1789
1534
70
525
510
1076
2024
1038
1559
475
1629
203
1099
278
482
1087
1360
1482
1887
1739
1979
78
152
774
1275
1901
1625
789
1278
281
937
469
535
138
607
1376
76
627
1807
1855
659
259
1540
1535
833
1292
449
529
1892
1392
995
785
1429
1157
1399
1730
1078
1378
462
1423
782
1777
1209
183
514
912
1827
594
1908
1431
1371
1795
465
1627
114
998
1130
1193
2003
1302
1547
556
251
615
1388
276
568
799
1355
1267
493
584
1472
397
880
195
79
1095
673
1026
1505
447
8
1958
194
427
1988
1307
107
1280
939
542
1343
1318
1680
1382
226
1942
3
914
1217
648
1070
1938
1022
1463
604
157
1575
745
1260
975
1931
1257
1674
470
1581
108
1588
1080
1964
687
1396
1857
1218
1738
1118
254
980
1018
1004
1806
1975
1025
1122
365
9
1762
925
187
19
1883
268
1954
554
1763
685
1362
1555
548
638
1002
1557
1601
299
813
1828
1011
1782
1040
923
696
399
970
1208
1246
770
1760
446
893
416
452
1438
1003
262
2010
40
260
1860
1306
1943
948
1970
561
815
314
747
1312
1927
711
1598
457
1678
147
1428
1580
1897
80
1992
4
2039
1308
983
602
295
1147
1801
1373
622
249
1370
902
735
1532
1544
1361
231
82
367
1242
409
186
227
2025
1928
1520
1584
440
340
861
1766
356
1562
791
862
1052
1310
949
94
781
986
1103
1198
1566
564
1781
1536
651
1786
733
1687
1694
298
178
1082
1366
118
1290
507
1693
779
839
858
154
773
1885
1636
1589
1734
1944
1211
1612
1017
302
1551
46
999
1701
1393
1232
241
315
17
723
1650
120
2030
67
171
1512
676
488
2041
1852
932
967
881
173
1619
736
582
424
1467
981
1285
54
1005
559
1133
766
540
1846
988
1261
520
605
1668
324
2015
66
1968
160
1644
501
209
1342
35
570
53
865
1906
1036
1573
976
1131
1311
752
1016
2045
587
667
1870
210
407
724
549
2036
1135
1773
383
543
732
537
481
1068
34
592
635
1985
2033
538
244
495
1530
1519
323
1609
2043
282
666
1706
1818
395
343
99
1963
754
2018
275
854
533
1023
738
500
1714
883
1027
1912
1784
1749
1468
740
1150
586
1816
1847
386
23
1873
498
1649
717
814
472
42
1896
1263
1317
706
1867
1416
1189
1839
1725
1149
1413
1669
2035
1797
1407
1143
1947
820
355
1375
639
1604
1351
892
293
1473
44
1356
566
60
1582
1868
1600
1440
177
10
400
655
1833
39
242
1759
1394
990
110
1664
1692
1565
580
1787
1834
373
95
1001
1657
1583
1990
