1766
1878
1565
202
301
1429
209
1143
508
625
1385
1108
958
631
1423
295
1404
1355
1170
1891
1639
879
905
1368
1183
1791
842
1881
1557
1551
1944
1251
922
1209
1018
683
526
1216
85
259
597
402
1683
1649
1910
309
1788
1475
88
1670
434
1702
1692
1388
1001
601
776
804
974
1959
860
827
1180
1234
1510
1266
1656
678
1448
515
1169
1110
1542
1284
31
1069
1066
73
1115
951
1882
233
1998
1403
1679
817
732
757
1195
1323
775
1127
1505
1329
107
777
220
952
1797
1268
552
1375
963
890
2035
1912
547
1166
1755
1996
758
418
931
217
1390
1136
463
2003
394
1627
616
1411
528
619
948
1449
433
1612
1759
1809
160
1024
603
243
1131
830
519
1044
1938
1690
1543
983
1869
797
1052
2023
1989
362
30
910
470
1888
1800
1484
1314
241
2002
480
1059
1158
1393
86
908
1699
1091
1285
907
704
11
956
2021
1306
661
991
1803
184
314
282
937
1829
1858
1527
1902
1287
400
223
1103
524
40
1439
1847
1317
1485
111
1811
692
823
355
1903
726
617
1620
42
1669
1949
1908
245
2020
1545
1087
359
1454
1292
254
745
2022
1335
936
1102
1975
262
238
431
1546
214
1109
1954
292
790
1789
1628
467
1990
150
391
570
1396
1383
811
2006
420
1130
1304
1678
510
1502
21
806
1363
1377
838
1332
194
331
1994
1379
1079
1400
857
1574
1760
340
1366
1529
443
518
897
1418
1570
1992
1982
1513
1534
1097
1560
1880
1873
1288
231
181
577
2000
819
1395
242
178
1037
36
1665
550
844
92
1870
1886
636
889
258
1590
49
1238
1556
645
1757
1746
328
1658
1644
1479
1705
858
456
1309
957
996
1414
663
290
1140
1999
1936
1139
1247
738
1923
703
1950
975
1876
145
1664
1805
1820
1589
665
1960
1380
43
869
1451
607
448
2001
1676
392
885
454
881
1801
490
1283
398
1618
26
1
1787
255
537
71
1133
1727
1204
1007
423
1776
854
1301
1937
1587
370
2033
788
2027
1028
747
1860
280
632
27
2024
354
1047
620
1730
105
246
1538
288
1865
1063
1021
302
1913
1244
1347
450
1055
256
1859
1782
87
1995
820
1167
1652
978
1205
1780
1437
296
1124
1342
1397
848
1674
430
1291
1231
1010
729
1157
1607
22
710
1977
333
744
1605
1211
1084
1048
875
1752
93
1900
1227
1083
457
330
918
821
72
935
12
903
1252
735
285
880
378
698
737
680
1259
334
1588
921
1871
304
1691
471
353
1129
1681
1818
1386
634
327
96
1964
1579
15
316
997
261
239
1016
785
1906
141
70
161
1300
578
1117
372
210
1120
503
1150
1349
1594
1541
650
1430
560
1810
1461
1672
159
1563
167
127
1825
171
563
1997
1537
1161
1750
1815
1491
1319
614
1641
1354
769
1813
487
1333
174
1374
1833
1481
234
1492
227
1202
756
379
1550
1507
873
84
438
1767
1020
1311
482
716
868
648
995
1004
649
1591
99
1267
1310
348
106
1424
1637
1861
1290
798
163
1875
1734
1365
1893
794
1230
235
368
1571
312
1642
376
1573
973
419
1221
942
1152
183
694
627
129
928
1324
458
1219
1814
158
1962
475
549
1761
34
884
1742
16
176
1862
1508
985
856
1421
1081
1773
113
612
1303
461
939
1521
1165
986
688
1511
1956
1625
1345
682
199
865
719
1275
822
407
425
505
778
1056
932
1033
796
1686
1856
1743
943
303
621
465
1340
39
200
523
1193
584
1781
1208
365
1509
1798
384
581
1017
1068
1740
1907
511
1409
155
45
1638
1265
1921
1077
1852
352
1450
1933
835
1725
592
1988
1002
396
408
933
1402
1223
1632
493
559
343
59
417
325
429
877
1613
783
1206
1082
1350
1584
1351
557
1009
1941
1320
136
321
1302
373
555
1440
964
984
363
1229
969
1688
1043
206
1011
2038
1942
201
837
2010
1276
883
32
1184
1093
1196
1673
896
693
583
812
1553
800
1477
1687
409
912
1089
397
1164
2036
1057
1608
816
1431
1598
628
1025
673
866
539
63
144
1832
151
1522
1932
1911
1308
1979
828
68
1616
1896
1771
572
613
1536
51
1381
1013
175
2013
1488
53
899
845
187
548
1614
1190
850
1853
147
736
579
196
272
1239
657
54
861
131
1845
1849
338
460
216
749
310
863
485
266
1373
660
1271
586
1075
1506
198
618
1401
2008
596
1458
1389
286
1371
94
610
185
1630
126
1935
83
982
1729
385
1361
1465
771
1984
364
1993
1983
1362
1854
104
795
1331
278
970
654
668
260
248
723
534
968
341
915
1918
1217
1432
300
440
1473
442
598
55
140
1952
277
791
662
540
1976
1651
606
1568
29
1176
1467
289
1593
1426
1986
1774
1280
2030
859
250
1428
1315
876
1417
1042
843
689
1433
1494
1799
721
740
1339
326
1885
1532
337
941
1346
892
1278
25
1667
1100
826
1253
1682
818
1914
667
1586
319
895
1237
41
655
77
989
1357
422
494
676
582
1213
1496
1723
1344
530
452
1054
1905
1427
1650
1070
1925
1929
1207
446
205
1736
232
1919
562
80
914
1828
1353
768
1086
1145
1343
1174
1512
1198
917
1897
1843
102
1286
832
78
944
2039
1963
517
760
697
573
700
1851
267
1696
426
1128
473
1985
149
1764
743
3
824
44
177
1554
2012
492
1634
1000
1928
498
656
1119
1405
1758
1233
2034
674
1953
1250
1005
1041
455
403
20
2037
739
1256
872
1067
1685
1490
805
1621
1559
1181
1762
763
926
742
543
1693
1626
1114
780
421
135
10
1338
1413
1535
226
781
1456
1552
1841
1298
1148
1078
1155
1445
1864
230
893
1406
1446
1316
180
1715
100
1969
1720
1940
1039
1951
191
1022
1435
491
358
651
1619
813
725
1710
1412
1061
807
1049
374
847
225
1482
124
574
1186
208
953
1464
114
69
1640
595
1171
1149
1156
459
1747
561
415
432
2029
447
1945
1668
115
521
472
486
1123
960
1708
730
576
500
1558
862
1533
713
172
1407
1293
1122
1194
60
1334
966
1258
1023
1583
168
1138
1592
375
1153
143
1480
1792
691
733
57
919
1569
1162
715
1582
270
2042
221
1567
1694
637
1019
48
839
1060
720
1254
1296
1957
218
773
1827
962
138
1245
89
1214
414
213
1927
1255
1313
228
424
1931
496
2
641
247
1848
1497
153
1816
1751
1846
1036
371
116
644
509
514
1623
815
1452
894
930
1823
1058
630
712
1372
671
1547
538
439
211
38
1867
297
190
1930
1327
386
718
1297
65
219
920
516
265
2016
1836
1305
1531
1191
1378
864
1892
1648
497
1257
605
24
1243
244
977
1112
971
1561
558
132
1700
590
1572
1188
1203
1737
1808
1419
108
1834
1662
784
1356
1895
329
874
462
311
123
575
1504
1524
1474
1453
1654
924
279
62
642
5
1455
1312
0
1745
1503
483
1071
501
1704
427
1040
1917
727
1575
1726
652
17
412
236
1939
1501
1961
203
1154
998
488
307
1675
1738
841
556
382
1438
441
1741
1721
1006
1866
1177
1883
810
284
1469
263
1663
1887
909
437
1611
1659
1981
1210
428
1530
1222
1281
276
1689
335
529
1359
1987
1850
759
1121
886
1226
1978
976
724
207
792
169
1015
1661
1134
389
1826
927
1868
711
1088
1898
91
229
2045
1487
506
1289
74
23
469
1420
1498
1643
1008
2047
1790
1596
520
1972
1622
1376
112
212
1441
765
406
2028
1282
1874
215
653
1185
1030
1701
901
1706
532
870
522
728
789
1336
264
1971
513
274
871
157
1697
33
1555
173
1540
1539
1249
1046
852
568
9
770
1837
1094
945
829
1779
1328
1360
904
705
188
1756
643
1074
1544
1581
1807
1050
629
1645
695
980
1601
633
1415
1443
50
1135
1053
1197
28
1392
2015
388
802
542
1968
677
1192
961
1321
1434
949
1295
240
1707
1277
204
666
1684
224
347
1562
1235
1671
1709
675
1294
1358
1262
1462
1840
1073
95
1326
1398
706
1220
1457
900
1279
722
1111
1382
1160
1322
1080
1872
1076
1713
1719
1151
940
533
1602
1173
495
1635
1391
1646
1604
551
946
2025
1348
90
1796
1113
1224
638
687
1636
734
410
588
381
14
787
383
670
684
101
35
19
1264
1783
464
156
1926
1261
1172
846
752
1416
369
1817
1436
1062
1777
275
1772
1263
6
929
148
1242
1460
298
799
793
361
2017
774
690
1065
2046
1744
1215
349
599
502
118
1101
1144
1812
906
345
753
1410
1609
714
849
1599
1657
317
356
162
708
237
1922
466
731
444
664
934
1516
1095
1471
499
707
913
1703
589
476
696
1946
1212
855
1478
98
401
544
888
1248
1610
1899
1032
741
608
46
1830
287
1624
416
994
1146
1027
751
545
299
393
130
1125
122
967
47
1225
1126
1739
1924
380
1980
1394
566
399
1904
834
1793
1855
531
1341
988
1804
339
1600
170
79
165
1916
1901
546
882
1735
1775
1765
1399
569
1884
1029
1763
322
992
1240
346
525
938
1045
1633
453
2014
366
1528
814
504
954
567
1578
786
635
1064
110
1182
323
916
119
109
803
66
1178
1566
179
591
67
1879
1179
1973
377
125
1107
507
1270
294
281
1014
2041
121
1463
1732
344
283
1085
306
604
685
152
308
182
1844
1822
571
2005
1576
955
2031
611
195
273
647
1523
1711
853
166
1821
1098
1660
1499
746
252
1943
1072
672
56
623
1606
1447
13
1802
142
1367
146
585
536
1352
357
360
1717
2019
965
445
1564
1889
1749
1768
755
541
1486
1831
413
405
947
61
772
1466
435
1653
878
64
891
911
81
1104
1116
1387
686
1012
1369
1894
315
318
669
103
987
291
342
659
1163
1035
52
764
1425
268
1003
809
192
1631
2007
639
1769
395
1489
1137
1680
305
1724
1472
82
1580
1228
615
754
137
1877
1269
1175
1241
1142
554
336
1141
390
1051
1187
1965
767
251
779
999
972
1839
193
527
925
134
1517
867
1603
1364
154
1695
622
1549
1974
979
474
887
990
197
1422
481
436
133
1519
313
249
1716
898
1806
1655
2004
1325
1955
1090
1857
1967
1132
1199
1970
1459
1118
387
602
1444
324
646
1236
1795
1031
350
950
37
624
1824
1273
1526
2011
1748
1920
836
451
1495
766
923
1819
479
164
1778
1615
478
1909
1105
1493
97
808
1770
840
1617
2009
762
1168
600
257
186
1585
1232
1966
1201
1722
269
1147
1330
782
332
189
1666
1106
587
761
717
1099
1753
1500
1034
1307
1714
1890
1548
1299
1159
120
1442
484
117
1470
1597
959
1784
1318
1520
1835
7
1096
404
1958
580
351
681
1728
1991
367
2043
1026
1274
833
679
1370
253
1948
902
1246
609
2018
8
1218
1518
4
801
1785
1786
640
1733
535
1038
320
981
1200
1595
1947
1718
748
1260
1483
2032
565
564
709
1525
1189
222
553
1515
699
1915
2040
75
701
593
512
489
139
1384
702
18
851
626
1476
128
1934
1794
2044
58
825
76
1337
468
1754
411
1731
1698
1577
1514
993
1838
293
1272
1712
594
477
271
449
658
750
1677
1408
1863
1842
1468
831
2026
1647
1629
1092
