2002
490
450
1542
2013
1739
982
149
600
530
1445
583
685
1475
1405
46
1471
1422
1108
1905
1535
743
623
1785
135
1284
195
89
1931
1994
1976
1509
639
722
597
656
1593
287
592
316
992
259
1732
361
1969
394
318
1547
931
642
1348
940
1556
1874
1889
598
787
347
557
2001
427
1541
300
1987
1949
968
479
1085
1222
925
112
355
577
1612
1870
804
1317
1513
333
1858
308
97
400
1766
1053
379
824
438
215
1627
1828
552
1326
670
1035
1138
805
1970
336
1126
1110
1344
305
267
461
1807
1313
820
1754
909
735
1257
226
932
1015
302
1955
98
413
1985
1130
936
1689
1779
1960
658
1396
1552
1680
1093
1852
748
174
358
1233
728
462
13
991
744
646
1871
838
1442
1773
771
688
1013
480
283
1570
1299
1654
1055
943
854
288
1461
343
453
406
1988
1417
887
894
888
896
1086
1682
1341
339
2040
1076
1249
550
1980
986
652
1832
842
1930
650
1474
85
1382
27
558
657
1204
2011
1363
1951
237
443
1385
1394
464
649
1282
1894
4
1080
1667
63
402
1453
1633
525
77
516
1414
624
605
1173
1347
1367
1314
1702
857
1851
833
478
1277
1153
1546
1185
1995
1176
16
348
1416
863
2032
1997
1226
532
1281
100
449
867
1302
727
1483
1211
439
1418
203
106
1638
1227
520
596
1251
1964
83
1730
1522
1331
1971
1567
1125
1759
1748
34
1378
1478
716
891
445
1279
1298
440
551
151
491
832
673
707
544
1578
1934
1247
417
562
1431
14
1516
1508
621
1760
370
492
851
258
1178
643
679
150
2029
806
1639
1674
1817
995
414
2030
1538
1492
147
1320
830
205
1849
1016
1984
1265
1230
1448
1908
1724
6
1614
2045
1056
1410
1839
1856
801
240
956
2012
1835
1375
1371
1158
1782
791
622
130
876
1927
1826
1065
228
1192
654
501
950
588
537
755
1528
57
753
286
1798
1144
1091
1548
914
1134
278
217
1511
738
366
269
165
503
344
1423
1407
695
21
756
1671
1771
781
1285
641
908
1625
1322
1020
268
1843
690
1318
354
1360
67
1623
1321
1943
1297
1584
1412
519
1823
254
850
180
481
260
274
1426
1590
1972
1929
958
409
1566
1280
620
232
209
30
447
466
1243
1278
1504
1953
920
1502
777
812
1900
1115
1525
1829
141
853
682
1777
1276
1003
1506
1202
957
1089
1487
1848
872
1425
1159
1214
660
1636
175
1786
1860
694
1725
1454
51
1205
1719
1768
1928
1903
546
1441
1695
1097
881
1256
1235
1864
1240
1269
1472
705
1761
1139
576
416
157
674
1783
1675
352
281
1432
511
868
1628
1602
632
1191
1606
1255
154
762
1272
1028
1531
1389
1514
822
262
741
1270
1802
1162
1670
1103
285
1935
1527
880
2015
1550
960
1146
775
1794
1978
341
1397
545
951
1727
732
845
241
1660
1665
797
384
843
1129
1128
1486
1350
1319
535
785
676
1355
1400
606
1163
116
1198
2010
693
837
126
1099
1088
1728
1324
133
412
1672
351
338
1526
1338
584
2017
389
1814
93
1369
9
1813
1309
1811
1288
472
433
484
2016
1668
1924
687
1152
1059
1948
1092
1300
937
189
393
1745
103
1147
1966
935
497
1792
1588
580
15
1207
1010
823
1762
322
434
378
1186
1875
2008
1559
886
534
1271
425
1876
1439
1075
1437
31
11
265
1058
904
192
396
290
1599
1896
387
796
746
1716
1867
745
531
1549
1184
1104
1891
1692
1060
158
234
2026
1467
143
560
1102
593
861
1726
2044
455
709
176
1311
94
1565
1581
429
555
146
1258
773
374
1673
1001
987
504
612
1208
162
197
1819
655
776
711
1457
1390
911
702
939
1952
638
774
1568
1676
54
1113
1637
778
3
40
603
1615
235
1604
463
1105
972
272
970
1917
1330
841
198
214
1752
1642
874
196
134
102
1261
703
814
467
59
1305
1803
749
564
1096
1914
1646
213
1709
50
1116
969
1004
1351
1391
715
1679
589
155
1409
246
261
1490
1014
505
1942
601
1873
595
784
1619
1645
1154
1613
1847
72
399
1234
1263
631
737
523
401
25
691
1553
1040
821
37
53
1459
916
1340
500
430
1179
770
865
616
346
994
1698
671
1805
22
1618
910
1072
1456
1979
61
1902
809
1220
65
1844
1458
111
1880
1465
367
724
1993
1765
811
875
2047
1495
424
1395
122
1027
1991
2014
210
1180
1119
1881
1704
961
1241
131
190
29
1002
1708
725
1196
1705
1336
839
852
1808
395
1892
1308
161
1266
411
1025
742
1683
405
369
1384
468
1658
575
1920
1393
1291
418
1767
1294
266
1706
890
451
1712
1729
696
884
1996
1031
124
2038
818
1831
1386
933
794
350
1077
1918
1751
1621
489
1043
637
1530
498
1200
1195
1806
64
900
1419
1906
323
1904
483
1575
835
45
1354
1605
1114
273
1370
1699
127
76
1303
1534
137
95
444
717
627
618
686
1736
1747
1244
1433
1622
1484
1710
423
1054
1940
326
975
1071
1481
371
1248
944
1986
873
1358
1356
1596
125
1775
1157
697
1123
1011
1756
1878
291
1836
252
1922
280
1045
895
1793
574
635
1022
1693
1650
1236
1517
1617
1424
1958
1883
1008
1718
1910
633
772
602
760
1168
81
1436
1044
1289
1764
1631
604
547
117
913
634
38
926
160
1039
2009
1213
661
243
295
1005
1558
1701
172
712
1640
786
955
145
1818
678
1051
1197
1937
1587
569
967
1046
922
1583
1443
1447
403
1042
585
1544
669
426
949
364
993
1337
1560
736
1368
1717
1143
1653
1820
222
1861
667
43
1041
1228
138
567
1450
1865
1872
1430
1787
815
683
885
230
1440
299
1342
342
898
666
1048
1827
1608
684
177
1286
1215
23
1664
1595
88
398
1493
1862
99
1339
1009
1816
1868
388
1610
1810
179
945
1780
1886
751
1189
219
1663
20
1225
201
1372
1573
1533
2033
1510
105
1111
2042
144
1
2006
108
128
834
1026
1678
964
1007
1293
1869
1223
1212
559
733
1175
474
698
372
1624
526
578
1784
1464
1822
1497
496
70
385
1301
1387
665
548
218
668
1594
877
1057
441
799
7
1607
739
980
1117
1772
1315
953
1893
1562
1770
689
1246
591
187
2022
152
1957
1778
1169
279
1999
289
1050
761
706
140
789
229
1580
1720
1738
590
1171
1749
1166
1700
363
1959
1087
1644
1164
1774
1946
1188
460
1507
473
19
1551
524
807
185
208
1106
1392
1687
1283
1890
1630
1809
976
1036
769
276
1647
271
1019
645
871
983
2046
541
723
330
1887
1758
1434
930
487
42
565
1033
611
628
2018
493
1183
1353
1563
132
435
579
506
1006
1677
946
907
1963
340
277
1082
96
12
607
264
1177
1597
701
368
101
2027
1101
613
1781
996
515
582
1733
1496
912
1601
458
1681
1383
1463
2043
1854
1460
410
1095
47
536
1788
1221
1219
1190
382
1352
148
270
1592
1224
780
1713
1421
306
829
704
1545
471
365
1295
404
1381
1032
75
928
469
1555
1268
866
1932
2034
849
1137
1965
1540
923
617
1690
2019
415
538
502
1589
1237
831
312
512
1307
1066
1380
1707
79
357
1488
948
386
1888
1420
2007
33
941
903
1789
1473
989
974
1156
325
1532
1482
1140
1641
1500
625
284
1374
1079
419
494
1073
803
56
1830
454
390
1582
1455
1799
48
1376
1135
1571
1365
1600
965
615
247
173
549
1543
1834
236
792
60
362
1753
26
1857
86
2023
864
242
848
793
1824
1992
571
55
1170
329
1795
1911
662
889
952
1524
759
1755
1316
902
204
1901
1068
1821
255
1842
764
1415
1853
1897
1926
827
87
1657
1217
1328
257
1366
314
860
1149
238
1564
1586
1797
924
1262
971
1518
495
1127
664
508
533
1505
893
1983
1898
2024
1750
1833
1296
959
1598
798
1577
216
256
1574
225
353
377
581
2028
1023
883
1501
1199
977
758
182
1161
1399
245
69
1837
962
360
476
211
919
84
1916
540
1703
1427
929
795
392
335
376
1850
488
5
1939
1480
310
1989
981
1686
136
1398
648
1899
802
1201
1611
899
1438
553
708
1292
184
819
1840
539
1332
381
813
730
1452
1841
1012
115
1521
1150
1973
1879
729
207
1361
1974
1688
563
120
1734
1537
528
311
1047
788
892
1142
1030
331
1921
763
934
1941
1145
1466
183
303
1024
1561
1737
1469
482
139
1069
817
298
514
653
2039
1345
442
1945
644
1740
1721
456
168
963
202
1476
1603
1895
1242
324
1327
1634
1529
647
1052
1216
307
1259
856
521
181
1021
1121
1923
328
1662
1812
166
74
315
800
1933
1523
1648
407
1576
659
1131
1034
1349
1160
334
1855
321
1609
421
17
720
859
750
1287
979
107
1485
1254
672
651
847
1998
734
52
1446
1845
91
1503
1539
1210
629
1757
938
1411
337
1187
1275
783
1335
570
1250
1519
1120
71
522
1981
1685
713
1245
1165
1741
1877
263
1815
1723
1591
167
1866
1229
509
477
1661
36
1209
1118
1569
599
1846
28
465
1273
1512
1825
39
431
78
1804
1290
121
1746
10
1961
2003
1260
319
681
1124
566
1239
397
825
1029
1882
675
1863
1206
1090
878
947
129
1377
221
1536
1064
104
882
2031
1651
1167
296
836
470
1936
984
561
594
1038
1325
1691
224
1181
118
747
250
2
90
915
1122
699
485
1132
1468
1449
1479
66
1744
869
529
359
1334
1000
1133
373
1343
1346
200
1722
1193
1919
186
1194
446
790
1252
677
1462
428
282
1329
1956
332
721
740
692
253
1629
765
327
572
844
249
244
1498
1962
978
1172
1081
542
206
1515
123
1373
1155
1913
1182
313
1884
826
1100
163
766
380
1554
808
1572
906
556
680
239
1907
1801
1938
1743
754
1310
1049
297
905
1428
640
231
1714
193
990
58
768
44
1909
73
1499
586
452
718
1790
917
35
1912
62
1735
292
568
8
1944
1520
92
608
1925
1267
918
1470
636
2021
2020
475
159
610
1401
294
1669
1694
757
2036
573
1435
779
587
188
966
1950
855
901
170
1742
973
846
164
554
448
1402
1635
1990
630
80
1078
752
349
700
1304
1362
1379
32
0
1632
1174
782
1652
999
436
320
1769
1444
1357
927
2005
1253
517
1715
191
220
1659
1859
1333
997
998
113
420
619
816
345
1306
1312
275
142
169
954
942
1684
178
985
251
1696
1915
24
609
1885
457
356
1112
1148
1947
304
486
317
626
1656
1557
1067
82
1643
212
2025
1579
663
1074
543
870
1800
828
840
1616
1711
1731
1977
2035
1083
1494
726
1655
1954
1404
1626
1838
153
1982
2004
114
507
879
233
1098
459
1763
1697
858
1274
1649
518
1791
49
1491
194
1084
1136
1429
614
988
408
731
18
1231
109
1585
171
1037
391
513
1062
1070
110
1776
1967
432
862
1203
1413
437
1359
1323
1151
1975
921
1364
1017
1403
1451
2041
156
897
68
1232
499
1489
719
301
199
223
1406
1620
1061
309
1264
1968
383
1408
248
1141
119
1238
1109
2000
1063
375
714
767
293
1094
1666
1388
422
227
1107
527
510
1218
41
710
810
1477
1796
1018
2037
