202
1319
375
1238
701
2032
569
890
1490
477
353
1196
422
33
321
684
1499
328
2019
1003
303
1210
1902
28
1630
290
26
110
1504
1093
1346
622
1362
920
1668
1826
1469
778
324
1985
345
1291
1108
690
1079
78
9
1982
148
1850
81
436
1518
1948
966
1812
1232
999
1935
1125
136
1021
2000
379
839
1185
419
655
221
647
611
572
567
1758
1905
1960
1002
1175
733
1323
1075
211
367
1659
1895
1567
107
1486
1978
1608
443
1569
145
1980
1463
1957
1496
880
982
1057
1808
1526
973
1489
742
506
1216
1063
1246
296
856
747
1778
1224
759
332
1716
1938
313
1387
19
1836
418
1088
58
1663
895
463
1395
1979
1344
1475
1657
426
775
1954
1406
287
2024
464
406
941
1834
937
1970
1734
1929
207
1298
1462
102
1158
1889
2031
121
1973
536
441
1101
1550
1177
1703
651
1220
1548
912
1313
1741
1163
883
779
877
593
1162
1837
257
1861
1186
1606
1270
901
530
1843
1347
376
4
196
596
1390
1402
94
517
486
2010
484
841
1445
199
910
467
760
130
1623
1989
843
761
1044
216
1777
1908
859
728
408
1264
1169
1330
739
1528
1373
46
1614
556
1227
51
1772
926
1880
1653
887
1122
395
1140
954
519
214
736
1006
1658
2013
1922
1248
1965
1635
1315
1341
1806
881
334
1594
762
1681
282
1256
197
808
253
1015
707
961
1352
1005
1751
776
1111
696
1637
255
1265
1440
1514
828
80
831
537
327
1816
1752
1773
826
1430
1394
362
606
976
1480
1176
898
1412
155
787
1583
1164
1639
209
1906
1981
173
1064
1036
1501
254
1309
1358
940
120
1437
1847
1083
1427
1149
714
756
1999
1930
387
975
675
333
1092
1897
587
280
727
1921
283
187
1535
1012
662
15
125
1638
1800
1099
846
1792
1589
1520
1360
2047
853
480
1245
1923
1856
1743
615
1193
1396
837
127
2027
1073
399
483
2023
1723
1947
1409
210
336
1477
535
157
601
2014
1744
1832
605
249
1874
1669
1067
564
577
641
309
1868
677
1492
1199
151
1728
845
805
1113
1952
788
432
918
1865
1976
1784
2004
1188
222
1708
1040
1900
1795
237
1604
1110
337
823
495
1219
953
458
1724
731
885
648
1045
1035
1827
269
1367
241
752
1987
1529
610
2002
1693
356
1305
1521
679
1919
1648
1094
897
242
746
326
1955
551
807
76
1995
444
381
169
1297
750
1060
123
243
1541
1928
720
1779
812
1509
2035
344
635
1355
37
755
1116
1308
527
799
2045
1399
566
1053
456
819
1133
220
1368
297
663
352
391
1300
1120
1848
1182
548
1785
702
459
347
1089
273
1280
389
502
86
1958
165
1879
1925
440
997
1334
832
147
1707
1972
1011
368
1112
265
709
380
1025
568
2011
683
501
1783
1815
423
394
142
411
1332
1118
1988
43
226
307
1793
734
732
1646
699
1940
1411
681
1819
420
772
616
621
1911
1672
1055
1263
1200
425
868
879
358
1172
797
1602
437
1789
168
1361
93
515
1350
1706
1132
7
555
357
1054
1414
620
824
784
1506
861
1102
1851
1828
161
1275
1686
1474
629
1203
583
687
613
60
1794
1420
1460
520
166
1388
1770
487
1487
924
266
2040
801
1223
442
1426
1698
586
304
1136
667
660
2017
1560
1774
716
835
1626
838
608
1883
844
438
821
865
798
1761
1825
45
545
958
1503
689
167
89
1753
934
1138
1628
429
320
179
547
1516
1212
1557
1204
1810
494
552
1431
5
1821
1791
182
97
1624
1192
1582
860
351
189
565
2007
971
1787
1478
1805
1034
771
652
401
1255
1820
1959
1636
1257
488
1087
729
518
1933
1000
1145
115
299
1357
203
1945
413
1398
20
13
597
233
373
1951
743
70
1691
908
1356
421
1195
1114
1575
71
1801
1649
1301
603
1682
1243
1218
1713
942
314
600
141
906
1975
513
103
1479
1924
1544
1731
306
371
1456
1712
602
1833
671
1680
1410
1797
1586
340
1130
8
1078
827
1470
944
365
618
1846
705
113
1545
16
1461
1154
1581
11
626
1343
1986
650
741
1599
1913
916
1738
1662
212
225
1401
1139
630
1916
946
1592
1051
1194
931
1311
35
532
768
1969
433
1756
1717
1268
366
57
1336
1337
692
1413
1180
1059
1251
1451
239
1857
474
339
1435
1524
1871
1563
1429
1249
396
417
813
721
1829
137
1709
1670
956
1295
1179
979
1610
1415
219
1882
2015
1168
1207
981
1095
849
1629
1170
1498
1809
933
526
1030
1721
1181
1160
985
708
82
1601
1137
790
174
1250
1996
146
1515
1615
329
171
810
388
1704
983
135
858
500
1766
1694
1129
524
1327
634
902
1547
1289
1667
737
390
1790
223
1438
1103
1152
1705
765
1814
1066
1740
876
1802
509
1727
935
830
1527
1141
888
23
1946
1124
1466
533
1584
1027
646
504
325
450
1217
1302
598
1074
1244
1605
409
1699
1600
1098
1485
1522
1835
574
1767
2037
1418
1421
724
1588
1231
1891
393
1971
1654
674
781
1720
1156
1038
974
434
1119
1017
1967
1084
224
1844
1134
867
1852
1214
1317
794
1018
1765
301
410
1321
625
1450
350
359
693
2022
62
1391
126
592
1322
229
1804
1817
491
1233
213
955
311
364
252
63
1656
319
963
1763
1968
316
2044
666
1647
1576
1875
96
73
435
74
694
1886
466
1222
1517
476
98
1573
430
1872
1899
1465
53
712
994
874
1963
1157
1878
176
1061
462
302
415
1732
1755
129
688
2034
960
49
2016
308
814
644
258
1818
1260
1869
1278
1830
67
499
79
1213
1782
1096
664
2029
1505
1719
1687
1455
673
1366
1285
757
864
1877
822
792
1991
525
2038
1221
1824
1488
65
1884
92
1493
559
1028
796
1007
2018
1494
857
1292
1206
400
1205
764
514
590
1046
1091
1165
988
1041
1532
680
1510
190
1379
1454
153
1439
1585
758
1664
428
1993
704
1914
227
1209
1033
1748
1867
158
1688
1597
1077
1655
505
915
268
1926
424
457
472
1325
1369
1571
1853
1652
968
1288
235
842
863
1329
124
929
1994
1281
1612
469
886
264
980
471
1261
1037
88
1190
177
2036
872
1580
869
1320
723
348
698
2042
247
562
1565
1068
1121
672
770
1353
1376
489
263
540
1050
686
1266
676
1019
1364
1284
1616
508
52
948
896
1786
1082
965
24
91
1240
1807
1570
751
833
275
1796
208
1729
109
87
1422
1459
1894
659
1467
950
386
361
497
1151
195
851
1730
1235
405
3
1105
1927
1590
1696
1187
825
1419
300
1228
2
248
1754
1813
111
1049
1620
1574
193
331
717
1481
453
1135
164
178
270
836
1442
1619
1146
923
1854
1949
544
131
636
305
993
160
1269
1697
481
2008
184
550
1016
1625
1771
1338
921
105
25
1876
947
866
104
1633
970
346
1009
330
1008
1052
188
670
12
1964
1937
30
1992
363
1335
2009
809
1918
654
1549
217
31
69
609
460
281
1944
285
343
34
1660
341
1072
236
1892
894
595
1127
1523
50
473
2026
703
829
439
449
571
1128
1695
763
138
786
1870
1273
44
1990
628
1345
1303
657
682
1371
398
1932
412
1640
1859
397
475
1534
1631
936
1538
1618
485
1370
1966
1024
878
952
903
1530
1579
738
175
1392
1679
48
295
850
529
989
1781
256
1274
1324
538
2043
573
1508
919
773
59
1307
41
1287
1048
668
1531
1910
1645
1512
969
546
1143
288
811
490
1742
1271
354
558
55
1029
1956
627
939
1497
1443
2030
1014
194
584
1893
1562
183
77
496
1428
1070
1578
1611
1109
1339
2039
403
1961
893
855
1714
382
272
29
645
607
1745
1389
1286
1845
1759
507
54
1022
1144
695
884
914
1378
1552
1189
1495
848
599
1840
643
1788
945
1962
1559
1472
581
1887
1607
820
531
639
925
1211
75
1823
1953
1775
234
1042
335
1069
913
1449
804
1277
1685
1622
1097
1262
274
10
14
1666
1558
561
991
180
163
1242
769
414
1769
156
1725
323
1457
1039
206
1062
99
685
640
1609
369
144
907
642
1702
638
589
1237
383
1299
990
1123
318
938
100
1446
1090
39
1621
767
360
1974
1081
1147
1333
1546
1393
1453
2006
205
1838
1675
134
1484
1661
230
1382
1026
1595
1692
152
834
782
64
900
1354
293
1476
882
1159
978
1841
1644
1977
1890
706
112
1197
61
777
967
291
185
1556
1715
47
711
1408
1173
1405
1747
1561
563
800
1627
1436
349
780
1591
633
1555
1294
392
1780
1468
554
1799
1684
218
1404
122
1198
870
2033
576
1282
917
310
580
231
1536
1191
1148
1290
1903
1432
1909
591
1375
1424
446
623
461
578
1267
140
1153
1798
995
986
170
1342
286
1678
470
370
128
1690
1839
1252
516
1934
478
1939
543
407
482
2028
818
204
1718
83
1941
1689
1912
998
1863
451
847
1386
1572
447
1915
553
201
385
992
42
1726
503
1757
1226
964
1855
1241
90
1100
1674
374
106
1746
192
930
1171
84
246
802
1482
1304
116
892
1043
510
108
1632
1276
783
557
1004
1104
342
1071
2012
139
889
315
1507
1673
1676
614
1229
617
454
789
1230
95
588
1117
542
928
522
0
749
730
298
150
1365
1441
840
1013
2021
1106
612
251
2020
744
735
2046
1701
119
56
512
1086
1917
528
718
1407
312
1862
700
899
452
1733
149
1502
1864
377
479
656
1842
455
1587
977
1671
649
1598
1920
1318
1142
1161
1651
279
38
1896
658
852
72
1540
1259
159
132
957
1737
1860
1554
631
18
653
40
1650
1131
803
1349
951
1239
1384
1023
817
1279
1377
118
384
2041
1001
1858
1641
289
493
637
875
1500
322
1735
284
575
245
1998
378
715
1020
1603
85
1596
238
1677
873
1234
754
795
172
1167
1348
549
1936
678
1831
904
949
1683
1537
1416
1849
1483
1383
1150
984
815
2005
1904
1513
1155
697
1310
785
669
891
1283
1306
143
619
972
114
1942
1385
1351
498
719
511
1983
372
1328
244
943
604
748
1613
713
1247
1511
1316
1178
1803
191
1642
1381
927
1444
1888
1085
922
22
448
1107
1032
1525
1473
996
521
1184
1258
1768
1236
1519
594
1447
1464
539
1634
624
1471
1056
228
1822
959
267
1076
862
1543
1577
1400
66
1272
1254
740
260
806
1452
27
1901
2001
101
1617
492
665
905
1907
1564
1434
1031
1866
117
338
1
871
1533
1326
1643
909
753
1397
6
292
1491
181
1065
1372
1215
259
911
962
1873
1665
1433
1174
240
1202
791
1058
133
579
1762
17
1331
1340
932
261
1750
725
431
32
416
465
1458
1253
278
1739
745
317
774
1047
1943
1776
560
1208
582
1417
632
1539
1566
570
1885
427
534
1931
154
186
1183
1997
793
404
854
215
585
726
1764
1593
468
21
355
1115
1293
1700
36
1425
1984
294
1126
2025
198
816
1881
710
250
523
1380
68
1950
722
1403
1542
987
1314
1201
661
1898
1423
277
162
766
541
1811
1736
1374
1363
1749
1568
232
1166
1010
402
1710
1722
1359
1553
1711
691
276
1080
262
1551
1448
271
2003
1225
1312
1296
1760
200
445
