598
1417
1233
1405
1918
1329
1968
1012
33
1071
684
1566
1959
1520
365
1549
1757
28
2006
1535
2036
1482
1865
604
1540
1190
1802
1364
606
1746
703
360
1464
1937
2023
359
1730
2032
1780
118
1017
1268
335
1201
701
1622
1381
876
1813
346
1724
1074
1710
1248
369
682
259
1785
997
515
1844
109
1062
1858
1485
1119
1895
1090
397
1502
884
209
2002
1222
1375
851
672
2013
548
706
286
110
1100
1188
1987
1863
514
205
65
199
1821
1011
449
1509
1805
1484
1166
257
1704
519
1213
64
1824
738
1577
1271
661
1776
1025
1024
2004
1777
89
905
1991
958
1263
1371
149
353
1236
306
1420
730
476
1920
1544
568
1733
974
596
779
1341
925
461
139
887
1170
418
215
1843
733
1869
1956
1886
2020
1321
776
1749
1900
1045
2042
1474
819
1246
352
191
744
311
1516
133
1044
844
528
1911
1331
1753
1386
1874
377
800
1130
340
1075
60
1379
1600
634
1752
1204
633
1139
372
499
902
927
903
157
2044
1689
1094
1972
1615
249
1782
480
935
1041
36
520
530
1906
219
245
877
756
2026
320
1065
1018
1193
785
865
612
742
1453
1008
917
1399
1885
1649
1771
1181
1573
765
1104
85
423
912
1870
152
376
1705
803
1284
656
1816
1901
1327
526
1241
1925
755
1276
180
1372
1680
385
18
816
668
1225
1583
1970
618
2029
1154
1952
1273
802
1921
1755
34
1342
326
37
435
623
783
743
129
1743
1854
1499
238
980
1449
1033
1839
775
1252
1067
1513
932
1286
627
1470
1675
1595
1202
1471
1788
1765
207
812
313
164
1736
1191
1367
1132
813
1466
1648
773
470
1063
447
1661
578
1289
1326
84
2012
1224
895
1334
842
1690
2009
474
1830
1860
1931
453
711
1473
1055
716
1866
1351
1644
104
1014
330
1335
1971
498
179
554
594
1164
1810
983
1579
1382
1389
986
1533
698
336
1435
314
142
1043
1514
953
1433
1619
1220
1756
1614
1349
1659
782
1147
694
1569
1721
1391
2008
1529
799
752
1927
317
237
1412
1136
1727
1468
408
127
420
647
1221
1551
1610
1500
1142
1683
971
1140
650
732
293
590
1168
710
2039
285
938
858
1436
301
506
517
1783
13
1035
1353
354
1230
1916
224
1857
1933
873
1169
1587
1694
814
957
702
1786
1234
1072
909
327
1602
1002
1598
901
1296
113
1404
1761
1030
1576
628
438
825
503
501
1728
268
390
1262
446
1092
1488
584
27
206
486
1378
1059
1171
153
1022
945
156
83
531
691
1872
1995
1717
1177
1679
1762
345
1359
1322
736
88
1157
1155
1701
277
1853
459
837
1883
1760
108
1554
1320
2016
1781
168
1462
1653
891
1006
1669
1584
2040
613
93
1593
1530
318
1282
1437
1518
1725
22
50
1914
636
1332
167
833
712
1855
1510
989
823
1294
231
1461
2037
107
1720
1734
1150
990
1245
550
792
101
1397
120
1419
1421
1187
1790
1398
507
126
843
1709
210
981
1410
1578
140
562
915
523
218
487
45
1638
1374
392
521
1512
1183
1196
1336
2019
573
73
105
437
193
663
363
341
772
1293
2041
2027
1292
166
1376
1889
411
1707
1121
1528
1647
985
689
951
714
1056
181
1867
1722
1819
731
734
349
1627
309
333
1231
47
1700
1425
1908
624
804
1673
1849
1965
973
1546
577
1735
1158
767
1773
366
1879
1290
888
1766
441
707
337
1180
1434
282
71
2034
100
1640
1079
1563
1751
458
1479
405
7
30
332
1941
1503
1652
1847
1001
324
1616
1646
747
829
1990
1416
55
38
1596
1134
1797
2024
395
21
1127
1935
1582
1267
316
1393
750
1979
75
1625
1574
16
1363
1621
86
994
398
1620
1521
279
1441
273
821
329
1954
1686
632
863
541
766
1994
342
331
1272
1098
1239
479
936
347
1227
1350
1124
1324
565
1106
987
764
266
1770
740
692
334
74
1369
1681
720
457
174
737
1940
370
1903
1366
1244
0
308
961
555
749
117
1249
745
1955
424
933
177
1159
414
1803
751
878
1639
675
1890
1299
1852
1444
379
1189
466
582
1697
465
275
1963
995
641
194
1511
1203
289
264
1792
57
611
387
504
1395
1049
5
44
1480
1007
496
1656
1672
1998
629
774
1208
1506
212
1265
144
1845
1801
1993
820
1153
99
1039
846
798
267
1068
155
1131
208
1800
948
436
700
10
626
176
1643
984
1432
1611
1662
1572
1691
1205
591
481
455
791
203
1966
1186
1152
1209
493
1981
570
508
247
1570
40
1884
388
1217
1198
119
1215
1358
1486
1492
1032
1654
1004
235
276
728
391
1984
400
1080
621
1716
723
1678
415
549
214
495
290
1042
463
1135
147
848
1029
183
1811
687
256
1028
124
1557
563
553
9
1508
61
815
1277
1
1255
1826
637
2045
1950
959
1739
1459
399
246
1504
1034
1737
1505
1665
1128
739
916
165
202
1210
1764
724
1836
1423
822
1982
1491
1912
284
922
357
937
2017
477
1457
556
1924
53
1796
856
1312
1403
1667
1522
1478
972
605
281
1552
868
988
1834
14
1306
489
1758
1443
1550
1996
1402
697
860
677
896
1589
1269
534
1211
23
1642
138
1960
11
931
777
608
1745
1581
1586
1601
1623
1493
1314
232
472
977
635
510
1424
1319
169
1719
468
1663
228
615
1274
76
918
1634
666
1592
102
836
1496
861
729
1454
1591
1651
1547
934
1706
253
250
1125
1089
1429
678
1501
51
112
788
1218
904
1726
1666
1888
920
1915
1617
409
452
564
158
996
1618
371
305
288
1938
1413
1199
572
1791
1052
509
683
1317
355
1945
1846
1315
681
1111
368
686
1904
1837
1609
1163
381
809
1657
910
1922
2011
1086
1809
1328
1893
382
1426
66
1731
1806
201
58
559
1149
1347
870
1010
649
70
227
1772
665
889
419
930
2000
1115
240
1143
128
1896
911
497
187
1553
1212
56
1702
715
401
410
758
1057
1978
190
178
835
1465
1641
1308
561
762
768
445
589
667
607
1117
795
17
478
1910
1311
1446
150
1250
1138
1173
1671
1575
854
1431
195
1558
402
406
1962
699
1207
1848
1078
1343
1658
239
566
141
1833
433
1144
1452
1794
673
1385
575
1251
1373
850
1325
1411
302
1524
46
1560
780
1712
1534
818
898
652
660
560
186
1259
1076
538
849
1088
695
893
367
1744
116
1655
1015
1447
1261
425
1383
536
1472
1481
244
115
1494
1219
1165
171
1020
412
1228
1305
882
1817
1390
2046
1096
1000
769
170
571
929
1556
727
2010
1668
954
824
826
1989
1947
322
243
642
394
806
274
494
1156
356
1873
2022
1607
1380
303
942
1636
20
1877
956
261
48
651
583
192
252
304
1692
975
1838
1562
1337
1567
1986
1058
963
1624
1280
299
871
1091
926
97
839
976
1307
551
722
539
1523
805
1392
899
143
2015
1281
159
947
579
278
1214
875
1899
54
760
1235
847
173
343
269
704
721
467
491
831
505
511
1840
1176
1695
1458
1976
1828
1103
1257
748
1099
753
69
1440
1085
221
1112
595
585
662
1323
1868
1531
962
597
1997
807
1161
1604
1859
907
307
471
1606
680
1543
547
1977
1917
1992
1377
853
1483
1023
1980
852
1229
1948
1559
295
444
581
287
1538
283
810
1953
885
1585
130
1368
1460
96
1005
1767
709
625
59
1738
1407
1939
1660
771
1038
1036
2007
1507
2038
679
416
1194
1122
1594
1344
428
230
921
979
685
797
1304
348
1571
1070
610
992
1599
1532
134
1949
1243
1891
1107
135
1740
643
217
817
978
373
1729
1674
1264
1238
442
254
1469
310
1266
535
1930
1975
1898
184
325
1875
1120
708
544
296
725
145
1699
182
344
473
522
1548
1814
1167
82
1339
122
1013
1862
2025
964
655
968
1789
965
1253
1687
488
2031
1093
617
407
460
1295
1942
993
1742
857
1842
1279
1856
546
946
270
1944
241
808
516
1197
690
897
432
160
456
351
29
262
422
260
1934
879
1943
670
1313
955
443
1021
1348
542
1400
358
1060
603
841
1519
292
967
1113
1778
24
25
763
1774
375
616
1232
1475
43
1670
1588
913
1087
872
1768
272
1174
1887
1247
404
79
1650
1275
213
32
1881
726
1568
1897
719
794
1477
125
222
1384
1693
72
949
1179
1537
1779
1732
1302
886
1448
226
1626
735
1539
524
1300
1129
1608
1818
1590
713
3
1564
609
2021
630
1278
789
1064
297
1287
1905
540
464
923
1438
1283
49
1040
413
1048
894
469
770
1497
991
944
1200
41
1346
631
754
19
622
890
26
1932
746
233
1409
1498
1422
2043
1748
619
1116
1360
1923
593
588
1301
2005
1145
1714
1408
1630
1637
1356
674
1676
614
914
784
1612
602
161
211
1442
380
717
1370
482
1795
1061
294
90
1037
1463
657
1357
1185
790
114
483
880
1401
1216
42
864
1822
537
35
1016
1769
908
2030
529
1354
1798
705
1069
638
1713
200
1141
1799
1864
1919
1536
1633
80
298
1983
1340
1629
1162
15
653
1388
1913
204
1338
263
361
601
600
874
1406
869
136
960
189
440
1561
220
484
1775
952
98
1684
1542
68
1439
654
403
1256
1882
1114
646
123
659
1288
1793
154
1928
1303
2028
574
552
512
95
1820
454
216
439
6
866
1565
1394
1428
1741
258
1613
900
781
1907
1126
658
383
1237
393
251
1352
1909
801
1226
92
421
1645
1677
1964
430
1172
828
1108
265
242
121
1365
840
12
1026
1718
1054
1545
969
1541
1123
63
1223
1083
1387
1628
543
527
1787
1333
1827
1703
1812
1137
427
1747
1487
1696
941
1450
1894
151
998
1146
859
1297
172
1969
462
448
338
1829
881
77
103
855
378
1291
132
148
162
693
1073
1427
1603
1396
1242
197
1784
838
386
811
223
78
1318
793
1160
188
1148
1414
1754
490
323
67
94
1946
580
1892
940
567
1009
741
2001
587
1527
1958
2
1525
1605
1495
1515
431
1664
315
475
1082
862
1708
87
1151
1967
1110
106
669
892
1635
2033
718
1823
545
1999
1957
1084
426
1053
778
229
664
834
1430
1763
569
787
1988
1105
1632
2018
1851
1362
845
558
586
1759
339
599
1178
1489
1929
1046
1184
111
1066
39
1101
91
1902
1580
1876
671
1019
1050
1206
620
1310
1081
1490
1051
1345
1750
1467
576
1355
1711
1951
434
1109
8
429
321
759
557
796
1985
364
384
31
924
943
328
830
688
639
1698
2047
146
1031
1815
867
1825
1723
1685
1961
271
1451
374
1260
999
196
645
644
1298
919
52
1841
350
1688
827
970
1240
300
1118
1974
396
592
786
1133
1316
1597
4
175
1095
2003
362
2035
513
1871
1097
1254
1445
1102
1047
1880
950
255
185
502
1077
137
761
1456
1361
1258
1682
417
131
966
163
291
648
234
532
1850
939
1936
62
1476
1878
1027
1418
832
1415
1973
1861
2014
906
492
1270
757
319
1807
81
982
451
1835
518
1517
1526
198
236
1832
676
1285
640
248
1330
485
928
389
1715
1003
280
1631
312
883
1192
696
1195
1808
1175
1455
1831
533
1555
500
525
1309
1804
1182
450
225
1926
