1858
1949
498
67
819
1442
458
1758
662
855
110
2005
774
1169
1653
31
1871
1759
1278
1453
1970
1635
1452
1944
354
1768
567
1563
1628
960
894
1083
1037
291
1069
1582
479
1385
227
1541
1102
29
933
191
700
512
729
1265
951
995
920
1846
612
862
390
1988
1930
334
1923
870
350
889
906
229
1081
1621
972
1153
1853
1614
1695
1710
1315
1659
1618
314
1283
1769
708
860
1393
1446
1752
1200
1406
261
471
19
33
942
1505
651
1261
1152
1897
215
763
468
189
481
411
523
1438
1212
1245
1029
606
1588
1762
1671
1698
1508
1637
1682
1763
847
1548
72
946
719
701
427
1330
262
1573
1199
919
1126
529
1403
1641
1587
981
577
555
1353
1598
599
1371
172
1890
1643
1873
452
233
288
93
1815
410
80
144
1267
1231
857
1726
38
30
696
198
180
750
571
869
685
552
893
443
463
1584
210
1775
987
1515
921
902
737
699
280
1321
1696
1195
969
1119
593
1387
136
1317
939
1211
1888
887
1287
620
488
706
1613
691
364
1737
566
1899
989
1601
644
778
1049
1059
1104
167
993
1667
1075
563
1437
1074
978
953
336
1264
901
1891
230
1827
1082
575
751
1662
32
16
542
1242
1461
986
1155
1354
1417
526
1311
178
923
807
1380
1792
174
1979
1902
1734
913
829
1362
747
131
1912
279
398
1998
1401
1124
1001
540
121
1837
880
591
1092
2027
1388
1787
369
785
1996
502
931
801
335
90
1398
1468
1906
1813
412
1896
1454
1240
317
146
143
1457
1419
667
1013
594
899
1292
1919
1532
534
1829
1905
438
381
254
1937
298
844
559
1023
1093
1130
988
731
1939
589
1578
1113
183
1785
324
250
128
856
1262
720
406
181
346
1236
1984
952
1301
904
325
1557
1487
666
1123
1883
1460
499
1381
1259
622
1181
613
105
1913
884
1355
239
1646
629
1642
1296
450
1915
417
1222
551
77
971
1288
1922
1756
432
911
23
73
570
1952
615
1597
203
1478
1987
1028
396
959
2041
171
823
1318
2042
1127
618
853
47
2028
1711
1723
1050
81
832
433
1476
2032
1230
367
504
1619
1661
1275
611
1011
1076
715
489
1411
1640
1884
741
725
1550
1064
1872
1414
114
918
1235
1160
1967
1983
704
209
1352
1745
483
1841
798
1441
1558
28
1481
275
678
1132
349
399
1057
1991
1921
2024
538
1215
1932
1812
1496
520
323
936
368
623
428
527
46
102
1724
1395
1474
376
1509
2015
1941
1402
1294
1927
1114
1940
694
982
2017
682
1654
1517
437
89
956
205
1243
2031
1133
779
1805
1359
1660
543
872
1309
1035
97
948
1322
1272
1266
273
1021
909
1877
561
1143
585
492
193
1808
610
1087
1033
861
118
284
2004
802
820
318
2020
1749
1412
1528
1731
1493
1817
1097
1564
661
655
790
914
36
927
1522
714
609
352
382
154
873
2035
1017
231
564
415
1391
595
973
727
1038
264
487
470
1290
1031
1790
1632
241
1032
431
1467
39
1115
897
310
1675
1719
1158
2008
1218
1770
1009
75
1965
137
1483
238
572
1822
295
1825
1707
1596
84
426
1980
1881
1705
147
1313
393
42
974
625
1990
1540
793
580
1255
1895
1103
1131
1742
185
88
1185
1975
1978
941
141
2037
532
1918
640
285
687
1894
964
119
206
1396
1325
1168
1210
1936
767
320
1213
1692
1561
1004
1501
646
456
1323
2025
294
709
852
43
1599
1052
850
656
925
1607
775
1416
522
1426
965
1006
1586
730
1350
45
70
1201
1005
1448
1365
1777
689
491
1336
1224
1297
66
558
808
1279
1576
1465
766
1880
52
1062
757
22
753
780
251
568
1733
159
287
1677
895
1046
133
944
943
781
1410
495
1670
1456
476
83
1499
1997
1061
1134
140
1324
1439
814
511
1839
1943
1840
761
1630
351
11
1977
103
1638
451
1192
1739
228
934
1994
1194
1205
332
1714
1053
1887
407
1765
132
1183
418
1351
484
1793
658
1969
408
1699
321
693
1189
106
158
1372
1036
548
1506
207
221
1270
156
1986
668
1482
1748
457
1435
683
1166
1633
1346
1384
2023
473
1390
363
635
1010
806
1248
1581
799
1771
1849
1000
718
480
1652
490
441
1730
1420
2011
1319
1716
596
868
1962
1148
1422
1250
1356
980
1718
371
1198
1665
184
539
1518
157
1503
849
1826
1982
117
627
1157
497
1779
474
120
259
677
307
1535
937
912
553
1514
1253
638
421
304
234
1693
2029
338
1337
465
2046
588
1904
375
1569
1070
838
1162
777
1018
990
138
1649
1286
1105
1363
771
1852
50
244
1556
1220
199
485
148
445
684
957
648
789
1256
253
1958
1327
1791
794
1161
1700
1128
1108
0
1491
1908
169
394
1800
1842
1774
82
374
977
581
69
2007
61
211
528
51
966
204
271
1634
831
12
1910
1925
263
1399
1617
63
874
1627
1973
1295
1551
1507
1819
1178
983
1565
834
1543
764
400
1025
945
1221
702
194
607
1176
429
1263
108
1820
717
1511
1728
1423
639
257
833
2036
1440
734
842
1626
1058
1861
1404
15
1431
1960
1942
1882
301
905
1180
1844
111
1369
1014
1697
961
531
107
387
578
91
1678
243
197
695
1809
1754
179
1291
1916
1249
1430
1271
1106
997
721
48
1976
533
1333
1
1034
898
947
967
1591
1625
2045
1553
268
56
813
74
416
1798
669
145
1374
1314
574
665
770
795
311
123
556
1418
356
54
1928
1282
164
1274
787
151
836
692
1864
1519
60
134
53
414
1783
1995
976
765
1818
992
926
478
1857
219
1722
1933
1592
372
628
1302
1609
518
804
1828
475
467
166
1054
1855
955
1934
1526
545
1055
616
293
434
10
1098
1951
462
882
800
252
173
2010
1527
1914
1802
494
752
312
1197
300
1444
507
79
1225
195
1999
1860
922
2019
1368
632
583
631
1099
1202
236
1559
871
716
1227
641
1415
1471
1821
1247
1472
896
1566
1993
1898
37
1136
1691
1901
1655
1830
290
1164
891
92
773
1672
1449
1585
1580
1612
453
1067
1684
2021
1720
1590
1757
760
313
1186
1953
1154
1303
1878
1370
1421
6
155
1299
1335
218
384
544
430
1664
1738
127
152
1824
1554
1736
1019
1602
442
1502
1298
1735
1727
461
302
1386
1964
1149
126
1091
603
1823
1281
1760
1681
1443
1405
35
560
64
196
1429
1413
1486
1141
1328
1112
975
837
826
1173
949
1477
14
1459
867
1747
1903
703
1187
1226
1228
1814
1109
1165
86
892
883
409
745
1480
985
1647
1539
1145
569
660
1946
1394
1129
1981
816
85
1447
536
359
1151
1208
2040
1955
1562
1051
970
401
547
653
1717
1772
269
1331
1851
217
1432
1750
446
308
1366
266
749
378
149
1570
340
292
854
1466
1781
1096
1992
464
858
1603
1377
355
1947
1170
1071
1146
1766
222
1530
788
1039
1512
598
1959
550
1504
1238
1963
55
305
1668
500
1193
21
213
1920
1513
316
190
1254
1706
877
496
2033
885
101
187
1938
337
341
1367
1804
1304
1639
503
624
1529
1147
1690
1040
916
1445
98
866
958
1764
249
1332
1806
1689
1971
679
380
1462
459
633
755
1086
810
1334
792
245
112
1799
1300
8
225
2012
768
1316
71
1341
130
94
286
1203
1358
344
342
1740
1159
1237
391
2013
1043
645
626
402
1207
1866
1100
907
100
1389
59
1479
348
1125
1089
419
1012
728
1624
1244
202
1523
1080
1182
1579
493
573
1268
1002
1357
237
950
1073
650
223
1111
657
168
455
1594
1709
1347
584
1068
392
530
2026
1989
466
1209
1232
1966
115
979
477
963
1475
724
924
248
1567
165
617
736
846
510
283
2034
1524
879
1865
1063
57
1648
1258
1041
1954
460
1150
1458
900
537
1917
984
255
962
2002
1900
1755
562
732
224
935
422
9
1968
186
1340
999
1084
1110
49
170
1604
675
608
890
535
875
226
1188
1704
1845
182
1843
267
1276
1139
99
1560
1030
707
830
505
1780
1101
845
1409
1392
1856
1645
839
1521
353
1715
1712
282
278
762
188
1694
587
1838
1663
319
797
1500
1490
1260
1234
395
1972
1044
1685
673
1306
420
1673
881
44
1122
670
1344
1729
274
1611
1120
1464
1382
270
705
2006
1622
1848
281
260
748
592
1492
1171
733
212
888
1239
1885
436
1397
297
1463
142
1807
746
1538
758
597
160
1177
840
1778
1280
163
835
546
469
1285
129
1803
1376
309
1811
818
1948
1701
124
579
17
863
864
740
339
1875
1534
58
1184
1629
576
1859
328
686
1433
439
1520
1360
1516
303
289
2047
791
1497
1060
516
1683
506
1241
1428
1961
177
1008
116
1879
930
1574
602
1273
1784
373
362
1810
104
1583
40
865
1116
1191
1174
634
2044
389
1223
642
676
1831
1498
509
501
62
698
256
1204
176
26
343
713
1868
444
2016
1307
557
2018
604
472
1289
377
1489
1326
265
1349
240
1424
1801
1425
2014
1741
1436
759
521
508
828
843
1615
582
201
404
1310
991
710
413
1788
1338
1620
1789
554
652
1703
1047
405
1339
637
513
276
722
135
1400
1552
514
1985
723
200
1847
1935
2022
1383
1252
1434
1163
1045
139
1107
87
1892
1644
1179
1016
296
1854
2003
315
1929
246
996
1190
636
1776
1926
1042
815
1616
519
1658
423
1974
827
1721
2043
968
1773
435
1246
1674
1167
1216
109
786
910
809
1079
690
681
1277
1219
175
1026
1251
361
2039
739
744
1217
379
1688
403
329
1022
1577
486
113
18
370
1835
330
383
600
1233
1378
1305
1889
1862
1510
41
331
1308
643
1833
605
1085
776
1702
1751
162
812
20
366
663
306
908
4
886
1469
630
125
258
1669
454
1024
769
756
96
1708
1484
1407
915
232
1746
2030
1269
1544
1196
1320
1066
235
743
1924
784
1427
1090
2000
1869
1686
1007
1610
859
1679
932
1545
1138
277
938
903
515
1568
1867
1284
482
1650
397
1687
1015
1348
1144
327
299
517
385
1027
1494
1761
1172
1137
1676
1571
586
1345
549
1600
1767
1470
1797
783
674
1175
680
1909
1329
1056
647
1605
1142
1957
1834
1575
1117
726
1229
1048
358
1373
848
7
1473
1589
95
928
671
1488
1863
122
1796
5
1893
1623
2
34
365
386
876
1375
1451
817
1485
998
2001
13
1214
1608
357
1743
1343
1257
824
1911
664
1725
360
347
1542
1606
1874
68
672
601
1656
954
738
619
1886
1095
78
345
614
1593
25
1546
754
1525
929
805
1020
333
1156
782
326
425
1206
1094
216
153
878
1121
1657
161
1782
1870
1651
322
1850
1572
735
1408
1455
1836
1907
825
220
649
541
1595
1744
1536
3
1003
76
247
1816
1077
1531
1364
1361
1549
697
447
654
1450
1537
994
1072
841
1666
1753
772
1555
242
688
1140
1795
940
1065
1950
1495
1876
208
1118
1631
65
1636
712
796
811
150
621
1379
1293
821
525
565
192
27
1931
590
1713
1312
2009
1135
449
742
524
1533
1794
2038
851
1832
272
1956
440
1732
1945
659
1547
24
1078
1342
424
448
803
711
388
822
1680
214
917
1786
1088
