717
167
116
816
1568
1481
1435
1431
1188
299
1739
1019
121
1657
1125
1441
883
365
1351
911
465
1258
824
1332
303
457
96
136
1820
741
938
1113
606
1793
274
1111
1001
624
881
1462
1088
1440
746
1888
1755
889
1065
1642
1662
296
1682
1012
390
1522
237
45
1106
543
1890
1730
1378
175
723
442
201
548
1539
93
1763
340
445
852
1863
1542
1817
576
1030
1292
1881
503
1504
1885
567
1160
431
393
1277
1775
434
1205
1768
1230
1485
993
1278
627
998
912
80
1929
227
18
410
673
880
1048
1368
495
1720
1589
782
1518
732
1648
2030
293
651
1384
579
120
1314
2021
288
2023
809
1253
1268
377
2035
1234
1605
159
257
985
613
1581
1689
843
1840
614
837
1452
137
1350
1500
464
1002
513
1798
591
408
1282
896
1366
1966
1824
669
472
684
324
1199
151
518
1738
246
1941
635
1655
1699
291
695
940
1987
325
1438
697
1484
1078
520
1590
1861
1089
1663
773
186
412
903
1286
1026
1630
1963
670
322
572
1558
1830
649
910
1347
1804
1795
1566
1074
1359
727
195
1296
1443
671
892
394
634
1167
171
1334
1146
1330
1953
1090
282
1474
1301
1609
522
616
827
1445
1719
1202
1871
1928
661
1960
220
707
1613
1787
1971
1693
769
1729
1321
1261
172
1169
930
650
446
1914
786
1543
1553
1020
742
1008
1471
765
569
871
766
1936
154
1260
1122
1386
1849
1774
934
1080
658
1381
131
24
819
1865
928
1619
284
193
458
1732
966
923
1100
450
1836
1618
1387
1379
1898
345
902
1255
350
1610
1310
632
8
49
1955
363
1832
74
1408
404
414
962
720
455
1171
1743
459
1969
536
589
526
1358
706
664
1873
1196
806
406
218
521
1579
1666
157
475
734
531
7
1868
1051
443
1700
693
1665
119
388
1345
1163
185
1843
840
226
1086
1223
1654
1951
1121
1437
823
676
1477
1839
375
1316
1607
514
678
332
487
145
791
309
1597
2010
348
1364
1536
1380
835
1547
525
937
1503
1075
1540
726
1388
39
1742
334
969
1528
659
1165
153
785
1328
1617
1280
1977
1059
1147
25
13
126
1176
60
1825
478
1826
551
1042
6
413
215
1375
796
798
1716
65
1574
415
994
1792
1499
2016
1545
1694
1174
1031
1911
20
831
1813
91
874
1674
712
1692
677
339
310
1010
1681
262
1284
1184
173
1291
1521
1726
402
384
663
849
1814
542
2038
156
362
504
556
386
315
1555
1327
1200
2045
1686
633
1131
845
1057
1907
1295
207
1912
267
1660
1516
1932
656
85
767
1279
1352
953
381
383
76
191
2036
1413
506
344
358
1596
1989
638
1786
1340
1735
1935
110
1373
1671
2043
954
1803
1938
1409
77
992
1876
957
239
1217
1893
1007
1965
451
1374
81
1561
866
683
1148
1829
1040
946
127
1706
1647
144
875
308
774
1142
1269
1661
219
146
719
549
113
1391
1240
841
1900
294
1753
1411
1696
1698
1024
1126
385
1110
660
988
59
1136
449
705
1157
1400
1320
1266
1235
1251
1765
715
1140
990
570
371
1491
1114
1028
1403
2003
241
1677
1548
1785
1982
1687
1469
605
2026
1033
1638
1011
820
941
190
1449
711
2046
776
505
1439
1508
704
538
790
853
718
1058
1778
347
1920
943
1456
1422
1149
1032
184
1784
209
768
4
1913
1252
1710
1988
1212
264
376
1626
493
926
851
1077
640
1203
780
846
1859
273
1483
1604
179
1214
1162
736
654
188
480
1018
811
67
1791
42
784
844
1611
554
897
118
1944
1684
1570
1244
1947
1225
165
1801
1404
1580
1653
1444
1546
563
728
524
1970
1764
1910
999
1725
102
79
545
1991
180
1461
496
596
1294
1329
482
1745
1927
599
601
1675
1191
637
1559
540
356
642
1808
1421
1680
1360
194
502
789
882
129
425
1498
1697
1608
1860
1862
1041
329
1874
862
160
97
692
863
447
88
479
1236
314
1736
1070
1502
868
1263
1980
1659
700
1587
856
497
1853
326
685
1054
117
1242
1789
1220
1156
783
878
592
848
1475
1603
1812
668
1095
1013
754
1643
682
162
979
792
411
1248
647
1599
341
1216
1237
270
1584
968
1206
152
1271
1221
1761
1882
23
1067
898
810
582
10
689
1984
1757
46
1994
1806
1507
422
499
1748
1154
832
1550
1891
1061
1905
2017
901
1810
675
686
200
1029
1363
441
1303
1511
1709
86
134
1025
1731
733
2013
1288
1290
891
143
1006
546
972
204
1526
1109
550
295
639
1906
714
610
1241
1137
473
1401
1670
1082
323
1455
1034
571
894
842
500
11
474
1436
292
672
1923
1993
710
283
277
1997
433
1339
280
971
203
1856
973
771
1231
1201
568
1273
864
1899
176
641
929
1050
1166
1636
1925
857
1747
821
401
951
141
564
1514
1195
92
217
1869
34
1170
777
761
575
1417
1715
1673
2001
75
1880
463
1264
1053
1945
1623
1586
918
836
1538
1198
1943
1750
1771
1390
1454
1902
112
1180
379
84
879
272
321
1385
1419
1079
1854
1132
214
2032
1562
1393
21
1909
436
1741
87
1950
1851
297
1118
1501
778
804
936
933
738
1983
1425
1144
594
553
1226
57
1062
1794
1979
519
1879
958
491
331
1908
817
698
1658
1933
1416
602
690
528
420
301
1164
1357
965
37
1304
1
667
32
100
743
1302
1423
1569
26
1432
666
1394
1243
1922
221
1083
1823
1572
1811
1324
1193
1194
27
1022
872
696
1744
125
1496
199
138
1770
1426
1331
1313
1308
1272
248
1356
1392
657
1493
1337
403
1406
1740
1371
529
0
748
1076
867
1159
808
1052
259
1964
1620
815
372
982
1005
2002
1124
197
888
989
1396
1257
1915
955
1517
2020
234
512
510
1488
1537
1872
716
745
61
587
970
260
834
2
164
1541
245
604
1209
108
674
1276
106
1342
1365
1625
17
1467
566
1651
1939
544
1571
1044
580
1427
72
559
850
1218
1627
490
142
1489
552
243
997
527
378
454
749
1802
114
721
1355
1415
1766
1177
1179
231
453
316
787
1181
1821
1325
1585
1092
1139
1564
63
1956
1133
1641
1722
648
860
688
1701
16
140
1211
2011
1926
1300
1069
1287
1981
1523
1828
1946
1259
439
739
1797
1841
530
1346
101
1047
1727
468
1458
202
2040
588
597
947
1688
801
1733
428
484
1622
1424
391
1021
53
701
1867
208
555
1683
155
1129
1668
1897
1852
887
1800
437
615
944
755
1918
448
461
974
600
1601
996
1398
1870
978
1222
523
1298
1027
392
1115
342
192
1957
255
1573
1036
924
1723
2041
147
1799
1353
722
812
399
1961
286
1667
368
1101
1066
178
1465
2039
55
306
2005
1055
1338
1335
12
611
1530
1150
509
1038
1402
708
1189
1998
535
62
915
583
747
1247
517
71
373
1972
488
565
1098
2004
1341
1884
29
313
800
68
1858
839
305
1087
950
396
1003
1968
1015
1886
1691
1056
1831
1119
1348
111
1656
759
52
276
1728
1649
730
1962
1690
247
1790
1099
900
1270
987
1855
183
1362
1208
1215
1060
466
1513
166
631
122
1631
107
421
1525
1556
1782
1975
620
263
438
1153
212
1293
1289
238
355
9
991
1822
1887
444
354
984
511
1921
387
432
2029
1762
1628
822
1072
1254
353
1102
1476
756
1097
1942
1633
1429
625
818
252
249
927
805
1904
1809
1992
1575
655
772
1274
123
130
584
2014
1505
2047
643
1085
287
885
762
859
1459
271
628
636
764
623
163
763
337
976
275
960
225
1650
1846
78
189
483
1534
73
1758
1875
1182
729
1705
359
1017
66
1178
170
369
405
187
161
1973
320
1134
300
470
327
578
1847
608
1009
1759
1815
452
2044
1866
1333
2025
699
1703
330
562
36
1894
1767
367
794
1974
158
366
869
1372
921
855
1192
1577
679
803
1315
956
945
967
1746
251
2031
174
1520
1557
653
1130
1616
47
2018
266
1959
814
1850
1783
1183
115
90
298
198
1554
1068
1996
515
1708
407
959
925
498
1246
1227
561
5
2008
1924
1737
1219
1532
1306
467
1322
760
886
1877
1460
1207
1245
909
242
364
440
694
1084
1916
1842
1844
1014
148
744
1318
1883
83
1446
400
1228
1712
423
557
2009
1985
1621
462
1256
2042
427
2034
1472
1780
1640
802
1410
646
1940
289
952
380
128
1565
963
1827
1071
2028
349
1760
1197
336
612
223
1724
795
2015
1834
99
2024
1805
619
1949
1527
1155
44
607
1999
1533
1319
870
205
435
1466
1267
1434
1383
150
1127
1490
1749
2000
489
905
1464
917
1494
1524
1354
139
1187
1669
30
1479
230
1578
492
861
35
397
1714
1889
1447
1185
409
626
1588
1370
196
395
1143
1161
269
1309
1563
501
250
1175
1123
258
1117
1535
1954
256
854
1043
456
1646
1937
430
644
1615
1704
1480
893
64
1004
104
360
477
980
1878
1819
311
460
1752
1934
935
577
2006
574
1672
1152
609
751
346
216
906
922
1593
1639
1544
312
1283
2022
1023
2037
1414
357
1361
913
338
1307
662
1073
1224
169
975
1751
2012
1718
419
235
1158
1531
986
1598
1326
281
1457
1262
278
56
1594
94
858
124
382
877
481
1602
1495
1399
1930
343
1595
687
1702
603
58
703
1816
424
1382
1807
352
19
617
1190
38
1777
82
781
1995
1560
1734
830
1168
1776
939
1349
709
1837
1297
1779
1773
775
1685
109
135
370
149
1600
558
1064
621
1145
1711
1091
914
290
105
1845
228
833
3
398
1107
1285
691
931
585
560
1239
1448
1112
240
236
1046
1629
1105
1376
908
757
2007
95
1634
1430
268
1529
485
1678
1210
1591
752
1151
884
1433
1343
1094
847
1624
1407
1896
1081
788
533
1418
826
904
995
1796
1016
1835
333
285
1482
98
418
1172
318
168
932
1772
206
1788
1397
828
919
1652
753
1958
494
1679
1312
593
1232
541
1515
1614
317
374
103
1108
825
1116
949
54
1645
797
33
28
70
1857
1473
1336
265
573
1186
770
890
253
1976
1509
1039
48
182
724
1311
629
750
1104
43
1420
1369
948
1093
233
586
1903
964
261
680
1000
1450
1632
1978
2019
1986
40
681
713
507
807
1592
429
1838
224
1486
22
645
829
1695
1141
873
598
907
1281
1721
232
1754
351
1948
304
1664
1567
981
725
1120
1967
1717
1892
244
426
1049
1470
1138
1453
319
1769
328
1576
1103
50
132
1428
89
222
177
211
630
1676
254
1173
942
1606
581
977
486
537
229
1135
983
547
1442
508
1551
1864
1919
210
1299
31
213
665
1756
1275
539
590
920
1487
865
1635
1238
618
1377
51
1405
1510
1497
1583
1204
2027
899
1952
1305
69
1492
279
1582
1317
302
731
133
1707
758
417
595
15
1478
737
1506
838
1063
1128
361
1519
1096
1045
1249
1468
181
1512
534
793
307
476
335
735
961
916
799
1637
1644
532
895
1395
1035
1233
1781
622
1323
779
1037
1367
471
1818
1463
1901
416
1931
1549
14
1917
1612
1451
2033
1344
1250
1213
1265
389
41
1552
1229
1389
813
1895
1990
702
1848
652
876
1833
740
469
1412
516
1713
