1916
282
776
1095
1914
1915
651
1766
428
1658
1931
1788
921
357
30
373
1973
405
135
687
117
793
403
1046
353
973
39
731
350
413
742
1893
3
647
348
648
301
1452
1841
1559
760
1127
1616
1762
1088
1282
347
1942
1911
1276
233
266
686
1209
487
500
541
1208
1953
1817
1774
243
659
1443
290
1189
1451
1726
1689
1000
626
421
506
1794
110
482
1426
536
1026
468
197
920
1988
1299
385
1038
1790
619
338
1386
438
1592
696
831
1727
579
1148
1385
631
1557
840
27
615
1144
729
1499
1183
860
459
557
825
206
1007
436
1825
1884
818
1090
759
1491
1259
1860
1322
1902
1371
55
676
215
384
576
251
1457
983
1508
534
1529
1153
821
1369
708
1528
1590
1578
1502
823
608
1933
1456
734
505
707
1683
1858
629
77
1593
435
1596
1080
931
111
205
1239
1498
814
1199
710
694
457
304
911
542
1670
717
188
1370
1813
1279
1624
862
1307
723
144
1438
246
275
658
1343
496
967
2016
1709
752
227
1939
374
1913
679
11
2010
1016
1798
1420
1379
1097
1200
866
976
1392
1237
1621
1869
1866
218
1326
1120
668
1905
294
1256
99
94
93
1224
1625
1833
1039
1974
299
1253
167
9
229
5
1874
319
130
1093
1161
1857
1078
1460
782
237
1361
313
1480
1411
1410
1081
1269
104
561
431
855
1011
271
905
1995
1221
68
1250
1744
257
1667
2043
1677
1356
91
362
1254
25
1042
2028
627
1617
724
1344
1565
1329
844
292
1975
1573
1581
337
568
1649
326
548
490
1567
775
748
1458
803
1626
116
810
1138
1937
933
1987
946
1449
1266
1151
1354
1405
872
447
968
1839
1010
131
1514
1821
690
1701
363
1320
1205
2025
152
523
7
1213
988
1666
1545
732
582
1535
194
1192
1422
408
2030
133
1776
1875
32
1260
1396
591
1409
1599
1104
1807
881
1244
981
137
316
1908
1012
552
1718
396
996
1848
913
972
219
907
577
1321
1832
1494
816
2009
1754
1306
323
1989
48
1505
1086
1488
571
1702
927
472
1539
1382
1910
346
781
2019
961
409
733
1231
1351
60
1566
1314
256
1700
898
360
425
1924
1145
1748
901
955
1784
211
49
1018
705
1785
1373
196
1555
140
768
1190
1461
2029
1358
389
1891
1196
1179
698
1217
1140
754
808
1330
1900
1005
1308
1576
1935
28
1156
480
452
666
1723
1728
1852
1059
588
434
467
1892
1867
259
50
2005
1024
1500
728
349
341
185
1355
1604
1071
31
285
147
1481
364
1610
444
1331
14
509
1775
1968
1325
610
175
699
240
1713
1366
1220
942
520
351
709
1820
1143
1803
1126
956
440
12
1601
1363
394
1511
1241
332
1520
897
1094
1863
35
1446
44
1752
1674
841
23
1990
1008
1346
836
358
1930
678
84
704
975
948
1870
1799
202
2011
684
835
713
1297
1471
276
1041
1946
1298
1099
1958
1198
102
1877
1334
1876
1650
1034
1676
716
483
1630
1157
504
1442
71
1389
489
774
1497
914
1512
340
1105
984
8
1668
1155
1378
1517
1917
789
1015
1672
569
1761
1967
1781
1906
1489
670
2034
718
854
912
2008
692
1445
630
20
702
1619
1085
621
1947
944
1622
1136
1634
1032
1696
985
882
940
141
540
1722
1570
1827
232
339
671
112
1694
1972
1849
1172
1978
475
1678
1965
153
874
1207
749
1017
1941
345
1956
366
231
1350
1383
682
1450
986
1092
95
960
1735
203
450
2038
1655
1182
1806
69
1641
892
771
1885
172
478
283
1719
730
722
72
113
1323
1023
1732
1783
98
1992
460
843
1448
1191
1725
386
1403
159
1168
182
375
1476
2020
267
681
163
126
521
585
672
979
1
636
1843
886
1979
124
1048
1548
554
625
1091
1404
1897
1139
308
236
410
1926
962
895
1169
1706
1851
465
1901
1212
878
1292
344
64
1072
1964
1537
1632
106
1809
1477
1842
1944
2018
1302
96
1961
817
743
1096
964
725
1721
1887
1193
125
1225
1077
1025
272
441
228
148
1684
1124
1541
633
998
842
1949
889
746
293
306
312
1288
1333
295
1792
1222
1170
1487
1401
1408
87
1826
1014
750
501
1255
1257
1019
1579
1431
134
1006
1925
1415
248
1089
928
2000
766
1301
1065
47
952
805
514
1116
753
1152
614
741
570
417
2037
1556
1647
1273
598
1073
1340
1345
1951
115
1742
1855
1772
1433
1281
287
747
1635
2023
519
484
1473
870
262
1202
1252
1879
909
655
1846
879
890
1602
61
559
1332
1031
1368
252
367
1631
1560
265
277
22
66
1440
1107
1948
589
356
1475
980
1375
555
474
464
1506
656
274
151
161
1927
53
507
653
1993
127
688
1166
404
849
529
321
317
1575
1261
239
1705
934
2045
794
1130
146
1496
1889
168
330
1880
974
1962
1899
822
1715
2044
1117
926
899
1483
397
1185
544
1195
486
644
1215
1384
640
1021
1413
1637
1750
1053
324
495
422
806
73
1462
423
2012
393
1206
1522
1272
1895
1057
145
1533
1623
2021
192
269
1414
1513
62
63
1248
466
603
1087
1419
97
1149
1100
212
1040
1605
1305
809
184
1125
2017
1341
221
787
1690
1741
2013
380
1203
575
1888
924
783
2031
531
788
873
597
1501
1767
1390
1074
305
1121
1454
1423
1890
1608
1290
611
1818
1364
1739
288
1004
1464
1861
1698
634
78
76
1546
1660
430
1066
826
602
1837
1589
543
154
298
1402
1070
1687
829
1376
391
1636
1380
1263
669
1249
827
38
1258
997
1158
279
856
177
1232
1076
1479
424
165
549
210
1432
657
183
1898
1167
268
923
13
1657
458
1864
564
902
727
1525
416
908
21
791
662
1236
994
1923
1049
26
1391
869
65
1056
181
683
846
875
1318
938
1986
622
1265
103
1828
2039
1778
1022
1856
160
1146
1115
1903
706
594
488
595
1638
1428
1036
667
1194
581
1519
278
250
969
1311
1394
715
1294
1714
609
1733
1840
1226
1102
1131
665
433
613
352
122
916
864
1816
1983
392
780
1523
314
238
1779
618
1507
1315
1644
1280
654
641
1984
1697
234
1970
1204
284
498
1052
1291
128
1176
1468
493
463
54
512
173
888
649
1229
1474
310
1959
1110
929
1214
75
1360
170
738
414
1547
720
1216
1178
1277
372
797
1770
865
2004
1416
1485
1492
342
1352
1336
891
1720
1467
1932
545
129
1028
604
369
778
368
449
1561
1595
1853
370
1823
80
645
255
735
1904
1114
1245
2027
624
411
1918
1441
777
1509
1486
479
811
551
456
847
1395
1796
1240
896
1716
1787
1312
1835
1922
2042
1679
1738
1562
201
455
43
982
1871
1129
105
477
469
1058
560
1938
1372
335
770
635
1230
1724
1583
2036
415
620
1309
824
1459
893
1907
761
947
1642
1002
861
143
1614
1749
987
1553
1061
1789
700
1572
763
45
1084
1680
121
241
107
1147
204
158
1549
691
530
1759
1652
132
1526
739
513
1542
82
213
1051
1187
1119
41
1954
195
1228
24
1811
637
1769
876
224
1478
100
642
1873
804
281
1665
1316
1940
1822
1069
2035
563
1952
264
959
894
461
845
1278
943
1976
300
296
2033
254
993
1980
918
1219
1319
178
85
1862
136
1801
1527
593
1960
119
1417
937
359
1270
1814
745
863
1135
1510
1612
883
318
214
1691
1108
580
1283
828
1643
1859
1982
1737
587
150
1594
1645
426
578
510
322
945
1563
1067
858
1064
320
1295
155
157
437
208
744
199
1745
1188
546
176
784
680
1335
1654
1550
978
1991
917
1810
1912
650
109
118
1554
142
1063
1627
89
815
18
297
1883
639
1310
1710
779
1235
2022
1977
2040
1919
1568
400
1184
511
57
1466
1262
1465
36
1791
381
1540
114
867
1284
1585
401
1878
171
661
361
632
1429
1123
1285
86
1966
333
2014
58
503
701
1045
796
1430
51
33
1711
17
2002
1611
273
1629
1704
2001
1296
336
354
253
1639
1044
1882
1746
807
412
1037
1765
1054
941
1648
180
1516
695
1865
1418
315
1171
1758
1564
525
442
851
1197
884
402
936
289
1981
675
596
377
693
832
1050
526
740
1695
1300
382
1504
558
1633
977
756
387
868
1530
1771
1574
476
59
795
1569
607
407
989
2041
1387
1603
798
471
1233
903
951
388
334
1896
1812
1845
839
1607
1362
508
223
1490
1854
217
2046
1137
517
1043
74
247
355
1388
553
755
108
473
880
149
174
462
1703
1730
1349
1659
1751
1934
1339
786
1174
1427
1118
528
139
193
1154
1062
1106
1327
16
1950
1377
703
2026
1175
802
673
376
773
1286
617
1534
101
1571
1688
1455
2006
1881
1267
2003
1399
1957
758
765
1586
1829
1653
1764
90
52
1600
1543
1651
1367
565
1317
515
1945
291
871
1251
303
371
616
328
1201
1243
1662
258
1844
1921
1437
1234
198
222
169
260
1173
2015
612
280
919
445
270
378
1909
263
406
179
1406
1424
1786
1275
1020
427
1753
1365
837
1293
418
1453
1055
1836
1747
1165
1304
915
1303
1582
566
244
971
454
857
1963
1664
1943
953
1134
1675
1164
547
963
1681
904
1030
1101
6
1955
1313
70
1503
1068
970
877
995
1985
906
664
67
1793
79
1736
1656
1712
1264
833
674
516
1347
932
56
1782
235
1374
1381
605
1159
737
1274
470
1773
769
772
186
1755
1685
736
4
383
660
1493
1132
1663
1357
801
1628
935
1795
1850
812
497
751
1577
848
1027
2032
1515
830
81
491
1894
1804
242
628
37
958
1163
1777
1740
1886
1768
492
689
1338
1584
1242
1936
677
1348
1353
502
329
1186
853
1824
1699
1013
34
1162
1436
965
1407
852
600
225
1060
518
1692
453
910
1606
398
432
399
590
1098
834
1805
331
592
249
1597
599
343
1928
719
365
785
1756
1800
1227
767
2047
885
443
819
1743
1495
390
448
1671
583
1472
1047
524
302
1421
1521
494
1075
1435
1398
1109
120
573
1268
799
1532
1834
1618
1757
966
1646
1083
325
1359
930
601
1729
1247
939
1484
1342
572
792
166
216
88
1802
1160
15
1177
1287
1128
327
439
1558
562
1246
419
1819
726
764
123
1447
1439
1591
711
1122
1760
1996
1613
1763
1838
584
652
1551
1412
1998
230
1337
721
0
1999
1609
164
1707
1469
19
40
1210
1734
922
1211
286
1971
1150
838
1708
162
1587
1444
567
697
1271
1847
1538
537
813
379
1029
1133
1218
309
1393
395
535
1001
311
850
1620
1544
1111
191
1141
1470
1536
1717
999
1830
10
42
92
1929
420
1969
646
1113
189
1003
1673
451
1780
550
556
1180
887
1238
138
712
1640
1518
1009
1615
1524
200
714
1686
606
1103
429
1580
1324
532
1815
925
245
1552
46
1997
539
1142
1693
446
820
2007
1588
83
1661
643
2024
533
990
1035
949
790
1082
1289
762
1872
574
226
481
261
307
586
522
859
1598
638
1181
623
1531
685
663
900
1425
220
1434
1482
209
187
991
538
1463
1400
485
1994
1797
1808
156
954
1731
527
1831
1079
1397
1669
207
29
800
190
1868
1920
1223
2
992
499
957
950
1682
1033
1112
757
1328
