735
869
1205
1553
805
1254
1637
1804
1135
314
1302
1385
1277
1295
1825
1873
801
103
494
138
1669
110
350
943
544
1042
1156
867
646
1490
1627
506
1391
128
99
149
1289
617
380
1271
309
1810
828
1995
257
1057
1194
1406
2026
502
1306
429
1245
551
1496
1845
1672
25
1427
1334
1908
2037
580
1350
1029
572
600
1663
662
1828
1936
1555
1180
548
815
517
962
1613
1847
200
1902
754
1198
566
2029
8
746
1264
442
910
1
1959
373
247
1272
290
476
1203
438
623
748
1850
798
1073
1238
212
496
1853
512
320
166
1159
1942
1138
406
347
95
1937
1363
1633
758
620
1408
193
1976
950
1838
1568
1638
734
1750
780
49
935
647
778
340
402
1361
1322
242
1724
256
1705
612
636
1089
67
100
890
1114
196
1014
1539
248
1650
972
900
1065
208
251
71
1315
77
745
676
1692
487
809
1403
936
1978
1130
1919
1974
427
167
1400
425
1869
854
1962
1129
225
102
1521
86
1916
901
536
2038
645
1986
866
186
1414
461
1472
1274
40
462
1879
1248
1939
765
1658
164
588
535
1094
222
1569
1172
50
1581
821
262
484
693
667
1026
1432
873
637
277
1798
998
1101
1258
958
586
11
1384
122
1439
312
578
894
659
573
516
1762
932
1058
1282
1426
1642
1790
1270
1888
524
1886
303
632
1734
1328
713
252
1112
685
172
1060
223
1262
1812
1304
633
639
1607
1226
27
1514
1876
0
1664
1438
1357
1860
1283
52
131
1522
1549
1287
1275
733
812
1318
668
240
2028
57
1410
808
838
201
1002
9
1436
995
1817
374
712
317
610
431
130
615
964
1338
85
1030
1352
1366
684
1220
902
1538
1387
452
881
880
36
319
142
1771
205
1648
114
1223
849
1470
1343
148
1572
1193
1542
1948
141
332
157
511
915
814
1478
1301
1614
562
168
97
363
2002
1004
1201
559
1382
409
1565
1170
1577
158
1887
732
1221
497
1418
2008
1243
1430
1546
786
41
793
1827
215
185
322
788
446
1100
599
120
1611
2025
1346
653
1448
389
1870
458
939
1842
272
1040
1573
760
1729
627
507
1164
1837
1841
93
710
1216
1820
882
1463
221
214
1933
777
261
1161
1571
2006
920
921
1924
2005
1980
352
887
376
170
1268
945
421
594
1031
1383
1007
1425
1111
1796
1303
1954
1335
357
434
883
1780
1793
140
423
1239
1115
1163
703
504
1296
1373
1698
563
2000
752
1253
1359
1351
1043
1038
722
98
666
1878
1202
1960
1486
233
495
514
328
1803
1503
928
2021
1006
1326
1773
1429
1894
977
1649
388
13
1761
70
10
1945
179
1913
1056
996
771
1310
1718
1889
1399
1833
187
44
1210
574
1634
192
471
912
218
1966
133
1375
1139
80
1832
401
294
1085
608
1455
1022
417
1072
1583
1012
2033
789
1641
585
2
1694
101
598
652
1134
1697
1907
968
1621
1893
1576
315
955
2016
914
1660
621
278
1451
918
1644
1236
757
1068
993
501
1843
1080
1119
1422
1126
700
1535
736
177
1805
1288
658
756
1188
664
1920
1493
1667
1404
1142
1107
1866
92
1680
1629
822
837
1903
115
1106
75
1492
463
1596
2017
1615
60
531
275
1009
1160
747
169
582
211
1606
1968
1592
271
1279
1944
160
1656
986
246
176
899
1311
1918
726
800
300
1504
354
1155
2035
691
1704
1586
1231
1520
811
727
1162
1104
241
382
1251
904
518
654
865
455
1836
2012
396
1108
719
581
302
1187
717
739
1339
1044
123
965
1801
1440
1093
1518
1806
198
1895
1715
1993
1331
435
203
1748
892
1171
1671
1415
682
105
1749
1424
782
1931
1725
127
1435
1693
18
1329
960
973
1901
1485
1063
1525
492
1946
1137
1768
293
1756
555
162
1168
1958
908
1354
1964
368
1428
87
301
1392
984
334
1013
1921
575
281
1975
855
117
606
1935
687
856
1890
1600
82
619
858
1679
963
553
1482
447
2019
1917
1393
96
1140
1651
624
1446
20
1973
1024
2001
454
833
787
919
26
362
394
367
1266
199
1861
355
759
529
1000
1148
1333
1982
500
503
1228
994
515
1821
1536
1961
721
341
1327
1519
1760
2011
803
925
1131
774
1269
1152
1616
749
1330
775
384
519
121
1578
54
591
1881
1456
1731
543
874
408
635
1499
663
343
372
1904
751
1711
1479
1910
1513
1609
1053
188
2009
565
1293
191
1067
1640
414
1020
161
1396
1590
665
1240
1636
1695
1332
307
1950
1113
490
219
1815
1457
1766
1566
988
48
1981
1923
947
810
1864
1940
989
1034
1176
473
342
1235
1683
744
1526
453
1580
1684
1166
1452
692
436
329
1019
830
768
1397
1972
1865
807
1991
1892
1610
1776
953
1442
941
695
1898
318
701
1039
1829
79
1008
1368
1247
1846
868
1673
2041
1483
1732
1185
731
1082
1049
1545
1178
45
1709
437
1299
597
1099
371
1885
349
709
230
145
1977
1209
1743
991
1237
1212
1341
997
579
1298
1662
331
370
1747
1965
89
1046
1174
207
889
1244
397
2044
1998
1563
1475
289
1388
2015
1983
1356
1344
1471
1562
175
2040
723
66
483
306
152
395
1543
184
210
474
642
47
1465
1764
444
836
2046
55
976
1952
412
522
861
1994
699
1767
1967
845
30
1925
1770
1459
1909
1588
387
1740
1484
1144
596
1757
383
234
250
670
29
1149
392
1532
194
1857
1317
1874
847
23
288
1970
1286
508
1116
934
1984
1480
12
1048
1868
1579
1559
641
1844
1417
1206
683
226
154
1285
1409
171
1626
846
1021
403
336
1234
1528
567
554
1323
134
213
974
542
34
1753
2042
1127
804
1899
1794
534
1752
1419
1260
428
2043
708
1183
263
706
824
1313
235
1186
1927
655
696
556
1028
1735
2010
1703
479
460
790
1213
202
366
1969
1914
1041
990
182
1494
948
126
1307
1685
348
1005
1336
1394
1102
1882
2014
468
1123
1309
1779
111
878
937
983
466
443
1708
477
1487
917
1001
1175
791
1449
857
1017
159
1719
1491
860
704
1631
440
1689
1386
718
1956
716
1659
1754
1290
107
1992
236
1746
33
1233
1267
1788
299
1405
1859
1196
593
2018
844
399
626
1601
541
286
1497
576
649
1061
1191
992
2047
1653
1189
1348
1926
1079
1511
489
1584
61
1190
1345
1783
327
361
1092
1370
359
465
1195
1371
648
64
802
2030
1265
634
42
285
970
842
1165
1379
1208
1362
825
796
35
1510
113
711
686
697
1822
297
1122
1716
163
893
1151
268
1811
1227
1380
1824
509
1670
1078
702
311
1744
1241
1402
1552
1533
1728
1682
14
180
5
467
1312
1407
1737
1064
1025
1316
274
19
1150
1050
1941
144
1896
785
1305
6
1124
426
859
1738
614
139
528
69
1416
2036
1146
1069
1091
1466
375
885
1702
1589
146
1544
132
116
1990
1534
537
818
457
1714
1852
742
1045
1297
959
1468
386
584
903
1281
1217
525
806
1481
391
1083
1204
1390
1813
1516
165
1488
625
1912
1453
1863
657
419
1495
1769
1537
552
764
740
1789
1411
493
877
715
766
1655
1639
570
112
3
83
675
287
870
1551
583
604
1758
1635
1643
1141
656
673
560
1971
1791
1249
84
39
1554
871
1809
424
540
1075
571
505
770
616
1109
1730
1741
827
56
430
24
592
982
1687
564
491
1877
1181
661
245
1084
228
1095
1547
1674
1324
1291
1261
125
1229
557
799
260
1530
351
1047
985
173
1433
1401
1915
1872
405
971
244
28
229
587
1199
204
1280
737
510
1365
1645
549
1308
1434
1723
1389
1951
106
264
1557
1527
480
1376
1765
1906
1800
81
1558
577
464
590
879
1712
1360
2023
143
1355
135
1364
190
292
897
270
381
1661
1443
1055
720
669
499
975
1713
1929
104
1897
1839
1052
1087
78
927
1540
550
1911
951
924
783
1118
410
2007
265
445
1900
296
1252
862
949
1015
520
1570
1593
1701
1599
1997
513
1598
1353
378
418
907
1953
243
1474
1999
94
1612
346
1431
694
763
1797
32
451
1340
1070
864
1785
794
1840
891
76
1321
1597
137
1469
1854
68
1374
1464
834
797
1179
681
1395
456
1819
1319
4
1575
1922
545
1145
1420
1665
118
773
1646
1278
432
1074
1214
1447
1133
1515
1257
420
795
7
1763
530
63
358
1739
1963
1851
1574
607
1905
1467
1681
1710
1561
1582
1988
1071
929
906
1856
1219
224
1826
1477
816
1985
195
1337
848
433
671
981
1423
255
448
533
1177
422
1668
147
2031
1807
1476
1774
356
1059
895
1136
308
335
1858
276
1381
568
1096
1745
956
1211
1628
1314
850
922
1018
217
1320
379
688
1834
1358
753
415
253
1955
1928
1003
1657
2003
714
1197
521
291
407
853
280
43
1987
1736
622
769
1027
220
283
595
630
178
1560
678
609
488
1989
651
1814
1733
1676
1098
295
911
1200
1450
1688
896
189
279
1325
150
772
831
1567
1755
1700
1786
539
2004
1500
31
365
1224
1816
729
1225
1524
1372
1441
835
1792
1462
1591
1077
17
1587
1255
62
1218
1489
1778
469
946
353
966
237
1086
841
472
1619
832
1276
1727
743
1509
323
1787
1507
1943
1696
2032
761
1120
820
1517
1772
2034
1066
1675
1594
605
640
1458
603
762
1595
1934
1930
1292
58
481
527
304
90
1880
156
216
888
839
1720
618
1035
1460
73
1823
151
338
767
1502
1454
273
46
538
1808
611
631
1686
987
1105
282
1182
1630
1831
88
450
59
1081
1444
51
944
2020
53
933
755
227
153
1781
650
1867
1036
1891
629
1207
1232
1706
1624
1349
1421
1585
569
249
1721
852
843
1556
324
1294
1742
672
1143
532
1795
1445
1835
1947
1230
1169
411
905
628
724
38
321
954
498
1242
325
851
1508
1505
155
952
643
876
119
1932
1398
677
707
416
1273
1037
1759
938
826
1523
183
1707
390
1957
1830
1412
602
523
475
339
1158
259
364
2022
413
931
124
1848
660
404
1620
1622
819
1157
1010
1506
377
942
1192
613
1117
776
978
738
781
1033
197
957
1215
441
1076
1871
1690
1090
482
1550
909
644
1691
1051
2045
1153
680
1618
779
1862
305
1016
1666
1250
725
638
439
690
1602
1654
926
526
792
385
705
979
1717
728
750
1617
1996
547
360
558
1062
1173
1849
1875
1722
1855
1121
1949
333
1799
337
674
284
1132
1246
1498
206
1726
1461
1300
470
829
1125
136
345
930
37
231
1347
1110
129
398
913
209
174
875
298
1604
1473
1531
872
239
967
916
969
1222
72
1413
369
1437
961
459
1802
109
74
2027
1097
238
1652
316
1128
181
1784
1529
589
486
449
1103
1378
326
940
1979
980
1184
1608
1938
546
817
1284
65
1632
330
689
1147
313
1677
1751
1564
1256
1605
1259
840
923
1603
1054
485
21
1377
1023
1777
478
886
1883
2013
2024
1623
15
1154
2039
1512
1367
232
1088
1884
1011
108
1782
898
601
22
813
1501
1167
1699
266
1032
698
1548
258
999
730
679
1625
400
1647
1818
1775
823
863
1678
784
393
1369
269
561
254
267
310
16
1263
91
344
1342
1541
884
741
