1535
1823
2032
695
1446
222
740
2018
355
1193
1565
1363
2019
628
1334
349
1072
689
1264
2011
1504
1407
1403
393
791
1366
1201
1912
167
529
1344
1825
1173
1151
143
1224
1203
1582
1578
348
541
1847
1270
1290
1064
326
1623
1526
1956
82
1028
1335
318
360
327
1844
1759
1726
133
123
687
662
1537
1416
1961
1425
1905
1319
1475
554
830
697
869
681
1613
184
737
548
1802
1893
960
169
1895
249
957
342
702
1972
911
1271
1163
1837
1177
51
138
891
400
207
634
676
1196
259
203
744
827
880
1459
1529
517
1362
128
1482
1004
2000
2035
237
1957
1576
1953
1136
542
1821
1041
1570
1520
718
2047
1135
709
1946
1892
713
1959
1665
1883
420
1776
1338
202
772
455
1611
1932
1768
1431
707
1834
1831
1291
1852
996
844
1741
1698
1667
98
920
1900
238
38
1476
204
513
1242
1652
1784
1933
1867
639
1069
1922
1157
755
621
1918
1885
1307
512
472
546
389
677
1250
411
1673
1170
421
484
1434
1950
1636
572
508
90
574
141
1568
1906
1067
1001
1711
1648
76
1659
504
1612
432
1398
1758
466
1189
858
864
1261
1462
1467
275
1679
1866
1276
1513
1367
1187
2016
793
1800
1764
303
57
1077
1104
1674
1089
1079
1122
1754
1186
13
306
485
1063
602
217
973
768
1534
1592
825
653
704
37
661
1373
939
1661
971
1386
955
826
1589
1440
1116
1292
1075
645
531
1910
1601
1278
819
325
1400
905
1677
2031
481
371
1988
1820
1458
1682
1308
989
288
1692
1023
17
775
699
2041
178
909
1977
1553
1289
1184
1982
1360
175
67
972
1120
47
1223
1842
678
1934
271
1313
1882
988
950
1082
810
1156
1909
1427
422
1288
596
567
1325
471
1785
642
1275
636
1337
417
1202
1752
500
1097
530
1716
1229
1549
1962
1481
1107
108
1756
1609
890
255
1221
1282
1683
514
817
46
823
240
886
1530
796
256
156
1923
392
1666
1131
461
906
1227
1875
1817
1728
1267
949
581
1944
72
824
1862
333
1986
151
1668
1380
884
1273
1006
549
1083
22
440
538
1594
1745
802
1257
550
569
1603
245
1702
2042
1269
1899
1743
225
367
518
535
1637
1720
120
64
708
451
870
808
1744
414
1705
347
1219
1701
1564
1556
1474
1524
954
181
1284
1747
948
1907
79
1472
1646
309
331
1814
1488
671
1736
608
1477
951
754
74
604
540
985
66
1046
712
1714
1361
2
161
59
799
1444
1833
1506
1742
1628
1687
343
1439
1262
403
1260
1038
1387
1377
310
1239
907
850
792
1205
476
445
1735
848
998
231
419
33
1062
1597
50
1329
299
1730
1305
224
1632
1762
800
1406
1316
1774
1584
861
1349
1749
444
1499
323
194
1792
553
1897
1286
433
765
1318
1130
3
834
1746
1724
134
142
1616
736
180
1486
32
933
762
727
356
1850
189
509
1775
1712
263
644
1068
1066
794
832
984
1012
924
354
2022
215
1987
1525
626
1165
1155
656
1545
1132
14
407
319
725
85
565
669
1102
1983
770
959
1002
556
1790
416
54
747
1368
398
1696
1727
833
1085
380
27
158
1511
438
829
1280
1480
584
1061
710
9
2033
302
1256
341
104
1569
458
2027
1159
190
1109
654
107
733
1512
862
91
840
126
40
894
1424
943
555
171
1809
633
520
1815
986
863
1438
187
1179
257
726
919
1091
1599
1876
1927
1503
1022
1881
1283
1397
230
272
377
953
915
865
234
1037
703
1031
1487
487
1979
269
1653
1374
784
734
1619
1047
1522
1435
603
1298
316
1153
1146
1596
1770
822
1939
1034
1799
106
731
268
935
244
1510
590
756
1015
1018
1889
1769
493
1454
795
1008
701
456
369
1806
1812
80
412
934
1243
368
1914
743
1960
900
166
39
1505
1385
563
1595
2009
1100
395
1352
1332
851
99
1686
592
1353
577
1208
781
197
966
1590
1546
1787
1548
898
297
144
450
391
241
757
1055
1995
284
1551
1722
838
1660
1376
1798
282
620
1345
716
1395
478
490
1194
1725
357
857
363
1029
1490
2038
1566
226
1509
782
1598
688
1641
1027
10
69
1471
1044
1858
928
265
647
192
1574
1737
68
1816
75
1994
1040
1379
352
35
797
53
1200
804
1707
1433
1399
23
692
1014
473
65
1684
1544
1588
274
2046
926
1878
682
300
337
1877
1405
1497
1920
36
467
1579
735
1121
1451
1026
1178
1896
291
696
1917
967
771
406
944
1647
672
1853
1638
1593
1007
809
617
580
145
977
1538
1000
1297
278
1382
87
394
1849
1341
1171
1708
1233
523
2023
1240
77
179
296
155
746
1839
1753
2034
600
564
477
1818
778
1732
876
2012
1050
921
1965
1938
1469
1181
963
1693
1954
694
981
494
1078
964
426
1921
376
315
607
1540
1370
1259
1644
1501
150
424
931
437
1826
1417
56
978
491
1664
1518
1011
597
8
882
186
469
593
1626
1771
1321
1051
945
1984
236
359
1470
952
1642
218
974
630
1680
651
1562
1035
999
748
1485
658
293
97
425
1204
247
1402
816
674
1364
196
1706
940
1874
168
410
785
1249
714
2005
614
281
116
52
1801
1860
1640
897
1919
335
711
1624
764
1502
1622
112
2006
1113
173
430
1731
1541
788
1788
1630
415
1383
497
503
1448
1478
1835
1211
2002
1819
252
1539
1690
1755
1845
1561
937
1931
1997
612
103
1848
780
413
1346
436
1125
1942
559
1081
1966
1228
853
159
1285
1251
1591
429
1123
749
899
717
110
724
700
1144
566
223
1080
320
1043
992
1500
1929
1869
1301
2043
322
1685
198
1782
657
1126
439
856
447
1013
1333
2007
131
1309
705
177
667
521
132
976
659
1281
854
1324
1389
643
650
1577
88
1886
879
1396
119
1413
1851
766
1465
121
199
1423
1263
801
719
1751
1805
1508
313
221
137
1415
1795
683
1003
435
279
1371
1339
2037
1017
362
839
34
58
860
41
2028
1854
1180
807
1232
730
1430
979
1689
601
351
1608
1793
1846
675
1452
1167
866
24
787
301
929
631
1971
892
1092
1519
1328
843
609
813
751
1381
1164
147
1086
1930
1580
118
1996
560
605
732
1694
1913
5
1053
745
1048
1978
172
874
510
842
640
1494
345
1643
495
1117
1154
480
562
1206
821
1409
1143
811
260
206
685
1266
522
1710
1421
1945
2040
1322
1210
311
1142
1495
528
379
164
1738
752
693
1265
339
1466
1489
200
1523
479
1054
1436
148
1124
1908
73
539
92
1824
496
286
314
1967
916
1586
588
465
211
1559
191
901
1778
1150
1464
1999
489
1094
722
1779
2026
1315
457
364
1635
264
474
127
558
42
16
153
993
1350
936
1473
15
1230
1303
183
239
1217
1663
1010
340
505
803
1449
1695
1836
71
1024
1554
598
527
251
1060
1111
242
468
1496
1087
1873
738
946
1669
1198
1887
1928
26
994
4
193
1059
1958
1998
1948
962
881
60
1718
1302
409
1182
987
1804
1992
1980
1542
625
1991
1911
1734
442
668
1552
212
1311
101
1859
582
1384
1803
1357
1703
1662
1234
673
1245
1729
1587
308
1902
1940
1218
896
270
1293
557
516
374
70
961
1045
1093
615
139
1103
1408
2013
1244
243
1418
1019
878
758
1855
227
1765
1740
1162
679
1915
1098
162
868
1191
232
1095
501
229
783
589
1158
1605
1118
2039
847
324
1419
1675
81
760
499
690
1414
6
1220
1033
1903
904
980
43
1354
1254
1721
2003
889
96
100
1456
460
1099
375
739
1715
1445
1147
312
372
767
1443
1604
1829
294
160
1761
1830
78
1365
1602
1168
1891
632
1140
292
140
1985
1108
706
1049
1739
545
344
969
1447
396
776
544
1572
1963
332
280
334
885
1681
1868
295
887
61
152
1981
1760
1827
387
774
649
219
1766
305
1141
664
790
1246
1700
1517
1358
95
893
1514
1857
1585
462
1573
114
1127
997
1828
1688
637
859
1777
1032
441
329
209
571
2001
216
49
1861
721
423
1236
918
111
210
1071
942
532
841
910
470
130
1238
941
44
536
1411
1255
1009
1581
1822
923
1429
1355
1947
1020
1498
19
867
2010
427
506
938
12
1096
30
1074
1964
1536
1317
31
277
63
585
641
698
1864
124
1543
663
1937
1450
1781
1993
1941
1320
1372
846
1483
1299
1974
1797
511
652
1786
346
248
1811
547
1654
814
373
1699
304
691
769
2021
1258
627
805
1137
328
1453
459
285
1388
7
613
686
1970
350
947
1241
665
1794
1856
86
629
995
205
1943
1617
1990
1780
1176
990
1575
1216
1691
1676
2045
1145
404
386
1119
113
638
1457
385
1356
646
55
591
922
195
1750
1600
2008
836
852
635
1772
1791
1904
616
449
579
750
1149
399
89
975
1528
1555
1166
1134
1129
1901
1871
1672
1212
1916
1138
742
624
1461
1300
611
390
1114
1106
273
1195
684
2015
1351
1657
20
622
578
1723
586
855
261
798
2029
146
1442
1808
1174
1789
1865
1323
28
723
117
1115
1213
1437
917
1567
170
388
1347
464
1670
1639
1583
1172
228
402
1169
1359
401
1441
573
488
1890
983
903
1160
250
991
1005
1207
185
1394
618
2044
2014
1378
1073
129
1810
1507
930
786
1247
599
135
381
720
83
1331
2024
443
1222
1671
1558
1625
1658
1841
1342
1036
246
1863
1621
1926
1614
1214
1655
575
815
543
595
1515
1310
102
115
1973
715
1084
1252
1813
1105
576
982
849
1557
883
1199
1231
220
837
446
1936
1065
1870
498
925
1627
1226
125
1610
1215
515
1717
454
932
583
561
1088
927
1975
875
29
1025
1312
1460
773
283
1713
1838
835
483
62
1401
1058
1016
405
1161
149
525
492
84
763
1832
1
338
289
753
2004
254
267
2025
188
1767
1274
1304
1571
1807
105
1631
845
18
1783
1042
1463
358
1560
317
970
1704
1969
1268
958
361
1393
533
109
1235
1491
235
384
872
610
1527
453
176
1133
428
1649
1185
820
871
1840
502
1314
902
330
1404
1110
1428
1248
45
1410
321
519
94
1375
606
1547
262
1493
1748
968
728
452
448
1533
1531
806
648
370
1287
1112
1733
568
2017
1432
1651
1678
434
233
213
1709
623
1306
1951
759
475
418
670
408
182
1880
779
365
1056
956
1935
378
258
1070
534
831
873
1656
1426
174
1620
1618
1484
1989
163
463
1952
1976
1057
537
1532
157
1924
21
1757
1330
1188
888
1763
136
25
1021
11
1879
201
1237
1412
1606
914
913
1175
1455
1650
1968
1390
1192
1949
789
1392
912
1391
1872
1633
619
1888
1148
1516
551
526
1197
336
1295
1128
594
290
1343
165
1090
1645
1336
1327
1796
482
1629
1139
1955
1550
1279
552
2036
1183
266
895
666
1615
1272
655
729
287
1101
1521
1296
397
1340
812
1492
1209
1884
1294
122
1634
214
965
828
1190
1326
1030
1152
93
1479
1369
2030
507
1076
1277
1843
1039
1420
587
1697
0
570
660
383
366
1253
1563
741
208
253
818
1348
431
486
877
48
276
524
1925
1225
1719
680
761
1773
1468
1898
382
777
1422
1607
353
1052
298
908
154
307
1894
2020
