1970
1980
1814
434
420
853
1935
966
1816
144
1098
442
1705
443
1145
1878
1610
1988
2012
1743
19
3
559
1195
327
1925
1232
868
747
1954
835
1741
62
182
1963
1279
316
1938
502
657
1245
1712
1920
1314
143
856
1474
1437
321
1768
693
958
1094
1672
187
1217
232
181
1004
1874
407
10
503
1940
1508
453
1540
1343
1594
1131
333
1968
1701
1820
1569
440
1690
534
913
1523
1875
1958
203
996
1453
884
22
109
636
1717
328
1137
583
1447
497
972
1478
1504
1619
341
739
1499
285
1553
1394
670
1589
529
1104
1283
987
1563
1865
1685
1014
1618
873
1876
1193
482
601
1128
1716
1506
1866
507
343
792
1535
94
1883
162
505
25
1025
1778
1083
1684
69
1555
806
1304
808
1525
1852
1806
692
1915
1058
115
1797
360
396
2032
513
506
1130
1324
172
1989
540
1037
74
107
1023
1391
722
773
2000
846
660
375
1928
625
598
777
428
169
21
1646
764
720
703
890
616
965
1068
990
1867
1678
271
1653
133
1470
238
1998
973
1205
1244
293
106
1566
683
887
155
751
373
459
1302
643
1367
893
184
778
981
957
211
1251
544
524
1159
1720
1781
1481
1040
1826
1846
159
1080
2002
1133
1129
154
1524
248
1029
319
669
15
922
1339
251
378
861
1624
93
1736
1190
1798
1517
1877
626
1433
1529
188
1006
1016
1765
76
911
790
1185
1032
1910
315
597
519
1769
1549
81
1473
1606
968
614
1805
2027
158
1026
2013
757
594
1182
1486
825
578
1376
241
2044
110
746
1734
1603
1554
1381
1331
1386
1905
1155
1421
1666
51
1052
125
866
2025
489
1967
915
1442
65
1009
1571
514
1534
132
1840
1366
889
723
1135
2036
738
561
1914
1564
1791
1818
921
1411
147
1647
1627
1262
276
931
1440
1198
1060
1341
770
380
1106
1147
752
325
398
1099
504
864
905
1792
431
612
58
600
1448
381
1834
308
628
1937
1179
696
1521
759
564
1592
97
546
255
1346
1464
1651
554
1593
1751
1365
2037
1759
1327
322
962
102
569
1144
814
633
1178
1352
1154
787
1476
1091
1892
854
98
1680
20
1542
1894
1238
1754
384
1752
831
457
1686
934
1039
1142
1059
1833
292
824
1082
1780
1810
84
938
289
593
467
1628
257
46
1702
1012
1089
732
37
1149
1043
393
1287
1916
1691
355
1428
1498
1041
1794
753
170
652
1863
525
663
795
623
1410
1950
1880
145
518
262
823
1507
2006
869
1258
1495
728
1993
183
665
1929
646
229
615
1220
112
798
1812
437
923
566
1119
1430
88
1027
803
304
1403
1760
362
490
874
1539
591
1585
704
1141
508
1024
1895
1143
880
1305
230
214
1835
1574
67
1157
555
1923
541
930
1018
1770
1328
918
96
359
331
782
1897
562
215
1432
1038
474
260
531
726
784
1330
817
942
2035
595
1010
1612
671
1127
411
104
1869
1487
1273
281
128
1374
916
6
940
1434
2010
1562
47
1630
649
631
1671
1831
1323
1733
1785
267
2029
976
1616
1261
618
9
239
220
581
558
702
1240
1515
1663
883
1378
1586
1152
691
1581
1196
1986
716
2047
1787
1234
872
658
168
1406
221
156
870
1824
1034
1994
695
1695
152
313
1342
1762
282
23
927
1445
1683
1891
1270
1996
964
256
1385
85
606
488
547
1747
1293
1777
1000
1444
1070
1174
213
493
1492
538
1071
118
1268
1204
1568
1900
1079
800
556
1909
715
131
1384
885
426
997
275
744
932
1746
79
1189
590
1948
613
222
492
1254
1775
1779
1694
827
886
767
902
1277
1344
1949
1358
1400
699
432
1460
1801
1416
57
1097
1849
1744
1518
781
363
1468
399
1639
491
786
176
661
1242
1987
1087
1596
1706
1519
762
95
768
1451
959
1532
1804
1264
1267
1461
368
370
234
900
1021
510
1832
268
779
1657
501
361
577
332
83
196
878
1598
1997
2040
1750
811
1838
1890
2024
1295
1907
1682
1418
1243
750
233
286
1953
1924
1175
298
1830
160
1862
349
1276
1441
452
1637
1500
1246
1635
2014
1333
455
392
1898
1102
1426
1738
630
1192
713
989
1084
1587
655
1837
1579
1644
224
1443
587
150
1513
1042
818
1355
574
619
841
926
672
1250
165
1161
1802
1740
1407
709
1560
1090
1467
678
2008
1783
1677
607
1939
1112
1707
963
318
1051
791
1480
1188
1919
236
1962
949
951
479
198
1088
1978
1709
177
1828
1687
571
1773
1572
80
454
1676
464
1600
653
1614
1357
858
14
1118
1456
690
326
807
877
1255
1201
70
1999
1429
1186
86
1207
867
589
664
1859
1922
783
542
714
136
45
855
982
409
481
1729
137
338
548
117
250
1457
1368
908
1856
1984
179
244
882
357
447
1005
1927
1398
1654
896
1336
1573
13
446
148
484
280
403
1602
1125
706
766
1413
1340
596
1763
1528
1936
460
1727
32
1899
772
1280
1101
1577
988
1851
1392
1995
1033
312
995
1793
1109
1326
1329
688
1969
1714
1065
1138
1749
910
1289
1209
429
1607
1211
907
1945
523
151
436
301
1550
1552
1617
674
1985
953
1405
1848
1757
624
1307
1435
775
617
297
1210
1335
1811
641
1139
473
565
483
515
986
208
730
1050
330
950
1972
1578
1485
237
592
1708
1284
830
1731
1475
1172
1160
1095
1881
1265
983
141
1489
1285
1724
1983
320
471
202
1322
1247
1766
1681
487
101
42
1755
1296
865
336
517
1665
352
334
249
1319
61
832
1992
917
1668
1847
1069
364
1934
212
1122
822
1227
608
309
748
1318
410
166
217
39
679
458
89
369
1380
650
66
124
2
894
1231
383
677
1022
644
1796
1393
516
1723
385
1271
1942
1266
413
1901
1719
654
1048
527
1482
1404
719
1960
1957
735
711
1290
599
189
1634
954
1235
1908
303
1964
206
914
1527
1728
1567
1943
2030
1483
901
425
708
1505
1641
205
296
1086
1469
1363
114
645
1274
44
379
1660
1202
1215
1887
924
580
1115
2011
1177
1002
283
253
305
999
557
1774
1860
1648
1580
1132
1203
2007
729
1078
991
639
1113
190
194
75
535
1649
721
209
1621
1096
919
63
1713
1332
1842
848
2034
1164
1502
1605
1975
1036
1662
975
1020
71
876
1075
397
366
1514
475
1902
939
1547
1446
530
1338
1893
1390
193
602
860
881
462
1117
470
545
207
1379
472
402
164
1162
139
725
737
449
1377
1226
34
387
793
585
461
1146
681
1952
1688
568
1294
1836
1372
463
1223
675
314
1698
419
108
802
1772
1013
1167
433
1530
146
1715
1742
1035
804
1692
906
694
1278
1903
12
1197
1306
394
1199
353
1756
1771
2028
815
733
1725
1632
1046
389
1537
82
1966
1509
1906
698
642
1656
1652
651
1414
788
1345
1699
755
1575
1615
2045
667
8
456
438
1551
727
337
18
48
1613
1001
1396
1520
1608
1871
2016
1239
1911
371
367
1348
1556
90
717
31
1622
509
197
1604
1491
1991
1700
1661
512
909
575
563
26
895
526
576
339
1134
1253
1497
621
1427
1956
1808
1150
227
687
1120
943
833
659
1533
1926
1325
1710
550
1620
242
448
1301
269
226
496
859
1417
952
1062
1170
1531
130
993
1399
50
1623
765
2001
1711
2015
1807
1168
1303
1191
1093
1888
1063
1873
1753
1896
1941
928
358
2033
243
1679
1123
710
2003
813
291
520
1219
1382
812
365
622
56
1597
1263
1431
994
49
1156
435
1696
1422
1171
1423
776
1516
386
1857
842
478
1800
1409
1252
59
346
1803
1479
697
1011
712
1789
1359
1611
1788
974
348
216
985
1642
1494
582
844
261
912
1208
998
1081
400
87
700
1116
1825
28
2021
345
180
1351
1932
1633
1260
1105
192
1055
1512
796
1767
1541
941
1228
468
946
1313
638
584
1786
1971
634
99
1511
838
828
1181
731
300
1230
174
306
1320
1944
978
570
1077
810
119
1452
1561
1981
1415
372
185
1855
816
572
351
1864
153
1839
116
1536
123
2020
1667
875
1488
24
1214
1425
977
1031
528
1843
662
210
1845
245
498
1436
937
1454
892
984
1349
933
225
611
1584
200
1047
1180
140
417
430
11
1918
480
485
1904
862
980
1557
1625
1870
231
1074
1114
340
43
1420
1776
1675
647
560
4
797
1669
1272
551
1882
1375
416
1850
1650
742
605
354
450
1961
1212
374
955
686
948
1237
1951
761
567
1658
763
103
549
1822
1545
945
1799
821
500
344
676
60
486
445
1718
1
771
632
971
1917
849
586
54
992
1124
1795
1858
1100
627
1064
668
423
1111
820
477
64
1163
774
929
1044
1028
935
2043
1045
272
522
1576
1334
819
1256
604
223
342
1973
1066
1693
246
1823
1153
290
1424
539
138
1126
1761
175
785
1748
1165
1955
495
277
1827
1726
323
1659
1643
1640
1463
421
1670
278
1056
142
1439
41
1136
756
1110
1629
171
1061
1401
724
1599
741
979
476
1248
743
33
2022
252
391
122
1815
235
1257
307
111
1844
1503
1275
335
1224
961
1308
273
1249
1626
2042
521
1158
395
2018
1221
1565
287
573
1462
1395
1317
1559
1085
543
1387
201
1173
1316
610
789
258
1121
439
1107
310
1383
1913
1311
684
1300
1884
1959
736
1103
1222
2031
264
1364
845
1782
1974
1241
1854
295
809
240
1977
1092
899
418
629
705
1350
829
588
1588
1990
1784
925
388
2019
1697
1595
1388
1645
129
1817
52
324
1298
294
1073
1933
1965
1299
1931
879
408
1466
1370
1548
718
441
673
1459
1356
903
701
412
228
1704
1312
1371
1281
1703
2004
259
1449
1689
769
680
745
1590
266
2005
414
149
1321
78
1053
1501
1389
100
195
199
405
288
1017
1286
1853
857
689
552
1764
888
1946
656
1206
427
1225
91
444
758
73
2046
537
1790
178
799
55
1292
1979
16
317
685
666
944
1570
1184
401
1337
891
826
2039
1721
1076
1218
247
1730
1889
465
1187
1809
871
1269
936
1544
1200
603
801
1194
1360
620
1636
1722
219
1609
113
186
1236
1259
2038
274
1450
1315
609
1007
254
494
126
466
30
1638
1583
499
92
648
1408
947
1601
1930
836
1176
1458
1982
469
749
2009
805
406
1169
840
834
279
1745
1148
404
1664
1373
1739
760
1655
1737
167
120
2017
127
1233
72
121
740
451
1674
377
1465
1758
960
356
2041
1472
1140
1353
35
1558
579
956
1438
1216
536
1282
1310
135
1019
794
1297
897
863
969
1484
533
1976
1057
1510
1735
898
970
1538
637
329
265
839
1455
1872
1072
847
682
1886
302
1673
904
1067
36
204
284
0
640
1921
263
1108
424
780
53
1631
1362
77
311
1477
707
1471
734
415
1885
1526
1397
347
553
40
1347
1291
2026
1402
754
1003
1369
1229
1015
1912
511
1008
1496
161
1049
1412
1543
1213
635
68
1861
843
1490
1419
1829
852
1591
218
1288
29
1183
1309
1879
7
350
422
270
1819
157
1813
920
134
850
1732
191
1546
299
27
1947
532
1821
2023
105
1868
17
1030
382
38
1151
173
376
851
163
967
1354
1166
837
1054
1522
390
1493
1841
1361
5
1582
