1636
1769
1165
72
896
146
1019
1126
928
897
1109
266
1138
304
1097
670
1471
1099
63
1862
727
411
1612
853
644
1522
876
1943
658
546
126
224
1226
1360
1889
1395
1339
1559
1839
1950
2000
401
22
1929
214
778
1463
13
1946
1477
344
1230
1122
854
1392
1718
99
46
412
461
699
438
937
382
1742
1577
632
684
1972
1493
668
1408
1854
1552
1507
1361
365
1229
568
1383
1833
725
1008
963
1419
1792
419
584
1856
679
737
1630
686
1082
998
1548
1828
1714
890
17
949
1970
1406
1706
1092
145
791
1731
667
1863
498
1583
1176
1640
1975
1499
1615
1098
2025
975
1877
789
1834
386
784
1782
707
469
1242
354
416
1209
78
614
1940
1123
967
1503
216
1680
1754
1261
1653
720
32
1774
984
1139
1428
478
1000
454
1276
973
1481
243
1292
1886
1269
773
534
1290
1787
1135
925
952
1875
68
1152
538
768
1364
697
1028
1157
1273
484
1289
511
183
1434
1308
1966
1386
1750
231
1348
870
861
1102
1219
3
1520
1768
1900
628
536
964
1820
380
1022
11
753
1316
260
1431
236
2037
912
599
1592
18
2033
139
1362
1906
1695
111
322
1523
1443
1921
6
1447
258
1502
1551
1042
796
49
655
1368
1310
79
1224
1400
185
330
156
1371
793
1235
522
672
990
899
542
14
162
877
383
1206
962
550
1822
822
1681
661
1398
288
230
2003
812
735
448
2031
1416
2009
1643
1297
1459
1178
118
1379
1323
1232
413
1064
1974
167
1871
1694
1385
1924
714
2011
1561
80
1474
1335
1056
289
712
250
843
1497
1732
1933
1658
1811
1962
612
1855
739
193
1498
24
320
596
645
244
1908
1614
997
25
823
2045
1876
1914
955
559
1218
1150
150
524
1331
373
604
306
1427
1370
1682
1847
1550
1988
1708
284
1504
2001
976
1916
1919
389
136
846
254
1345
2004
127
1624
1534
1388
1977
1689
21
410
2002
1697
314
1446
1479
932
1483
1566
1712
862
1321
8
731
1223
595
933
367
1861
135
694
1872
457
941
151
1001
1778
1142
205
867
660
1046
131
1912
1
1660
182
1252
110
760
2019
2015
748
1798
76
1519
1762
321
292
318
298
759
711
1825
1487
1204
1785
69
446
1267
1955
1489
662
871
343
217
1799
1095
88
2035
1756
708
1318
840
2021
199
1401
1831
783
922
240
947
1816
1484
1664
1979
1164
1849
589
1382
493
1995
1741
996
951
1444
1203
863
983
656
1793
1693
158
813
1821
1027
1850
1151
291
1568
617
378
1905
1112
553
241
1074
108
587
1059
451
1031
1288
857
1334
442
1249
1145
1810
115
576
750
513
353
1978
1453
1337
452
1420
1928
374
957
492
396
864
264
42
2017
1110
615
423
560
1996
168
1795
171
1879
620
1333
1767
1837
681
1076
1236
1132
1006
572
715
736
1786
1196
525
4
1998
495
689
1788
1039
1274
916
621
81
1842
1651
1490
745
1819
114
665
235
295
580
1927
1794
1667
1501
691
1161
574
1301
1414
845
1781
355
1270
1575
1422
1685
1429
787
87
1589
1611
819
276
1885
1373
1300
771
463
1857
701
308
370
218
319
1676
608
1198
893
531
1350
1184
833
1194
1262
607
988
1512
1205
703
470
926
815
1976
1071
713
894
769
1659
1511
441
1744
1468
486
1835
1148
1389
361
1555
403
233
1411
1622
1016
1827
918
700
1938
706
1073
1043
1278
915
1048
1227
1991
1655
673
1635
1775
268
1925
978
529
1698
824
388
741
597
184
301
348
1725
1324
280
75
53
693
508
1491
1683
839
1951
439
1051
345
1315
1372
123
858
521
1146
619
1936
351
1169
744
674
1830
1853
1771
1807
850
545
282
613
1303
1633
1999
1065
729
1081
1363
93
98
278
1690
1500
1185
709
1586
55
756
1436
657
1688
1394
1298
1509
1079
895
676
852
2039
1141
395
869
350
1397
109
427
331
1982
1679
1599
387
868
1175
1365
1452
242
832
450
1354
641
1353
520
555
285
1581
1992
1883
332
134
1661
923
1375
1934
1898
1100
1159
1777
790
786
1801
1172
648
1268
944
1716
1302
0
1070
836
1207
1806
372
154
1407
1662
1663
586
1518
1556
1296
1221
501
342
1895
1155
1687
274
844
464
456
1057
1136
563
1789
992
1435
518
2040
1524
810
206
825
1802
1485
552
616
1844
764
1721
985
1475
1384
1012
1199
1072
1156
489
733
1287
630
358
223
1618
47
213
762
1458
1981
390
835
927
1703
1533
1086
961
1521
1734
177
690
1967
237
1826
779
1430
467
1696
1171
1766
1726
1752
1470
1620
428
86
934
1601
34
938
74
58
1271
1513
338
1488
41
1147
1922
1387
302
1536
1892
324
211
73
187
294
362
1675
1691
1843
515
959
1607
409
1948
1496
814
341
480
1168
1220
329
1574
160
1686
418
1018
675
634
1719
141
1263
496
1763
488
1557
1571
483
678
1352
1285
627
886
969
1244
1666
437
826
490
1540
874
795
181
873
1326
1608
2028
1133
1200
603
166
157
1237
1813
803
1602
2036
1537
1343
781
1701
2007
943
1578
1677
1812
12
885
417
375
1340
594
517
1456
137
761
1965
425
1702
153
829
575
1864
30
219
317
1593
1893
1969
1258
1609
1937
1945
1154
755
198
1838
70
262
1605
48
1984
180
772
875
532
57
1405
1770
892
953
1531
900
800
1020
1542
1704
2032
1187
122
397
102
140
1678
1415
1758
1942
59
1441
1913
1217
1880
1160
188
1535
226
323
1190
473
600
669
277
1765
1433
1671
313
310
1673
1627
1106
1646
1878
1197
221
1784
104
1562
1231
1228
249
1478
1656
1293
208
624
1748
1284
1309
566
528
347
834
66
1104
269
1580
1440
279
1884
1647
609
54
1180
960
816
1240
161
1907
1997
172
625
1049
384
1713
1600
1272
1061
1800
1563
719
170
799
360
1286
421
827
643
1330
556
1918
1541
1642
445
752
468
1532
1888
965
1248
112
1336
578
809
204
1173
7
696
52
1393
1476
1181
1119
954
256
1993
28
1421
905
785
726
1260
391
1247
1804
968
1222
592
1163
1275
2038
716
1332
1495
721
588
841
543
1325
251
1432
881
1959
196
402
1083
1264
1291
2030
406
1067
695
1376
1547
1623
788
309
2013
507
537
175
1327
774
1709
1764
1737
991
56
1121
245
458
1002
920
1983
794
859
1417
631
642
1941
1457
1604
35
1085
1338
1424
1817
1882
371
820
1738
1450
164
194
1255
1665
1874
148
191
1473
1377
911
671
286
590
394
966
1004
1865
1437
606
1426
1790
1873
220
1909
652
143
685
1780
225
9
751
682
629
142
1932
1710
1347
1391
1866
1239
919
101
1282
429
1246
519
315
1985
399
45
1634
1021
1439
1549
1621
20
1080
201
385
200
1317
273
636
1153
1648
849
1818
1757
476
732
1730
465
564
1899
1761
307
89
704
1108
1960
782
1208
1505
1728
346
400
1266
1669
635
83
1225
722
1657
1650
443
97
1174
801
424
415
2023
856
882
2012
215
1127
334
663
1033
1212
626
1897
1068
1320
931
770
1166
1047
598
1707
908
29
392
602
38
1829
23
477
1860
281
936
1590
855
1510
255
1684
1055
547
1245
977
583
440
2014
1772
1189
724
1170
300
16
512
1054
651
1124
1192
1015
1743
229
533
1740
1727
1576
526
1367
1105
472
252
754
447
1957
1425
650
1869
860
1573
1460
1641
1329
326
364
702
120
207
1130
1075
138
1494
113
435
705
1554
339
509
368
1797
1836
203
623
312
325
1953
305
1311
474
1024
1587
444
61
1796
222
1565
995
749
40
1254
31
1920
186
1958
950
130
1613
239
1915
1403
340
980
879
1482
152
1851
516
311
1935
287
999
1760
1610
1584
1259
121
1472
1304
1582
1631
1705
567
804
986
1014
1313
1167
1619
1652
1251
1143
917
107
1723
147
970
479
1060
1598
1445
303
92
1378
1026
1013
1050
562
1964
1672
248
1736
1442
77
1990
1359
637
357
581
1846
1322
570
610
776
1234
1115
1011
37
929
2018
475
974
683
1570
557
573
1588
432
1462
2
408
1466
659
1973
1773
1089
369
62
352
155
1952
422
1724
1543
549
653
1858
1910
232
805
1956
1341
2027
1467
1250
765
234
935
1840
253
26
363
1037
1805
144
19
2026
851
914
746
431
883
1078
738
1238
1486
491
257
499
993
1003
692
1328
1448
1700
1088
1625
426
1603
1007
1202
742
1380
1356
889
898
792
1010
1077
1994
36
27
1745
1971
227
1947
376
828
1911
105
1177
605
1867
680
530
639
971
1949
1314
1852
802
1808
1053
523
1751
1644
1390
430
1733
582
1107
1305
95
775
946
506
1216
1514
907
1968
129
263
1749
535
381
1396
117
1253
1052
1140
1711
758
1717
1917
1791
808
103
1632
336
1158
1045
333
666
1093
1516
1241
622
514
1597
466
1904
1649
449
1090
866
1294
91
290
1753
1848
1319
654
2016
2010
283
116
1409
1803
1564
798
1841
2042
540
1902
132
1358
1162
414
1281
817
891
189
906
67
872
1413
1256
2047
487
5
1832
1455
842
1814
1404
677
1069
503
1527
2024
1824
956
910
1980
173
1117
924
551
2046
1591
1594
1149
1755
1546
1346
297
1374
505
747
497
1306
945
359
404
96
807
1538
1044
349
328
94
981
527
1193
494
64
1616
270
293
831
459
723
1508
1063
1023
1029
1558
1944
436
1894
377
84
44
1344
687
909
1674
1116
1233
1355
1779
1461
163
1188
453
195
1739
335
717
238
569
647
1137
838
1131
777
718
1637
1357
1606
913
1809
763
847
1747
1823
420
2041
1210
247
1438
39
888
1307
989
209
259
1729
43
698
1469
434
1032
2044
728
1111
1525
734
837
1715
1084
1506
10
1451
1654
1118
585
1243
1214
1961
1091
1402
1881
942
316
649
1954
994
176
398
296
797
903
1144
1722
1295
1041
460
500
1699
548
1017
1989
940
1638
1746
1670
664
1381
740
646
228
1529
1005
1183
1134
149
806
1539
212
593
887
485
618
51
982
299
2034
1870
275
1449
818
1412
128
1931
337
1939
1492
1299
865
1279
471
1530
2022
561
1545
1986
1628
577
710
1349
544
821
71
1528
979
921
1035
780
1366
174
638
1191
165
60
405
730
2008
1351
197
1399
1257
1923
1369
90
743
930
267
1480
1868
1626
455
878
106
688
1423
939
1735
1058
1515
1526
1103
1759
1560
1926
601
948
1859
1201
1465
1113
82
178
1114
271
1215
1585
987
1040
1213
1569
1312
1096
1890
272
1720
1342
33
1211
481
1094
159
757
202
85
1410
1464
462
541
958
1629
1891
482
1692
1283
2020
565
169
1595
1030
1544
1101
1280
1579
633
1553
558
2005
972
1454
1265
904
1179
1182
125
640
124
407
1887
2043
1277
1930
1025
811
766
880
1009
190
504
65
884
611
1617
366
1195
901
15
192
246
830
133
539
119
1903
1963
433
1845
1596
1668
265
50
848
1783
1129
502
379
1062
902
1038
327
210
1125
179
591
1987
1087
579
2006
1034
1776
1186
1128
261
767
1639
1815
2029
1517
1567
1418
554
100
1645
1036
1120
1896
510
1572
393
1901
356
1066
571
