1677
1670
952
561
937
1721
1506
1936
118
1809
836
564
1875
2045
753
500
277
84
1131
1719
1255
683
167
1837
1484
1295
414
451
1667
1467
236
1444
1309
1080
827
208
201
206
1330
1402
830
761
151
124
1977
558
733
1707
732
889
1219
744
611
21
580
1543
74
599
871
20
790
78
1252
1262
1230
1197
351
54
1457
1279
1181
352
1995
1067
1851
1424
1505
1614
1145
566
1422
1549
1120
1440
578
964
210
400
1522
709
987
1810
1237
406
298
1864
158
896
527
1369
1928
1429
2003
1413
1132
1663
1636
293
288
1854
1743
911
45
1956
199
289
1368
601
140
1127
223
803
1019
1167
637
1006
2034
1783
442
373
1495
1257
2040
149
1411
215
1036
1548
1797
441
1615
1798
444
347
1845
376
760
1785
999
755
484
117
698
430
713
482
112
1220
1207
401
1942
232
228
1472
1420
29
408
1606
1010
1563
200
466
469
799
1591
532
1408
73
1531
1683
229
1801
380
767
1282
1488
381
302
341
1900
148
1169
1008
1042
565
682
645
1934
1561
303
393
750
646
1216
1427
686
562
1342
1294
1550
821
1632
1018
843
1596
315
763
44
1061
839
1409
778
1174
1485
550
939
470
284
775
9
1251
811
513
1893
138
1437
1057
355
1268
938
736
1684
1439
1385
914
875
712
1406
1944
205
664
1994
1178
1086
545
747
1678
1314
1359
1741
1311
1862
548
1244
717
1976
6
1125
33
1441
1724
1520
629
1910
1964
322
1735
817
127
437
544
1556
362
1984
345
1826
1371
692
332
1052
522
1847
481
1849
270
891
1360
1049
1482
335
1948
873
354
970
1452
1474
665
1313
111
680
453
1425
166
992
967
1843
462
269
516
1249
537
1293
851
59
1319
179
942
1840
693
1233
1511
471
1079
877
1412
994
1247
447
310
1660
1455
472
1448
1096
226
1992
317
820
1529
1469
1723
974
168
678
632
951
835
1367
1763
1211
1462
1930
674
2000
340
675
1720
160
456
1594
1761
1473
243
1254
147
1509
319
162
1348
2030
1382
2021
146
1403
1512
641
1515
1340
585
1541
1516
404
1137
1187
2029
1347
1002
884
1040
1012
913
654
721
595
1554
612
438
1000
932
711
768
1592
1828
116
1705
916
391
1421
1832
2019
144
64
784
1117
89
82
800
184
141
1521
598
1695
202
331
276
1320
738
996
42
1769
594
792
1375
1744
995
246
359
366
1265
1500
922
386
110
705
371
781
1103
283
51
788
38
1997
1838
1157
534
396
1790
1552
556
1291
509
247
966
956
102
1933
1200
467
31
615
825
670
1013
1123
107
1649
1223
390
262
526
549
1562
164
690
776
1504
1749
1920
1598
423
1398
923
1146
339
844
378
1945
854
1235
1896
1361
771
1777
100
1468
1800
204
1312
170
1866
619
1059
813
1829
1466
677
1374
1324
1839
542
398
728
1846
878
864
1171
248
1202
1889
1323
621
1331
1880
1192
1865
1141
810
745
1430
1546
1227
649
866
729
239
1917
1502
1560
1442
1047
702
1815
590
523
1528
727
1834
88
1370
874
1888
881
1544
1109
1697
1480
600
1657
1204
1069
16
2001
963
981
2014
105
1850
1827
1108
1158
1814
367
1971
921
1283
581
238
493
1114
1924
1530
1799
1005
752
1958
1229
178
1770
1913
1558
521
1700
225
1782
1679
1722
540
826
639
1152
1498
63
80
1399
1021
737
1277
272
1032
1793
1461
473
169
301
1073
92
165
1708
1208
667
1752
309
829
1199
1682
1305
1907
1745
281
23
1876
697
1014
1877
1833
1024
1886
251
1669
1674
405
1585
1970
1887
1077
1553
1727
1172
795
1017
1025
945
1397
586
30
1661
1706
154
1996
553
336
1301
1306
920
1972
1333
435
1986
861
86
1056
143
1112
122
1952
360
1841
1537
700
1107
1925
1625
1767
1604
37
554
1902
421
666
1760
329
375
26
2008
1381
377
1643
1534
233
1637
1389
1003
1873
1738
1083
1476
1883
968
1597
890
1771
859
547
491
694
1842
1564
115
161
997
420
559
886
1755
1975
1953
1932
394
1911
1998
1224
627
17
1051
1150
591
1652
505
1039
1892
1781
759
308
1143
671
1464
1631
1037
1020
445
2005
834
1856
1629
56
1236
433
290
1016
660
1225
984
475
1951
1465
925
1581
250
119
1004
83
1463
909
1259
1135
1160
1214
356
1519
279
1605
1170
186
139
704
531
1084
688
477
1210
1149
689
2
81
1445
1407
496
948
1650
2012
1937
1038
1076
1065
642
626
1774
1626
623
569
1261
265
536
297
1130
415
125
1535
1804
196
1497
52
476
676
1608
344
1085
75
1968
271
1702
1496
2041
1417
1163
1812
1836
508
1346
3
273
1807
1447
2033
1645
699
1989
887
349
61
1571
1380
177
551
583
1786
57
1575
719
457
986
182
1450
862
231
543
1901
1947
2006
1685
868
1819
219
157
1566
804
1118
962
1710
1098
780
715
1105
434
275
991
1400
625
1009
908
774
1988
978
1623
1574
838
132
255
1648
314
976
2028
1919
1153
1423
720
392
936
1736
439
635
1147
1547
1198
725
1961
935
188
1246
1221
101
1806
47
1373
79
856
1322
1454
1106
1732
1717
872
452
1138
610
1647
1746
10
1189
764
34
136
701
1703
1595
416
348
1232
1332
389
1987
1097
399
946
108
696
428
650
1478
1184
1357
1206
1453
1576
382
195
1499
227
1401
2046
1273
1969
327
1955
278
1569
153
514
2010
546
370
1747
584
947
681
1787
1655
1894
1583
1028
1718
2017
173
1985
1852
58
1524
218
1794
718
1356
252
1070
337
1658
855
661
1538
503
1869
1681
1899
899
180
848
1811
1779
492
334
1578
1501
150
1269
1203
695
1315
643
796
130
291
1545
221
13
722
1795
663
2020
1939
1593
894
1377
1693
574
573
458
814
1093
1390
1248
648
1316
749
159
1778
244
260
756
109
1572
1286
1858
87
1740
1284
1088
1759
295
1792
2039
266
1299
1029
1116
1557
1122
507
863
1630
757
296
449
2011
1565
955
67
440
902
267
900
1243
552
741
1599
268
570
1691
1897
1321
361
176
1527
363
1487
1134
949
801
36
990
673
2044
90
1395
575
1418
1001
292
1155
1895
403
1351
1308
888
928
1573
1966
2007
1404
220
1776
1627
1518
372
427
1633
1240
328
1844
1253
867
1126
512
773
1354
1704
1393
1508
1881
96
1954
1256
579
726
1110
751
535
892
1449
1239
459
517
865
383
1694
903
1035
1981
589
1507
520
1808
502
1879
1082
480
901
1296
1714
463
1129
904
1659
312
1471
1539
2043
1345
1258
765
77
919
1060
1297
563
1618
454
65
1410
1414
576
1337
1579
1140
145
1848
630
840
1119
1062
1298
172
1338
530
1601
412
1183
1728
1734
306
330
15
613
779
50
19
501
2015
1341
155
1173
207
609
1071
1982
1635
1665
1302
636
1687
1805
1586
907
234
1672
1209
787
1602
1651
230
253
624
426
299
1963
464
1949
560
1048
777
1266
651
1046
766
254
1215
1475
850
1513
588
1802
786
171
1750
1860
1023
1589
1026
256
1388
1600
602
707
971
1280
216
1870
66
1590
506
1113
1384
524
684
572
183
1483
1
1318
1689
1946
479
656
723
1292
1979
1642
1686
905
1432
988
1634
979
137
880
1751
257
142
832
1492
1124
1477
934
62
941
915
511
931
1218
1644
876
2042
478
847
837
608
1878
1272
1885
633
1431
1231
1716
822
1050
1914
1813
1072
1166
1350
1328
969
152
730
424
1612
326
1274
918
754
1882
769
316
1068
131
1903
1523
1288
1656
4
926
2037
2038
338
1242
657
1074
2022
1190
1927
343
1391
557
1577
1891
593
1180
1912
1582
1922
1905
1034
555
943
1091
397
1610
1111
1099
1205
789
1748
1730
808
1991
1193
1182
1916
487
1638
1532
431
436
1696
567
325
1859
1355
489
653
1950
1909
587
1419
1671
1791
1646
1830
616
1762
2031
95
407
740
121
0
305
603
638
320
806
1766
189
1789
99
1653
443
731
1486
1055
1101
1906
263
474
1394
2024
910
261
912
1822
1494
772
1011
541
1668
1742
1603
181
1559
209
1890
1007
1154
617
1053
287
797
106
460
425
1960
350
1688
85
485
1773
499
845
1923
53
1542
812
1823
494
1701
448
498
129
1362
906
1863
385
1609
539
631
525
1325
76
1978
1725
1931
1307
1675
490
882
818
39
409
1698
1588
1772
32
687
1613
1044
1857
972
1267
417
1194
1796
1133
194
1611
357
1654
592
748
1460
55
313
1144
1087
1436
249
1584
870
989
1226
596
25
1490
1159
69
604
2036
1443
1628
1043
203
1366
71
739
2018
1639
5
1753
655
1064
957
714
762
607
849
133
1503
1726
823
163
1712
1027
342
1967
461
104
192
395
224
2032
70
1041
1768
1616
1349
1662
1754
2016
2002
1908
285
1990
40
1196
669
126
1871
259
791
993
816
1620
672
1177
1271
662
98
91
782
1168
706
930
1622
1709
1861
1100
187
1853
7
1737
917
659
1188
809
294
783
853
1962
1334
35
708
410
1217
977
1364
504
528
1904
1816
857
214
1567
1788
1731
1587
716
1263
1426
1974
1617
1491
1481
1872
300
1757
22
486
1336
975
1621
411
858
1676
1275
1142
2025
368
1066
1304
1959
634
1699
488
895
815
2023
1438
1392
311
618
483
1764
1820
1999
211
28
1238
1803
793
1821
280
1090
1433
1780
1094
1775
640
1692
824
1434
1479
1104
1234
1250
1352
802
1765
2009
1317
213
1176
402
1102
1715
156
2035
883
1664
860
286
897
1784
940
798
1918
2027
622
212
1884
668
1526
958
1493
49
1898
135
455
8
422
242
794
237
60
1015
93
134
2026
852
510
933
1264
1929
241
128
1533
1568
217
175
842
446
652
1339
1285
983
379
1570
1517
1580
48
577
1729
1326
965
879
893
1525
1874
1063
973
1278
364
1378
387
1058
1470
113
1943
1555
1228
413
959
1287
927
1835
333
384
1456
924
647
245
1640
1121
1690
1213
1733
724
1458
734
1405
198
1965
1031
1222
1270
785
807
1855
1290
1536
1383
735
1396
1921
465
846
191
18
1303
685
1161
190
710
174
746
418
41
658
1915
518
12
497
1941
1386
529
1379
982
538
185
691
1186
1358
568
1164
1300
323
120
1045
258
419
432
841
1363
1030
1185
1446
1666
1156
2013
324
2004
743
27
429
828
742
515
1212
606
1713
388
1148
1825
869
365
954
103
307
1973
885
1510
1619
353
1372
450
1935
24
944
1136
1416
1335
1260
97
1940
1162
94
950
1289
1540
1938
1831
605
1607
1078
1165
985
833
2047
1115
1673
1818
597
1387
898
1415
1758
960
1489
1365
197
1139
1276
1459
321
11
1824
1281
1343
1739
1195
819
318
582
1095
961
1075
644
1054
953
274
1092
1428
346
1201
1022
1128
770
264
980
1435
1756
72
1241
1191
1376
1179
282
495
68
929
1151
304
468
1353
519
43
679
758
222
1711
1817
1980
1089
998
235
805
620
1033
1926
369
358
1551
240
1641
1245
533
1868
1514
123
114
46
374
614
1624
1451
703
1983
1175
193
1344
628
1327
571
831
1680
1081
1957
1310
1993
1867
14
1329
