229
289
1969
1493
672
917
1415
1030
1294
641
1521
1218
1617
1179
1045
93
98
151
1167
1132
1487
2041
105
702
1663
1738
1974
349
471
1444
965
1778
1111
1737
935
1936
1833
2047
1163
1725
1785
2021
905
986
618
911
1511
1630
1765
1938
180
1143
2034
1271
459
1203
1766
394
843
486
873
2029
968
822
130
1811
1808
945
1873
443
630
1176
1200
1883
1923
67
1431
725
1436
1635
1514
1319
1997
300
1733
616
1889
1845
2022
1118
1781
1898
1503
1275
1057
243
2002
540
1178
1169
1398
1464
1184
589
660
950
239
64
1484
1113
1378
370
1769
1144
1231
1449
1208
1407
928
679
267
689
1614
761
274
944
1928
1612
1441
1465
617
1172
1964
1114
235
1298
894
1722
811
502
1859
1468
693
927
1257
831
1052
1772
332
1334
1265
828
929
636
1641
1595
404
335
1217
544
681
133
1476
11
1404
1680
2005
1982
97
1159
1269
14
1764
1362
435
877
206
1852
444
84
626
765
743
299
807
10
839
1385
449
1101
779
447
708
768
406
1787
1316
1831
1409
316
124
2004
938
1961
529
324
1065
1022
1878
184
1864
1099
786
1420
395
1002
1871
1742
2042
1919
645
1705
268
913
638
1311
1853
803
706
220
637
1743
539
387
1198
1135
389
1941
1141
956
914
422
712
595
495
1120
1685
861
860
1003
605
688
918
1274
1173
1462
876
1981
1749
78
337
1371
1599
1448
1195
527
729
821
703
1573
273
1640
1235
396
730
701
1381
814
1077
33
129
551
1212
735
896
1438
1295
363
1912
772
352
1691
1896
941
1677
1618
2010
1570
666
203
753
889
1664
857
1755
491
1207
848
1992
841
272
437
2014
501
826
503
1638
590
1547
343
1308
1026
211
1877
315
602
302
430
1049
95
1771
1345
390
967
56
1062
1148
631
925
1147
1453
903
639
1943
1492
233
1483
225
940
1527
1526
365
9
1946
136
1555
183
676
1027
21
1074
1313
1984
507
764
1103
284
309
1576
1594
319
1338
1507
1668
403
149
654
971
1645
1171
1688
1865
1032
791
1393
519
277
1611
1673
714
561
1639
314
1882
909
1795
1779
623
1066
275
787
1107
13
582
1325
1133
23
1840
700
1732
1102
1807
625
1458
223
1302
542
1356
872
8
1220
1467
686
412
793
2033
1033
1087
66
255
1008
1569
608
2028
144
117
254
1522
210
1043
1551
375
1088
1175
687
1723
1788
1622
1373
340
1876
1296
1221
1291
1391
139
1139
305
1403
534
1157
107
742
177
1405
346
619
1234
439
1590
397
1245
1730
38
1549
867
1130
1005
1004
1623
1460
1343
962
1890
1138
61
1340
1306
1256
303
553
2013
892
652
1976
1224
1128
480
840
871
1105
1550
65
2000
556
1585
429
1355
812
1272
413
1196
1419
525
851
436
218
1827
1842
41
1874
737
1241
326
665
1335
1283
1539
1694
697
1797
690
1059
271
1086
734
1109
18
1210
1968
1741
1838
1704
1542
926
421
1365
1841
1211
1160
1988
692
980
1519
461
1728
1304
376
137
728
778
460
110
1793
1820
1166
345
983
17
1142
1783
1740
1621
1674
307
1474
1830
1469
1076
341
1322
601
470
43
1582
1477
1775
1689
331
127
1292
1796
1604
514
1287
1910
204
1262
1904
1653
253
24
1489
1607
1940
1125
865
1495
781
1893
1881
123
1935
1844
1804
468
1826
1927
852
1252
1834
1603
649
140
736
1146
1046
248
1092
578
155
1071
733
58
932
1072
1486
1866
161
1370
1197
1266
1891
1624
752
1312
1117
1561
121
1185
558
1717
20
1392
850
51
142
420
976
82
209
1670
217
506
633
1021
782
1654
1384
1773
122
1051
1332
1776
1644
1784
262
118
154
308
609
1958
1342
600
269
1966
1025
1421
174
1009
1962
358
1402
1799
1199
723
175
1396
265
1715
634
1337
643
838
1712
79
1372
1341
329
588
981
1435
186
102
1829
1324
993
1281
1836
226
336
1450
900
604
442
1615
1499
1098
597
1041
1289
135
256
356
379
1433
1761
670
1815
646
1020
741
1554
473
1802
773
72
585
1929
1121
805
972
1267
994
740
1036
853
1397
1598
1714
1048
795
586
2
898
1162
48
1070
1665
27
1995
1406
906
1713
919
1284
1205
957
1352
719
119
1459
662
895
536
924
173
1843
620
462
1091
1545
1094
504
1149
1727
1736
1763
1336
1675
500
627
427
464
1721
1926
510
338
344
1998
1347
533
1110
1786
1244
1310
522
648
2020
438
1532
258
488
216
104
1939
562
409
1390
541
1597
1994
148
1616
354
1093
757
1037
214
1023
1394
295
351
1584
1937
732
1490
820
744
4
5
953
1209
1015
1414
280
320
1884
76
196
264
1471
327
678
1902
59
1819
675
1972
1193
1236
958
874
991
1473
178
576
1931
835
1084
469
515
1803
260
476
1817
1535
1942
1456
1180
1106
568
1879
538
1957
2017
1363
1368
673
1999
880
1726
868
629
726
1683
1190
128
257
1832
1226
1557
1658
1225
68
194
521
325
182
90
1170
1083
1944
71
1416
1858
1903
2001
942
1800
1758
509
1454
60
245
1661
815
1631
790
1366
1824
163
808
361
1350
181
1361
1293
1965
339
1825
1975
1331
776
1422
63
554
915
799
87
1288
261
933
882
1579
1158
252
2030
378
423
189
1279
138
1259
1382
391
1328
368
923
165
313
1227
282
1360
794
1260
494
1632
1682
1380
1053
907
85
1523
1571
656
1463
1580
77
6
1613
664
1437
116
1359
1823
1710
1442
1695
1933
1151
1583
1029
1719
380
1868
176
1567
591
1479
434
528
1240
798
1286
228
1979
937
28
1232
94
49
80
40
1908
399
1131
709
1237
1318
1857
1100
2027
472
1875
951
1681
571
1980
804
1060
1847
2038
1885
46
1432
318
1945
276
2032
969
401
659
1016
613
920
311
970
322
185
1960
1418
1317
31
1183
2007
1734
1249
83
1067
1574
279
1500
550
1990
1899
1330
1886
384
1481
1204
1515
222
569
1777
829
1562
921
1321
73
1155
1165
750
219
259
564
489
1693
1054
1124
42
475
1353
1042
364
770
1739
1989
431
1417
1346
1457
624
1609
1643
863
263
727
879
1934
580
156
1686
987
1810
855
883
658
999
1344
1667
499
866
1577
1709
537
1007
1278
1553
134
446
512
70
1181
545
1692
836
1581
1085
1666
1122
901
577
1768
388
930
1746
191
1587
884
671
1530
411
632
887
566
1578
1261
1408
1006
481
1967
416
1531
457
54
1429
278
1951
2019
1215
713
1735
902
89
830
844
1684
1455
1354
1137
456
202
1752
1238
955
490
385
984
524
1268
26
581
172
1703
1379
147
1323
1439
195
1625
2039
190
1750
1676
1846
594
1872
747
321
382
1233
858
1401
1290
347
232
845
718
1243
1756
959
520
1917
1528
1558
207
2035
12
1636
393
1494
200
1887
1812
1806
171
1762
738
1540
518
606
1064
1177
1647
615
1445
548
1602
823
1626
355
1851
1789
1867
1837
549
230
402
1512
869
36
663
683
323
1031
1915
859
478
188
2024
1533
864
1930
1932
1388
1745
1662
628
1329
849
106
350
834
1754
1790
1201
1556
304
101
1446
1485
221
1718
546
22
1413
530
547
1115
366
647
833
699
306
891
86
484
1963
695
1925
108
640
453
2018
1987
1451
680
575
1501
1079
668
1333
1320
1112
934
1229
715
458
963
498
1536
1538
492
842
1646
270
555
1546
1222
425
922
1913
1011
949
1050
1914
890
1375
493
1548
1156
236
899
1566
1280
19
1108
531
1358
505
543
1364
2012
717
1651
1213
1150
573
1383
159
1821
250
1600
817
16
1425
552
964
1560
1010
448
1650
1541
418
1744
1955
152
1276
888
711
1192
1900
419
15
1097
756
769
593
169
904
758
587
939
1078
1805
1971
716
635
2025
153
694
1000
754
452
1720
1753
1069
55
1063
1246
1470
567
359
1822
526
1424
45
565
598
52
885
1628
2016
310
1506
1627
192
1194
1253
985
1610
1443
978
570
407
1040
285
759
1608
1187
37
1466
650
749
1888
762
657
1374
1255
1152
684
246
1839
467
1174
982
29
1601
1711
1751
348
231
197
1813
143
32
100
975
298
979
1759
1724
1894
1920
1895
974
1970
966
1698
1707
1690
1814
497
1679
696
1986
330
837
1697
312
572
1367
1386
508
1497
886
1634
1659
1357
1282
1299
748
1427
1104
1699
1870
997
1991
1161
208
296
88
377
516
1901
1591
224
1095
1277
1116
283
1017
1791
187
381
1223
215
290
164
931
450
1985
2043
674
1537
1816
360
789
1058
745
1565
1629
445
1916
433
297
1525
198
780
1339
710
818
682
372
992
1633
415
1619
1978
417
796
333
1907
1400
1376
398
763
477
466
1242
160
1273
862
109
158
115
39
1018
371
912
1168
1760
1850
293
1061
705
286
57
1447
973
2008
1996
317
479
596
614
1145
801
1440
451
644
2044
1660
405
1780
50
989
1605
777
237
1028
612
1096
1426
1498
1206
1983
1922
998
1496
988
1757
1140
1906
47
1134
1921
1387
990
1702
241
426
244
1482
281
1589
592
1801
1517
392
1089
1502
201
825
948
112
249
1001
1019
1818
1552
599
792
1564
238
483
642
579
1186
557
131
947
367
755
827
1949
1214
1905
1977
603
2036
1034
342
1123
847
0
424
1035
1488
704
2026
266
1880
1475
870
720
482
583
1351
1129
535
1809
1264
1399
227
1509
1954
328
168
1038
414
292
1251
875
560
783
1301
1191
916
1349
1119
1516
878
1189
1655
655
1856
1559
199
1863
1164
724
1948
1828
234
400
1254
53
111
1518
806
179
1956
1950
2037
788
334
751
120
113
1656
802
1543
1250
856
3
166
810
1248
170
1348
92
954
1953
1369
1285
1411
1080
1327
1716
523
1508
621
760
1024
1154
584
1188
1410
1412
1687
1706
440
574
1854
1056
893
1309
441
1700
1012
936
294
1377
722
1909
1228
1959
784
162
731
1182
383
996
2040
1513
1892
943
1258
698
563
816
1315
739
669
1297
1202
1672
677
150
785
1219
910
1520
1480
75
34
1973
2006
1798
1637
1263
1861
1153
2045
1774
35
157
766
1952
1428
1592
946
685
1652
1239
1869
1596
357
800
824
141
1586
1270
62
1039
1389
1434
212
661
881
610
287
775
897
1
1835
428
454
1849
1478
1708
463
809
1669
1395
2011
854
374
485
81
465
126
1657
91
25
1044
1326
132
2023
487
1782
205
99
1792
961
622
1649
1300
1696
1767
1588
1472
1430
1216
96
813
496
1047
167
1230
288
819
721
511
952
1642
373
369
1491
667
1620
1082
291
1993
1648
1678
1013
7
1770
1075
455
517
1918
1461
1606
908
408
146
1671
103
1307
1855
1568
1731
1747
611
213
771
1136
707
432
1897
1127
1055
1452
1862
2015
1068
1014
977
410
386
1305
114
846
1947
1748
2009
1794
1524
1529
1090
960
247
1544
1504
1729
691
995
2046
125
607
832
1073
145
797
1247
1534
1593
2031
242
353
1860
1848
1126
301
1924
2003
240
1314
30
44
362
1563
1911
532
74
774
513
69
767
251
651
1510
1701
746
559
1572
1575
474
1081
1303
1423
193
1505
653
