765
857
1437
191
1396
1745
38
728
85
1015
119
1907
642
1281
1393
1788
977
1456
1778
1453
1703
349
1278
1268
1628
929
1118
1375
423
734
1867
467
1253
542
367
643
718
2015
671
555
1610
1981
981
656
840
461
1425
1027
1279
90
130
1231
1451
1342
1350
1801
808
392
517
2023
1003
1977
1706
782
1038
575
1233
1848
391
1377
825
353
1389
218
1048
1506
1193
1057
1036
116
466
1728
1028
1325
1871
1099
462
1834
227
889
658
351
928
1821
696
408
1020
1087
763
489
1271
1413
741
1063
552
99
1423
958
856
1180
870
635
1298
2028
1533
987
1589
1322
1639
122
751
942
984
276
1598
772
584
1299
1285
284
1500
1232
53
1896
880
757
71
1758
1478
321
1267
18
1227
506
313
1534
1399
854
452
1067
1626
1651
1647
1550
1810
410
1856
1841
124
1108
1592
1324
1705
1473
193
293
100
1098
1699
1837
1890
299
1549
1215
70
1016
1765
599
149
47
1196
289
951
863
1191
1051
1660
61
1200
1772
1780
1296
859
1913
398
1435
330
1450
1873
465
379
206
571
1033
818
1743
760
543
687
884
1915
843
1373
196
1319
1619
1682
1374
505
1242
1479
803
239
778
847
1006
1179
286
861
1835
918
1467
1574
554
600
1074
1911
261
435
1540
790
65
1603
549
325
1672
340
1106
1511
443
1115
383
1164
1702
605
356
1677
563
1607
1462
1974
2011
2038
2031
1520
878
1277
1634
1963
1159
806
1263
652
1642
1938
1694
12
608
1539
234
1330
587
1800
823
2022
46
348
835
180
2014
1248
1876
1616
390
1019
1570
1865
425
701
1198
1073
792
393
585
1190
577
248
1878
651
428
1410
45
1387
1483
295
748
370
1378
686
1707
1308
131
885
168
451
473
545
817
723
1766
1875
1254
954
429
50
1289
1149
1100
937
909
1326
472
1361
915
888
646
172
445
2033
249
1935
720
805
1365
1620
601
1857
1153
260
1347
1532
1538
368
183
174
1234
235
28
1683
1879
1909
166
1323
1275
1767
879
833
795
1608
1881
84
556
1024
2027
60
1920
996
1840
921
460
1290
1768
826
339
404
566
1060
1247
1825
1274
1525
629
515
1738
758
910
1338
868
1544
6
1219
1314
195
417
1390
1266
470
1246
1412
2019
663
991
1201
21
281
594
562
1560
1770
690
402
271
983
454
1328
479
378
187
1904
944
1695
1546
955
1392
1637
1903
858
787
665
717
714
1709
1892
940
1034
1605
1828
1763
1270
1334
77
1403
524
776
320
964
341
338
1731
581
756
674
1994
1653
1934
906
1447
1178
1211
141
1749
603
1454
1082
867
1339
1771
1535
796
1996
75
730
380
1236
874
36
1784
822
1583
1803
681
592
210
1940
809
726
155
179
26
311
1235
1482
784
147
970
1670
211
672
988
438
570
273
1919
695
1317
1305
965
2029
1360
2018
596
1475
869
1853
1595
564
1884
67
736
453
1110
705
1237
774
1671
449
574
1176
572
628
1990
374
1499
1229
1713
553
181
932
638
1596
25
306
1775
1030
1039
1895
194
2040
1941
1551
178
969
1687
125
753
1359
804
510
1021
1181
1276
1394
1779
669
1129
1633
1754
1688
1819
1880
1025
881
1823
494
1664
413
725
89
272
456
785
1886
17
589
1109
207
1439
1050
1587
1398
1097
811
684
232
1759
682
322
288
418
1556
1391
476
1967
1426
1836
278
2007
1529
691
1053
1449
644
830
1124
625
1306
709
1918
1718
913
1077
1523
1565
529
355
2003
1386
395
740
1383
76
2001
51
1252
135
770
802
1817
1140
595
495
1442
1860
875
1787
1588
1089
302
1740
1257
1381
171
1989
864
93
1367
579
350
978
2002
560
1942
865
1040
1563
345
850
1497
448
241
228
675
1936
1313
931
1679
487
1329
1445
1363
1566
1947
948
1079
816
838
1580
1366
1175
655
522
1658
1216
507
1777
468
851
1273
1522
1644
862
531
789
258
1558
2026
1130
144
329
1761
419
1811
916
1122
920
323
1618
145
1908
1157
1625
317
1496
565
911
1076
1597
637
156
478
491
1794
1463
230
1946
1301
900
209
1197
1635
159
519
432
1416
1318
626
619
1093
1354
14
1127
86
158
177
1341
1459
1407
424
305
1964
2036
781
290
520
1000
1668
1258
1370
692
1553
550
860
716
1917
1002
1555
1438
1017
382
1645
1578
265
1797
1568
609
253
315
1380
1530
1395
1870
292
20
48
138
62
167
2006
525
95
1527
1177
244
1932
1203
297
68
1480
956
631
1676
622
905
1043
197
1230
1068
1926
1167
1861
1764
498
1225
1790
1691
1224
1972
700
1669
1889
1721
132
1986
1971
1916
118
40
1085
1858
96
930
744
499
1643
917
444
922
539
1722
44
2009
1859
693
1786
762
1833
1160
1602
1035
394
1805
820
558
112
247
768
934
523
57
175
357
620
1011
1667
1571
1156
33
123
1424
1457
1101
250
812
484
1163
23
2017
1714
212
127
1150
128
516
326
1621
2020
618
641
1071
2035
1906
2039
121
346
580
904
662
752
1172
1734
1678
403
245
775
1995
511
1134
1343
685
1723
533
1516
1476
1409
34
1349
1982
153
724
974
872
1221
892
225
1792
201
1310
997
1448
1883
896
1925
798
262
832
1944
747
1725
1303
899
327
1436
1985
1862
1524
1657
659
1693
1209
15
1332
1333
1443
1921
612
1431
11
397
871
561
242
557
759
1726
576
721
490
433
679
797
754
1646
688
1062
133
1927
1742
1757
591
142
1650
1357
745
10
1901
1675
1531
215
1783
1711
586
1032
1970
369
254
882
455
98
502
376
52
1376
307
1469
902
1692
1781
347
388
1466
4
1208
698
1581
1717
961
1795
1696
960
1358
229
1005
680
1577
1816
1949
779
1114
231
1287
1059
1737
547
661
1804
1686
163
411
927
1302
1223
1369
366
1905
1070
251
1689
164
2046
301
275
926
947
337
407
1914
165
256
1023
1958
924
739
1026
1388
283
1405
1125
280
1897
39
1685
1575
331
1078
1440
184
1362
1283
1460
421
738
1188
548
364
447
103
623
223
157
441
170
1584
1162
583
1793
1622
1736
213
1094
733
708
616
1173
821
111
1851
405
238
332
640
1845
1611
1604
198
1912
1830
1893
1609
1957
588
1472
607
1104
732
898
750
73
115
1953
1799
1054
362
2004
1464
1782
814
634
176
1973
683
1105
222
1244
1559
649
1262
514
532
360
1514
291
2030
673
41
1627
49
1146
1755
359
1012
1806
1735
1843
1827
1673
1715
1046
1863
2005
169
233
1428
621
1868
422
1593
1385
1950
267
1700
1311
2044
1988
1659
1169
400
1615
431
1600
993
140
1212
1554
1987
1044
703
989
503
1455
755
530
427
314
766
783
43
891
1774
704
715
1470
1640
1433
678
501
237
504
1371
1477
1123
1096
74
1562
1013
855
946
831
1939
1954
266
1872
104
324
1069
815
1820
1417
694
1353
282
475
1320
1158
1956
173
1808
1978
1641
1488
1170
97
481
1662
1869
1065
1630
1773
1151
1796
488
666
1498
1018
1983
1543
279
1561
518
108
1145
270
485
1732
1337
396
912
1331
1255
2032
1528
110
477
120
1838
214
1166
1088
551
699
1599
252
1613
1955
654
1832
722
1753
1010
837
1086
719
59
389
371
1168
1120
1505
827
1518
134
5
689
399
1937
334
1261
1133
1316
372
866
613
1184
1762
1719
318
129
1733
1135
1831
773
1137
1965
1968
1999
1494
1585
1885
1292
1504
1382
1984
1066
2037
117
13
801
32
706
707
1750
799
19
950
1372
1864
1638
1491
1336
101
513
1095
296
1606
935
527
1265
936
1802
1567
630
713
1092
1854
839
1874
1855
1335
1741
7
1249
24
1260
647
1264
1294
482
1730
437
1485
597
146
1814
1458
660
813
1850
1547
1081
786
1411
777
894
1652
409
459
1526
1812
401
1747
982
791
492
636
1517
412
1818
1083
1900
627
208
430
2021
354
1218
979
1661
1951
1948
853
1997
126
1798
439
1045
343
1
446
1684
344
939
1931
255
30
1429
263
1552
79
834
496
829
1202
559
1186
711
1304
1513
848
1842
269
1419
645
1979
1116
88
1107
1210
203
633
1769
967
1091
1655
1128
764
414
648
1241
1280
1910
2025
486
186
971
1576
1259
80
1139
749
1952
1256
1489
980
148
761
1632
31
1014
1959
569
35
54
1309
568
1930
908
1807
887
1624
1075
702
615
1822
1898
1813
185
1887
188
1933
1031
1993
1631
1541
37
69
161
363
1029
975
1228
807
1701
886
107
1877
220
546
610
788
1022
497
200
1144
3
22
66
500
1142
1594
800
78
611
1052
1351
1975
471
1295
1844
83
1614
1649
434
1815
316
668
845
1704
1307
895
2
94
593
55
1217
190
1238
1340
312
968
113
1791
1536
1195
1849
58
386
2012
82
457
1072
1665
1888
182
160
2013
1049
1680
1064
769
105
458
1716
29
304
1269
162
1724
1220
907
1617
1590
1564
1432
1519
1521
2000
1379
1601
2043
1240
953
1148
154
143
534
508
1138
945
406
793
1481
1648
1557
1042
1352
846
1846
1397
1727
257
136
1839
415
294
342
1545
1300
824
106
1427
139
285
1847
1573
677
274
1415
1058
1866
897
1929
995
966
1712
590
384
1047
91
2045
606
1991
828
1204
657
962
1090
1512
1282
1421
1891
844
1192
842
1286
480
1468
1998
1980
849
1697
614
1509
512
1315
1508
1346
541
42
1924
617
450
1591
436
985
1542
729
727
1288
1321
1484
999
1401
137
1041
544
1969
1729
819
1785
1185
1171
1434
1629
268
1206
1007
352
1492
1364
1312
1698
1710
259
64
986
221
537
1760
1976
1681
1776
309
890
1182
1826
1422
1495
521
528
710
976
1174
205
1666
667
336
1420
150
841
639
959
189
1962
1055
1674
387
743
365
426
72
873
63
670
219
923
226
1408
264
1222
582
767
300
8
1187
1751
998
463
381
536
483
2047
1852
1430
1119
319
1080
361
493
1623
1293
780
914
1061
1465
1113
2041
1141
81
1117
1155
358
933
1226
420
1487
246
578
1579
1922
1245
114
416
199
1008
1748
624
1004
919
1829
1147
1945
1327
2024
509
1284
1515
1928
1205
1112
735
1297
598
1502
877
1402
298
1966
1882
1165
1663
994
742
1894
1418
1348
957
1824
92
653
1720
712
1582
1510
810
109
852
469
333
1414
56
573
1194
737
1612
1126
963
1199
1136
1183
217
1214
1569
1809
972
0
1572
794
202
1084
1461
538
216
240
1586
1756
1154
1121
1960
464
204
2042
992
87
1923
1446
1444
1207
1654
1189
2016
224
102
377
192
1943
236
27
901
746
2008
2010
1345
876
16
1368
1152
1102
1161
152
1056
277
243
1507
526
1902
949
303
373
952
1272
1961
836
440
1250
567
938
1474
1103
1452
731
1239
1490
1503
1404
1690
1537
308
697
535
632
287
1656
1992
1501
925
1636
1111
650
973
1251
1009
771
9
1789
1132
1356
602
385
2034
1548
893
442
1441
375
1037
883
604
943
664
328
1143
151
1400
1291
335
676
903
1406
1493
990
1001
1744
474
1899
1384
1708
1243
1486
1344
540
941
1752
1746
1355
1213
1471
310
1739
1131
