1161
251
1206
1086
194
1371
104
66
929
705
98
833
1551
532
1393
382
581
280
1006
1338
226
1045
1704
1300
462
1502
697
1696
1439
468
1245
572
1618
1062
2027
817
2024
1918
401
1055
1378
1034
1461
278
518
1959
235
1468
1455
2034
2046
1654
1143
389
1060
292
1370
964
1321
1040
1866
373
562
1860
159
1557
1363
1813
1236
590
1590
1642
480
1738
192
231
1117
1033
1731
1724
1258
1212
1429
1292
74
1294
954
666
830
1065
1701
1422
1632
573
642
282
888
460
1897
1448
1291
249
710
752
119
604
1010
1921
1628
141
1554
1022
69
1180
70
821
1944
1396
2010
1812
1226
765
586
607
383
936
1369
835
1751
1558
332
1994
999
1560
1791
1207
596
1103
1475
127
1631
566
713
1317
15
233
1118
1871
132
919
1750
1520
609
1025
1019
1410
1968
361
174
1227
989
1820
1382
906
406
1796
2017
681
554
951
239
1989
302
789
599
53
883
1178
1104
1351
751
905
1039
1754
1942
1217
1496
11
1394
211
489
144
267
87
313
1160
721
1844
1032
1430
1870
215
794
1511
486
1191
1124
1189
1003
618
1587
1239
861
1413
991
837
200
979
1892
1383
1411
1887
1380
1911
875
22
1716
856
553
1416
1165
1261
261
664
161
1972
686
1737
479
1070
247
274
411
924
184
1664
576
94
1960
1659
1304
1361
511
295
549
322
1286
1936
95
677
61
452
208
671
1273
1185
1355
617
625
1526
147
377
164
1745
137
707
232
1949
628
1607
612
623
1938
1081
75
1229
1683
1597
1389
1947
1728
1873
1804
571
866
534
1532
1115
1132
1933
742
2009
1605
647
1678
283
535
1188
1200
551
387
399
1969
1905
1977
503
354
594
992
182
809
1519
140
1862
1863
1616
1795
1876
2025
514
1084
429
1447
973
1799
170
1066
747
1739
670
1020
1861
1485
805
1652
1962
432
2005
1865
1995
390
1926
1647
1533
1693
1052
301
1528
484
1109
509
1998
1653
1823
1549
591
10
220
1937
682
986
827
1491
262
825
932
417
1771
1233
242
397
512
5
1335
957
221
372
770
375
29
270
1622
290
171
1298
660
1493
559
1306
471
1967
1405
1589
891
622
1418
849
2000
1387
1471
497
1016
1268
722
771
1158
2038
459
723
1889
920
331
981
1182
694
1290
800
8
885
436
1789
213
1929
1435
128
1671
1168
1367
1303
1684
1917
1105
143
1164
1211
494
665
1928
592
433
1509
1534
679
1578
1543
241
99
165
58
1013
1811
1541
1434
413
311
1005
163
1620
533
1246
1573
1666
1353
820
882
1640
35
1559
1420
1708
1593
884
338
1990
1359
1460
1425
1774
552
1322
314
762
766
1250
306
1000
37
448
1112
18
725
1305
584
3
27
1295
1833
1662
985
353
737
1254
1220
467
1841
733
516
1744
515
1669
279
1008
125
482
744
1356
755
887
1673
81
773
558
355
1772
1525
867
1539
754
680
79
1011
793
92
787
496
1230
1417
138
829
1088
1829
1097
798
219
2004
1583
1540
1333
537
1096
995
1971
2026
1089
1672
1595
1726
768
2041
294
850
520
407
1015
356
1658
101
1342
1287
804
214
718
1707
1345
1768
900
1167
151
1489
1839
935
1181
1660
492
193
1472
823
34
39
434
1412
1195
984
980
155
828
1148
557
2019
1649
291
30
1741
1775
1259
1797
1592
1600
281
582
1758
1492
1031
1970
1695
443
1915
90
1845
1450
1867
536
64
1344
1550
253
394
1827
1916
1215
1886
1231
439
67
9
1606
1941
931
1819
316
870
748
1053
2014
1802
1687
32
818
831
1334
1092
757
363
913
811
1310
966
51
1214
1116
706
317
1332
758
405
1689
1348
1036
442
176
734
258
395
1725
402
293
324
1801
490
2042
952
550
451
1134
1809
1536
139
469
286
1919
1747
454
1140
639
865
903
1331
731
764
1106
33
732
391
424
760
1470
1734
1071
565
1755
1063
899
180
1581
808
976
360
369
1050
1924
1834
1193
1776
1459
1547
1260
285
1347
1567
1458
1210
495
1483
106
1409
0
329
500
157
96
1594
521
1604
917
1201
655
1297
444
1900
717
1094
16
1237
491
597
776
965
237
498
1773
2021
149
1481
561
1057
357
107
1735
116
117
1432
1327
1757
437
1166
1075
1262
1964
1579
724
1375
912
1868
1007
1379
1612
1872
661
457
1440
307
1946
1761
546
1598
271
300
250
1644
1150
1392
736
619
1722
1958
1456
1077
1538
1674
627
1878
1014
1278
453
1242
1686
669
1764
1328
340
1784
963
1190
970
336
2
2003
1141
1021
1650
1713
692
93
463
901
968
1119
826
568
862
1203
1778
637
1500
1316
993
152
1853
1762
1035
1079
1846
777
421
1930
1788
1024
1848
567
1329
1709
902
841
257
392
1530
1619
320
6
1128
296
1058
1945
1808
585
2043
358
59
1047
181
2020
1565
1114
653
667
20
408
791
1218
84
1742
1482
1548
1794
1289
1018
1656
46
1407
726
693
1830
662
299
388
1510
1102
909
1988
635
1130
1463
156
1927
1625
1223
526
1049
1028
998
1611
1981
2045
1108
177
948
1080
1467
709
1067
967
1881
1703
288
1464
398
1609
198
374
1277
1681
1056
699
483
60
1497
1763
1910
890
1234
1571
1131
72
522
133
1194
1284
339
1474
1523
1501
652
958
889
708
1346
1885
1955
352
52
904
254
23
146
816
1078
531
855
168
123
538
1641
412
1864
1935
1219
1282
1980
1748
297
1224
129
183
1138
577
1572
1381
473
323
167
1685
2013
1770
1285
418
1682
312
1247
1896
556
728
384
897
1156
1908
1
470
1125
1274
1601
1027
145
1783
2040
519
1238
441
1423
1270
1026
1849
1965
542
272
229
796
65
112
166
783
1710
1655
2018
615
1399
1473
1444
1366
839
1452
1012
1524
1002
507
474
922
644
1785
1894
1978
2011
977
1537
1202
76
806
1546
481
1732
44
209
525
1580
1564
1643
1385
1718
393
822
1814
569
1499
1898
1847
1466
894
1531
1979
304
1360
788
367
12
784
1374
1373
1957
1244
1283
1677
927
1931
13
1646
1798
1175
1570
2016
685
1893
25
848
1490
1648
1635
781
342
819
1431
1982
1569
1484
1826
983
947
1442
1253
1388
1451
1507
431
1584
1087
1139
1934
244
1426
1479
988
440
326
1037
795
602
150
1357
1759
502
774
953
1408
1627
45
987
1017
1157
466
1177
243
1428
1535
1174
1159
199
2012
1963
1436
14
574
962
1517
1854
1343
1272
786
351
997
1922
1076
303
1715
321
203
611
1730
1514
2029
1354
216
1874
851
148
589
1248
1101
838
1487
593
1884
959
197
1336
1314
1821
1891
703
1817
529
1368
1144
234
994
458
1384
1457
1923
1993
446
1083
684
1308
729
580
1624
1030
2037
803
1914
1810
1443
1615
305
1940
763
934
678
702
1275
379
720
1987
21
674
1752
1954
645
17
1902
1073
493
636
982
1899
366
217
330
868
1320
1651
206
204
996
420
28
1061
853
341
1098
205
735
501
1835
513
1029
579
1136
517
1629
1293
210
2035
275
695
1953
1074
371
600
1948
381
1495
1090
1645
972
1577
73
606
1386
2036
1362
1265
898
756
544
1591
236
1051
990
1657
1920
1127
587
540
1183
1433
110
877
455
287
892
276
824
1069
876
1950
187
1711
222
1421
1465
950
1330
1476
940
173
874
1882
1046
1633
1621
1904
344
863
614
872
1553
1251
218
1779
1309
1402
719
1235
651
1397
346
834
1753
1786
425
102
268
1717
1513
1997
978
930
608
1838
1991
162
264
1840
1516
648
1603
1419
675
1107
2047
810
657
1879
461
365
1506
813
634
378
186
775
1512
1719
1596
921
949
1184
1072
1522
1364
633
1943
896
1733
1586
1951
475
1350
135
911
772
1135
601
528
1009
1146
1068
939
403
588
327
683
1255
1508
419
230
105
410
801
1503
1851
650
1787
743
1208
488
1828
1556
359
1048
1241
845
1984
2032
690
2022
971
616
1956
1266
1588
859
782
510
349
1038
2002
1280
50
319
499
1634
1706
124
1906
260
315
115
1390
1736
1599
925
814
1793
1769
1777
1313
1256
1749
1544
727
941
1688
1454
404
1001
1441
1831
1307
400
1890
1912
1339
2031
807
842
298
873
605
1976
938
1975
428
54
738
505
1782
273
1545
1613
1815
126
1365
746
676
745
1575
907
1170
1240
871
1668
82
1469
1765
1932
430
259
749
753
109
1858
886
142
629
1059
643
1400
598
1781
730
1004
1825
1576
1196
2015
1093
1807
1869
626
1614
881
1151
1173
908
464
715
926
1638
854
245
1121
547
1723
923
1582
1767
1192
1610
632
1566
1349
111
71
240
284
792
1488
1279
700
1137
914
1700
1312
701
1720
1568
1163
175
89
1269
630
613
1608
1504
2006
1221
485
1252
1311
308
1023
691
1197
878
289
1225
207
1623
1806
201
1315
1973
227
263
1602
946
477
1563
55
1675
624
1414
1805
767
122
960
943
91
832
945
704
1699
1837
376
1395
1691
43
1697
761
1318
1123
1913
179
523
802
422
658
1636
1299
368
672
797
1415
555
688
178
1983
714
1888
545
309
169
578
570
1216
1836
362
641
508
472
191
687
347
1667
1091
711
36
435
543
1449
2023
196
1243
689
1145
1974
130
840
1486
1790
1661
2008
961
1257
1126
1992
2039
696
620
504
1856
1391
852
1271
2001
256
1099
541
539
1702
928
785
1142
1756
1169
78
476
1358
1792
41
1857
158
1041
1437
456
1875
38
56
62
1438
333
1401
202
85
1909
1727
1113
1907
1714
1555
1515
1670
741
48
487
1480
1186
1542
118
1694
1803
345
1832
1552
334
343
1323
1877
1376
1585
1816
86
933
2044
1843
739
1630
895
427
1222
548
1721
915
1204
2030
1574
1172
238
530
846
103
1377
212
1952
1341
1822
450
1901
337
1445
1453
2033
656
385
1232
1100
1319
1281
190
415
944
1639
1228
663
1494
759
386
1679
310
974
1110
1179
325
815
1187
1288
1842
1264
449
1120
575
740
26
1743
228
778
937
564
1705
1446
858
154
24
134
1986
1529
1324
224
716
1043
1692
445
1154
131
1198
673
42
153
860
185
864
414
438
1213
1729
97
1267
799
68
195
4
1147
269
563
844
836
857
416
1042
638
1095
1562
1205
1518
1337
1296
1122
750
1462
1895
1176
1133
956
1760
1044
7
447
1637
136
1712
1498
869
955
1111
969
1780
621
560
1966
350
790
370
1690
769
1626
114
1800
659
31
335
603
1985
1054
1372
266
1663
1064
1171
506
1903
1999
1162
879
942
918
83
1302
1740
1398
1427
649
2007
121
348
1326
248
188
712
893
1855
1824
380
916
779
1155
1085
1340
847
1766
1880
595
640
1406
1209
426
1850
1477
1478
1505
1153
1818
1249
1680
49
1403
843
318
812
1996
646
654
1082
80
108
610
975
40
1961
465
780
63
47
225
524
910
172
631
1152
1404
265
698
1925
57
1325
1617
252
246
1263
1301
1746
1676
364
19
77
1352
88
409
1129
189
527
668
1698
255
223
1424
1883
583
160
1665
1276
396
100
1852
120
1859
2028
423
478
277
1521
1561
113
880
1939
1149
328
1199
1527
