788
893
829
107
1004
839
1704
492
232
245
1498
1519
335
104
1584
1249
1302
1480
244
943
640
408
1740
213
23
942
521
1289
346
2005
1454
1179
24
1372
1878
789
424
985
1953
467
1980
1342
1572
281
1300
1840
162
1790
660
1913
18
1768
1620
124
2044
1400
1796
73
1194
374
9
698
1168
1392
1901
1352
43
693
1419
1686
1587
236
61
1641
1624
2021
1782
1365
379
375
380
489
262
242
1103
1481
1458
1545
1961
806
1755
1642
418
1443
1099
1007
1845
1528
1883
560
930
817
653
1909
1940
1666
907
814
1991
844
433
813
1753
197
551
1691
298
932
471
1532
1125
1077
799
360
1924
1155
953
824
523
460
1201
186
3
1936
1726
205
1531
978
1583
216
832
1268
1441
665
1920
1437
1505
1442
651
1885
1488
1890
1059
448
1707
894
1916
373
827
791
350
1967
312
390
1326
1271
1647
1611
437
882
1413
1651
1503
1018
1193
924
1384
2015
1492
590
1134
556
1716
1699
286
66
946
136
1062
1865
1464
1577
862
318
1892
1578
1675
372
1055
147
852
964
1188
1833
1098
1291
535
86
131
1581
1730
1594
700
426
1428
1471
1499
1671
955
332
240
861
1996
436
1376
1539
528
1630
4
167
1848
2020
724
1050
1670
290
546
1721
1951
1779
2035
1923
1198
495
1394
1827
1353
677
123
267
49
659
863
1119
419
1046
1772
1910
1687
1160
1661
1981
409
10
1589
801
850
1561
993
1221
654
1729
1307
1008
753
1072
233
1931
271
1219
1312
1095
899
1304
682
983
525
1081
1858
1163
1128
624
1783
31
2046
89
810
1338
178
1888
1396
1758
1026
115
770
1017
1453
567
1598
1041
486
1756
1941
401
704
545
925
1748
1048
906
1644
1664
1104
1619
696
554
600
731
857
921
1553
1085
1933
1672
1383
1474
1446
744
1954
901
671
776
6
42
722
1322
1524
184
765
165
913
1369
412
20
1837
1926
1516
612
1839
95
1084
1385
1316
898
1822
589
1742
1113
1886
1655
1870
221
1771
1068
388
509
831
1960
1170
1718
610
1777
282
1387
153
427
1056
1918
758
320
1757
716
1341
35
220
877
126
1824
1966
1964
599
475
869
299
1417
934
1388
1451
1272
1763
344
1985
470
38
302
1140
77
959
1478
1852
709
864
189
191
1609
52
1657
1579
203
1903
264
1251
1351
212
684
1274
1907
1541
812
294
887
563
754
1012
2042
602
19
1904
309
1546
51
544
841
1427
559
235
103
620
44
1879
1637
1621
1831
1433
146
190
382
1323
2030
1957
1278
1030
1177
1731
434
1430
1668
100
1463
1486
173
25
2043
1696
502
1096
1948
494
258
481
751
1928
1972
257
1836
1636
980
461
1175
496
1882
706
1634
1114
1126
883
1
8
71
1296
809
944
1065
172
536
180
1775
1906
63
1058
12
1995
1330
1181
683
1677
405
1626
339
1434
1265
37
1031
1788
1902
1332
711
1331
1116
574
669
1517
192
1633
239
1324
880
855
1983
922
588
1680
57
26
1844
1832
477
83
118
984
1684
171
1956
109
2038
1090
926
198
456
85
1216
1662
1393
617
818
1074
403
1027
713
935
14
826
794
229
1256
1717
1371
223
120
1911
1364
1122
196
1086
1212
101
1215
2
1715
1799
1542
986
1448
1232
645
1627
750
1872
518
1562
532
2010
1816
1653
358
1939
1375
1014
1294
1908
637
308
1586
911
255
1366
152
804
900
1564
429
1363
1874
575
1737
1521
1191
62
1159
1643
511
238
1690
835
1893
58
1738
1778
694
292
1117
641
712
1869
45
635
881
757
1607
734
1373
1044
55
643
431
859
2032
87
88
270
319
1741
1935
581
1110
53
936
1022
587
780
1227
538
357
618
910
858
1606
361
1078
1912
1702
1297
201
310
170
655
179
997
1151
1850
1701
674
1107
708
1189
1493
1147
938
542
1380
293
1490
603
151
622
1732
457
705
249
819
868
1020
28
584
1695
482
534
1015
29
717
678
91
1604
498
504
522
307
1544
272
547
937
1429
1308
909
591
377
1339
790
1199
1321
1171
1426
54
364
1382
1766
246
745
772
579
1129
1683
1669
1937
1829
327
1459
259
2004
657
219
1942
1368
1818
1293
1515
1895
1479
1569
64
1689
1333
998
520
1826
1900
188
1421
450
1986
979
539
215
1875
593
1456
929
1247
1825
416
1838
1510
578
2025
954
582
1932
2040
99
920
385
1894
256
1452
656
1723
1141
1800
1863
838
1807
1066
1334
1685
1153
1345
1218
336
1925
1410
2017
1455
607
469
321
187
506
386
1819
1722
465
1593
1346
1185
1127
797
1145
177
227
1161
1713
1645
1178
690
499
295
283
1093
904
393
1039
1118
218
681
1856
715
1241
1010
1658
1576
939
1809
121
2007
679
2018
1148
1220
1310
1497
1866
204
1592
112
1276
847
596
354
1023
500
90
524
102
614
1259
1144
843
128
226
453
1712
1602
885
464
1033
1751
658
1197
1052
875
297
365
958
1405
423
176
918
207
1288
968
1060
646
114
688
837
13
1287
1123
343
1407
1750
680
1245
1710
338
931
1563
1378
566
526
1460
1781
1897
48
1508
1496
649
1136
707
661
70
141
472
414
1320
1204
1976
613
1470
1622
878
142
1550
2028
340
1025
1450
1214
5
1759
784
134
243
1798
1415
1021
202
145
183
446
987
1993
1243
1638
1795
159
769
313
144
1142
1760
368
718
729
1242
2006
733
1447
1207
127
1305
334
304
767
399
781
76
903
505
32
1377
1582
615
719
0
74
1511
395
1518
150
1736
892
760
973
686
1847
1462
1395
1733
466
1343
873
800
530
1891
541
948
1617
1102
748
1146
833
771
1149
571
1540
1267
143
15
1698
1560
1088
480
989
1962
1673
1132
1210
1533
572
182
265
963
1987
1917
1501
1944
565
1794
1476
1770
689
474
1379
1573
783
1639
821
1509
2012
130
47
463
1156
231
501
1469
333
56
157
642
1475
1386
1867
1250
117
853
752
1959
1930
870
349
1184
111
891
1047
383
1092
161
2008
1676
779
594
1580
1112
1821
211
828
1977
1973
1714
513
376
1028
687
1530
735
1111
400
82
811
1762
1444
1649
209
493
263
440
763
348
1401
725
1534
1881
1173
1724
254
1982
1006
1570
1599
1725
1182
1905
247
479
996
949
1968
1693
741
2011
1016
1793
1919
181
1989
1674
352
1176
816
1362
1051
324
736
874
605
417
619
1864
317
347
1105
356
1187
721
1810
274
1344
1286
442
834
1211
1805
1896
586
483
484
807
1131
1260
1024
402
200
222
558
756
1663
27
1743
573
1650
1787
1335
1137
132
1566
1354
1934
476
1457
728
697
988
322
1843
1097
1467
1616
260
1857
11
537
1929
1761
451
972
1057
982
1115
1705
2014
549
927
785
473
168
1860
945
1154
915
1325
746
1266
792
1357
119
1340
628
1603
627
1735
1842
795
854
609
1040
1557
1336
923
133
341
1880
1420
1277
1009
389
2026
1436
699
849
1667
1849
692
1422
1555
1262
966
392
865
2027
695
1374
455
867
1381
1992
510
1975
1152
363
884
1399
1591
1984
1551
1418
160
273
1812
1284
1281
1042
1764
1889
1797
759
1804
65
1610
1318
1337
1990
1851
1955
662
1240
46
289
1861
866
438
404
60
122
598
952
2036
606
1224
992
970
652
68
1625
1945
1485
1554
1435
1359
1652
491
737
21
175
577
576
488
701
96
636
633
1100
1391
316
1143
1688
1969
300
439
40
1270
1618
1574
287
444
597
1438
359
1258
803
820
793
634
2022
631
1186
773
422
1728
366
691
306
276
1801
632
1011
1311
1244
432
314
1001
1203
1548
908
158
823
2033
889
1162
1239
369
1196
129
224
1635
1402
840
1169
2001
872
323
1628
1358
1071
1230
1397
1361
1314
846
1877
1035
1087
1290
1803
1449
1538
1282
1590
1064
1767
1552
135
601
514
497
1568
902
1711
775
768
950
1406
1648
378
1477
621
1601
802
137
1567
225
1834
517
1558
1720
1999
1529
1355
371
1045
1694
1815
871
879
452
1082
570
928
1789
193
1808
1965
1106
836
1596
1423
638
1329
93
663
888
199
206
1776
629
1225
1927
1988
1222
1489
595
1164
1719
485
604
1915
370
1101
1073
92
468
845
896
291
568
110
1949
1108
1979
288
487
974
1264
1588
529
1172
1692
1754
1206
296
2034
1806
1679
1425
1229
1235
667
764
796
1019
1482
97
848
1440
98
1157
512
650
1950
59
1946
2029
685
1403
1600
458
278
1727
1522
917
34
1121
755
1070
580
67
1432
723
1921
234
1414
561
459
1994
1597
940
1876
1032
777
1445
391
676
1535
342
1525
743
1537
971
2031
527
766
726
990
94
1556
1811
1213
1349
1183
742
78
540
1091
1502
1997
1180
1970
739
1887
1080
148
1285
531
69
421
75
1513
981
1298
1167
1998
1700
1120
1424
1884
1261
1347
710
851
84
1654
237
2000
1038
1659
616
156
1813
608
1504
1706
80
732
1835
533
1859
1830
1089
747
668
1709
1208
7
155
345
1067
17
1236
1483
720
410
1049
1348
1526
1646
1231
648
1083
919
1013
630
1315
367
1124
1398
1283
166
1301
1228
79
1922
1233
425
140
1079
1898
41
977
1069
2041
1200
1356
1431
2009
337
782
1952
328
1367
543
1613
956
1494
449
555
1275
969
1632
740
1279
252
1076
1899
1360
774
301
1853
210
967
39
583
315
1416
592
672
727
1466
351
415
1263
1487
965
1791
1947
1656
1075
1209
1317
1254
519
947
138
2002
1273
269
1292
194
1303
1370
1252
564
1389
703
407
1868
22
666
325
1752
1053
886
1773
1234
856
2019
1491
413
1802
611
808
1549
1495
195
266
623
1005
2023
761
353
644
995
842
1575
664
1703
957
647
1747
508
951
515
355
1814
1608
116
1739
329
626
1846
411
933
16
169
1862
284
1612
1473
1195
208
1309
1465
1785
557
2016
1769
1708
387
248
1223
798
822
960
1943
1063
277
1527
1306
1061
275
860
1135
585
749
1130
1623
1043
1390
1749
163
1037
462
1678
815
702
1914
805
441
1439
787
384
1792
490
430
280
30
1978
454
362
396
1408
125
562
1820
1512
1255
435
1938
1404
1565
1226
1774
149
553
1036
1786
230
830
550
1472
1507
1003
1523
991
1585
975
394
447
670
443
1595
33
905
406
552
1139
569
1823
420
1319
108
1631
1746
1971
1468
507
1506
428
217
279
675
1150
1299
738
1780
912
185
72
778
268
1784
241
1765
762
1559
941
1217
1133
381
1682
1269
1873
251
50
1165
1166
1327
1514
1138
2024
786
961
1192
914
106
1536
625
214
999
285
673
1974
1681
1855
139
1238
250
1202
1543
825
976
1744
1734
1605
1745
1697
1295
1411
1871
916
1237
730
1054
1547
445
1461
1280
1190
228
2047
1094
1257
305
331
548
1614
1500
326
516
478
714
1248
261
1328
1029
1350
1174
1002
36
1665
1205
311
1963
1571
1484
303
2037
1158
1412
397
1640
1615
154
1828
81
398
639
164
1958
253
1841
1109
113
890
1253
897
1000
1409
105
2039
2013
895
174
1520
876
2003
1034
1817
330
1246
2045
503
1313
962
994
1854
1660
1629
