1685
261
1328
229
1578
1640
1929
1430
546
610
761
1158
942
106
84
71
48
1388
1980
1836
412
1875
199
188
1907
1249
70
224
1166
713
1188
55
552
663
1443
1094
1057
77
756
523
293
2001
781
936
299
1620
1368
1700
619
628
1438
1444
104
1417
493
1760
1455
203
740
1306
1330
651
1500
306
317
897
1637
1987
251
298
2000
1477
1240
692
495
895
8
2016
1667
49
264
574
1616
1041
1577
661
96
723
1478
642
1233
1172
407
966
168
1754
697
1255
1513
611
15
1777
1146
1954
2014
600
601
789
1180
1855
148
1150
1608
63
338
1380
672
1734
1056
385
877
915
466
464
1853
266
1790
979
1013
489
1884
1719
775
1259
1949
57
807
1401
1042
1312
765
922
50
746
1696
1083
1003
1635
110
471
16
733
530
133
457
1058
1926
577
353
1747
1677
1139
1174
1623
1504
624
1286
169
140
778
1144
938
1073
152
1100
1781
219
390
119
1064
1704
1333
2012
395
1857
1694
1063
100
1655
25
1905
1769
1595
529
846
1825
1872
1859
1860
1815
452
1318
929
1768
1573
2020
1099
1871
744
1702
1519
578
613
1014
1915
1027
1540
1427
491
1629
838
1588
1726
1319
2028
680
1698
777
867
202
935
222
1161
920
268
933
1390
411
752
240
39
863
1358
507
358
1389
1130
879
668
1304
1688
1078
568
1861
512
1539
348
857
1834
959
2029
1272
1135
34
1096
1300
444
1811
183
1088
1424
1749
969
1396
150
420
1783
650
1944
379
1271
1613
1592
302
74
136
1968
724
510
1353
1205
1554
62
247
469
1999
64
1744
272
281
1779
1253
1646
908
1882
818
1479
1163
845
2003
1075
1201
325
694
99
1022
1819
386
1343
1946
1576
889
52
205
441
1564
1458
1730
1850
1243
928
1803
1750
817
1977
2019
1638
2042
1543
684
646
1908
851
588
2002
1810
809
1369
900
631
470
1254
1091
1175
826
1275
1497
1585
2010
604
421
355
1823
195
1412
1001
856
365
1496
83
658
1093
1111
1374
919
1559
1621
2015
2030
1217
1923
1481
2009
1708
1649
1509
1053
1873
505
1241
570
924
1274
1366
872
638
1843
1365
1724
759
1979
93
1270
153
1117
834
1332
274
913
1922
590
342
1138
1898
554
1370
252
1153
563
1590
858
1742
401
812
1395
1686
1586
344
1004
270
376
833
1644
31
1591
47
1565
1012
1993
832
1886
1847
178
134
1932
1844
2024
1683
1489
547
443
1079
1234
1770
227
182
708
1741
1611
896
1439
115
275
1133
1295
1447
1025
849
786
880
802
728
1392
158
633
648
1522
394
58
1197
2022
550
608
1347
139
454
943
1020
1998
1127
987
1767
718
89
132
760
560
265
1267
544
1904
586
1191
1425
1784
1924
2007
2034
2039
2047
937
665
791
51
1641
1817
820
393
1043
1852
190
165
1060
1610
453
1697
1956
766
941
33
349
1746
68
1728
1681
1428
678
40
352
983
848
603
1391
1010
596
1279
1752
310
392
494
1841
206
525
67
881
207
671
1327
762
1140
1939
1764
1514
567
1015
1960
1557
2036
1848
20
2026
1277
1633
2037
1516
1087
602
496
1190
1283
886
891
308
445
241
1820
1807
269
1129
533
1
113
1671
1782
736
1434
156
436
1049
1761
1211
1260
1925
1178
1154
151
1331
1169
1372
246
155
635
1225
6
1720
1934
65
126
843
1168
450
675
556
1687
907
1867
1896
174
1071
5
1560
335
465
1059
690
1085
1809
316
314
417
1838
1151
822
1572
1273
1650
1630
618
1252
1098
1556
1795
184
37
4
75
404
1657
497
1495
598
627
1084
828
1461
927
842
1914
328
14
10
676
1371
1639
1801
339
605
1152
864
279
426
1910
1147
551
1941
693
1224
305
1334
797
1203
478
707
1062
1131
1230
239
503
1735
432
1723
1502
1725
290
504
930
514
1947
1652
831
1722
1499
975
327
1569
840
313
803
1989
1299
1491
785
1103
1322
1512
1520
1426
1831
1510
1618
90
583
181
1136
276
617
410
215
664
1066
931
1945
696
1031
193
674
1035
743
1714
1487
1658
1876
1325
1433
1878
1231
1219
1862
447
1581
1457
780
559
572
442
1982
1193
681
267
191
1870
970
823
1774
593
888
808
1263
1917
1222
536
29
208
370
1239
499
1122
1792
1298
1348
698
1030
260
1069
1707
80
657
248
91
1673
957
1715
315
61
2043
519
792
821
164
1397
1403
1406
277
521
909
654
755
146
254
769
1802
1981
1967
1986
415
167
1594
1317
1501
350
1148
870
1167
273
520
623
1386
1409
636
38
564
893
703
667
2040
805
1157
1966
1889
341
645
1367
1891
508
1202
827
1170
1656
1120
1692
425
1712
121
1632
1309
1721
1679
1587
1065
1962
1046
1580
717
884
1468
17
1476
537
1494
1116
844
201
177
1813
396
1670
1105
1464
46
233
294
939
117
719
1920
714
176
101
295
1527
1535
428
1699
1976
223
1842
1108
737
912
76
1018
387
994
130
1912
850
309
1562
1236
334
26
1743
1413
1602
180
643
345
1806
271
292
1419
2033
1155
747
1402
1599
855
1227
767
1528
1603
1207
581
1515
192
862
92
945
1005
976
1951
1950
967
768
375
2046
209
440
72
36
12
1739
1498
456
1257
435
1684
360
1865
212
372
44
3
1192
1199
620
538
408
911
1362
1002
1958
1676
296
1566
1137
1308
1771
217
186
1877
1609
1518
753
1797
1294
1420
905
1435
545
1399
953
595
1829
1919
795
776
289
179
890
1017
1048
522
704
1126
446
333
1933
474
211
647
1936
1833
516
1678
1107
2035
1470
1082
1313
1733
1265
794
1040
956
754
531
364
1666
1664
1145
1486
1284
1245
750
1593
1296
1992
1261
555
1511
1731
749
1102
1171
291
1612
1112
145
1463
742
1505
1866
427
144
1183
255
910
1467
56
981
868
506
1068
1248
1900
1381
1209
1830
1029
1796
800
1619
1536
297
194
977
683
695
2031
1835
1550
1996
1568
54
1307
1000
1156
1845
490
1575
1418
1567
1800
1024
1997
1952
1776
509
486
874
262
1436
21
1262
1187
414
705
972
788
1194
147
571
1897
632
1408
1302
1465
1938
1162
2018
43
1310
1974
1775
1337
214
363
1691
1429
993
607
1606
323
1881
1469
301
1289
1445
1021
405
1942
783
109
1808
1323
659
1533
558
594
318
128
1411
1672
1990
45
1357
958
1072
709
1118
1668
475
472
830
771
1342
1321
23
258
738
934
679
1868
1508
621
917
1344
422
388
1918
801
1526
731
397
1285
518
515
793
204
629
1305
143
1506
960
1647
1755
758
1016
1654
1718
1757
172
1432
244
1340
431
711
954
1416
1558
1537
532
871
1006
1076
892
1246
1132
122
716
384
1816
589
1885
1753
1055
59
562
157
1061
1050
1210
11
1780
836
1863
1824
484
1665
1570
30
582
1361
1991
237
677
1115
1280
1128
710
1125
1909
978
1114
626
1101
336
1415
796
173
1176
1142
124
543
1695
813
1047
669
451
1703
2017
1346
380
1482
1892
1204
1382
359
480
1943
1373
1379
1680
1011
585
311
1690
197
853
847
1324
816
1805
1349
69
285
995
1375
2
689
1315
1282
869
1179
1198
235
402
587
1523
673
757
105
1959
79
1206
1247
462
887
1384
1019
438
142
1729
1287
24
1437
653
1276
114
1738
1716
321
1026
1864
135
852
369
997
726
1529
1355
1869
926
1090
228
875
1930
1648
488
1456
569
1906
1973
1524
814
2011
1972
1605
82
1765
772
1763
87
721
1798
221
1818
1940
652
1604
1360
1407
528
1109
1773
1551
974
1177
238
1256
160
1975
763
416
1701
1901
1405
854
902
615
1615
66
433
1759
1054
1376
1542
28
1218
829
288
102
1597
715
196
965
992
511
187
1828
1009
112
1421
383
1674
1849
354
1549
729
1196
1969
41
1503
513
984
1106
1189
1089
1682
1985
1787
398
161
1329
1626
1291
1383
804
1653
1316
1778
622
485
1149
1032
1350
1717
1336
686
799
1173
1475
819
131
914
1124
1490
1473
1832
734
1525
1086
1264
702
566
459
524
1913
1410
557
991
1530
2041
1462
2008
1601
1547
691
1181
885
1957
951
81
477
1948
78
1160
1814
878
263
166
418
576
1544
218
751
259
985
883
1534
1785
374
1617
127
53
616
286
1935
278
637
378
1141
1215
662
1659
1200
982
1404
932
1345
253
1394
1791
1213
998
962
1051
865
810
947
1288
1352
1238
986
592
1208
1921
320
391
774
1756
963
1269
1693
13
2045
430
988
873
735
32
1532
18
1642
1839
7
1822
1442
1555
1583
232
779
961
949
1184
1485
1634
2038
1851
1963
1221
784
1916
123
1736
1589
1007
946
1242
2004
1311
9
200
2044
1466
1902
19
996
894
1988
448
1628
1971
1995
640
419
553
1598
535
351
1266
1961
2032
1937
1689
1220
1793
1772
1709
639
1314
1258
825
745
1364
234
304
1826
243
1441
481
660
1278
968
824
366
85
1994
98
955
1251
476
1965
790
764
141
1110
1643
1484
1237
1185
573
284
579
806
1887
614
1052
1758
340
73
1751
541
1226
1574
1038
108
1737
2013
1123
170
688
1378
1281
42
1821
906
1268
1216
634
1301
649
925
406
468
1338
815
331
482
1387
373
1840
1422
1448
1675
107
198
1493
1229
1113
1363
1964
1186
517
1661
727
382
641
606
625
1480
725
1521
1827
337
1377
990
1517
60
1446
1351
701
1423
741
1538
526
322
1235
343
1927
787
1911
1452
700
1561
1893
1292
1854
860
367
300
899
837
326
1400
597
706
1732
971
1705
492
1894
163
527
2006
682
1660
1625
283
361
220
312
449
473
655
162
1320
1600
1303
1631
245
439
580
116
1727
455
882
770
231
356
1039
307
120
1341
1614
687
1143
720
1134
950
1931
1571
479
1903
1492
1250
159
185
118
498
584
1582
1077
1214
670
434
1023
1563
1195
644
1449
1095
1121
332
1607
95
1414
1223
189
400
1788
413
1713
1034
1164
1856
811
612
280
500
1748
839
347
1398
399
1636
1552
549
429
1953
1545
1955
1092
1067
948
1858
154
175
1459
1789
1766
94
685
458
798
1228
1663
137
1471
329
257
1978
1890
1804
1074
357
916
940
330
2021
256
1745
548
1385
903
773
1983
1786
88
138
1097
1159
461
565
463
210
1165
1531
1232
1546
1579
999
1879
1553
1799
226
125
1326
403
1624
467
944
1297
989
1454
964
1883
732
249
1474
1354
666
1028
1874
282
699
389
1339
86
835
904
1080
1740
1293
1212
722
1548
901
1037
973
1645
35
1335
371
103
1431
876
1669
1507
27
1483
599
656
861
381
1290
111
319
1837
1453
1104
1440
303
362
1762
539
918
1651
0
575
1622
242
1846
250
1393
1460
1627
2023
1488
1356
460
2027
368
542
609
1119
2025
859
501
1662
346
424
1812
1928
730
287
1244
230
1036
1081
1044
712
561
437
1033
1541
22
423
213
1888
591
1045
225
1008
1899
980
149
236
1450
1584
1070
483
1596
1359
921
866
739
534
1182
97
409
630
1984
2005
216
1451
782
1895
1706
923
748
129
952
1710
487
841
1711
1794
502
171
540
324
1970
1472
377
898
1880
