1671
1208
553
903
1886
650
1658
1127
662
29
1251
1511
114
454
40
390
379
972
1651
236
1997
1014
888
752
459
870
1772
1216
908
1269
852
1821
1229
1883
1862
399
1858
1094
1876
1061
1091
1933
1124
1588
798
1172
601
658
254
872
1788
286
595
1386
119
2001
7
268
1595
1040
902
725
999
2015
1748
1383
65
1231
1553
1277
1041
660
1754
69
1824
923
1181
384
791
1559
44
412
561
1464
1567
952
719
1086
621
489
1699
360
1250
1439
1962
1004
862
1303
1936
102
1396
1566
150
1921
647
1059
241
808
534
1759
182
2045
1051
247
716
1010
1009
575
1029
1623
1121
37
191
1855
1513
1341
13
227
1083
348
374
656
1087
577
679
935
608
1333
1151
1186
356
944
290
955
1684
753
1990
1585
1727
1429
74
953
1863
864
666
2018
1158
1468
130
344
499
1352
1357
1308
970
140
746
79
855
392
396
956
476
122
1608
673
1899
674
1241
445
826
1627
640
71
851
209
1027
918
950
316
1974
1499
112
683
63
1407
1220
1435
1449
751
415
578
676
1270
137
406
1869
627
975
949
677
1080
1339
927
1434
974
2009
873
1130
101
2038
1199
1579
796
1105
1069
581
803
294
1565
899
389
80
1537
1510
1729
607
1475
1222
451
1857
1831
1508
1582
1436
1460
519
880
1098
2007
1321
1653
569
1369
1850
1825
1374
694
1224
207
1715
1109
1047
1114
1204
838
1485
633
302
1533
1993
99
1214
1669
1502
758
1301
1507
1266
829
1282
237
105
166
413
1191
461
446
1927
1660
998
1425
321
1949
1408
1223
1703
1789
1430
1424
809
1048
655
350
623
1314
1692
331
0
1023
1966
1945
644
46
306
1197
372
572
156
901
1340
1451
1838
1853
780
861
1741
610
922
845
825
1571
1329
1385
563
1391
1877
1828
1327
1867
971
920
1542
1958
1961
261
285
1382
346
125
1710
2027
317
1879
1049
1832
1036
1056
1311
1890
141
1764
992
1798
270
354
340
831
1547
495
1134
1384
1509
1795
1737
613
1358
1483
1444
1550
174
2
1526
663
811
313
369
1955
1686
1806
768
985
1373
1656
2026
1837
1103
1527
1704
977
760
153
1871
769
1570
1276
1599
1573
508
1334
106
1780
75
1095
367
1785
1745
398
1174
875
1372
1448
2020
362
1106
423
1851
235
243
1968
215
1738
1052
1777
370
1211
1523
1360
45
543
705
120
1609
573
463
152
109
645
1666
249
1900
564
453
765
1775
147
470
314
1822
917
1650
954
2022
1081
297
456
1711
1264
53
1020
142
1427
960
77
1367
785
312
1428
1404
1323
1637
441
1161
688
2034
160
846
692
2016
896
2030
1337
1973
1529
1355
443
850
255
1765
465
1316
1885
703
264
1011
1070
797
373
1645
267
34
945
1782
2019
1763
1557
1294
1817
939
1394
206
1119
1154
832
260
1398
1948
487
1739
1166
792
292
728
1590
1019
1805
1786
1026
400
55
517
605
289
1110
329
1149
1190
669
981
341
334
1062
1880
1219
8
2031
58
1819
1803
704
1189
504
1979
1089
820
139
1859
1820
1379
1492
295
545
488
934
1752
571
376
51
1778
1632
1690
682
1516
531
1823
1535
420
1148
419
393
788
1891
1152
603
1194
435
554
1617
1959
793
684
212
568
1144
958
1274
905
1937
1456
110
1077
1638
1433
1096
1054
1421
1749
898
61
1971
1506
1099
533
959
486
1185
1455
763
936
1922
155
1232
432
856
1370
695
1904
1200
1998
906
1364
251
42
1117
1132
2010
70
964
1490
1800
380
1830
799
293
1675
1957
1845
136
750
1068
64
762
1076
911
1257
2011
1228
1854
559
591
72
1422
1272
276
659
1916
863
1758
1897
641
789
1497
557
1477
1245
1210
912
335
938
1636
842
1111
615
1079
240
480
1012
849
272
1412
310
764
969
1169
654
514
196
782
98
1683
252
257
20
1243
697
871
1901
626
712
1472
1600
800
1263
576
180
1603
208
1685
100
1071
2012
689
1578
1045
2023
675
1989
530
22
933
1635
82
238
1454
337
15
3
583
1611
126
558
1846
965
1575
1681
1235
113
1512
330
778
1101
111
1039
1128
733
385
1589
1965
1995
134
1346
588
537
1586
299
38
26
1541
1944
1991
230
1724
1147
1847
1389
1207
1679
1934
258
2006
1750
910
234
1287
1320
1262
1744
1342
887
1331
1319
639
1620
1082
184
1084
1913
1887
1122
305
611
859
444
843
19
657
1985
1833
195
1625
783
315
144
326
1646
250
1561
1591
284
497
193
2000
325
262
21
781
502
867
190
1044
417
90
1648
1674
795
1680
893
943
521
1774
1868
242
462
253
2040
690
1234
914
466
187
1756
1328
246
1371
1839
1518
1268
548
273
1952
614
57
482
1350
483
1343
738
387
891
983
176
897
1577
625
409
1482
52
895
216
165
1318
1126
1598
1531
1227
713
807
1932
637
1766
1572
89
1584
1001
1180
1610
86
414
1137
894
319
2017
1249
525
2003
158
145
1209
62
1530
638
652
220
213
699
624
1895
1539
1665
549
349
1064
771
1000
661
133
651
457
727
1236
1375
761
1917
1525
425
988
989
87
168
1841
961
1349
1033
1242
1377
732
515
818
1107
1399
1443
1969
1664
1797
1909
885
550
1138
1267
1536
1889
1705
1500
1480
1707
342
1619
39
1195
1576
1362
1296
1905
357
1978
1935
884
1940
616
1984
304
1746
16
602
1661
708
1597
1162
986
840
1093
1928
1524
1980
510
288
1742
866
643
1652
437
551
1034
56
1953
1503
830
192
1717
874
967
25
1008
1325
1090
1304
1193
1912
259
824
18
301
1258
1145
853
701
1663
1344
1947
12
1659
693
507
1226
1872
1078
1280
1115
1378
819
472
1678
1906
597
308
36
146
366
1260
1324
628
882
1028
194
890
812
629
1300
987
1261
1972
1397
1689
680
1322
1981
1792
1246
941
1317
991
107
592
1731
1793
320
1088
283
1440
231
1629
729
1881
256
1202
175
210
579
711
1313
1418
1368
132
41
786
2013
1431
477
438
1473
1283
1628
1306
1776
245
1943
1840
66
31
269
1345
1849
1156
1919
1963
43
737
755
886
1519
424
696
1544
1915
881
1286
1038
1401
698
1522
1196
869
528
1252
1247
1140
962
589
298
584
1278
1534
1802
1810
1954
1844
948
1520
1581
1201
1467
178
78
574
1848
756
1920
1284
127
1423
429
1622
203
1493
345
1438
364
672
860
1811
1612
1215
467
157
1065
407
1911
1153
418
1942
671
1406
730
1178
1960
199
1248
1956
547
1157
1688
1554
1479
1037
188
1624
1918
993
721
1583
363
1259
810
163
1182
556
1332
211
1486
1647
767
328
1563
904
172
529
91
823
506
1967
2029
1146
1728
309
440
1005
265
1604
1481
185
1315
1042
2002
982
509
248
1852
149
772
1836
54
1975
1631
1827
1720
612
1432
865
1281
1929
1437
229
1592
1392
494
1035
1816
123
731
201
1238
1641
951
1426
307
1299
154
757
1562
1292
1470
200
1055
1626
1696
1445
365
1256
433
1112
135
343
143
632
963
1085
164
1988
1230
925
527
1484
205
1447
30
1160
1006
1031
282
1013
339
787
707
664
1787
278
1167
2025
322
2046
847
85
667
560
617
1057
2024
1790
636
691
1709
1812
1552
28
271
1574
448
327
1354
1244
473
1532
1462
794
1640
1726
1914
104
720
1400
1621
222
1285
225
816
1075
1024
1730
1735
1903
876
541
1896
1414
485
1139
93
635
973
1129
593
724
734
759
1923
1177
685
1892
1606
1634
103
403
1067
474
978
1673
687
909
1457
275
422
1783
452
833
427
1168
926
1864
2041
1521
546
118
815
1413
1363
1700
1734
1755
14
498
491
395
1725
854
375
1939
5
171
239
1888
500
777
646
24
1564
434
1131
1856
634
1870
1183
479
1992
1388
1420
151
1
717
371
1898
1818
442
1402
1668
263
858
784
631
1670
1594
27
1601
1165
1713
1884
1310
1192
540
1618
1335
428
806
1254
1307
351
1474
179
124
1046
836
232
1695
1205
1150
1221
426
1843
1356
181
266
281
580
1691
1814
2042
1203
979
929
503
1605
359
562
516
900
1602
770
381
1587
1616
814
1667
1002
722
539
1381
1842
1874
408
594
1058
1946
892
2036
169
1517
997
532
1030
49
586
1305
1987
1548
990
4
1770
1677
1977
1615
1125
1417
1639
1365
976
48
1060
1540
1302
97
167
333
291
1415
1808
1861
1491
1771
197
723
1712
1873
1025
980
1494
1446
710
478
189
1471
1293
1347
458
1694
377
6
968
1799
2021
96
1910
1580
1159
834
1290
131
1642
1779
68
1753
2005
219
1784
2044
1326
1213
779
431
596
1237
804
501
1184
1016
1007
2014
1496
1063
520
1829
332
1351
1866
928
1380
1809
1773
33
186
391
353
1964
1721
1551
1930
1569
744
84
1767
1348
742
1116
352
121
382
1950
311
1996
1538
653
741
1926
1718
1275
1878
1239
1649
1682
665
94
668
1206
1931
1560
619
1941
450
117
280
1676
565
600
1882
1469
218
1405
505
347
81
681
383
1593
618
1074
1498
837
924
1769
736
1614
1123
177
1613
1607
1212
1265
1865
907
394
582
775
1791
173
397
1860
1133
828
1643
95
1951
1514
839
455
1662
1359
1907
228
1118
1022
857
1463
512
1461
1390
598
1796
1761
1555
996
930
11
1175
1419
1135
217
410
877
323
148
570
714
921
138
17
513
1442
817
1751
336
2028
1501
430
1179
1633
522
620
1072
1546
878
590
469
2037
1630
2039
1644
1697
709
226
1271
1736
835
821
287
388
889
1403
1411
439
1453
822
2043
2035
718
1120
1136
915
1747
1104
1336
776
1393
32
1801
1781
9
1723
868
848
552
1982
1986
995
524
916
1834
670
416
1233
1543
1173
1452
587
813
83
1976
1488
1017
1338
1330
355
937
567
1657
76
464
1100
536
67
1113
1366
739
378
1999
648
883
932
279
1558
678
1556
1450
805
748
946
47
1376
957
1505
544
161
649
538
1794
1050
1545
233
1970
1487
940
1925
484
1143
609
642
1176
1893
277
436
1983
1218
405
1875
108
1495
115
402
50
1698
221
686
1515
481
947
1187
10
1476
490
202
1021
1092
706
198
318
2004
1994
1441
749
790
747
88
1253
2033
1458
1826
1568
23
535
622
879
1733
59
1722
919
300
1938
1465
1714
801
1188
743
116
994
827
754
1596
1902
1702
555
702
223
841
984
303
566
224
745
1032
1395
468
1693
1309
129
1708
1018
244
542
700
358
1298
1687
386
162
518
214
1768
1171
73
966
496
1015
92
630
492
715
1835
774
913
1066
1410
1279
606
599
1654
844
460
1740
2047
1757
2008
296
1170
1807
159
1353
1043
726
449
401
411
1387
1097
773
404
1760
361
1053
1804
1924
766
1719
1255
802
1198
1716
368
1894
1762
1361
1528
1409
1743
1549
1217
35
1003
1164
1102
1141
1108
585
604
1225
447
1459
471
1312
1288
1908
1240
1478
128
60
1163
511
493
1466
1701
1815
2032
740
204
1155
183
1416
1273
1295
931
526
1289
523
324
1732
338
1291
475
735
1672
1706
1655
274
1073
421
1297
1489
1142
1504
942
1813
170
