1118
608
1076
295
1319
1307
1434
1870
290
123
1683
1539
1729
1728
1844
719
477
759
828
276
853
1398
12
1359
309
1805
1542
1366
1684
883
1501
1560
420
1225
1115
1951
201
348
239
6
80
602
679
1721
1139
422
1490
1755
1108
1931
247
1984
1259
378
1183
1703
1742
1915
1093
954
1254
15
1688
466
1965
1774
647
1174
346
1459
511
712
1744
1933
1413
1780
1419
1982
536
252
173
698
1165
1819
335
1334
200
756
1074
1826
1626
1215
648
97
1861
948
846
1999
402
675
946
1351
488
1464
1339
797
480
1950
564
411
1830
1624
528
2024
660
1151
860
1794
151
1135
1753
1533
1532
873
175
32
1922
312
1967
1891
1451
783
1048
1340
222
311
684
1167
1491
166
1634
687
1101
1724
2028
197
627
748
2012
820
1264
2037
1937
959
1081
1589
842
1743
801
62
949
1642
659
641
769
1946
1554
1825
1213
1116
1611
391
1997
1596
1504
888
106
1833
356
145
1852
1867
1901
133
786
137
1283
1940
131
1034
626
1463
1415
1898
546
1516
215
1157
1437
1277
587
1356
349
864
1766
1294
920
693
763
723
371
1408
27
99
760
1395
1543
374
306
739
1892
1973
1086
1363
1480
421
1865
1938
170
2008
245
1509
78
1535
1610
1986
332
1080
186
1562
1211
757
575
1416
1518
1389
1778
1186
939
376
625
549
1025
2040
1102
1531
310
1739
1977
50
163
543
248
1707
1335
1556
1779
1600
1313
470
73
1
1031
1044
1956
48
287
1053
1689
1002
1388
658
294
1613
813
1924
497
1338
850
2006
500
1887
373
30
333
1092
1156
840
298
772
1407
1348
1555
560
107
964
46
352
1775
721
41
1226
475
1072
1207
1160
2047
1664
1318
1630
1403
1958
1843
2020
1603
1337
2005
1777
1222
1020
141
1400
181
390
638
707
872
1678
1720
236
281
1241
1932
650
691
1723
1715
727
615
1916
491
644
1602
1423
1872
995
1014
913
592
1795
854
4
574
1808
38
558
1874
1784
1385
642
2043
879
1800
825
1835
887
980
1235
1082
604
779
808
688
862
1994
1287
701
631
446
1267
1452
1988
379
1065
2045
735
1528
898
923
1759
1113
1572
539
1350
1374
643
1179
205
989
142
1262
415
1710
1069
227
859
1276
667
1785
1164
1185
778
928
1471
484
623
383
148
354
1049
103
704
972
1968
1354
705
194
576
2017
1789
1355
775
2018
1143
695
1427
1617
1137
1939
1129
358
1142
993
1270
154
1666
804
554
1128
1187
1275
330
1928
1513
1675
83
1159
1420
1090
1802
603
1616
56
121
1236
1441
1430
1042
1658
2016
503
1234
1099
1871
924
1698
1756
1693
370
506
1001
453
94
753
1038
819
1079
1995
754
1282
384
1507
1489
1559
2011
381
1912
1280
717
1163
672
612
595
1908
1381
1541
13
1897
1548
997
1409
906
279
1360
651
849
983
1209
326
561
1690
1545
444
1383
92
1687
1180
77
1214
749
1171
406
508
1078
1621
116
1297
897
998
1692
1110
1064
1046
1450
1460
773
967
388
464
1148
1230
1628
861
1468
1268
136
1324
1271
984
1635
588
366
1394
1609
899
1726
463
138
2042
1467
182
1857
128
487
601
1191
111
1749
802
629
555
1993
1646
254
845
17
1592
1849
299
914
942
1923
1551
485
34
1305
1439
1154
1788
414
1758
408
1055
957
1797
1763
976
1767
242
64
2025
2034
1290
657
514
100
72
192
835
344
1250
1240
1197
1502
1503
722
834
1905
541
1954
1499
1278
1417
244
540
53
2023
250
39
124
611
1109
1045
1862
734
1851
40
1737
51
962
907
979
1216
537
179
132
562
424
494
1979
271
196
1114
87
1089
1299
1255
1883
841
600
908
577
745
530
570
1212
57
1760
784
1695
270
427
1058
832
1188
1392
1570
1004
856
1725
1405
1959
632
297
361
350
66
351
95
1793
1199
1515
1791
1257
1286
1521
1438
1035
1336
1433
1023
486
377
700
343
1909
1853
1827
677
52
156
1431
1233
538
982
1193
792
1881
1505
655
867
1057
960
1605
1357
1544
1368
621
19
1974
1384
481
367
337
146
755
462
1918
1511
733
1601
1146
1435
5
1019
571
780
432
981
1517
1217
1762
1252
2013
1461
1054
1322
1824
340
1138
1104
478
593
1482
1669
1300
1627
1590
1393
1991
1022
1599
1740
1239
134
1896
1694
730
1208
1030
947
492
529
1632
1050
1344
1493
1256
1823
127
280
161
24
1134
1773
292
120
1547
262
1059
1757
1284
96
202
188
1122
921
1312
533
113
255
1484
2044
858
1727
1396
714
865
1273
1564
177
1281
459
263
1815
428
710
82
59
207
1027
1223
922
1540
619
774
1771
147
502
900
1660
426
878
1131
345
810
1612
234
817
1711
877
2029
985
1487
1714
526
139
1015
505
164
407
1358
1117
747
1754
1809
1972
91
375
1822
112
1776
918
451
246
1274
2035
474
871
461
513
1173
304
1144
938
1332
1029
357
830
365
718
417
741
1341
1639
1288
1869
1717
1682
1919
1445
308
1263
1036
1583
1607
1769
1203
1426
2010
1007
1987
1220
535
827
1582
1679
534
1195
380
777
803
852
305
716
1170
1013
1432
1629
1390
1527
49
1352
240
1379
88
28
437
438
1077
1731
362
1141
966
1903
469
450
635
23
2038
129
1372
1614
1676
392
1573
882
1732
1362
851
1315
1888
1073
275
396
563
1580
291
1260
235
167
394
951
624
1858
403
740
1454
498
22
1971
1303
440
448
272
1221
1577
1736
1140
1745
193
609
458
674
61
1550
1126
14
1428
1598
925
969
1091
1817
1009
553
911
895
1184
1198
1820
1964
1347
1469
1473
724
274
385
1158
886
690
221
1155
489
1041
1963
278
241
1875
1734
342
18
1913
1804
1204
1402
2030
1266
958
1846
1238
654
567
1866
1638
912
150
493
1920
676
902
932
1011
1806
515
416
1495
1094
251
206
178
79
1654
1265
1713
60
31
1229
941
1957
596
1608
473
1106
1387
903
1536
1620
816
382
2031
606
495
1132
1884
1856
1070
1096
582
429
1075
1980
720
37
1506
325
618
65
445
685
1962
943
581
2039
822
1206
368
639
751
266
531
1657
1890
889
2015
249
273
785
1498
1966
1483
1594
1243
1929
1196
86
798
782
216
1719
729
896
791
645
1500
2001
1978
229
187
1133
153
961
970
917
135
598
1182
945
868
223
71
1990
669
54
551
1816
397
1911
1060
547
1674
1700
1371
794
231
442
1342
98
744
1538
393
2000
501
389
1593
1906
1537
1622
1814
43
824
715
301
1716
1595
1224
1741
936
253
670
1591
1016
1604
1522
1088
532
499
296
1040
1373
26
731
1712
1941
199
74
930
353
663
649
1925
1882
372
891
1010
831
999
1125
1477
1251
1840
1697
1329
1894
516
768
523
548
9
183
130
796
1227
1841
1803
973
1486
1201
452
823
746
324
441
1848
1105
1597
811
1043
1969
172
826
1508
1295
633
597
1123
971
708
750
1618
1349
1637
1008
1878
105
0
1033
552
1149
314
975
2033
1047
1947
1790
848
568
1411
101
1702
992
1653
1343
711
1673
1056
1328
413
1218
713
504
76
1750
162
1584
507
341
117
566
968
425
1406
1859
149
386
1462
1292
1000
1652
1169
640
931
837
1231
788
1847
1606
496
509
191
1619
1829
1455
787
580
545
1553
758
1037
761
317
1285
1189
119
1472
1017
1333
268
176
1404
1733
814
752
418
591
1492
1244
1320
1232
520
125
874
736
1812
1321
977
218
1311
1704
1770
694
806
863
1136
1955
622
1930
884
1453
805
1021
226
1696
821
1650
63
1289
1960
1581
410
395
1644
893
108
1067
1615
55
1985
1631
1821
189
1376
1418
586
1098
1799
1663
656
1470
1466
988
7
1051
36
1309
267
584
1391
940
320
259
1190
460
1378
1084
1168
793
1097
260
339
198
614
1512
578
1948
211
1447
1523
1317
766
953
449
1399
512
1772
1306
599
1996
1325
1748
2027
1645
122
915
2041
1927
265
1860
490
1130
1326
455
692
1382
1832
518
559
217
881
1764
1566
781
321
1410
212
401
1457
1194
70
1586
869
666
1705
85
1623
1401
214
1842
1068
319
1640
1177
318
1751
726
665
1752
1429
1578
35
1100
519
431
1641
1672
219
1412
118
2046
910
1838
1364
1172
1895
1304
1914
1258
33
1377
1943
696
1709
67
1656
1992
109
1942
525
919
934
1496
1975
1900
637
467
1476
662
68
510
1970
1730
190
838
334
990
10
1735
671
1926
258
836
210
901
904
293
1549
405
527
870
1442
1085
1662
439
1854
1953
1479
1885
1910
81
1574
1095
1061
1936
1440
790
890
1546
1917
1331
1446
565
1012
524
20
184
1181
1647
909
302
1456
1152
1563
1237
847
1798
1301
1245
359
590
965
1327
300
1761
1746
45
238
815
257
1863
1087
1575
1781
2003
1519
1161
991
1414
482
1249
935
1768
329
1120
1526
1494
795
1552
770
25
628
681
620
1701
1877
1488
1792
875
1952
1864
369
1691
203
1765
926
399
652
1831
1845
412
243
1345
1782
1561
465
1497
1175
522
1529
682
468
286
1807
1961
764
58
728
21
1668
1810
476
220
1813
434
1370
1569
1935
1850
1178
1261
1367
697
1145
1302
833
1685
288
447
1005
807
1661
409
557
1465
110
1655
1796
709
171
1150
843
471
636
1062
569
1063
174
1828
2022
521
282
360
673
955
1934
1369
1585
1659
1422
1443
316
237
16
732
1889
616
1475
140
483
180
102
387
313
1425
1127
1478
767
44
1162
230
1680
1003
978
1571
1219
771
89
2014
646
1293
1524
363
42
668
1625
1665
706
1670
158
165
284
1904
634
1579
1834
423
261
315
1112
456
143
1039
232
269
1485
1588
1448
765
664
683
544
952
937
1576
336
678
93
213
327
689
1836
699
987
1855
2004
956
1520
1718
927
1787
2
703
1983
1949
2026
1786
944
630
880
1024
799
885
1449
283
550
607
829
762
839
1365
419
289
1811
1530
1681
104
1458
1558
1899
208
844
929
1876
472
436
157
1111
1018
1557
1083
1989
1651
1298
542
1166
1699
610
857
1071
605
1839
1147
573
1510
517
75
1052
204
398
1323
613
776
1397
1192
1981
1525
1565
1649
322
1677
155
905
894
2009
866
579
8
1247
1269
1107
1868
653
1945
277
3
209
789
686
144
589
1879
1708
84
742
1424
1316
680
1228
303
1205
1308
1330
594
1248
1648
1380
974
1643
457
264
1783
338
2036
1202
1886
892
47
1200
90
800
1153
916
812
1907
114
443
743
1314
1636
69
228
1121
1921
1386
355
1421
1633
285
1242
1481
1873
1291
737
159
256
809
169
1747
738
1880
572
454
702
404
430
1902
195
2032
1346
1353
1514
1893
479
2007
556
11
1253
1686
617
1722
986
29
1032
1474
1066
115
126
347
818
331
168
185
1587
1567
1375
307
1103
1444
1671
855
1976
1998
950
1246
225
1310
876
1028
1176
1296
2019
994
1667
328
400
963
1706
435
1124
996
1026
725
323
1119
160
1272
224
2021
933
364
1837
433
1361
1801
2002
1738
585
1534
1818
152
1436
1279
583
233
1568
1944
661
1006
1210
