86
48
50
190
103
231
139
51
64
165
88
130
171
119
31
193
198
68
232
233
230
224
71
20
253
206
235
220
35
101
185
254
30
85
4
125
115
138
180
45
184
84
227
201
7
192
217
56
67
150
40
63
203
74
22
41
137
61
111
3
191
189
241
77
128
169
114
156
10
91
154
179
211
99
255
173
221
29
144
218
148
249
83
208
248
149
202
80
104
124
244
5
199
95
132
98
44
21
214
250
215
247
12
57
205
204
37
13
116
135
109
155
102
219
212
159
36
178
195
168
24
113
239
23
207
174
75
243
17
142
78
123
82
252
81
110
223
225
172
79
176
18
209
187
28
112
94
19
59
216
251
242
236
76
183
200
175
131
14
161
32
73
118
8
108
66
52
39
158
245
228
42
213
93
164
237
1
96
177
92
147
69
25
240
38
9
65
186
90
89
222
106
117
127
49
166
72
145
122
141
33
6
210
153
43
27
53
2
238
160
226
246
143
26
188
16
55
126
105
0
97
133
181
146
11
120
234
229
196
134
129
47
170
62
60
87
107
100
163
34
167
197
70
162
46
194
54
58
15
136
152
157
140
182
151
121
