143
84
140
74
2
115
144
194
171
238
242
113
251
205
82
16
214
173
174
100
103
163
237
212
152
20
124
247
99
43
224
248
15
222
175
34
26
0
30
220
126
195
40
54
155
52
121
133
148
72
70
249
202
129
108
223
231
117
21
65
85
9
50
29
181
97
47
123
187
114
252
89
191
245
207
176
24
56
254
236
86
112
146
239
59
101
17
244
153
170
118
188
119
215
217
166
228
35
190
201
11
14
71
127
39
32
18
53
77
255
208
141
78
169
180
93
230
106
219
178
91
197
45
226
96
204
83
94
92
110
196
193
19
172
120
3
61
51
189
135
225
62
36
233
200
232
132
55
27
177
218
46
13
95
151
116
162
209
136
81
75
111
161
183
198
44
107
159
184
186
31
139
76
147
154
235
90
227
68
165
57
206
137
199
128
131
243
150
87
203
48
4
60
160
192
102
63
157
38
138
10
28
1
125
42
64
182
221
168
12
69
79
246
185
211
98
5
122
253
22
8
6
213
49
241
7
210
149
240
216
37
109
145
105
179
25
33
67
23
104
41
134
66
73
88
167
158
229
164
58
234
156
80
250
130
142
