68
231
43
138
191
199
16
76
238
82
1
70
163
130
211
8
41
210
26
117
229
200
255
87
127
230
118
176
171
106
142
166
245
150
24
151
249
23
123
227
80
112
219
120
207
17
129
153
25
131
115
104
139
110
152
178
47
158
222
170
75
71
168
3
7
78
83
156
250
49
84
38
30
40
57
53
50
144
186
46
188
45
243
179
146
192
66
29
128
155
160
217
183
134
42
21
185
36
149
232
33
164
35
137
15
105
86
208
88
48
189
169
59
122
214
241
93
114
95
89
209
143
195
39
37
161
54
235
111
121
224
90
96
205
119
116
180
165
239
141
236
11
252
58
175
126
172
18
125
213
81
248
133
60
31
202
63
237
254
221
4
108
69
234
124
253
91
107
225
147
216
223
145
215
56
244
52
226
44
251
184
22
20
5
14
12
194
55
174
201
173
67
157
220
100
62
187
246
102
34
206
109
2
132
212
9
197
13
140
218
99
113
162
77
148
28
233
228
136
203
0
190
167
10
97
98
240
92
19
181
247
79
74
94
6
64
196
154
32
182
61
27
193
177
65
72
51
159
73
103
198
101
242
135
85
204
