190
66
28
98
231
124
87
245
36
83
182
9
235
118
162
133
136
126
104
119
103
79
35
65
110
177
93
237
155
107
78
109
25
221
94
19
113
70
200
30
174
227
42
73
185
255
230
129
15
147
192
16
253
208
4
34
184
160
69
74
210
63
125
122
44
88
106
81
29
134
37
114
167
123
43
100
101
161
90
214
49
179
31
212
234
163
54
0
166
173
117
105
181
159
127
24
158
217
82
3
58
216
46
38
172
57
206
250
50
238
175
68
150
14
248
152
132
121
254
139
198
204
211
1
61
148
149
96
197
143
40
195
85
18
225
27
75
193
80
171
91
215
62
203
102
156
95
154
10
32
251
183
236
209
207
201
8
131
97
178
186
130
187
7
233
144
232
51
189
138
218
60
145
164
115
67
219
199
53
252
39
41
26
170
205
142
23
59
168
226
11
111
240
157
55
33
20
108
72
224
223
135
220
146
76
2
249
213
247
153
13
112
116
89
92
99
188
180
239
169
56
120
128
6
22
229
244
64
196
77
137
12
191
246
47
194
165
84
48
151
222
202
228
243
141
71
45
52
21
140
86
5
17
241
176
242
