250
147
77
118
195
253
178
171
179
2
55
80
229
235
60
67
181
88
217
28
58
11
112
39
127
138
227
189
141
247
131
14
108
170
194
159
158
133
72
119
219
53
184
238
31
233
142
114
25
52
205
37
47
172
5
248
97
177
59
150
135
153
230
168
96
79
78
155
73
198
240
12
215
201
182
157
251
255
26
70
222
241
228
162
167
64
192
211
24
152
161
81
125
4
218
244
86
94
84
92
188
38
30
196
105
249
232
129
35
246
109
174
206
126
160
93
122
151
176
120
224
191
225
54
231
17
166
10
134
139
143
200
121
76
85
102
223
7
124
19
210
61
226
213
8
163
132
91
254
123
36
103
146
239
50
98
136
95
186
56
111
9
0
22
156
180
20
242
13
236
245
34
65
190
130
63
243
101
209
82
110
107
29
33
21
187
137
185
15
42
207
16
75
41
169
197
183
216
199
113
40
208
164
68
51
1
165
202
144
203
45
175
204
149
115
252
145
44
234
237
90
140
46
43
89
154
66
49
87
74
214
62
69
221
173
117
57
148
128
3
71
193
99
212
100
23
18
27
104
116
83
6
48
106
220
32
