219
51
165
131
60
163
229
255
146
50
250
158
53
15
244
174
187
180
114
147
240
134
49
98
201
72
96
43
79
151
71
54
109
196
190
221
57
30
149
220
99
136
128
86
78
123
7
212
144
173
159
188
25
112
110
206
65
37
28
203
238
29
115
241
36
138
18
100
22
245
120
126
16
130
160
189
223
153
5
224
242
208
31
38
32
74
93
95
207
45
167
3
101
105
94
56
26
232
1
102
237
39
67
47
135
178
200
214
225
251
216
235
243
27
233
176
34
124
186
181
239
58
164
2
70
44
46
73
197
88
12
113
129
143
148
118
104
9
83
247
121
80
108
171
119
177
10
48
234
222
141
184
139
145
170
169
35
175
69
162
217
62
137
246
63
0
152
82
117
253
230
106
92
97
132
59
172
116
166
42
21
249
125
75
215
24
76
204
91
19
213
209
236
211
20
195
111
155
193
227
122
182
89
52
8
127
150
142
156
17
179
154
210
228
231
68
103
40
199
252
191
66
90
87
218
226
254
107
6
55
198
33
133
14
13
194
41
23
84
61
192
248
4
140
77
64
81
157
168
161
205
183
11
202
185
85
