77
176
137
235
209
153
254
223
10
206
66
237
0
131
183
241
220
162
211
61
64
145
89
67
65
108
19
125
113
204
167
172
218
202
231
31
226
240
250
15
50
213
238
225
24
247
47
123
170
163
29
198
73
96
12
56
138
136
133
51
164
86
140
158
201
127
217
143
186
135
232
21
208
155
159
5
28
236
251
48
182
227
105
196
97
184
17
169
146
242
102
83
114
189
75
68
181
92
199
3
168
147
244
203
71
120
205
187
207
43
252
229
191
249
173
122
253
210
55
4
190
152
46
44
212
110
222
219
9
139
151
193
109
78
134
228
85
177
14
38
16
84
103
81
80
156
8
76
166
200
104
233
119
179
111
79
148
70
11
194
115
216
246
255
150
130
117
20
63
175
132
54
7
215
26
62
6
106
239
74
112
94
22
124
34
91
234
99
214
36
23
90
95
72
52
149
188
58
45
27
49
171
195
60
69
221
107
100
2
245
30
35
88
1
142
13
178
224
59
161
18
57
101
53
180
174
197
141
39
121
160
157
128
144
118
40
243
230
248
42
82
33
41
87
154
37
116
126
192
165
185
32
25
98
129
93
