44
151
179
6
87
221
52
162
96
185
22
137
46
29
24
238
111
190
49
55
226
142
77
18
19
175
126
73
204
134
66
20
159
251
54
109
174
203
90
144
64
70
81
214
58
139
239
192
97
193
1
223
31
147
218
71
249
0
195
211
85
11
16
89
229
123
27
248
132
75
201
154
3
140
99
228
33
156
61
114
243
59
194
43
120
242
241
36
51
117
2
125
39
10
170
219
168
37
14
72
254
124
26
50
136
164
68
84
65
119
237
149
91
215
41
30
74
127
138
47
225
172
145
157
98
210
104
8
113
155
208
205
220
227
234
112
128
233
186
141
200
180
106
7
56
152
82
252
45
216
62
196
178
247
34
88
250
158
38
188
135
246
4
209
17
92
244
212
197
108
42
78
240
100
103
148
13
176
199
213
177
163
93
53
198
25
95
217
69
191
232
236
222
101
129
153
231
118
166
21
202
115
206
230
253
116
181
165
150
15
224
86
83
122
161
63
102
35
182
207
32
143
121
173
110
187
94
130
160
184
28
133
5
23
76
60
255
245
171
67
40
183
105
146
79
169
131
235
167
57
107
12
48
189
80
9
