157
227
112
148
74
73
194
224
215
116
65
54
161
8
193
179
236
159
222
208
130
171
147
151
44
197
136
141
225
253
83
205
160
142
75
53
82
17
178
72
125
192
40
176
32
138
206
23
241
36
104
249
124
237
7
149
219
202
92
5
186
98
143
187
152
238
47
106
196
99
34
231
30
181
166
182
100
221
61
11
41
184
35
27
168
3
14
234
102
16
163
18
68
240
153
31
45
177
210
1
2
114
118
78
255
132
60
110
156
64
107
85
94
198
247
218
229
204
214
50
245
33
127
12
86
96
209
146
223
37
113
158
67
139
235
39
57
62
183
105
126
239
167
29
121
155
70
119
216
103
170
24
131
97
174
108
200
226
211
71
203
250
128
137
28
4
232
243
46
175
111
95
123
15
180
77
207
101
201
220
230
59
213
10
76
13
55
133
6
190
164
122
145
173
9
134
191
212
51
42
19
26
150
120
254
81
49
58
228
242
43
165
56
144
154
25
93
91
0
69
87
162
21
88
199
66
188
38
22
233
20
84
115
185
80
117
89
189
90
246
172
195
251
48
248
135
252
109
63
169
140
52
79
244
129
217
