207
39
216
172
72
244
128
114
17
112
241
236
148
251
179
152
255
42
88
154
119
10
129
212
155
24
217
171
118
186
123
81
228
108
237
135
138
219
57
36
28
47
71
198
75
82
25
210
15
106
85
177
218
32
48
19
56
132
220
87
133
67
21
188
196
31
232
145
78
169
240
243
61
167
234
121
115
174
197
187
144
209
239
126
165
113
199
54
182
215
104
160
153
9
38
97
92
110
150
193
66
37
250
195
23
44
124
98
74
180
4
131
34
79
101
94
117
109
139
163
62
149
166
69
141
27
58
247
208
2
76
6
158
249
221
205
222
164
127
159
100
0
248
125
147
29
231
12
173
200
40
116
245
41
206
162
107
168
91
190
73
45
18
157
254
143
7
137
242
253
211
235
181
13
230
52
192
136
99
227
68
151
16
176
223
80
246
111
140
102
65
93
178
86
3
103
30
142
96
185
55
89
22
134
184
229
189
51
8
90
130
224
59
238
252
122
156
202
213
5
53
14
120
77
226
11
49
191
170
225
194
26
175
46
64
204
1
84
43
146
83
35
214
60
201
20
161
33
70
50
95
105
203
63
183
233
