23
241
148
174
222
178
3
195
233
63
79
250
98
185
180
8
120
122
75
151
64
140
142
97
117
53
126
229
202
170
144
215
173
12
135
116
111
106
55
27
112
45
5
172
46
118
30
147
87
167
74
160
194
161
138
179
131
48
40
205
129
231
208
13
127
68
41
188
163
20
164
139
243
82
228
121
104
71
18
128
175
157
143
141
218
93
92
65
50
146
158
247
124
39
54
58
33
1
90
156
89
100
2
105
186
244
254
88
238
171
230
248
125
91
162
72
115
4
14
44
96
183
212
207
57
84
95
83
209
240
62
99
119
101
28
11
69
251
49
226
219
21
67
108
137
133
136
249
239
223
47
201
224
198
159
130
184
86
245
77
7
221
73
216
189
200
43
237
25
51
107
35
211
114
155
85
123
150
193
19
153
17
206
165
36
197
32
16
80
220
102
225
213
109
6
236
204
29
60
191
103
182
177
235
255
56
26
132
66
78
70
22
252
152
38
181
76
9
10
232
190
227
210
169
203
34
110
242
187
196
113
37
217
134
192
246
149
145
42
81
31
15
253
166
61
52
176
24
199
154
234
214
94
0
168
59
