124
116
63
198
86
112
4
220
117
144
226
230
236
247
12
11
182
248
27
23
39
103
54
106
17
242
108
1
105
5
9
46
244
128
157
223
101
150
148
72
29
93
53
218
209
61
80
94
97
193
84
232
174
215
71
189
13
43
114
162
48
69
32
147
196
7
219
228
229
126
158
42
210
134
194
82
142
160
199
45
31
154
33
50
28
119
59
138
152
89
88
204
135
49
41
254
83
205
65
202
172
153
90
233
68
190
241
185
0
38
18
30
52
155
77
177
37
146
141
35
250
181
169
3
120
130
36
216
137
51
81
186
161
2
73
123
159
183
179
131
167
222
168
6
10
25
64
95
240
180
225
44
115
74
166
24
224
104
110
255
47
26
235
212
176
127
252
213
201
227
173
238
87
211
178
60
187
136
14
203
195
164
188
145
91
113
251
125
184
246
78
197
221
66
156
214
15
207
76
171
107
143
85
253
57
121
200
8
67
208
217
133
34
163
70
239
118
243
191
20
55
40
151
192
175
92
100
75
21
206
58
19
231
140
249
245
102
16
109
99
22
132
96
170
237
234
79
56
129
122
149
111
139
62
165
98
