20
12
83
254
53
24
76
192
114
107
30
102
9
164
103
101
232
239
56
37
251
10
57
185
43
168
3
198
220
222
234
73
212
68
120
158
87
47
247
70
213
92
71
51
131
25
2
44
236
66
180
215
7
152
242
245
156
113
214
88
252
8
132
22
18
227
177
118
82
84
105
60
58
233
115
137
55
97
174
216
178
231
69
80
127
1
21
203
39
201
149
130
112
96
230
64
52
135
46
93
121
67
74
253
15
128
160
35
111
13
129
122
28
221
31
163
99
16
138
171
144
226
229
148
195
172
0
143
241
210
89
145
170
235
238
50
193
244
65
42
173
165
98
181
228
109
63
85
151
169
116
134
32
167
146
45
6
91
243
224
26
27
19
246
225
41
223
17
162
108
5
154
179
204
183
161
54
188
182
200
217
190
205
199
249
40
81
202
197
194
136
104
218
86
34
153
157
250
14
106
142
211
206
23
184
48
208
196
119
59
176
139
4
125
94
141
77
140
155
166
189
90
110
147
240
124
117
187
207
133
11
29
72
126
248
78
49
209
36
150
186
159
175
79
61
38
95
191
237
255
219
123
100
62
33
75
