94
76
0
226
108
155
90
25
191
18
139
214
82
208
198
87
85
64
150
145
174
158
233
236
110
135
207
113
21
189
66
69
218
5
203
205
97
31
156
177
153
103
28
99
104
83
242
13
255
63
128
161
27
16
175
61
44
219
196
106
8
147
114
248
131
121
23
168
171
182
241
167
39
151
229
186
123
29
245
101
7
166
184
32
137
98
70
185
179
84
213
116
20
138
238
102
49
148
26
3
220
75
132
221
231
134
201
78
89
173
72
223
12
187
172
24
125
88
237
62
193
162
109
169
48
57
224
180
68
30
130
202
6
165
149
91
154
234
65
141
80
243
239
176
215
192
178
79
117
129
52
204
120
107
55
227
122
50
210
195
211
163
235
212
115
43
254
41
246
59
217
216
183
146
232
181
92
157
250
249
225
194
74
144
159
206
143
199
37
222
46
67
38
112
190
33
247
126
240
14
10
86
1
252
58
40
152
45
36
230
22
188
35
73
54
209
228
251
119
124
111
11
42
93
244
95
142
197
105
100
2
17
56
200
164
47
34
127
9
81
19
170
4
133
53
140
15
60
77
253
160
71
51
118
96
136
