162
33
89
220
179
37
92
227
54
78
125
232
95
119
214
126
61
229
170
11
102
76
108
4
17
28
139
138
180
29
154
143
237
234
75
223
110
246
27
133
20
48
2
164
168
231
156
192
81
218
94
65
47
113
254
5
101
63
187
183
73
244
115
70
175
136
160
197
158
104
84
121
200
178
13
157
201
42
173
83
124
166
171
255
253
137
169
66
52
226
190
176
202
155
68
22
80
189
44
96
53
127
87
140
105
151
21
123
249
31
165
150
9
43
122
130
219
24
149
67
240
103
167
228
196
99
109
238
184
36
147
1
51
247
153
32
86
163
118
60
16
194
57
159
198
207
242
77
107
204
181
72
50
195
230
248
251
3
188
64
239
233
145
236
30
18
14
88
208
117
199
224
243
39
148
40
100
55
90
91
146
213
34
205
12
19
221
132
0
116
235
217
211
182
35
25
193
135
225
144
250
174
26
85
185
210
128
46
93
56
106
49
41
62
82
111
15
59
252
172
203
141
98
114
71
7
186
69
206
129
191
216
212
215
177
161
79
241
38
74
112
245
23
209
142
131
6
152
10
134
120
8
222
97
45
58
