228
124
143
112
44
247
126
8
253
125
204
243
238
140
241
154
5
35
239
97
131
254
96
95
144
236
224
86
79
174
122
215
102
217
17
89
25
88
49
219
100
132
3
28
206
194
135
15
248
83
147
212
176
240
48
137
114
61
133
233
167
26
202
92
190
108
214
0
45
87
146
246
67
216
90
223
231
180
99
11
189
221
58
134
52
43
207
222
73
128
210
158
200
173
166
10
29
123
98
168
130
21
185
226
177
187
57
103
213
30
27
149
169
160
230
1
155
129
91
62
120
6
31
63
198
72
201
60
9
105
104
77
59
109
183
68
153
18
184
121
101
163
197
205
232
75
22
46
33
39
151
34
191
78
234
80
208
145
37
2
142
84
171
71
136
237
138
152
119
203
118
255
41
141
36
188
250
116
225
7
229
196
4
117
245
70
220
85
115
172
42
182
199
38
162
161
148
181
165
192
244
150
170
23
81
13
227
66
55
178
252
218
175
14
113
251
93
76
24
53
12
107
64
110
211
94
74
51
111
242
40
106
156
164
209
47
235
54
179
50
82
157
193
65
20
186
19
32
56
249
69
127
159
16
139
195
