230
202
89
88
204
147
103
216
9
123
160
30
57
203
110
253
170
91
248
61
142
94
220
29
59
65
24
155
185
221
111
201
22
176
141
53
222
7
102
33
218
86
92
133
138
217
132
164
161
75
82
100
244
36
68
49
47
16
163
199
27
79
10
8
62
181
254
19
90
12
128
195
56
182
67
211
18
124
252
134
136
84
115
85
205
5
246
95
70
214
50
48
190
35
28
106
52
208
109
198
148
239
189
140
83
55
209
238
119
6
179
38
243
247
13
200
117
127
60
196
157
69
104
76
77
71
41
197
43
131
168
144
166
153
96
4
99
122
20
242
78
1
112
169
54
206
73
235
237
162
97
177
51
227
186
183
207
74
81
229
171
231
232
72
98
107
250
64
87
130
135
228
108
154
17
212
174
44
150
58
152
215
40
32
121
159
93
80
180
42
118
167
116
236
255
45
145
105
158
66
245
193
251
14
178
240
26
46
219
126
175
188
34
120
113
101
194
63
11
192
25
3
15
213
39
210
226
165
149
191
0
184
225
151
137
172
173
125
241
156
21
224
233
23
129
31
223
187
114
143
146
249
234
139
37
2
