3
240
102
96
110
121
7
113
118
92
18
124
80
145
246
78
71
35
136
222
98
132
178
241
153
192
143
73
82
87
245
99
89
154
39
156
54
19
199
131
114
255
84
76
149
70
208
196
38
24
252
167
111
137
194
157
204
146
206
48
148
10
69
212
221
127
190
32
151
160
5
47
232
138
243
175
93
42
115
207
83
33
228
22
91
216
180
106
130
238
104
201
209
85
50
217
168
103
169
4
233
187
58
158
188
224
25
16
165
126
144
105
147
251
181
195
101
28
53
177
60
235
1
20
247
152
65
155
6
77
185
179
8
14
120
94
166
226
150
63
176
236
119
225
198
40
15
125
81
214
133
223
36
26
31
139
197
41
220
95
37
74
45
141
100
203
9
23
55
193
142
88
239
2
200
159
172
183
213
56
135
59
163
57
189
254
174
21
250
79
171
231
108
253
162
234
248
128
13
211
182
218
227
112
191
249
117
109
123
229
49
140
68
90
86
202
242
116
0
237
122
61
72
129
64
215
62
27
164
219
230
173
46
43
244
12
97
210
75
29
52
44
134
205
184
30
161
66
11
17
107
34
186
67
170
51
