123
158
13
149
60
101
213
119
194
106
162
32
241
234
48
122
18
110
128
12
144
193
29
192
198
102
212
207
11
95
147
42
238
114
170
204
130
72
203
206
217
1
38
145
55
127
20
63
195
245
83
58
233
134
120
228
159
50
116
196
211
7
34
248
22
40
107
64
252
154
85
117
225
160
89
250
191
172
208
152
237
91
255
124
94
242
111
227
148
2
17
178
190
151
100
247
75
77
240
62
200
26
109
112
185
136
65
69
56
244
187
219
68
54
150
253
216
37
6
88
133
176
33
98
229
23
76
205
125
199
177
239
139
189
184
141
53
218
74
24
108
41
80
143
138
21
197
79
142
174
44
202
121
165
173
182
73
251
246
215
46
43
31
97
132
61
167
223
183
201
25
71
249
168
84
186
66
70
14
36
169
15
188
163
155
115
126
10
30
78
243
81
230
181
8
171
153
166
226
3
105
156
180
99
90
92
222
137
146
9
214
104
52
96
27
87
210
51
161
19
209
16
35
67
231
224
175
135
4
179
0
57
86
93
235
47
157
59
221
232
49
45
28
82
118
129
113
220
103
39
131
5
236
254
140
164
