154
76
249
135
96
54
19
246
40
32
222
230
6
234
240
101
217
162
59
175
71
219
110
4
250
242
114
233
209
202
198
247
74
156
51
236
167
11
85
204
36
207
170
142
176
185
15
153
43
47
75
121
29
200
68
130
42
136
33
9
251
120
187
72
195
115
183
56
140
208
66
44
172
94
213
49
30
243
69
61
27
211
196
181
255
52
113
53
98
39
169
0
22
218
10
144
253
137
223
89
205
87
12
163
55
105
108
225
116
37
184
152
7
157
117
171
235
25
16
192
17
178
191
91
122
194
215
129
28
34
24
97
93
221
124
203
50
106
199
158
149
232
67
62
41
252
111
151
231
141
14
244
168
237
173
90
197
179
109
35
148
23
38
227
119
8
125
88
229
133
216
161
193
212
146
79
48
190
214
228
82
21
150
164
220
127
84
166
174
46
80
131
248
31
86
63
143
102
26
70
245
18
160
118
126
177
83
239
2
139
155
57
134
132
92
78
103
189
165
1
180
224
112
186
95
81
13
210
77
241
104
226
159
100
20
107
206
182
5
60
238
64
3
254
123
145
45
58
147
201
99
138
73
128
188
65
