61
68
0
229
37
153
86
140
101
28
3
119
209
197
135
185
162
231
188
228
235
151
26
239
202
41
145
114
182
210
21
181
207
17
32
170
60
200
254
54
46
191
112
45
183
221
139
23
20
237
53
236
178
39
85
88
244
130
205
97
19
103
121
246
95
104
18
248
251
89
106
161
126
238
62
49
107
34
87
222
164
83
69
52
206
11
6
167
168
71
187
215
44
147
219
152
233
67
10
242
193
59
48
108
127
186
227
15
56
217
98
241
252
129
179
137
136
255
190
223
158
16
198
122
245
29
124
196
94
249
155
232
38
194
120
133
118
172
180
47
4
55
40
143
214
146
131
36
12
230
58
75
184
208
218
138
125
225
240
13
81
99
220
123
2
148
115
82
76
163
96
1
35
8
65
92
203
7
84
100
144
91
212
250
63
204
173
93
24
9
142
42
176
33
43
110
201
27
30
70
80
113
195
25
109
78
102
134
154
50
111
177
117
174
116
73
175
31
199
169
224
14
165
192
159
211
51
166
5
226
66
57
141
216
74
160
234
90
243
150
156
157
77
22
79
253
128
189
132
213
105
64
171
149
247
72
