47
63
15
209
220
253
170
102
255
249
155
227
108
198
153
2
89
126
116
91
46
31
187
50
45
203
136
161
178
143
225
162
61
154
202
127
9
73
196
86
23
235
188
69
14
83
184
221
3
18
124
72
17
60
242
237
207
239
181
134
94
240
229
67
204
163
109
103
13
101
8
228
141
90
62
34
107
251
167
216
84
200
166
218
37
246
110
16
28
254
219
121
112
139
248
231
245
11
214
236
106
199
10
35
177
152
137
41
49
51
58
158
197
97
150
93
100
118
24
92
36
142
168
234
43
145
119
205
135
131
171
75
40
250
114
215
133
27
12
213
87
79
132
244
172
55
113
78
160
123
210
88
98
39
29
146
180
32
52
169
53
193
201
138
120
165
195
48
20
68
5
129
173
192
232
111
56
179
222
186
182
243
19
59
156
99
117
22
130
208
70
1
4
104
206
122
0
26
65
252
74
44
42
85
105
6
190
96
238
54
159
148
25
151
125
183
189
115
80
176
128
175
82
230
144
212
247
71
30
164
147
77
185
233
66
7
191
95
81
226
38
76
21
224
57
223
241
194
174
140
64
217
33
149
157
211
