70
16
103
225
15
182
148
203
47
254
125
192
131
35
109
237
55
92
151
220
212
186
215
152
175
167
76
107
208
145
112
23
127
40
117
166
7
1
121
75
240
155
178
199
119
156
189
12
83
194
46
198
28
93
58
66
161
95
45
31
170
74
159
61
146
88
116
184
233
99
48
219
207
63
60
102
176
0
169
37
162
204
34
163
4
246
226
149
209
177
71
52
38
185
141
104
154
110
222
72
120
187
255
174
234
224
197
239
232
193
19
20
50
143
42
67
65
26
248
57
214
6
135
68
136
241
124
49
245
122
54
195
158
133
139
142
86
229
227
172
39
221
73
196
32
247
206
96
29
183
147
218
106
130
129
132
94
105
89
111
160
13
126
157
98
100
137
27
115
202
87
205
59
51
236
238
77
24
33
36
244
2
114
250
173
252
191
3
21
179
251
201
8
144
22
231
153
213
84
150
211
80
30
56
138
168
101
41
11
9
10
181
171
90
64
53
85
5
249
78
123
253
44
43
82
190
164
97
230
91
200
210
108
69
62
188
79
128
134
242
118
180
18
243
223
228
14
25
216
17
140
165
235
81
113
217
