97
6
63
43
168
37
206
8
60
70
46
117
108
144
98
249
148
143
147
183
112
141
107
138
23
114
85
243
65
207
92
78
126
235
241
209
104
124
53
48
0
238
16
15
4
230
181
39
229
21
225
224
50
188
123
132
149
190
179
204
228
129
254
246
116
119
162
233
247
192
12
83
56
195
84
64
135
194
205
28
234
130
94
182
203
197
146
47
42
44
20
220
2
251
93
9
152
237
51
231
193
57
120
105
240
74
199
160
173
41
62
24
106
186
139
253
80
7
128
217
134
67
66
72
31
82
171
210
212
164
169
142
33
88
111
87
101
191
18
136
100
32
35
174
214
11
252
55
5
133
125
95
248
156
208
1
76
175
244
187
223
71
109
131
184
103
198
222
25
22
166
90
177
250
38
75
227
154
110
36
219
172
40
113
167
3
196
26
122
54
19
69
221
115
59
151
14
180
165
239
96
189
155
81
218
145
226
34
242
185
99
29
77
158
176
17
216
140
49
30
58
118
127
157
215
79
153
170
245
201
255
86
27
202
232
236
102
213
13
161
73
91
159
121
137
163
52
200
150
45
10
211
61
178
68
89
