33
129
200
167
215
47
108
170
201
237
122
83
22
97
211
13
80
16
164
36
58
165
57
190
94
43
130
157
160
99
48
139
243
119
6
210
246
169
163
29
23
187
188
8
2
255
192
217
32
52
126
37
195
158
31
34
178
64
173
26
142
86
105
171
131
67
227
144
182
174
4
161
242
228
133
162
62
112
127
247
69
55
10
224
40
42
50
38
30
72
1
76
96
199
73
104
253
143
21
181
226
214
154
3
149
159
206
231
19
101
156
177
91
219
136
147
180
202
79
123
20
11
132
78
175
109
229
197
166
18
98
54
137
114
7
51
120
196
222
140
172
118
208
125
194
168
218
183
176
150
205
44
235
53
60
85
14
115
252
63
209
128
240
77
65
189
121
93
213
74
117
113
106
148
151
230
207
46
90
241
28
100
12
95
75
107
92
193
184
56
212
234
191
27
179
153
61
88
239
221
186
81
233
145
155
116
35
39
223
251
124
25
245
135
45
15
220
238
250
236
5
103
66
110
9
248
134
254
244
84
198
203
82
111
41
0
185
70
87
146
152
17
138
232
225
89
249
141
68
24
49
204
216
59
71
102
