169
203
23
56
20
151
247
240
198
94
250
127
252
161
128
47
153
57
19
32
229
154
144
13
30
61
145
79
122
182
135
16
34
60
113
111
130
108
177
249
140
76
178
83
64
242
42
3
235
116
25
136
44
22
100
45
238
146
134
21
205
6
91
99
114
49
118
172
59
155
241
110
225
218
215
18
185
24
28
88
15
233
36
0
188
133
97
142
226
86
189
31
191
75
58
68
176
243
186
231
165
221
125
234
67
101
179
117
190
70
248
123
209
160
207
150
181
152
39
138
124
220
183
52
255
72
27
93
41
199
254
63
4
132
166
78
54
180
14
193
156
148
201
69
82
219
80
66
162
107
62
33
143
139
211
73
96
168
244
84
48
90
11
137
194
204
237
202
9
81
223
129
40
228
126
246
251
216
87
195
37
115
50
43
222
214
5
210
196
29
106
2
12
164
236
213
89
232
171
10
120
217
141
35
71
104
77
159
55
65
174
192
38
184
103
7
224
85
206
167
173
147
239
158
74
17
212
26
170
95
46
51
149
157
187
1
119
121
227
245
208
175
131
105
109
200
253
92
197
230
163
8
102
112
53
98
