199
153
148
209
240
192
2
131
146
105
233
247
222
94
26
157
134
208
218
156
73
129
254
61
88
33
69
132
89
170
179
103
150
36
219
154
249
70
43
102
139
211
71
195
207
190
220
13
242
109
25
84
160
127
63
180
29
183
237
205
110
39
57
149
251
243
16
82
197
227
49
11
18
65
12
121
90
45
246
46
115
6
106
51
76
59
99
66
168
187
108
119
191
78
24
200
230
212
155
225
28
101
221
162
164
7
223
95
23
188
37
142
204
166
86
224
9
232
48
114
196
206
85
81
47
215
143
83
100
171
107
228
252
152
96
130
20
253
214
175
42
210
226
120
10
202
112
169
163
217
64
174
194
56
241
27
128
235
181
116
189
117
167
238
53
229
161
80
21
186
177
231
41
236
3
17
151
123
250
201
213
40
172
124
245
111
35
68
34
4
19
91
125
92
234
203
1
135
32
50
113
136
22
158
97
239
79
44
55
54
62
122
133
72
176
118
137
5
138
145
216
77
0
193
8
31
244
60
159
144
75
74
126
58
87
14
15
185
38
178
184
141
140
255
248
147
52
104
165
198
67
182
30
173
98
93
