134
68
108
153
71
179
82
14
234
101
176
168
122
232
185
109
7
188
56
75
184
174
60
88
208
26
44
57
225
93
33
254
32
79
143
19
221
31
10
15
255
189
24
47
233
112
135
20
243
235
138
59
54
16
150
70
5
50
94
190
182
173
141
217
170
128
197
244
180
85
163
167
66
181
96
91
207
195
120
154
249
89
242
204
9
151
129
139
111
39
142
37
251
140
183
115
107
76
146
27
74
97
12
92
53
42
155
137
67
55
125
157
17
23
161
86
36
90
187
228
18
116
65
105
172
78
192
241
95
6
40
106
148
48
35
247
131
215
202
229
41
162
171
237
224
28
58
114
250
0
248
196
227
218
30
8
130
220
38
118
77
159
52
73
175
206
98
152
22
165
211
145
104
63
123
205
238
25
164
210
1
102
84
144
222
29
62
110
230
2
113
186
51
226
193
203
156
209
45
199
201
231
72
253
46
178
21
99
219
214
191
147
136
166
212
198
69
119
240
236
252
83
213
11
127
126
61
133
223
4
80
34
3
124
43
87
158
117
64
13
177
245
132
121
169
103
149
100
160
81
200
216
49
246
239
194
