194
156
217
26
69
235
9
112
0
184
48
197
240
208
10
203
185
177
24
36
238
117
13
20
236
115
56
142
77
67
234
74
28
38
95
225
119
213
44
17
171
97
34
243
61
50
254
255
4
132
168
37
131
153
163
188
49
214
16
41
83
195
160
73
140
175
29
124
106
237
86
103
239
246
174
105
159
249
15
210
130
7
66
231
152
162
40
148
87
47
143
183
30
253
100
233
209
173
144
23
6
221
127
64
191
135
76
250
46
247
169
186
11
204
58
190
114
104
155
196
122
128
137
19
45
82
93
116
52
134
206
80
220
218
182
227
94
57
226
212
241
178
54
219
62
42
18
111
202
193
21
192
205
78
3
27
223
136
98
33
172
85
89
170
51
71
12
55
133
2
166
200
63
248
22
53
35
198
129
146
68
65
138
72
118
207
216
230
201
232
8
145
158
90
5
251
125
91
154
165
59
60
211
187
102
96
101
222
99
75
151
39
120
149
150
92
110
224
180
244
107
215
108
189
25
242
141
176
147
181
167
164
245
84
161
88
229
32
79
43
123
179
70
199
109
228
81
14
252
1
126
139
121
31
113
157
