119
64
221
5
73
34
201
26
151
186
140
239
249
112
203
103
241
172
8
20
168
137
82
98
245
165
235
41
174
30
78
255
163
193
144
141
155
136
29
22
70
60
40
240
61
37
158
96
145
184
182
101
200
222
6
205
122
88
114
62
7
48
33
0
12
204
164
154
227
25
195
189
238
121
65
242
213
212
113
45
156
19
170
251
75
146
231
192
24
167
175
126
97
81
169
110
76
223
208
116
197
72
14
127
132
77
38
196
118
90
59
106
224
79
246
185
104
51
252
232
68
161
28
139
43
109
13
56
183
131
44
36
210
237
35
198
102
194
31
91
152
120
10
85
42
63
46
219
27
16
125
225
190
123
2
71
50
199
171
187
214
206
179
160
124
250
157
80
173
202
149
58
244
218
134
21
74
83
166
32
87
217
220
115
215
191
180
142
128
11
1
86
57
100
49
129
138
55
230
229
177
207
54
233
176
243
95
66
9
84
108
234
159
150
162
3
236
99
105
147
92
188
117
254
247
135
39
93
15
130
216
228
47
67
89
178
209
94
181
52
69
253
53
107
18
148
4
248
133
111
17
143
211
23
226
153
