194
23
190
58
105
149
42
229
111
16
64
226
243
44
201
119
34
2
142
56
13
89
52
30
180
207
244
199
55
139
160
192
231
250
219
43
203
108
183
120
136
178
158
126
174
63
157
11
132
228
24
109
128
179
141
175
223
144
84
125
104
101
97
153
87
134
27
72
92
117
127
61
46
8
36
1
148
240
227
159
221
5
67
31
40
74
73
168
48
224
81
156
10
217
176
45
26
210
106
230
209
133
98
188
162
91
206
154
20
197
51
247
0
47
78
205
241
143
204
7
220
165
17
238
245
79
124
9
186
77
161
71
202
138
235
37
28
137
181
114
68
211
50
196
19
15
85
191
22
249
255
60
65
251
115
198
76
152
122
95
99
32
130
3
216
177
116
38
86
200
110
208
147
253
103
246
212
170
70
90
155
213
214
93
83
21
100
41
166
94
150
135
163
18
185
80
232
252
113
6
102
225
145
35
233
218
54
129
215
82
88
59
4
66
184
75
248
49
112
131
29
254
151
57
107
96
187
146
242
12
195
118
164
167
237
182
53
25
234
33
193
69
14
236
39
171
222
172
123
169
239
121
140
189
62
173
