80
186
198
126
207
32
157
54
75
33
153
97
239
14
82
224
210
35
59
31
72
193
253
214
175
24
90
144
182
15
234
117
209
101
141
56
134
81
244
212
231
28
162
0
199
195
247
219
190
107
143
42
164
114
215
23
106
188
230
44
166
176
100
191
112
95
91
251
60
111
201
77
142
98
150
19
185
174
252
105
167
218
41
12
227
87
235
43
145
92
179
108
46
69
29
204
55
132
121
139
165
129
27
197
187
159
34
250
18
89
206
99
225
39
156
52
221
180
50
37
118
86
170
16
146
203
229
233
255
7
2
241
213
237
223
243
53
122
220
202
211
238
20
13
78
147
208
6
119
183
38
4
232
65
168
102
51
5
128
245
1
177
158
149
25
115
246
110
131
103
172
240
85
63
104
133
64
160
109
9
196
216
120
194
88
84
30
184
140
10
96
154
57
47
136
79
248
26
181
189
192
8
113
222
152
36
40
249
48
17
169
123
11
58
138
49
242
76
83
178
74
22
171
254
155
67
163
135
45
127
236
173
73
205
151
226
228
217
21
3
68
200
125
71
124
161
61
62
94
116
66
137
130
148
70
93
