41
22
38
44
180
241
197
146
152
216
21
92
142
97
80
31
126
19
25
107
89
165
172
177
26
82
224
63
211
161
93
239
246
253
118
127
181
133
49
32
47
119
23
34
168
117
100
219
136
75
221
79
62
78
48
81
236
5
73
122
230
125
58
134
207
12
190
65
166
193
244
16
114
90
231
59
167
56
192
254
164
138
226
163
40
223
130
135
204
237
176
61
159
54
243
148
51
139
158
69
60
250
28
30
171
132
137
123
150
95
36
52
188
157
7
233
218
1
83
120
64
162
238
42
187
255
94
189
57
182
129
6
76
149
3
53
234
185
128
202
55
86
116
145
196
0
252
4
225
169
11
39
91
183
35
198
102
199
111
247
13
43
20
220
147
10
194
170
27
88
155
67
209
85
154
74
228
195
124
109
174
242
98
106
96
104
156
229
110
213
66
200
144
71
112
248
72
33
203
214
235
84
151
70
77
68
201
217
87
205
245
50
108
131
8
184
208
153
103
37
99
186
240
2
178
143
249
175
115
173
140
141
14
206
105
15
121
113
212
251
45
18
9
191
215
232
17
210
29
160
24
101
227
179
46
222
