0
201
231
43
120
26
3
225
85
203
156
64
174
251
220
123
232
86
15
7
4
158
91
103
138
118
249
240
255
147
252
52
183
30
245
112
145
22
66
68
51
87
226
41
141
106
129
171
20
13
121
79
96
207
113
111
47
165
36
189
23
217
97
136
254
250
132
78
188
76
99
18
185
98
72
57
127
46
166
227
134
247
44
128
206
181
238
33
122
228
153
192
40
161
55
1
107
59
209
163
237
224
8
135
48
25
241
199
81
2
50
198
204
17
90
152
37
139
229
104
35
19
31
142
89
94
214
63
21
73
34
12
154
100
151
109
194
212
234
219
213
101
108
144
157
233
242
216
140
244
187
196
246
84
10
69
205
222
167
83
236
170
28
116
126
190
77
93
172
58
179
193
248
200
184
149
243
27
146
155
42
125
82
180
56
239
197
9
67
223
143
53
178
124
32
45
102
168
176
208
70
74
177
115
162
215
38
62
218
5
61
133
159
29
160
169
164
114
230
148
110
131
211
92
202
24
119
130
88
54
39
221
235
191
49
253
60
16
210
105
182
173
195
71
175
150
117
6
186
95
11
137
75
80
14
65
