63
234
15
145
76
255
50
30
36
79
91
43
176
129
9
227
106
53
117
195
80
110
219
62
114
99
252
213
160
115
246
249
164
239
247
60
16
66
138
57
45
13
47
154
124
220
1
194
75
3
250
244
131
28
251
142
207
2
86
179
180
56
134
10
112
88
116
46
222
233
168
201
186
144
241
32
199
204
248
229
42
81
231
107
123
11
210
34
193
173
77
126
52
21
218
155
55
149
243
181
65
232
224
93
67
27
83
87
111
122
29
35
71
163
203
4
197
177
39
223
178
70
170
8
12
82
242
152
167
140
127
5
253
182
132
128
141
209
158
6
211
187
125
235
196
217
169
109
190
23
26
92
245
51
118
119
100
49
7
89
108
64
101
148
214
17
37
72
33
68
237
150
151
59
156
97
102
188
183
228
96
146
240
113
171
78
40
221
69
0
206
185
105
48
38
175
153
135
200
54
192
84
14
198
95
103
73
25
225
202
166
136
130
165
18
31
159
236
226
230
212
74
20
184
254
191
120
24
41
215
58
162
19
189
238
44
157
216
85
61
174
205
139
133
104
98
137
94
90
208
172
147
161
22
121
143
