140
4
144
217
91
250
212
229
18
126
251
77
62
134
96
87
78
7
89
30
49
101
21
36
214
44
182
64
86
80
24
70
11
52
118
51
156
254
175
108
207
231
163
95
104
132
120
124
166
112
174
135
43
119
103
133
1
188
187
131
122
106
159
38
192
210
8
115
69
39
47
235
129
53
27
5
59
158
228
180
230
40
73
107
247
193
237
253
102
190
219
209
200
94
171
252
152
197
75
83
29
6
82
185
138
215
61
241
109
74
208
240
127
19
46
2
143
113
165
3
199
249
195
130
205
248
45
28
65
137
23
183
232
92
191
63
157
12
189
234
141
32
58
245
50
136
35
42
213
184
33
218
79
204
181
114
168
176
196
71
76
139
100
246
162
110
72
56
148
236
233
222
98
81
117
105
20
226
239
84
238
154
54
26
60
31
99
161
223
202
203
93
10
15
14
211
155
153
225
243
55
111
16
0
121
48
9
216
221
25
13
244
66
160
170
37
57
198
68
147
149
34
150
22
186
224
17
128
220
255
242
179
145
178
97
177
123
169
116
88
85
67
173
206
164
227
90
172
151
142
167
201
125
194
146
41
