97
68
114
0
209
125
202
76
112
138
6
126
164
175
30
254
236
137
214
136
162
80
21
159
119
148
253
222
227
123
55
51
150
31
50
16
244
84
13
199
17
208
87
94
71
216
151
10
180
73
207
224
187
39
81
154
243
35
205
213
192
121
86
218
157
45
20
160
225
29
135
197
203
110
173
109
120
96
219
95
237
129
161
239
248
204
63
115
40
77
1
215
242
223
24
106
184
124
54
60
238
217
34
193
103
67
75
177
102
70
41
69
144
168
147
231
82
91
74
233
131
155
92
56
107
153
19
118
47
127
27
195
46
9
149
58
59
250
99
169
142
133
65
79
240
132
53
196
37
122
143
234
26
200
226
38
2
166
241
93
210
201
44
255
165
245
188
3
158
113
18
194
43
182
230
49
117
189
191
42
172
146
130
235
206
100
66
145
48
101
98
229
190
167
232
22
61
15
7
62
116
178
52
105
156
141
139
83
252
251
32
134
181
36
14
72
183
88
5
221
12
170
128
64
11
179
246
90
220
152
186
171
211
23
140
198
176
163
8
174
4
212
25
85
185
78
249
104
111
33
247
228
28
89
57
108
