242
21
14
201
43
228
160
207
85
232
230
82
227
252
192
244
176
103
158
68
45
155
197
175
152
27
18
105
202
148
194
57
115
4
180
163
122
188
183
89
16
92
87
11
34
61
250
86
189
142
100
137
213
15
60
49
41
91
117
254
222
125
249
26
190
229
178
39
217
28
157
220
226
97
69
40
42
3
104
114
193
198
167
71
255
101
138
182
214
247
150
46
124
179
129
141
212
6
70
205
187
84
219
145
0
47
245
29
233
93
120
72
50
234
63
55
126
140
64
19
110
65
225
164
169
35
143
135
218
17
161
90
116
52
51
98
146
174
94
73
231
154
66
132
22
216
240
165
23
239
83
184
136
162
215
251
173
54
243
203
67
76
128
48
223
133
95
121
204
139
102
185
127
38
181
74
62
170
177
112
80
166
109
144
210
13
237
209
191
56
156
36
206
75
99
79
186
211
107
77
24
238
196
8
208
131
151
130
37
199
171
2
134
12
58
59
113
172
248
30
25
119
118
111
147
20
241
200
10
81
7
53
221
44
106
96
5
1
9
149
168
108
246
236
195
31
253
78
235
88
159
153
33
123
224
32
