254
209
169
177
125
45
228
116
87
176
238
146
148
8
152
251
81
9
203
72
46
210
147
216
143
100
211
59
57
165
95
124
32
117
129
83
64
53
214
236
158
153
93
213
174
43
7
120
226
157
67
232
135
3
24
70
39
130
29
255
20
193
179
104
34
98
242
58
183
225
11
4
19
163
154
105
82
13
56
126
189
173
178
74
217
208
136
68
196
97
40
69
188
223
52
18
207
121
244
127
48
17
199
15
181
27
73
108
239
78
21
227
168
191
132
138
161
88
38
22
80
99
42
102
35
175
10
128
215
221
85
245
249
231
241
103
233
61
218
114
119
51
2
37
54
246
142
202
240
91
123
106
200
12
62
243
101
192
222
30
184
118
55
122
5
185
237
186
248
66
230
26
94
16
140
115
31
167
253
33
23
180
92
47
134
198
187
156
36
247
190
96
235
212
155
25
150
194
89
229
44
160
219
171
149
63
76
14
197
112
6
170
50
141
133
206
60
182
220
107
204
144
137
41
79
84
250
90
1
71
151
234
28
77
0
65
109
252
111
172
75
86
139
162
164
201
49
159
110
205
131
166
113
224
195
145
