118
197
65
195
50
245
20
247
218
98
191
74
79
12
76
47
36
168
253
216
152
42
48
103
126
39
167
21
89
227
32
209
174
56
239
244
214
45
243
136
150
119
204
202
237
176
129
6
159
46
171
192
242
122
114
163
212
205
58
183
96
139
5
78
153
0
132
157
158
223
28
13
226
144
52
162
34
109
250
90
107
145
142
213
25
31
224
62
44
160
14
196
131
130
186
181
154
2
59
95
254
170
190
228
123
211
41
151
8
165
194
86
199
201
235
208
99
206
33
222
178
35
3
97
185
60
83
217
146
101
104
81
40
203
80
100
57
16
248
15
231
164
120
232
9
87
124
82
251
73
106
177
241
10
138
17
147
135
169
173
38
102
108
66
43
111
210
134
156
24
127
198
71
225
61
233
179
236
27
77
141
23
148
30
4
29
63
133
215
94
19
161
200
184
113
166
189
149
85
220
140
143
55
125
54
51
18
219
175
68
75
64
128
172
67
92
187
115
234
255
155
249
121
1
221
193
26
49
246
252
188
137
70
240
105
69
238
11
207
84
53
37
110
117
229
112
116
88
91
72
22
7
182
230
180
93
