151
1
161
164
31
56
123
44
156
245
184
149
216
13
176
130
152
103
11
9
4
7
189
102
105
68
47
197
71
39
23
162
196
92
205
6
28
207
38
175
34
241
113
172
35
222
111
214
178
225
181
173
187
104
101
204
16
218
81
148
129
192
145
90
100
67
221
14
243
70
206
20
136
155
15
24
228
139
95
137
8
52
200
238
76
253
237
82
160
229
191
166
5
215
85
66
32
114
150
239
217
86
94
51
195
134
63
234
179
78
247
26
37
210
198
55
252
213
244
57
131
74
251
211
97
199
33
185
75
72
99
43
126
88
27
119
249
89
91
116
122
182
226
227
120
60
153
154
163
143
83
209
25
18
53
59
54
190
2
73
10
158
219
93
84
159
61
174
212
98
171
22
201
168
135
79
62
21
220
41
77
110
12
144
109
194
108
30
40
167
231
0
177
3
50
224
236
133
240
232
65
233
127
117
138
246
188
46
42
96
141
183
49
58
230
186
132
165
112
157
208
140
17
45
242
193
124
107
29
147
146
254
125
203
106
115
235
87
169
128
36
255
69
19
250
48
80
180
202
118
142
121
223
248
64
170
