56
178
117
116
146
152
48
94
64
216
46
115
157
255
176
204
186
120
247
55
111
232
174
109
217
27
4
160
17
143
230
167
142
122
234
159
175
35
188
237
148
104
249
23
77
164
38
20
126
226
15
137
14
199
209
61
34
220
168
151
144
219
156
18
239
162
24
213
129
40
75
76
65
22
138
107
0
54
2
12
231
236
99
42
19
203
72
161
145
254
197
131
218
235
70
74
21
85
165
222
100
158
189
80
81
139
66
106
90
51
214
246
244
228
211
124
88
26
225
182
25
29
112
110
155
108
215
41
190
62
33
91
118
59
119
242
57
147
245
187
30
253
191
196
136
3
47
195
73
243
68
87
172
248
208
206
96
241
141
8
11
169
132
140
251
135
121
98
44
69
45
128
83
173
192
125
84
49
233
212
53
130
202
183
201
252
223
67
171
184
95
63
205
103
224
210
9
250
39
229
31
134
127
58
181
240
154
101
105
207
32
82
114
170
193
16
200
28
179
89
10
194
37
166
60
221
93
79
71
180
150
163
43
97
238
198
1
13
7
153
5
102
86
185
50
6
177
36
227
52
133
92
123
113
78
149
