163
74
203
229
73
53
2
174
109
255
166
63
232
114
210
50
254
111
26
121
236
217
252
39
75
190
200
25
18
227
104
186
125
153
101
157
58
154
13
194
201
38
167
78
144
92
123
159
76
61
79
87
173
83
72
196
90
143
118
98
177
100
139
178
132
216
110
221
3
81
206
4
180
137
44
14
189
69
119
31
116
131
171
185
160
138
148
89
179
244
188
8
204
191
135
22
245
233
150
70
102
183
219
214
105
9
155
215
222
228
187
35
77
56
246
237
91
172
149
65
243
10
170
176
57
67
62
46
168
238
115
34
60
30
226
19
164
197
32
27
242
218
253
45
21
193
158
68
151
106
241
93
130
1
208
47
250
202
96
24
88
235
248
42
43
249
199
54
97
103
195
48
23
231
84
225
52
11
175
86
5
136
41
37
181
59
213
124
156
220
122
12
16
140
145
207
71
142
82
161
133
239
224
108
6
80
49
51
107
85
198
20
230
234
129
17
162
99
66
251
212
64
120
247
112
117
7
152
127
40
147
28
146
165
126
211
223
169
192
94
29
134
209
95
205
15
36
33
182
128
55
0
184
240
141
113
