53
69
186
8
81
39
225
161
141
212
246
12
236
111
96
24
201
26
245
223
89
104
152
181
129
211
203
58
92
118
146
194
217
41
37
248
23
227
99
189
240
1
42
206
85
61
73
229
114
144
166
109
100
66
47
200
72
60
148
14
125
63
220
74
138
2
112
149
247
162
82
30
0
32
170
249
75
95
226
239
48
156
153
80
213
102
191
235
202
103
154
165
110
137
157
192
215
218
131
34
135
83
122
18
216
139
121
159
253
169
120
84
163
168
171
59
62
205
195
231
183
36
188
219
16
56
241
143
238
11
158
180
132
46
21
101
147
182
243
3
254
221
160
177
214
196
193
140
244
136
27
45
123
44
119
150
207
52
105
175
15
106
70
232
208
237
233
250
126
124
22
6
167
90
51
79
197
228
4
88
29
117
179
198
67
76
128
251
252
116
28
113
230
43
187
222
49
38
33
10
130
210
50
19
164
184
151
78
35
190
71
54
224
68
31
142
204
94
86
65
115
91
199
98
9
20
134
77
178
97
25
174
234
57
173
172
209
17
255
40
13
107
64
127
145
7
133
5
87
242
93
55
108
185
176
155
