54
155
226
169
218
177
61
208
204
30
178
109
42
74
117
23
253
229
239
242
166
160
159
126
182
100
240
142
63
220
237
80
222
243
113
153
26
81
83
53
15
60
102
69
201
150
137
40
214
8
10
206
133
105
185
27
101
174
104
51
38
227
72
172
190
228
5
157
236
131
44
97
194
70
19
11
56
1
55
59
66
233
180
254
149
241
202
47
76
152
197
132
14
46
255
33
103
3
165
13
196
147
245
82
223
144
184
95
71
212
219
120
138
181
62
21
234
244
193
119
84
173
151
200
114
57
189
164
89
65
91
9
98
67
4
49
129
17
35
130
175
235
136
203
217
139
22
179
32
215
48
43
162
41
163
171
50
124
77
36
170
135
176
110
154
195
24
249
73
92
145
250
123
85
64
39
246
115
86
199
20
252
16
58
238
18
183
187
7
45
209
188
88
116
128
248
96
52
6
211
198
141
216
231
168
0
12
192
230
108
93
213
247
125
118
148
161
224
34
37
207
90
121
205
94
167
87
225
158
186
29
75
111
127
2
146
251
99
156
191
28
68
143
106
122
78
210
107
79
31
232
134
221
25
140
112
