220
75
5
41
46
167
103
111
198
206
224
218
45
211
215
125
234
97
143
115
80
116
226
56
72
104
172
169
119
113
84
65
221
132
184
139
124
95
229
213
246
59
94
68
237
17
210
202
64
8
199
168
19
123
93
251
96
26
53
20
205
185
227
131
13
118
189
230
107
0
183
145
209
204
77
14
148
79
188
186
126
158
98
102
153
122
66
74
134
195
51
191
89
52
90
154
248
10
136
117
62
177
173
112
137
232
176
249
108
200
222
243
55
37
24
69
9
197
217
15
82
121
23
70
130
28
87
163
240
35
3
157
78
247
152
49
27
91
42
86
245
127
170
18
44
57
233
140
164
225
129
238
242
32
99
160
231
236
244
181
120
207
100
109
12
30
201
48
54
193
21
165
149
85
214
133
155
146
228
88
250
16
174
138
182
67
147
6
83
31
22
144
106
38
180
11
61
128
114
43
179
105
135
142
255
212
175
33
34
29
63
219
223
241
192
40
60
76
47
110
178
39
235
71
92
36
203
2
25
159
7
50
161
171
187
4
194
73
216
254
81
196
162
252
101
151
166
239
208
190
253
58
156
150
1
141
