143
167
101
158
237
126
13
21
119
37
196
137
163
183
77
96
102
214
242
166
236
170
206
70
22
127
211
221
224
53
65
107
141
254
218
232
138
192
104
30
41
205
121
14
112
75
4
29
17
24
207
103
147
15
79
31
231
69
240
89
33
115
255
142
26
164
124
198
153
244
250
202
12
2
246
178
217
140
165
123
6
57
152
175
179
249
50
144
91
109
9
5
78
184
171
234
93
239
186
100
215
7
28
38
64
43
151
81
18
149
222
157
34
210
114
116
95
74
216
97
40
223
131
208
68
84
191
227
8
16
76
48
139
128
86
251
39
88
23
220
212
67
42
134
233
80
247
55
27
213
72
241
154
156
136
117
197
35
226
253
230
0
62
188
203
173
182
180
177
187
185
194
90
225
204
181
200
155
58
49
56
248
87
85
245
174
161
113
106
129
105
235
92
60
172
61
168
252
132
111
99
125
52
11
20
45
238
162
51
110
159
148
130
146
98
44
193
83
199
133
120
228
135
118
169
122
189
190
82
229
71
219
108
243
54
32
46
19
160
59
209
63
66
36
150
94
1
3
176
47
10
201
195
25
73
145
