15
60
18
52
58
182
12
233
212
248
99
235
104
47
57
217
5
157
90
123
130
239
97
188
198
33
120
32
160
193
164
31
152
183
232
245
109
242
151
230
42
234
211
86
169
55
206
170
75
29
17
100
205
79
231
14
180
199
87
125
187
84
254
181
13
88
8
179
118
41
63
149
197
177
22
102
202
6
128
138
159
251
46
56
111
80
161
156
142
229
216
10
243
76
24
64
203
45
136
28
106
27
107
16
3
150
227
44
65
117
176
38
236
39
213
173
34
83
190
214
9
178
101
126
163
153
70
121
210
195
124
137
133
209
92
26
208
20
143
172
228
94
23
200
225
158
141
184
78
129
54
244
81
59
37
191
110
95
132
66
49
167
140
50
113
69
145
98
43
21
222
253
148
255
112
221
67
114
219
4
93
226
62
1
25
103
139
131
35
68
122
116
196
218
174
247
185
53
252
48
40
165
61
204
250
30
2
89
105
147
238
207
223
241
11
71
155
154
171
51
175
192
7
134
246
166
0
74
220
146
115
85
215
135
144
237
19
96
108
168
73
186
91
249
36
119
162
72
127
189
82
201
194
224
77
240
