112
35
14
190
245
203
9
131
229
163
235
136
114
3
92
170
132
2
199
157
94
135
231
39
70
196
29
4
118
153
209
90
208
249
80
130
230
113
181
15
122
23
129
217
125
86
47
36
96
42
177
123
166
91
33
215
66
69
57
247
16
182
72
27
109
41
169
207
22
238
175
100
68
24
239
180
84
142
1
159
167
74
178
5
126
184
18
194
165
105
134
87
150
50
65
73
124
149
140
160
55
78
12
154
8
88
85
248
58
20
25
143
198
120
117
195
187
242
152
171
26
253
6
240
110
185
102
45
227
224
40
32
75
62
82
98
28
11
61
221
204
103
211
71
83
7
63
200
121
220
172
138
146
144
250
21
201
108
202
192
188
37
232
56
46
115
210
222
151
17
251
162
179
186
214
64
119
237
213
252
173
34
158
183
43
148
128
48
139
206
137
234
95
59
244
101
19
168
236
99
254
30
31
107
191
127
49
226
51
161
97
147
243
10
205
156
228
60
218
197
38
241
77
225
133
106
155
223
141
44
164
189
52
174
54
219
145
0
255
79
233
104
216
246
13
93
89
81
76
67
193
212
176
116
111
53
