16
183
138
133
18
107
238
67
171
169
42
151
53
152
147
22
186
192
243
128
251
127
173
101
121
146
72
207
144
14
149
150
223
59
112
221
46
211
0
161
148
52
254
36
4
125
83
130
75
154
25
215
98
5
68
115
198
81
94
3
226
143
41
106
30
177
65
96
111
105
102
232
140
248
228
49
122
155
194
60
35
23
172
184
84
9
78
61
99
33
158
222
113
80
175
224
182
85
56
247
204
66
119
203
230
64
6
209
114
88
240
97
213
145
216
8
163
202
87
57
48
86
71
205
239
28
29
20
124
62
40
201
168
174
235
79
89
191
74
126
38
13
170
195
162
11
70
244
58
157
167
208
117
109
108
103
229
234
1
141
100
37
220
19
116
185
110
73
206
210
91
137
197
132
82
153
95
190
26
31
156
179
92
214
139
47
212
131
227
44
219
51
252
253
39
159
135
233
160
165
181
142
15
250
200
136
12
93
187
176
24
63
242
129
231
17
217
55
255
27
2
218
32
188
249
120
104
241
21
193
34
123
90
237
180
45
50
77
134
178
69
189
7
54
10
196
43
166
76
199
118
245
164
236
246
225
