155
61
24
219
75
233
179
40
156
253
208
9
171
205
109
218
202
80
21
254
43
3
117
25
173
115
38
248
135
66
213
209
189
23
145
8
101
200
234
168
22
252
89
93
241
29
220
182
164
144
27
46
52
153
54
250
71
225
142
236
45
194
79
59
58
55
50
119
221
192
240
195
149
105
76
70
228
203
215
31
137
244
180
10
83
56
199
104
74
247
187
207
239
44
212
206
28
41
37
62
108
127
162
51
163
12
143
112
77
246
160
0
82
128
19
154
191
227
147
110
7
125
30
136
1
245
165
152
151
68
96
90
116
223
64
133
141
197
32
185
81
183
130
159
39
100
176
4
84
210
255
150
186
204
214
97
2
184
18
167
95
94
15
226
175
190
69
193
122
63
148
134
129
57
73
26
17
198
126
114
140
178
72
231
98
216
123
34
48
5
103
172
232
65
230
238
177
169
107
120
33
243
249
47
131
87
124
235
106
146
6
251
42
161
174
49
67
222
14
92
11
181
157
237
35
166
13
158
88
132
99
217
102
85
170
36
229
211
60
118
224
113
242
16
196
201
121
188
20
53
139
91
111
86
138
78
