144
89
53
103
232
178
111
1
211
68
72
50
87
114
23
152
201
94
225
240
208
252
247
18
182
191
237
177
48
116
227
217
36
139
70
4
30
25
58
16
22
80
166
73
212
76
106
74
138
92
31
249
12
218
150
81
193
197
0
251
78
9
86
215
63
148
90
145
210
128
149
93
127
205
60
199
254
46
184
118
75
235
202
160
154
181
69
135
28
253
248
51
206
101
65
163
242
15
54
234
57
196
175
183
34
11
233
192
190
2
164
180
170
228
84
45
47
130
91
110
27
222
230
3
134
131
71
162
66
220
209
241
55
104
179
207
100
37
216
185
13
43
188
61
172
151
107
214
17
105
97
194
169
236
195
41
88
122
52
224
59
174
29
223
126
189
132
115
14
141
219
108
24
176
246
42
38
40
173
98
221
7
123
19
213
238
62
49
146
244
85
125
109
96
165
95
6
32
10
157
83
243
117
120
124
129
26
156
231
171
77
140
99
21
158
142
133
239
168
250
136
186
153
203
33
67
229
147
121
245
44
143
39
56
204
226
200
79
82
187
159
113
137
102
35
112
64
20
255
155
119
167
8
5
198
161
