252
17
177
7
248
243
38
240
81
21
161
99
212
218
12
9
11
75
44
124
84
46
108
198
130
47
122
133
154
131
116
234
199
94
151
175
171
213
135
221
103
143
238
68
29
223
141
215
33
26
179
254
1
92
71
195
242
197
95
96
91
90
113
137
30
62
109
15
121
80
97
98
88
207
23
79
57
165
111
60
164
10
250
55
83
61
65
101
168
226
114
217
189
104
102
77
20
180
190
227
16
253
220
100
39
214
105
192
142
134
185
158
64
66
150
211
56
230
245
172
52
196
36
22
232
70
78
200
48
148
107
40
110
255
228
236
4
106
85
231
157
176
120
69
32
67
115
18
193
229
216
43
58
140
41
3
159
128
112
239
191
233
63
28
8
0
222
42
87
249
24
225
162
237
125
19
241
136
208
138
147
129
73
14
152
5
224
244
174
119
50
173
153
166
169
209
235
163
123
86
51
187
53
202
204
205
25
194
182
210
37
186
145
167
45
89
156
181
126
170
117
35
72
146
251
127
34
155
27
160
74
149
247
54
144
183
206
6
31
203
184
178
49
82
13
132
188
139
219
76
118
246
201
2
59
93
