208
58
0
110
7
154
255
3
126
40
34
65
106
142
184
85
194
168
25
141
146
238
19
151
204
48
170
251
212
230
214
198
186
177
6
185
232
86
225
166
133
172
79
248
98
174
192
9
46
95
149
115
235
53
45
104
49
47
226
152
75
207
128
111
87
164
153
105
100
5
210
84
90
72
96
241
102
246
137
69
8
2
11
150
24
70
18
224
41
66
161
201
180
253
229
55
117
14
233
129
30
123
44
109
223
16
73
74
93
156
243
52
169
140
219
220
37
64
121
42
21
148
81
4
147
51
13
103
135
17
61
36
67
244
239
63
179
203
206
162
240
76
157
12
15
139
43
200
125
35
108
189
71
205
237
54
33
39
138
158
171
173
222
250
22
143
187
10
97
62
132
211
68
181
114
136
228
183
193
23
196
120
89
118
134
83
190
107
182
218
122
116
20
231
254
178
252
59
217
113
216
112
234
245
94
56
60
78
127
101
80
99
221
163
92
236
145
57
191
160
188
28
31
227
242
26
131
1
247
155
249
29
213
77
209
159
88
38
165
167
195
130
82
144
197
175
176
27
50
202
32
124
215
119
199
91
