74
121
122
71
124
234
117
183
164
59
85
103
177
202
170
60
160
7
172
111
17
0
150
67
212
195
131
233
64
42
224
51
41
35
65
249
221
157
13
126
66
147
11
52
101
62
135
54
36
187
72
222
31
20
37
86
110
118
127
213
137
201
8
58
34
178
245
18
161
94
244
216
6
108
79
179
254
175
19
27
45
43
89
225
223
49
106
144
125
91
200
153
120
169
228
113
238
205
206
46
109
104
184
247
207
174
123
140
242
235
10
237
16
180
217
87
167
84
114
130
162
230
197
142
68
151
83
141
3
220
53
128
80
182
78
28
241
92
2
29
159
138
105
192
196
193
253
139
5
75
173
239
246
14
44
77
203
190
133
136
165
219
155
186
168
243
185
26
181
211
209
171
226
204
218
63
251
156
33
250
90
48
112
188
97
88
210
152
30
23
73
134
96
98
146
50
208
215
107
61
232
1
99
154
227
47
236
81
148
166
12
9
38
229
194
57
176
132
189
39
102
21
231
248
119
240
95
22
24
191
116
93
56
214
15
32
70
76
252
158
25
255
4
115
40
143
69
149
82
100
199
55
129
145
163
198
