82
169
151
64
187
216
150
188
0
68
171
240
89
247
99
47
189
78
58
28
23
17
14
21
44
114
231
22
122
196
130
197
250
179
2
184
45
112
222
142
225
84
226
186
10
77
175
101
248
246
253
104
201
9
94
62
18
111
129
143
220
215
95
147
32
195
6
119
102
183
211
168
27
177
127
61
37
182
156
16
74
133
48
83
176
214
71
88
118
109
100
30
51
35
159
19
204
15
144
160
228
229
120
11
49
72
63
69
98
54
208
252
113
148
164
223
154
116
80
210
157
255
190
146
178
81
174
206
124
251
192
233
56
87
86
75
185
43
106
3
7
26
163
115
5
165
134
180
31
244
25
221
224
161
237
230
135
227
93
85
96
158
128
36
205
67
33
117
217
239
110
209
57
141
145
170
241
126
13
103
70
137
198
125
235
238
219
131
79
39
60
92
218
34
243
140
53
139
136
41
65
167
242
172
108
181
173
249
193
123
194
199
97
138
66
12
232
46
213
132
38
153
152
105
212
200
52
207
234
55
24
245
20
202
76
91
162
42
4
40
203
254
166
59
121
8
90
1
191
73
149
107
236
29
155
50
