5
97
230
136
24
101
37
135
119
238
69
118
9
42
41
19
106
173
148
100
246
211
219
152
156
64
40
244
172
140
33
102
26
79
253
57
117
207
154
159
85
208
67
94
51
198
123
247
177
188
226
165
192
224
68
162
129
151
193
145
200
216
147
229
189
107
59
116
252
199
124
44
29
210
130
149
240
146
16
63
87
76
239
18
82
155
89
11
28
65
38
201
35
180
126
184
20
110
54
108
228
222
34
221
144
43
133
206
204
49
62
190
251
122
203
52
233
21
66
137
183
15
245
31
168
194
217
127
195
25
227
213
139
142
96
60
196
157
73
249
185
121
167
169
71
220
61
170
91
92
12
72
175
178
132
8
182
218
158
215
70
131
98
90
241
4
80
23
56
39
161
53
1
212
134
75
95
191
115
181
179
103
242
153
3
27
138
48
237
7
187
86
10
166
84
255
174
202
112
83
163
88
186
99
160
114
171
197
254
105
22
223
205
176
74
93
104
77
235
225
125
0
17
32
150
6
78
109
250
248
30
46
2
234
113
120
55
50
36
13
14
58
231
209
128
214
47
45
111
81
143
236
232
141
164
243
