161
86
38
204
168
234
68
108
60
50
137
131
39
128
132
111
63
135
116
246
22
179
202
73
61
180
146
188
177
216
183
65
30
164
56
59
35
238
227
196
253
104
229
40
114
143
186
97
42
201
100
12
236
74
41
79
249
115
71
170
185
45
85
218
91
113
150
187
3
31
209
47
106
25
49
171
149
14
120
139
197
247
75
8
17
133
16
122
205
190
158
7
145
240
90
206
228
48
192
239
2
110
189
169
19
148
213
80
5
6
163
26
107
33
81
36
224
144
83
103
175
95
203
151
130
193
250
84
0
237
244
198
141
126
4
121
87
88
82
70
51
199
217
94
23
152
142
27
21
167
109
99
140
119
155
32
157
102
43
9
69
195
124
225
123
191
20
112
13
214
64
117
1
255
77
10
233
172
231
101
138
92
76
215
162
252
184
55
127
58
176
147
125
156
15
208
105
28
254
222
18
54
173
220
136
207
153
118
251
93
98
245
52
62
165
53
160
174
66
210
248
221
178
72
154
235
24
243
200
29
34
223
67
182
232
242
96
194
230
219
159
181
46
134
226
166
37
211
57
78
44
11
241
212
89
129
