214
90
181
249
27
75
120
232
144
102
69
19
122
154
235
65
185
204
164
50
126
129
118
186
125
176
167
115
15
219
217
70
116
134
58
223
243
81
133
29
201
226
88
96
173
205
18
184
0
215
86
40
187
140
168
227
253
158
108
61
63
194
175
34
113
111
107
82
251
221
101
41
229
241
25
191
105
79
178
171
162
76
208
131
160
48
5
203
3
136
153
193
216
250
52
26
170
197
7
179
255
149
182
100
252
142
39
64
240
213
206
180
53
188
174
103
166
151
119
124
72
92
234
183
157
137
9
141
1
74
54
62
196
56
143
60
147
104
123
233
66
200
35
33
11
209
78
31
89
67
165
77
248
99
110
24
242
97
16
163
254
13
238
49
109
156
85
195
73
95
55
247
211
6
38
57
220
218
17
106
236
246
190
139
47
68
51
231
22
207
43
128
127
202
28
138
148
172
93
198
2
150
192
114
212
224
46
189
91
94
239
59
71
83
245
244
121
37
87
145
237
177
8
199
45
20
10
30
161
14
36
80
152
132
169
12
44
42
130
117
84
230
98
228
155
21
32
4
225
210
159
23
112
135
146
222
