179
136
211
122
54
72
233
85
160
246
143
43
222
44
3
197
8
87
76
119
219
230
146
38
131
137
109
10
199
213
181
47
253
142
56
198
245
184
45
75
192
239
147
215
86
67
68
35
234
159
207
130
168
210
62
53
23
144
121
227
165
216
220
129
162
58
79
32
126
81
171
229
30
158
140
5
200
1
78
84
70
237
186
212
7
108
242
170
112
117
48
225
15
64
156
161
153
22
250
150
57
41
166
251
235
163
14
157
97
244
18
203
42
191
118
208
71
255
125
94
238
132
134
88
252
221
20
116
102
120
193
151
194
205
177
61
185
196
175
104
107
46
51
148
141
201
105
135
224
169
180
189
103
123
111
66
31
11
60
124
182
204
26
6
243
127
69
65
217
228
195
254
73
95
114
90
188
101
96
19
202
37
91
236
218
240
13
27
50
167
21
113
231
139
133
206
145
24
28
40
187
2
17
92
34
174
164
209
152
82
59
16
89
249
226
190
0
80
29
115
33
9
154
12
106
247
25
49
214
55
241
99
173
110
74
83
36
223
128
77
149
52
93
176
172
138
183
39
232
98
155
100
63
178
248
4
