243
105
28
174
226
34
209
142
236
184
129
165
245
112
97
98
156
113
110
2
78
136
250
14
201
220
133
237
57
108
159
249
227
190
137
234
71
246
104
124
198
138
230
132
143
17
229
12
212
160
149
92
35
47
196
22
205
171
70
25
187
66
253
213
203
153
223
157
82
241
65
140
102
169
4
54
96
67
182
41
186
242
177
148
26
9
192
80
81
164
101
204
15
19
46
52
131
79
88
85
68
11
141
109
135
166
83
248
175
233
207
43
178
106
21
244
72
117
183
128
127
185
224
214
27
94
211
89
146
62
217
6
125
202
24
121
36
23
42
37
239
51
48
154
95
176
69
231
191
172
181
61
210
91
122
218
179
10
238
39
20
167
107
199
145
144
197
200
31
118
40
240
119
222
170
13
228
8
188
126
216
251
215
194
29
60
7
90
45
123
130
225
162
252
87
168
235
134
32
59
254
103
55
74
44
247
219
173
86
161
100
77
50
63
33
99
56
189
151
147
18
221
76
93
195
208
73
84
64
5
139
58
114
30
16
111
116
152
1
49
193
53
150
255
158
120
232
75
155
3
115
38
163
0
206
180
