165
68
43
27
39
96
221
116
125
229
115
49
239
2
200
67
88
211
141
48
199
98
157
191
203
1
123
197
201
247
236
182
140
210
21
117
82
135
18
122
104
164
180
128
176
219
47
206
74
4
8
208
156
213
33
84
72
93
58
26
56
124
118
42
154
205
16
159
76
173
152
167
87
194
62
254
241
189
178
217
214
185
61
45
188
55
242
155
169
187
37
146
160
79
41
253
222
35
3
44
105
25
63
52
142
137
249
238
179
227
220
170
134
127
97
71
66
158
102
231
94
90
225
143
85
129
183
177
209
38
204
78
192
86
22
255
110
6
151
15
139
126
99
248
114
120
73
28
54
24
29
230
14
51
166
216
80
198
30
196
36
113
69
121
226
232
207
149
70
161
57
13
60
240
237
224
252
195
31
218
150
32
23
108
100
103
212
19
147
246
77
40
223
202
168
233
145
171
250
234
162
243
65
5
12
228
59
81
144
153
138
163
11
244
0
95
83
133
46
101
184
75
175
172
91
7
109
17
106
130
136
34
92
245
50
235
215
107
186
112
251
131
190
148
193
111
64
9
53
89
119
181
174
10
132
20
