104
87
98
4
175
23
218
36
94
247
154
252
240
106
127
20
181
68
50
44
48
34
21
81
191
10
118
6
82
90
169
8
193
41
107
112
24
236
65
195
83
250
245
43
111
0
147
26
1
74
219
63
229
52
122
197
103
78
86
144
222
47
120
12
204
189
233
59
166
194
132
216
133
213
76
7
192
202
108
225
129
85
22
178
200
131
176
221
84
137
88
136
58
161
150
49
207
164
174
190
235
241
186
138
212
227
198
66
182
254
170
17
72
114
159
238
53
206
64
31
179
134
140
145
51
242
99
46
151
208
223
251
73
146
117
33
209
167
29
180
9
97
55
143
5
79
177
67
100
148
42
158
57
224
239
203
35
95
248
156
89
115
110
183
214
135
160
60
210
116
3
32
173
130
141
27
69
54
217
185
205
96
28
255
92
113
126
188
37
102
243
19
249
139
165
184
162
14
93
38
234
101
11
253
75
172
18
211
163
226
56
187
128
237
16
13
155
70
244
232
142
215
124
171
45
71
77
201
40
105
228
199
109
231
196
61
230
220
25
152
39
153
30
149
80
157
91
2
246
168
121
62
125
119
15
123
