246
164
214
13
102
135
28
207
91
50
161
189
98
92
62
18
23
200
186
187
25
177
27
223
173
248
167
132
254
12
8
33
39
154
82
216
126
70
196
57
40
89
210
21
2
163
129
110
146
108
45
157
243
1
53
199
169
209
3
149
38
128
145
175
99
193
197
194
185
222
140
232
183
114
133
150
88
253
4
139
94
101
176
178
30
225
235
155
67
32
240
41
160
43
226
218
77
136
63
138
80
151
174
137
252
238
64
234
229
192
74
75
72
165
168
124
22
29
107
250
230
55
83
159
48
96
153
56
9
10
14
242
97
130
11
81
0
233
104
71
142
120
52
236
66
249
121
6
44
208
87
220
184
109
239
156
231
180
58
68
117
47
152
212
221
122
17
244
78
245
115
247
203
85
105
113
158
59
206
211
49
84
24
217
35
100
76
69
51
219
15
182
112
93
20
162
143
16
54
179
90
26
125
215
255
5
123
131
37
36
213
65
202
237
116
61
191
95
141
118
42
31
111
7
204
147
227
188
106
148
201
190
34
171
103
119
166
127
198
224
79
241
86
134
60
172
205
19
144
170
181
251
228
73
195
46
