94
112
115
231
65
212
98
97
66
208
182
44
252
233
72
16
119
117
122
69
144
202
188
158
111
159
134
120
219
254
131
135
218
59
63
235
31
209
123
11
241
86
6
220
85
187
24
42
34
210
152
149
93
184
106
164
194
148
229
41
196
20
10
79
183
181
4
113
236
211
179
71
8
191
133
81
25
224
137
147
153
245
162
129
216
163
139
2
206
100
225
83
201
143
14
68
90
84
46
67
199
35
45
243
36
21
160
99
207
102
50
53
96
38
140
80
239
77
9
141
15
200
150
73
82
171
255
18
109
126
253
47
57
221
12
157
167
58
145
213
1
88
249
30
32
178
75
151
54
222
91
173
154
121
155
193
95
26
247
227
70
156
169
185
40
48
39
74
197
76
13
89
110
223
114
195
105
240
124
142
104
232
125
165
43
170
28
226
246
176
92
55
192
205
78
29
234
177
56
217
161
238
128
37
166
250
215
107
62
7
108
248
0
242
204
203
64
146
172
175
118
87
101
251
60
198
61
27
228
19
33
51
189
103
132
168
180
5
138
49
22
237
130
52
23
186
116
214
174
244
127
190
230
3
17
136
