11
71
248
48
134
237
118
74
242
193
70
234
31
155
107
190
80
87
59
106
213
148
72
159
166
18
153
197
220
179
25
69
121
200
130
189
160
172
151
250
180
233
60
63
174
207
195
101
146
138
0
186
204
40
255
119
240
97
173
42
102
219
152
77
99
33
37
137
165
206
243
238
112
91
215
68
254
46
127
221
88
139
142
239
154
210
34
16
191
171
147
39
169
141
135
128
55
6
43
241
57
199
49
143
150
122
4
110
140
164
116
24
85
156
94
81
214
64
211
244
120
225
50
14
52
38
161
41
45
212
131
30
54
185
20
235
228
98
95
93
229
10
246
253
61
2
7
188
29
232
249
163
208
5
67
251
21
183
205
27
111
230
13
168
201
178
47
187
15
65
114
177
158
115
78
26
196
247
126
245
167
51
8
162
224
36
157
53
176
218
149
123
35
103
203
125
133
182
44
181
73
184
84
145
227
104
66
86
209
252
89
58
202
23
9
109
136
76
1
17
90
108
194
129
216
79
62
3
132
92
12
217
222
22
223
113
19
124
75
83
28
105
170
175
231
117
226
192
144
82
236
32
96
56
198
100
