24
55
186
236
75
1
129
109
27
146
170
198
249
85
29
126
82
45
107
19
60
13
197
240
223
210
79
61
59
189
219
34
217
237
106
225
104
64
74
185
51
243
65
20
229
247
111
53
115
25
169
4
89
206
38
105
16
101
188
201
220
0
2
78
153
81
150
124
70
203
76
28
69
175
161
132
200
95
139
37
58
50
30
141
67
191
228
192
97
125
162
66
3
212
133
208
31
224
108
9
118
94
48
73
56
177
72
207
205
233
184
117
122
14
238
232
17
23
102
43
112
230
68
171
246
63
46
18
91
231
190
194
96
234
254
178
84
142
209
100
62
110
35
136
143
167
127
214
163
7
218
39
15
137
155
241
181
244
41
195
123
26
242
166
138
211
216
174
149
99
130
131
193
121
202
49
36
92
199
10
227
6
77
152
168
204
103
183
160
253
12
98
173
113
114
8
176
145
196
40
251
128
215
87
116
44
148
239
147
252
5
119
90
156
159
47
222
213
11
235
88
21
245
182
86
32
134
93
144
80
248
226
255
54
250
179
33
71
135
57
187
42
52
165
172
154
221
83
180
157
151
164
22
140
120
158
