170
166
141
99
163
182
184
110
158
3
32
119
247
144
250
239
129
37
49
224
230
165
77
174
84
124
245
168
66
222
0
179
218
55
100
35
64
177
23
10
45
127
122
159
214
244
147
1
15
188
137
227
5
101
82
169
83
9
252
183
94
130
189
95
25
198
27
123
161
203
210
242
233
192
112
216
12
145
106
57
234
197
87
63
128
150
190
228
125
236
181
16
56
201
107
105
196
185
251
30
46
21
8
217
207
86
14
140
29
19
17
180
53
39
121
202
111
246
138
160
28
47
4
221
162
153
33
204
68
194
65
200
249
62
51
74
18
151
38
195
102
193
71
211
113
96
139
90
114
44
175
85
237
40
93
11
91
67
126
238
156
76
209
220
59
212
206
92
241
155
135
215
171
6
117
52
231
48
43
149
50
186
2
133
152
205
98
118
148
154
60
172
116
187
134
146
41
79
70
248
223
81
243
131
108
61
78
109
226
173
255
115
24
34
58
164
104
199
73
225
229
97
80
7
26
219
178
213
88
240
36
253
142
20
42
72
176
75
22
103
31
120
13
208
157
167
235
232
136
143
54
89
69
191
132
254
