2
195
154
141
55
188
163
148
23
84
34
239
7
156
74
246
24
64
77
253
252
157
212
132
42
15
170
251
232
59
123
153
243
229
80
169
105
138
137
136
70
25
50
155
202
180
67
204
208
71
89
22
1
158
82
161
38
102
97
224
111
76
112
13
35
8
175
113
241
129
196
236
201
249
200
45
30
174
83
198
133
162
96
223
124
134
21
61
29
56
191
172
187
149
40
227
14
39
245
206
95
109
81
114
88
238
185
219
225
31
53
115
128
193
183
44
135
182
178
104
171
85
233
118
72
101
231
192
146
119
18
62
244
91
103
173
107
75
49
194
176
52
46
0
19
209
218
147
121
237
5
66
110
222
226
160
130
131
93
51
211
65
210
20
117
11
142
255
186
125
58
57
140
4
168
240
250
207
247
87
120
159
189
100
235
41
92
12
69
165
116
90
217
213
27
214
94
184
234
181
190
139
63
197
199
26
99
220
86
54
32
78
48
167
122
60
3
9
221
108
68
145
10
150
79
43
106
177
216
179
6
126
17
73
242
143
47
205
144
36
230
215
203
37
228
151
152
164
33
28
254
98
166
248
16
127
