157
255
232
105
196
202
114
129
238
165
168
41
46
195
158
212
7
234
61
160
87
224
93
85
55
43
95
6
222
12
63
205
155
54
199
83
170
140
127
194
38
253
45
230
42
96
67
156
10
221
146
80
31
48
188
178
143
68
131
79
25
126
167
72
164
211
88
35
153
99
172
136
11
49
179
166
30
180
13
56
33
242
14
26
247
62
150
252
8
183
215
218
73
149
216
235
210
231
117
123
207
171
219
102
24
151
70
3
175
29
37
239
206
138
182
5
135
75
122
111
241
233
22
106
251
20
248
18
17
226
200
94
137
65
169
103
98
59
246
77
223
204
44
112
237
119
52
141
249
128
69
130
2
71
245
217
58
53
125
187
32
124
118
198
120
107
109
121
97
27
240
74
220
144
250
174
142
201
177
159
227
115
209
89
28
60
39
162
225
152
91
100
236
47
190
84
197
208
148
36
90
66
203
15
145
176
51
82
186
185
23
110
228
134
92
189
76
229
244
34
108
161
132
116
181
86
213
57
40
78
50
191
21
19
4
254
163
193
16
133
9
1
64
147
154
139
113
101
214
104
184
173
81
0
243
192
