117
48
40
102
125
126
183
215
208
71
254
89
2
174
200
206
104
62
211
113
181
242
142
39
34
137
47
178
151
177
150
209
41
11
0
229
16
18
44
223
4
46
88
217
128
185
186
244
162
90
193
246
93
84
192
75
216
205
220
74
53
236
65
240
130
179
225
20
66
69
131
29
175
51
103
33
81
87
98
228
233
173
106
14
121
10
213
83
140
112
212
160
235
110
100
60
187
159
37
45
119
123
234
23
76
25
55
108
17
58
57
129
157
136
12
190
158
161
50
144
54
194
79
248
165
68
210
80
115
107
182
109
203
169
26
43
59
184
238
67
172
155
7
180
133
122
241
253
166
231
19
145
222
124
171
154
30
198
95
70
250
91
36
163
164
167
61
188
156
139
92
227
218
85
138
201
24
31
118
86
204
245
199
52
116
38
82
127
72
105
147
152
255
8
63
168
230
49
99
143
77
78
22
135
191
141
221
111
249
146
232
132
247
56
196
5
243
13
239
197
42
32
101
94
148
226
170
64
9
214
237
96
97
21
219
189
202
251
114
224
149
1
153
15
252
73
3
27
134
35
195
207
6
28
120
176
