232
170
121
47
16
3
183
130
205
13
133
87
14
177
217
182
48
192
46
159
109
68
151
219
17
147
134
43
86
228
221
18
12
83
62
235
113
161
163
120
158
194
206
174
24
193
76
52
51
175
131
168
72
189
253
88
106
237
64
117
216
222
90
91
126
25
137
199
224
110
101
164
125
74
136
241
211
144
212
128
98
112
1
141
34
143
27
42
244
97
108
44
149
234
230
21
116
8
236
242
80
167
181
213
248
132
20
166
45
225
49
200
59
209
231
140
4
240
239
139
35
28
162
197
26
233
96
210
220
65
198
226
30
0
93
173
176
148
22
66
172
157
102
187
250
118
179
180
61
23
60
123
229
19
78
207
115
150
142
247
73
196
77
203
190
94
186
191
223
38
39
99
249
119
79
71
218
10
75
114
6
202
9
238
185
69
124
243
146
171
255
29
111
67
135
7
204
11
251
145
160
104
100
152
156
2
153
55
57
254
169
5
165
214
85
33
195
41
184
107
178
92
40
84
37
105
32
56
188
103
15
122
31
89
252
81
201
155
53
50
129
127
245
138
36
58
95
54
246
227
154
63
70
215
208
82
