155
42
198
111
67
134
80
46
207
96
206
22
69
135
210
64
128
131
82
234
235
172
117
148
199
203
247
23
195
173
112
27
144
35
205
20
163
216
39
175
168
233
123
138
253
2
221
222
7
230
241
228
12
92
6
232
70
28
164
213
37
246
122
215
34
202
8
120
153
109
192
4
250
74
62
21
49
157
174
237
188
226
176
17
13
32
224
219
110
211
99
83
19
145
54
189
190
89
11
115
38
10
53
200
223
3
137
183
119
1
214
103
133
151
146
243
43
94
31
48
182
5
81
45
86
212
152
87
255
126
108
191
149
242
141
129
41
159
101
161
160
147
140
58
177
59
14
225
95
150
231
33
181
104
66
98
57
124
239
72
79
118
60
30
245
90
139
167
68
61
127
93
51
106
29
201
196
184
209
251
254
85
75
208
100
105
240
88
185
52
252
0
76
24
136
26
194
15
227
244
16
236
166
91
40
197
97
73
162
78
125
18
84
107
156
204
114
169
71
25
9
47
113
55
249
36
102
132
130
186
229
193
50
77
121
65
187
218
178
116
248
44
220
56
238
179
171
63
180
143
170
142
154
217
158
165
