23
90
159
70
254
53
239
158
175
87
66
179
107
47
212
25
18
178
89
226
13
137
248
103
42
33
28
183
148
39
229
31
163
132
238
71
210
232
166
165
199
121
68
49
110
186
102
246
67
195
85
2
83
52
97
60
92
149
50
200
36
109
213
41
218
57
65
55
221
241
12
190
209
168
19
120
228
167
191
106
51
145
48
225
198
124
54
37
116
174
134
82
122
123
35
162
204
127
247
211
118
240
27
133
146
117
150
230
22
58
201
193
154
63
152
194
8
245
38
155
250
96
255
196
30
164
142
129
157
188
249
15
135
100
138
172
101
217
139
177
88
171
17
160
192
84
7
86
91
32
205
153
10
128
223
243
112
234
98
108
130
147
237
44
173
215
143
81
80
176
29
69
180
21
251
156
252
43
197
105
11
136
140
206
40
144
244
3
72
0
214
233
74
181
219
46
216
34
189
61
125
20
141
77
242
45
26
75
94
114
151
235
14
161
78
95
93
203
5
187
24
184
236
56
9
99
62
119
220
227
115
208
222
170
113
111
104
4
202
231
73
16
224
1
59
182
126
207
131
64
76
185
169
6
253
79
