49
100
98
134
220
115
138
225
66
86
139
194
114
188
10
13
90
210
230
31
53
133
43
103
124
246
218
202
249
157
205
30
238
149
247
74
142
234
60
207
221
16
106
32
76
146
50
85
148
164
17
25
42
96
223
63
81
195
83
137
237
72
121
102
128
109
9
38
101
89
95
123
54
244
165
3
192
163
26
130
84
105
75
231
88
144
224
46
48
252
11
99
200
172
79
80
62
232
242
182
56
254
44
58
93
140
64
4
129
166
111
203
119
233
212
77
219
183
235
45
82
160
136
189
236
151
227
162
52
12
185
39
198
116
168
184
107
186
141
147
213
70
71
7
22
0
122
135
127
91
208
92
161
170
20
171
222
5
112
21
193
131
145
190
245
169
1
69
125
197
240
191
216
61
2
35
158
178
67
28
152
250
209
241
217
24
65
55
228
33
154
167
108
14
156
215
175
181
94
87
68
176
40
153
196
120
41
57
51
104
19
6
126
155
117
214
255
118
204
143
179
47
239
78
23
229
206
199
73
110
59
180
174
37
173
29
248
15
211
159
27
18
132
187
113
251
226
177
253
36
97
201
150
8
243
34
