127
17
137
180
243
193
143
51
55
46
139
121
35
58
67
126
103
92
114
176
100
226
224
234
47
209
159
29
116
115
178
102
231
153
25
232
198
63
185
207
166
233
111
80
33
205
134
75
91
125
52
168
49
39
131
141
27
109
215
253
30
223
86
245
96
77
16
108
213
99
118
218
48
119
101
132
74
106
2
28
229
203
88
192
169
4
165
172
53
142
194
54
82
89
8
140
244
107
110
148
62
50
248
60
255
61
37
3
179
41
242
230
197
7
158
145
147
104
40
152
254
186
26
191
237
71
43
150
246
113
59
76
1
21
236
251
157
87
135
250
219
225
32
38
173
13
200
133
238
124
249
129
78
221
189
11
123
190
97
34
241
240
170
184
220
44
23
79
42
199
98
175
0
18
222
85
15
196
14
122
252
57
156
56
182
68
167
5
22
210
195
149
161
83
84
247
155
65
31
138
201
128
162
94
183
20
70
171
217
160
10
66
177
93
90
181
154
130
239
19
214
146
228
188
208
235
24
202
216
204
187
206
36
227
212
151
144
69
164
95
136
6
105
72
120
81
9
174
64
73
112
117
163
12
211
45
