201
207
146
176
45
96
12
167
4
218
127
99
170
76
129
253
231
216
91
203
149
187
139
180
53
81
144
166
78
98
245
121
31
192
23
165
36
116
86
69
68
205
223
156
24
104
155
51
211
196
107
73
250
57
48
158
117
64
161
66
135
14
109
37
249
214
111
22
113
177
95
125
131
162
251
114
193
120
153
217
154
108
189
59
112
43
100
184
35
220
150
237
202
124
40
67
28
225
212
105
234
90
25
159
142
26
85
204
41
38
82
143
134
242
79
206
152
195
126
89
54
65
227
74
49
141
5
215
47
248
18
84
8
238
138
62
232
182
255
32
226
9
52
102
83
252
247
137
63
168
198
194
229
140
20
136
210
179
171
39
132
29
148
72
240
190
15
188
145
230
222
163
224
70
94
181
33
244
101
133
21
221
213
88
77
197
0
118
7
241
80
30
122
246
10
42
92
11
174
128
2
55
34
199
61
183
75
169
175
87
3
243
60
106
123
27
71
191
16
44
17
164
236
56
239
58
97
178
1
13
130
219
46
186
157
50
235
103
233
110
208
209
19
119
185
200
254
147
6
228
93
151
160
115
172
173
