34
103
249
113
32
201
107
135
177
219
175
143
92
195
21
17
5
58
203
42
1
120
97
105
72
85
155
223
197
164
76
102
170
123
57
9
59
211
198
70
79
186
19
176
10
31
47
184
130
61
220
252
69
183
244
181
28
22
216
41
253
239
194
230
67
128
166
241
83
96
84
62
11
37
182
63
13
99
151
39
36
235
30
145
121
243
187
35
222
217
101
71
2
43
180
147
8
163
111
141
53
167
14
148
75
77
242
192
185
74
157
51
159
174
114
40
233
218
81
140
115
54
254
26
87
209
191
213
73
88
214
221
234
232
168
132
215
248
131
56
66
104
7
55
109
129
48
226
161
189
190
154
118
122
0
179
144
171
212
90
110
16
196
80
173
199
20
162
200
188
136
93
116
227
125
91
117
18
12
82
246
126
228
172
225
165
169
108
202
64
138
127
95
133
255
208
124
3
45
238
15
6
137
4
27
237
193
119
78
60
142
44
100
49
224
46
210
52
139
206
153
106
134
24
158
204
251
38
231
250
86
156
150
50
149
152
65
25
245
68
23
247
160
205
240
98
207
94
89
146
112
178
33
229
236
29
