70
129
192
79
51
57
193
80
163
199
93
69
138
179
106
27
198
201
208
33
144
16
189
134
190
204
7
236
67
110
176
96
74
99
39
230
122
232
210
107
235
108
60
251
13
234
36
238
158
10
23
28
141
146
211
165
14
4
44
81
82
222
175
15
215
31
148
181
164
149
161
72
218
45
114
137
186
9
94
89
233
30
200
131
52
225
83
180
237
226
77
62
223
212
65
253
240
170
241
254
185
115
38
109
5
40
224
157
105
54
245
220
173
117
177
41
142
244
11
156
21
139
151
196
202
250
216
162
221
100
56
35
121
29
66
130
1
37
32
103
191
150
88
143
219
116
47
227
113
182
160
68
42
167
228
55
153
25
75
43
58
203
119
101
136
50
26
12
90
178
197
248
171
84
78
128
127
112
24
19
124
125
169
46
188
252
63
111
154
120
243
247
231
174
20
6
76
183
214
249
61
229
195
217
207
159
123
205
126
3
145
194
184
85
71
18
87
97
48
168
2
132
135
246
49
152
64
118
206
59
8
34
91
166
95
213
187
86
209
239
98
73
140
133
102
155
242
0
53
92
255
22
17
147
172
104
