145
136
141
200
230
4
45
156
60
208
125
98
240
30
6
191
221
134
50
14
106
212
182
244
213
128
153
250
36
215
25
137
109
203
124
190
236
175
147
80
90
197
201
87
231
101
252
7
199
220
251
66
96
157
232
89
163
108
148
138
115
160
159
54
22
229
254
92
77
144
48
43
100
99
27
85
82
15
46
94
19
116
211
146
154
132
18
105
222
71
11
69
165
88
102
186
214
192
65
218
17
112
162
169
247
139
53
119
225
110
76
183
67
51
2
38
84
234
243
31
9
167
172
226
184
42
202
126
1
111
122
248
113
56
73
95
205
185
26
219
47
216
130
181
16
62
32
239
227
187
135
0
3
235
93
55
64
39
28
44
171
86
104
174
57
103
253
107
223
209
206
34
246
140
78
117
127
180
168
195
12
161
59
228
5
40
74
179
120
121
142
170
72
166
114
242
241
178
75
70
143
151
37
79
237
61
207
193
91
33
245
149
173
23
41
29
20
21
233
133
35
49
8
224
177
188
255
196
210
198
118
152
204
150
164
131
24
83
158
97
58
194
155
123
10
13
68
63
81
189
176
129
238
52
217
249
