64
49
109
58
17
16
39
12
116
117
165
208
61
37
106
104
210
149
183
196
0
241
35
226
66
227
164
194
215
158
169
207
85
96
88
110
27
168
250
40
144
52
99
51
153
107
239
98
56
34
254
157
82
11
232
46
198
133
123
199
59
50
255
195
140
100
60
80
1
33
83
101
128
182
245
206
176
139
10
69
145
249
209
114
84
130
217
97
87
159
32
202
154
177
163
229
240
119
102
4
65
95
62
191
216
94
134
162
214
242
222
43
230
161
125
152
188
146
78
70
224
167
72
181
236
228
3
103
13
28
113
91
156
44
90
179
14
180
184
48
42
171
77
187
81
200
36
126
211
138
225
6
135
248
251
193
30
205
201
231
118
73
170
243
238
186
57
234
235
166
192
122
148
124
147
20
143
22
41
160
55
247
190
151
127
31
71
2
76
204
38
221
253
212
111
21
79
8
5
68
25
26
105
131
63
174
173
136
74
137
24
23
115
220
237
218
15
93
47
108
121
112
197
142
7
252
29
67
155
233
53
129
189
75
203
92
223
45
185
54
18
132
219
19
86
9
246
175
150
120
172
89
213
141
244
178
