111
108
23
250
57
222
8
238
208
37
149
71
203
194
87
24
243
46
187
209
65
197
172
167
20
183
17
128
241
113
104
107
15
76
227
1
79
210
223
6
188
163
127
122
211
214
21
29
14
133
85
33
63
35
34
51
151
247
54
219
158
26
7
78
191
170
142
254
140
56
166
42
155
144
59
235
160
88
186
82
83
86
45
141
206
174
36
242
98
38
90
49
93
165
153
228
193
66
239
201
31
180
80
129
230
61
171
146
116
251
173
181
103
40
114
178
115
43
202
91
253
248
55
75
134
200
32
185
53
109
64
240
195
123
81
216
184
205
89
77
2
237
192
246
232
161
137
179
69
60
124
156
9
74
159
0
100
39
95
47
105
27
164
244
236
25
221
4
16
10
99
199
229
249
217
218
168
120
52
106
135
176
18
62
212
102
50
125
11
196
190
118
162
147
70
92
207
252
245
204
189
28
255
117
3
215
97
154
169
225
150
12
213
96
145
177
198
152
220
94
175
182
30
84
101
121
68
112
5
226
143
72
48
138
126
231
67
131
157
41
110
132
58
136
119
233
234
13
139
130
73
19
148
22
44
224
