127
47
45
214
112
4
101
67
7
62
237
231
123
126
179
133
207
165
46
6
250
85
197
246
180
141
12
161
22
140
41
71
53
120
184
156
68
102
51
221
215
225
232
34
238
21
228
106
33
24
10
104
76
202
82
245
84
115
78
56
239
89
218
27
93
176
219
174
25
88
211
19
11
191
247
136
37
39
148
105
1
125
80
52
173
97
86
195
241
20
171
164
111
155
187
216
213
145
69
48
166
169
14
121
74
72
185
210
153
118
205
152
77
44
109
107
117
65
87
236
60
83
116
139
193
151
163
192
154
189
170
142
54
99
43
30
172
243
15
159
58
5
26
13
223
222
36
8
135
209
147
220
75
124
248
186
235
40
240
122
204
253
203
226
144
134
190
137
252
110
114
119
162
150
18
198
233
224
194
0
157
29
183
175
9
167
178
91
168
143
98
244
158
188
229
96
28
61
227
63
128
206
254
49
130
70
50
113
217
230
81
95
234
160
212
90
200
55
32
108
201
196
146
35
23
249
17
177
42
94
2
182
31
138
59
103
131
16
92
66
208
181
251
100
242
255
79
3
199
73
149
129
132
64
38
57
