92
35
248
90
199
253
91
42
81
182
58
70
196
45
28
166
79
216
121
155
9
203
51
223
96
186
130
134
250
136
137
242
170
202
26
215
8
1
132
237
233
78
197
164
234
39
211
169
139
23
4
93
151
246
40
66
174
255
122
189
204
41
221
99
65
59
13
142
146
229
209
75
133
168
14
135
232
251
15
163
198
103
218
201
6
32
225
87
143
167
178
112
47
73
185
74
30
200
5
177
149
63
140
0
206
235
89
156
226
3
104
141
62
190
44
157
113
29
125
36
160
207
114
100
102
10
181
61
208
98
161
214
37
21
173
152
180
67
20
247
108
18
85
31
49
194
128
254
50
43
80
84
68
27
16
64
245
179
11
106
159
188
210
34
123
231
183
158
2
144
212
22
101
54
154
129
230
240
69
175
19
187
244
118
224
83
88
86
171
220
228
71
111
205
239
109
57
116
193
176
126
131
219
222
243
56
55
192
153
195
107
33
60
172
119
77
97
217
227
82
145
213
238
252
7
38
120
53
127
150
147
24
52
138
17
12
115
184
48
148
249
162
95
191
72
110
25
94
105
165
124
236
46
241
76
117
