223
32
68
184
161
136
53
195
252
171
120
70
39
133
50
13
196
185
157
10
12
231
8
166
138
148
24
218
82
52
126
56
22
207
94
177
103
144
165
38
137
62
122
102
229
15
158
130
54
180
235
128
83
216
36
243
255
193
21
118
237
139
85
179
208
116
29
108
124
67
27
132
91
167
190
77
147
113
247
33
45
87
162
101
129
150
17
189
188
151
217
131
192
164
170
26
198
194
173
233
163
7
81
209
46
220
73
201
236
14
156
37
213
143
100
230
178
187
249
48
210
98
110
88
134
202
152
214
96
204
250
64
125
225
76
80
114
183
121
23
57
41
95
123
104
92
199
107
172
232
19
75
84
42
34
44
253
72
186
117
146
168
175
16
159
228
40
65
109
155
90
47
99
5
93
60
3
203
239
212
244
0
154
111
224
106
227
66
11
28
211
55
206
1
169
97
226
89
59
200
69
245
240
241
51
86
181
221
254
145
251
191
78
58
105
74
115
35
197
31
182
30
4
71
160
20
174
222
219
135
234
141
176
9
238
215
43
79
49
248
149
25
140
119
242
112
6
205
153
127
246
63
2
142
18
61
