203
244
144
214
154
217
92
49
158
199
207
182
89
131
171
47
202
189
23
134
188
252
227
114
219
98
101
221
165
224
247
175
109
51
162
6
79
233
28
255
173
40
153
235
232
1
36
32
212
118
229
31
236
168
105
53
140
82
8
111
137
2
24
90
125
145
160
42
190
234
59
209
148
39
44
243
35
83
185
172
80
75
119
55
228
141
169
63
66
117
100
14
77
206
213
196
230
254
220
241
88
231
132
200
50
87
43
110
245
184
84
195
123
94
155
30
216
159
156
67
37
41
18
215
225
26
205
211
57
33
242
115
250
147
46
34
133
183
226
25
143
68
223
177
116
27
60
166
74
112
170
73
204
136
164
249
239
124
179
210
126
253
3
64
61
11
178
181
0
54
95
10
174
15
251
187
107
240
13
167
48
7
194
191
197
17
176
163
96
222
157
138
78
237
99
81
29
151
4
186
238
102
198
106
71
19
62
70
38
52
128
192
150
22
130
218
120
152
93
142
76
180
45
246
248
5
103
9
113
149
201
139
104
129
58
86
108
97
146
21
20
65
16
193
161
121
69
91
12
85
208
122
72
56
127
135
