0
11
20
233
89
183
43
180
133
86
218
65
253
57
213
97
135
95
45
94
59
225
21
220
153
123
85
68
117
224
128
202
200
236
32
204
150
184
249
155
146
28
106
209
34
166
33
113
172
87
31
7
82
198
30
171
162
151
4
188
50
176
25
96
63
98
75
223
159
214
161
182
192
246
203
139
111
118
242
76
212
64
62
131
55
84
104
124
142
170
77
140
22
83
49
189
127
38
130
168
240
196
208
210
167
201
228
19
185
5
37
73
23
27
93
136
141
137
251
10
239
144
42
52
245
230
175
244
145
54
71
156
99
216
126
206
205
241
217
157
13
108
16
248
2
110
92
8
152
235
67
148
53
173
191
60
26
6
226
114
56
221
229
238
179
51
154
147
116
70
9
69
1
211
158
88
247
197
190
103
72
105
91
120
177
40
160
17
61
100
199
15
18
109
164
143
255
35
12
169
121
174
125
134
252
234
3
41
194
129
81
66
165
215
243
232
90
48
78
163
222
80
36
187
237
24
193
14
112
115
44
181
207
122
132
195
102
250
254
39
119
178
58
231
227
74
46
47
107
101
149
138
29
186
219
79
