102
19
203
12
16
55
233
249
52
254
162
247
179
111
186
222
199
132
243
95
15
166
140
223
112
123
201
106
40
61
200
107
216
118
157
171
180
141
209
49
46
194
245
4
74
145
192
212
255
178
59
163
229
23
187
64
238
91
94
196
58
126
251
9
41
62
21
128
27
176
144
119
142
1
205
92
26
244
231
143
219
207
43
71
253
182
6
173
146
154
65
98
2
109
33
63
250
204
181
228
158
89
104
206
53
159
90
30
77
213
208
168
129
221
164
232
51
122
34
202
103
56
225
5
195
80
235
88
28
125
86
156
48
81
190
70
135
120
69
236
0
226
161
47
93
113
124
237
242
36
165
174
134
214
3
160
234
115
37
13
114
75
39
220
227
152
147
198
7
248
73
101
38
100
29
175
239
84
57
108
252
137
191
169
139
193
20
87
44
148
24
246
197
105
22
130
121
153
241
217
60
78
136
97
50
110
138
189
42
14
8
85
151
133
83
82
31
188
96
76
79
183
11
72
215
131
184
167
210
224
68
177
211
116
54
150
45
117
218
99
35
17
185
32
230
172
149
25
18
240
170
66
155
67
10
127
