156
85
228
157
252
128
7
44
108
50
187
240
182
163
112
184
212
81
56
77
209
124
226
170
19
147
208
155
107
229
92
171
79
105
25
83
194
89
216
178
46
38
246
17
195
205
29
2
114
201
80
149
235
31
26
22
225
48
253
133
55
227
231
241
53
27
6
13
237
146
66
35
71
164
93
154
120
97
41
183
86
167
210
197
177
204
233
173
179
99
103
63
222
95
36
162
4
174
39
14
165
180
193
242
9
211
59
10
21
94
158
251
98
218
118
127
102
96
151
23
148
113
78
236
161
132
248
134
206
116
8
190
198
64
16
119
49
238
104
74
51
84
137
61
65
37
88
24
54
232
230
20
214
33
43
189
200
126
169
52
131
144
202
57
60
239
28
40
245
121
213
138
82
175
109
32
111
150
243
196
152
122
153
70
168
139
220
123
67
159
219
172
115
203
91
142
185
221
223
90
140
15
130
186
18
76
224
34
73
45
12
69
129
47
145
62
135
207
176
199
181
42
255
143
1
5
234
106
110
87
3
30
250
217
166
0
136
58
215
244
141
160
72
125
247
249
101
254
192
100
11
191
75
68
188
117
