201
45
248
108
1
204
168
220
187
189
60
56
76
238
247
58
84
113
196
166
41
148
37
129
5
23
164
62
78
34
131
245
114
165
169
63
228
222
106
35
54
170
55
87
221
200
80
47
26
158
17
105
64
206
91
49
150
21
241
33
234
137
193
175
107
185
61
203
110
251
214
66
184
217
20
94
79
15
157
246
99
40
177
42
125
224
86
128
156
122
29
48
146
147
43
82
152
225
176
202
133
74
197
226
183
73
172
209
192
111
98
118
186
77
9
123
0
167
216
239
211
205
215
243
180
22
16
13
127
242
120
14
28
237
130
10
85
229
160
90
240
92
231
39
219
250
11
144
4
65
191
100
236
171
235
89
104
142
138
51
59
198
36
116
81
18
173
212
71
179
252
208
162
83
161
135
117
88
232
210
145
67
44
223
254
149
233
139
97
121
101
188
174
95
25
8
249
27
126
69
72
163
70
141
103
2
68
7
112
178
24
154
115
38
52
218
124
143
134
181
227
207
244
159
182
136
57
50
31
12
255
96
155
93
195
190
109
253
30
140
6
102
32
230
53
132
19
75
153
3
46
199
151
119
194
213
