12
182
183
63
83
255
202
126
123
120
56
107
41
232
30
45
236
172
244
17
23
212
141
242
127
198
247
163
64
210
176
32
153
124
165
193
216
249
144
157
78
96
148
204
252
101
245
197
65
26
108
40
94
48
38
76
173
188
164
146
132
52
74
211
205
130
22
112
18
221
10
8
152
90
225
169
27
6
154
215
81
14
201
131
36
49
91
203
170
97
72
228
47
125
217
192
33
54
199
206
133
58
235
39
223
19
44
253
43
171
181
116
149
128
160
57
207
99
100
166
4
9
229
35
179
151
184
213
174
191
208
224
187
168
194
180
220
159
189
219
121
177
195
20
145
16
186
55
37
233
109
71
31
248
135
250
196
98
1
254
140
69
115
185
25
129
86
119
73
70
82
60
114
150
105
156
62
175
68
80
102
138
7
209
50
53
111
92
113
161
139
2
13
34
103
241
137
24
222
162
104
118
3
200
155
234
226
28
67
142
46
214
230
143
51
239
178
147
246
85
251
106
95
218
87
77
240
231
11
89
5
117
158
122
227
243
88
190
15
42
238
134
237
84
79
93
66
75
136
110
0
167
59
21
29
61
