29
152
91
232
120
126
43
200
80
3
65
104
93
35
198
79
96
247
243
255
39
64
158
239
171
85
241
34
186
181
185
189
73
70
145
107
161
100
88
170
17
18
245
193
78
202
218
98
72
166
42
90
14
173
12
131
13
59
136
205
214
10
199
117
162
134
121
212
235
20
2
132
230
77
94
217
87
147
234
192
84
106
40
122
54
5
11
180
30
118
68
50
187
113
238
141
151
95
167
242
207
26
165
225
237
119
139
103
71
149
86
41
53
196
56
99
168
222
7
24
184
226
63
175
215
211
169
31
108
58
177
137
201
133
219
23
101
236
0
252
115
250
81
208
223
15
89
75
178
37
143
233
160
244
176
52
45
179
157
188
105
49
183
38
197
127
190
111
229
32
150
60
153
159
125
28
140
83
249
231
92
47
123
194
82
172
25
57
61
146
8
148
110
254
221
22
213
16
21
227
51
129
164
224
69
67
1
97
109
48
130
154
251
191
163
46
206
19
74
116
246
135
44
228
204
156
102
182
124
36
220
27
209
138
6
195
174
66
4
33
210
114
155
240
203
112
253
144
9
142
216
128
248
55
62
76
