50
224
255
239
54
249
71
200
4
66
232
10
228
51
247
56
99
11
3
33
183
103
132
86
17
178
147
127
88
89
196
215
62
18
2
133
116
82
213
217
30
100
53
240
45
136
107
180
102
154
162
70
91
13
189
68
155
74
233
31
243
254
87
63
197
250
181
129
238
226
164
184
161
165
204
114
195
126
123
241
242
167
41
58
208
150
14
134
40
26
112
37
96
95
90
141
203
211
36
46
146
12
192
202
5
84
9
128
34
235
252
43
234
221
144
174
231
75
78
227
124
42
125
236
163
253
93
122
15
149
113
52
176
57
142
111
209
201
190
27
49
117
60
47
205
29
218
168
137
187
24
121
159
210
244
118
81
0
67
198
216
85
23
245
248
35
108
19
206
39
98
25
77
207
145
199
229
220
175
110
76
59
237
21
222
214
153
194
193
143
179
28
173
119
72
148
16
191
212
182
140
120
131
6
172
7
1
97
55
109
94
246
170
157
80
69
169
20
139
130
8
188
225
160
44
177
64
185
104
115
38
73
171
219
135
166
138
105
186
223
106
152
79
251
32
83
151
65
48
158
92
230
22
61
156
101
