111
141
37
205
239
198
72
189
247
28
194
216
157
246
138
110
199
96
192
11
225
139
95
38
2
64
87
90
166
150
102
178
176
18
60
54
172
236
221
234
24
161
249
169
19
214
15
20
84
122
158
187
229
48
113
82
219
146
88
126
39
255
215
81
101
130
50
14
208
254
174
224
226
97
173
163
71
144
210
31
123
128
188
0
93
85
17
129
68
156
13
109
124
40
62
152
183
115
251
108
230
21
127
131
162
66
182
89
171
41
243
177
132
78
204
104
190
8
228
195
67
1
94
170
49
3
77
106
61
164
242
196
55
5
26
165
53
57
159
140
9
244
70
45
148
218
181
223
175
103
4
120
250
245
222
75
136
52
206
145
42
33
241
238
149
98
209
191
212
200
23
207
117
201
51
160
12
59
232
125
186
100
35
32
213
46
143
151
134
147
248
36
92
168
86
142
25
202
137
184
116
29
153
83
231
107
76
74
233
193
133
220
227
63
167
118
112
65
43
99
69
16
240
91
58
6
235
44
185
56
135
197
34
253
180
73
79
252
30
179
47
119
155
203
7
10
217
121
27
105
22
80
211
154
114
237
