241
97
154
125
36
51
32
17
230
221
207
96
172
185
240
15
127
205
107
176
89
249
157
21
171
187
71
170
81
86
100
74
150
161
220
91
142
131
94
69
7
254
179
152
203
169
144
224
166
9
37
138
159
116
0
67
190
35
173
50
140
34
120
177
163
108
156
10
202
85
62
181
252
237
219
253
193
210
39
60
133
167
137
129
196
225
59
160
126
16
6
72
111
251
146
148
199
164
78
73
186
18
1
218
149
105
113
93
226
43
19
227
109
248
200
103
135
23
213
117
183
27
70
54
64
31
211
130
101
198
124
233
136
87
188
216
174
80
20
236
204
162
102
197
165
3
61
12
139
191
128
98
24
40
42
244
180
83
84
242
243
119
28
4
53
5
14
158
235
250
11
112
52
26
30
106
92
246
58
104
178
234
255
57
194
49
118
45
153
77
151
247
147
99
33
2
155
217
38
63
145
13
115
25
238
184
143
239
110
245
79
76
232
223
201
195
122
44
123
68
206
214
75
46
168
231
212
182
65
90
222
8
141
55
134
121
88
22
208
29
175
132
82
215
47
66
192
48
95
209
189
114
228
56
41
229
