132
152
95
241
80
206
9
229
79
238
101
240
89
138
220
120
60
163
6
156
109
108
133
233
83
155
96
226
200
237
191
174
147
66
123
10
21
70
212
112
184
114
131
171
194
239
68
104
17
56
252
182
181
213
248
74
52
228
29
90
202
19
221
159
87
54
254
64
180
45
142
124
204
185
67
30
134
218
42
165
247
11
139
25
100
143
216
137
47
22
1
173
72
65
245
33
4
201
211
203
86
93
18
84
57
85
117
235
149
49
103
77
141
251
225
61
222
153
69
188
157
39
151
198
53
208
46
170
111
99
97
8
249
166
62
209
130
127
81
253
148
2
190
207
164
31
158
36
78
91
58
115
146
107
5
122
217
16
178
167
224
199
223
38
32
12
40
59
136
73
243
210
161
154
26
50
162
244
15
179
63
98
27
230
13
75
128
140
71
175
172
160
145
246
227
250
44
20
55
3
183
186
192
205
232
82
118
23
37
126
14
150
177
215
48
169
125
0
242
92
234
231
135
106
193
76
110
119
43
116
7
94
197
41
121
88
236
195
176
28
105
189
35
129
102
144
168
187
51
34
219
214
24
196
255
113
