15
197
135
53
231
10
132
75
230
22
54
65
170
77
168
204
210
84
51
112
138
96
246
89
5
81
240
217
16
34
238
46
106
211
254
13
193
124
149
61
248
141
73
70
215
90
123
8
212
114
218
19
48
242
69
52
225
164
187
17
74
2
205
195
98
143
31
226
126
243
38
67
91
24
241
108
125
137
20
103
128
163
214
113
107
47
199
36
94
27
251
155
100
172
55
62
159
224
183
12
37
156
11
0
59
221
14
79
189
186
203
177
129
118
56
154
245
191
64
169
85
6
152
120
111
198
32
181
110
82
66
18
139
194
167
121
86
23
88
105
147
174
63
21
25
228
171
160
92
150
9
237
131
26
41
178
153
236
102
227
176
43
216
60
50
201
209
71
35
76
130
57
232
185
119
99
220
151
1
40
58
200
95
213
244
192
49
122
45
190
229
80
233
29
206
4
196
247
165
144
239
28
148
145
39
234
158
180
142
3
253
161
97
44
166
93
173
109
222
255
252
162
184
146
115
235
157
140
87
188
207
101
219
136
68
127
175
116
250
78
249
133
30
7
42
33
83
117
223
134
208
182
72
179
104
202
