132
91
143
28
34
88
76
235
10
101
40
214
46
210
37
126
19
243
191
35
180
55
138
7
2
169
197
27
200
177
90
150
236
161
64
16
100
82
60
1
4
87
219
215
130
182
218
239
129
85
145
208
18
11
45
73
29
207
39
141
21
52
50
217
43
12
179
3
104
110
15
107
240
106
246
142
117
251
93
137
22
205
61
151
114
136
78
185
98
146
123
124
84
249
247
193
30
245
13
189
58
162
175
168
32
83
203
190
127
111
213
183
79
241
120
224
216
99
0
228
108
63
80
232
181
153
125
41
254
65
86
242
140
209
154
128
225
178
171
250
201
44
95
229
152
57
14
231
157
122
71
102
199
89
188
148
112
68
255
49
38
77
194
24
56
69
135
252
222
253
113
196
160
75
62
204
42
109
220
233
167
17
206
244
47
6
165
23
115
238
70
198
103
166
211
212
202
131
92
116
223
105
159
20
163
74
149
172
192
94
67
164
96
31
227
176
221
155
195
133
121
174
51
97
54
25
170
158
36
9
226
186
33
66
230
5
8
118
237
139
187
72
234
59
53
48
144
119
184
81
147
26
134
156
173
248
