87
232
224
113
90
170
166
234
171
144
172
130
227
13
140
38
42
30
248
67
201
169
238
95
185
214
138
61
85
134
0
209
216
50
115
247
54
125
45
202
96
21
249
196
229
151
199
60
177
81
39
17
52
18
8
19
108
146
220
26
80
114
68
156
46
92
104
191
135
188
47
24
63
132
2
94
120
48
84
123
74
32
200
59
73
231
174
236
243
35
107
181
210
9
165
225
194
148
189
205
145
176
1
15
163
117
206
233
226
150
179
53
20
106
242
218
57
252
133
126
129
223
149
180
154
89
235
203
116
246
93
110
118
16
198
147
152
27
204
212
119
103
139
211
160
219
127
33
86
207
142
157
128
82
155
121
101
44
124
99
97
56
228
187
164
25
71
14
111
193
23
208
29
69
158
78
221
5
167
173
239
7
159
72
22
230
192
122
137
213
250
182
98
4
161
222
34
100
11
183
253
102
77
178
195
6
241
28
105
136
79
245
215
62
64
255
141
41
70
36
40
162
175
190
55
186
112
184
88
65
58
3
131
91
10
168
49
254
143
43
83
244
66
153
251
217
12
37
75
197
76
237
31
240
109
51
