248
245
159
32
0
138
114
218
66
185
201
20
87
242
36
150
67
178
142
220
153
15
103
82
63
136
29
230
89
199
155
86
124
176
73
213
105
234
92
171
145
128
93
240
223
253
165
85
3
186
121
126
110
27
197
14
255
252
90
46
75
182
162
119
120
51
47
241
215
117
107
246
43
233
250
160
1
188
115
135
254
168
169
236
217
91
212
44
30
179
8
247
249
70
102
192
228
9
71
33
219
108
95
132
69
209
187
131
177
39
180
78
206
61
216
5
109
205
54
118
172
40
62
144
140
99
57
237
123
111
94
12
16
134
6
133
243
79
189
156
221
196
164
198
163
7
116
232
76
239
37
4
11
139
222
251
106
25
210
167
158
96
21
194
127
13
113
49
31
141
59
173
152
122
130
22
129
125
231
2
24
68
28
60
225
83
18
34
226
235
146
23
154
19
191
35
74
208
170
52
202
38
175
229
81
161
80
149
148
53
181
214
56
244
207
184
224
10
190
41
65
45
147
143
48
204
101
203
227
77
88
55
157
200
137
166
100
151
104
195
193
50
26
84
183
58
72
64
211
17
174
98
97
42
238
112
