5
320
400
259
154
112
8
357
63
480
456
307
508
78
493
406
119
399
27
420
262
91
478
509
185
375
297
43
489
472
267
19
416
249
129
337
401
318
144
171
431
71
463
96
31
33
393
114
36
451
361
271
457
127
468
89
368
479
97
20
330
125
10
102
434
285
189
180
445
369
389
177
4
309
18
235
225
161
283
296
187
405
159
145
243
511
449
450
13
501
333
417
111
118
70
208
410
386
221
412
15
215
172
322
210
348
491
367
55
303
50
270
444
486
21
384
51
216
336
64
214
45
292
83
370
426
439
418
317
22
164
236
291
1
206
269
414
84
507
14
17
222
110
98
424
356
506
65
490
397
402
46
470
181
481
100
149
391
301
32
471
211
496
266
310
272
497
40
197
466
122
228
319
106
124
429
132
156
3
237
263
476
371
372
194
196
360
376
182
72
327
453
150
217
419
460
325
93
305
404
175
52
88
116
284
53
253
203
103
343
438
254
487
258
113
430
9
308
483
458
504
473
437
184
143
195
37
396
239
38
131
379
323
495
273
464
229
433
312
244
286
500
411
469
311
314
168
134
69
477
176
423
188
0
295
117
407
25
277
232
436
274
385
218
421
387
94
447
328
390
92
279
382
363
59
334
148
157
342
74
293
146
415
339
281
137
264
167
302
485
378
425
422
95
353
160
288
44
446
261
461
374
247
23
130
326
240
299
147
373
186
62
133
442
316
209
340
408
11
345
16
104
30
56
392
202
28
224
452
162
278
306
276
227
502
455
331
34
120
355
349
364
61
49
153
230
265
6
169
482
192
108
260
234
510
179
245
251
223
101
346
494
242
212
350
58
174
248
441
128
60
7
313
294
213
173
250
338
109
57
68
158
377
492
505
99
359
255
287
67
191
220
142
205
488
190
435
139
432
440
304
462
121
380
35
151
166
39
395
48
428
383
256
207
73
135
79
41
85
315
233
388
136
200
24
290
443
42
465
170
201
126
252
352
165
366
341
257
354
81
362
90
140
87
80
138
358
474
115
163
454
427
324
26
329
47
365
298
282
484
499
413
82
76
498
241
394
448
332
54
347
467
459
289
12
246
75
198
344
152
155
107
141
409
29
335
280
105
2
351
77
226
238
275
183
123
204
66
321
86
178
503
398
268
475
381
231
403
199
219
300
193
