219
14
2
159
57
357
113
90
411
102
265
190
72
42
428
210
305
73
503
169
394
55
286
207
347
276
154
86
279
228
41
484
333
301
409
448
104
280
88
167
43
182
254
402
310
44
151
162
129
222
462
187
233
61
366
50
133
139
320
144
137
93
108
384
420
485
189
458
511
277
373
56
71
303
82
261
430
245
457
40
406
111
437
112
19
52
194
63
441
28
220
494
376
358
288
99
336
174
37
215
58
87
39
401
74
7
359
249
1
255
11
16
239
143
325
18
32
386
97
322
101
216
355
297
79
362
192
12
21
117
118
91
238
295
461
499
382
242
291
400
321
123
455
481
474
191
415
272
472
282
449
236
89
131
64
466
179
360
75
318
205
30
407
344
504
506
77
193
29
300
450
213
374
427
119
4
350
273
96
59
15
76
67
349
367
183
314
495
397
3
188
391
507
452
284
390
168
446
136
264
467
5
247
496
377
165
309
332
218
114
98
70
177
451
31
354
313
34
361
95
299
480
263
412
241
235
312
369
199
138
92
17
45
68
469
140
161
142
482
405
116
306
317
292
433
478
380
100
38
331
270
308
271
456
214
248
252
444
508
491
392
36
62
442
150
329
501
346
209
122
488
304
158
388
465
94
460
135
493
109
107
468
487
184
500
201
259
381
327
372
65
250
324
340
130
385
434
383
447
256
257
454
339
438
180
6
121
471
223
311
490
341
345
287
208
463
78
195
83
403
489
164
378
171
393
175
422
492
445
475
319
53
0
226
510
8
243
22
337
206
335
128
395
85
410
69
353
197
408
290
224
334
204
163
343
155
298
20
351
281
479
240
24
421
368
148
26
379
27
149
293
364
416
483
196
132
157
246
172
440
323
289
105
229
316
497
425
338
186
225
432
66
202
237
423
424
387
110
141
221
170
200
230
436
120
152
328
13
330
459
166
426
231
176
356
396
342
47
160
296
134
84
232
153
417
418
370
156
509
35
453
294
212
419
181
106
46
262
60
352
389
173
269
260
435
146
414
348
431
51
33
145
49
126
127
502
404
498
25
285
477
48
302
505
274
125
371
258
9
268
326
198
23
315
81
486
124
443
439
267
103
278
275
365
464
363
399
10
227
253
234
244
54
476
283
251
266
185
80
429
307
473
398
413
147
178
217
203
115
470
375
211
