369
271
240
272
86
323
491
377
473
301
451
160
297
264
20
236
243
239
76
336
65
191
296
125
51
69
155
316
257
481
324
120
432
415
510
16
347
427
245
14
390
205
215
128
471
95
197
173
187
250
99
456
486
298
340
82
345
202
153
31
30
132
483
57
383
46
146
307
161
329
371
71
42
108
269
13
142
249
90
136
368
115
332
47
392
437
394
424
22
278
447
290
163
29
100
404
396
189
343
506
49
158
354
98
370
334
474
229
315
489
78
234
79
52
126
183
33
280
306
64
196
416
123
177
292
493
53
134
139
274
59
470
148
50
223
157
21
138
461
104
379
319
499
282
129
141
405
102
373
198
294
281
81
206
289
127
428
418
464
501
263
237
313
444
286
101
508
1
303
348
337
105
440
351
511
411
433
175
221
372
169
403
376
241
247
446
151
217
412
218
231
393
458
462
251
210
68
194
131
216
391
417
5
195
326
74
380
109
48
266
276
397
19
212
505
62
500
322
487
73
114
359
38
227
346
60
118
482
144
457
504
188
426
91
453
66
84
4
349
469
494
56
162
222
258
472
39
179
400
310
214
284
116
3
503
225
184
406
361
10
325
9
442
85
395
248
246
176
93
344
45
305
15
107
260
498
362
67
149
103
213
419
0
190
55
402
407
111
439
293
28
357
317
226
414
367
341
32
459
321
165
228
233
204
152
364
261
7
279
479
106
26
381
443
61
466
12
23
172
399
37
455
97
253
17
387
18
40
145
287
421
273
463
385
338
34
450
232
254
220
124
460
413
299
465
374
389
11
423
365
244
330
388
355
137
408
211
318
8
2
492
435
475
268
174
267
485
121
77
436
43
224
275
398
36
147
366
159
314
430
200
154
454
135
375
75
181
445
422
256
80
311
182
331
434
333
477
193
502
484
171
353
285
288
308
199
270
242
203
27
449
259
87
54
363
312
328
339
185
265
113
467
112
425
283
262
335
92
167
358
180
170
509
480
490
24
295
122
58
441
235
88
342
219
277
140
72
119
452
6
41
70
164
356
83
497
150
94
382
300
478
496
410
420
507
291
350
352
143
255
304
309
178
476
448
110
207
89
209
186
302
201
230
386
431
208
320
117
192
409
238
495
166
438
468
63
25
168
35
252
133
488
96
384
429
156
401
130
360
44
327
378
