9
36
153
81
15
229
60
463
30
256
446
269
388
395
416
291
465
92
353
324
213
65
429
422
409
316
56
374
97
347
80
3
399
342
381
294
349
109
122
0
140
456
320
240
434
221
234
430
394
139
314
86
427
64
11
310
187
503
101
509
458
267
494
162
350
286
37
486
88
150
42
302
138
499
209
412
438
268
372
490
510
402
263
369
443
6
363
141
307
448
306
357
182
426
313
455
482
449
351
154
220
293
222
123
500
389
303
68
332
245
82
50
327
163
400
45
435
376
301
384
75
25
40
61
460
333
322
173
118
94
299
356
361
227
352
49
96
480
424
48
341
471
462
63
468
224
43
95
125
472
175
67
425
315
393
104
200
219
172
218
195
375
58
505
76
31
216
445
98
32
366
337
265
304
126
170
115
387
323
497
165
204
69
336
343
508
413
355
378
317
202
102
133
385
119
197
39
38
358
279
14
135
295
370
488
89
113
450
184
254
46
7
474
24
55
440
334
93
83
433
285
231
408
189
251
171
152
457
484
481
282
180
4
466
459
469
2
144
179
77
52
339
417
8
177
386
91
338
367
451
116
225
373
414
120
297
201
321
340
281
156
432
114
485
298
228
493
280
111
501
74
246
51
464
214
131
308
211
183
359
319
418
423
371
105
79
146
148
344
174
16
99
248
155
411
142
29
207
244
478
188
454
26
442
10
226
360
112
72
507
431
243
159
41
196
390
47
70
160
498
437
110
259
495
17
452
377
380
274
181
287
117
318
192
186
108
190
237
270
35
441
288
284
71
145
296
85
87
305
379
404
215
354
235
167
27
130
247
396
12
54
421
439
257
127
473
143
217
391
264
335
212
477
78
420
168
185
203
470
106
208
483
329
325
283
20
193
362
66
491
132
272
365
382
1
253
33
330
436
62
124
292
107
311
230
289
57
278
407
312
205
410
461
21
258
198
479
44
447
496
199
275
348
428
166
415
169
242
22
28
406
453
73
134
149
273
90
206
405
178
475
290
13
5
309
158
121
489
233
383
300
266
502
129
419
53
161
277
364
191
232
476
164
444
401
261
506
487
328
136
368
346
250
223
331
157
276
59
84
34
137
392
210
100
238
504
241
260
403
18
249
19
511
103
147
262
255
326
467
345
194
239
176
23
236
151
271
252
128
397
398
492
