355
461
155
70
243
479
339
152
386
202
294
54
426
293
156
163
252
470
211
336
133
326
361
239
50
504
219
260
463
178
138
168
101
91
401
301
218
338
19
84
190
351
24
111
278
164
460
381
402
274
125
496
258
457
212
123
94
191
282
149
368
503
182
104
404
228
378
318
303
370
437
73
195
309
328
186
130
147
42
365
323
171
304
57
325
110
1
502
493
299
100
393
196
45
151
335
15
376
82
478
308
472
263
506
360
440
483
398
81
374
292
12
192
427
383
170
92
356
37
348
316
452
4
412
49
395
113
38
407
205
179
137
486
330
424
127
90
275
175
225
446
209
206
314
331
173
214
238
18
166
387
342
399
287
276
224
185
114
223
495
188
22
102
48
281
103
251
221
61
396
423
217
52
443
380
291
340
347
389
273
337
319
40
26
183
415
165
388
283
256
14
255
216
176
140
367
29
96
497
469
432
142
158
445
194
400
322
36
279
456
302
244
397
235
312
198
364
159
207
306
430
453
300
8
148
409
324
240
5
484
85
187
79
329
377
466
320
53
213
505
10
107
264
435
249
69
508
0
181
88
272
499
169
210
468
411
78
46
413
421
371
280
250
93
105
248
416
467
384
247
174
230
267
266
139
285
473
403
345
271
511
449
126
317
62
394
363
199
353
222
464
106
121
392
6
31
56
226
68
134
184
58
72
489
429
245
372
83
65
16
428
491
59
332
439
420
76
47
297
418
124
257
480
405
204
51
7
481
391
63
117
119
375
177
2
366
144
86
419
128
109
488
254
237
13
414
334
270
25
108
382
307
462
406
417
487
510
43
157
313
422
295
80
236
476
253
354
259
242
447
448
431
315
261
349
220
475
146
154
498
485
369
288
131
172
438
289
23
120
200
28
39
434
362
465
197
408
327
77
17
129
501
246
474
27
492
305
193
494
373
161
122
490
344
436
333
44
229
296
41
112
201
269
95
454
471
167
215
115
482
444
390
346
507
385
143
97
441
162
290
132
442
153
21
135
277
99
458
358
357
298
30
87
268
232
265
310
410
75
241
433
425
20
234
477
286
451
262
35
459
379
321
136
341
34
208
160
233
3
180
11
203
116
9
98
150
71
67
231
141
450
359
89
33
189
500
311
74
60
343
118
55
352
350
227
455
66
32
284
145
509
64
