467
390
380
443
130
219
394
110
215
17
81
268
407
472
74
170
350
511
82
123
80
23
206
132
227
124
250
275
456
45
19
229
35
289
22
365
258
363
0
437
306
94
254
158
470
391
169
370
162
502
429
451
406
129
436
151
311
15
399
55
346
246
223
187
279
105
310
485
295
138
409
228
253
422
117
194
300
362
366
6
218
357
2
400
458
337
180
448
402
190
234
89
75
276
327
112
454
104
361
37
371
18
172
237
411
344
435
353
181
3
501
317
291
121
40
462
469
189
320
157
329
398
41
500
107
481
265
420
28
450
125
239
168
490
50
326
505
510
102
433
297
382
447
431
313
12
131
424
489
325
270
150
7
64
109
10
354
153
77
508
277
91
328
85
342
163
126
24
199
314
347
414
243
65
412
376
478
303
30
377
173
368
4
198
36
453
261
307
113
249
214
392
143
322
213
476
101
498
274
410
259
293
497
269
47
171
387
504
193
191
5
99
298
434
92
418
87
247
203
86
294
484
432
122
426
147
174
302
97
137
186
128
256
358
226
120
236
69
192
413
419
473
355
281
299
21
393
202
225
8
348
27
287
212
397
343
309
210
43
463
103
389
421
179
359
217
395
166
98
83
262
427
140
155
26
464
331
66
196
134
405
244
111
156
231
286
61
266
499
308
474
38
257
271
330
95
204
479
318
241
159
316
78
46
278
245
135
34
445
283
16
475
488
76
284
114
56
285
146
263
267
486
374
160
324
248
273
93
175
416
185
164
200
290
145
242
233
235
272
351
216
440
446
349
507
319
52
197
119
184
209
296
321
323
115
386
491
63
494
108
430
425
182
332
506
492
338
133
167
455
57
292
340
482
240
381
58
205
264
72
459
460
372
100
480
70
144
67
466
378
388
341
221
39
408
116
312
384
403
32
339
51
493
59
9
282
423
444
148
280
438
367
441
383
42
84
207
68
345
29
385
255
503
352
54
315
141
33
48
201
495
11
224
442
477
149
333
401
183
336
304
139
53
439
288
232
118
79
142
49
305
1
452
208
335
404
417
71
428
90
301
211
136
461
222
251
260
177
487
88
364
230
465
14
154
96
375
178
373
334
369
379
483
31
195
449
165
25
161
356
496
360
471
106
176
415
188
20
44
252
238
220
396
457
127
152
62
13
468
509
60
73
