34
113
28
221
447
166
213
42
469
487
446
78
454
495
87
475
318
333
37
309
474
452
506
161
323
259
146
217
510
283
77
367
111
247
54
420
396
164
59
386
472
249
368
109
442
394
417
331
62
470
60
448
80
167
490
90
421
94
423
473
67
69
373
83
250
135
445
363
40
453
222
319
321
313
328
16
398
233
126
349
306
434
388
140
72
285
311
267
232
20
273
116
85
220
245
5
124
17
428
64
348
365
335
21
409
33
438
261
131
148
13
280
218
45
104
354
97
44
102
307
55
383
234
241
486
483
230
384
239
110
39
314
219
178
228
504
320
270
433
184
70
215
57
43
106
382
330
147
451
89
344
24
459
236
326
14
48
19
377
76
492
183
480
149
456
290
142
381
99
424
238
254
133
358
485
75
271
316
287
107
212
153
105
464
207
346
336
208
2
509
175
258
41
347
302
91
22
305
327
235
465
168
170
151
378
172
30
362
38
294
497
322
192
121
462
387
152
50
397
177
393
11
8
209
157
242
392
119
460
315
466
444
176
179
196
511
139
114
279
173
86
275
203
181
9
439
49
4
123
93
296
391
202
211
352
301
312
395
7
182
252
193
214
412
272
188
345
276
390
12
286
223
342
284
334
120
411
98
6
489
248
364
289
496
138
127
132
51
415
130
1
3
195
429
52
128
263
23
35
374
200
282
468
416
256
32
229
253
225
227
118
482
356
404
244
265
264
481
410
350
422
137
169
26
332
198
435
357
210
150
299
369
74
471
100
29
174
163
155
204
329
379
185
108
508
427
96
403
351
231
353
457
491
122
65
191
477
458
197
278
400
103
190
141
158
499
443
136
406
47
291
134
216
68
201
298
324
361
88
303
194
156
180
304
73
507
84
343
376
243
81
53
262
288
401
455
240
145
479
501
426
251
341
162
502
82
268
431
154
440
310
432
461
414
61
206
300
257
112
325
160
189
115
370
436
129
71
413
293
498
36
418
372
255
408
360
224
493
237
144
226
143
340
46
95
10
295
419
407
58
375
266
281
79
337
171
297
494
101
463
366
25
317
0
117
500
437
385
484
277
399
402
476
355
159
503
449
31
27
359
450
186
56
308
63
15
260
338
199
269
380
187
389
339
274
441
125
505
66
292
165
488
430
92
405
246
18
478
371
425
205
467
