22
397
230
442
455
464
387
472
227
345
184
51
173
414
447
79
426
38
364
96
205
179
123
506
196
194
35
291
372
327
7
501
398
168
58
319
271
26
467
12
155
122
188
369
161
166
402
195
67
32
78
175
491
131
450
207
85
213
60
31
97
357
318
133
245
422
487
91
153
224
419
3
118
71
39
53
273
41
235
429
156
448
283
237
433
416
404
172
314
504
437
300
461
117
220
143
140
98
354
64
37
112
409
274
46
500
99
69
403
289
36
366
24
306
62
65
435
244
127
482
264
223
468
167
483
303
191
288
315
480
418
475
351
152
365
234
221
11
413
81
310
503
169
510
137
457
76
109
290
87
481
393
182
385
421
338
232
49
434
260
14
192
201
341
498
282
74
479
19
348
45
493
42
490
134
376
136
66
222
406
239
254
359
330
259
312
445
252
52
335
471
23
323
451
165
181
77
212
15
292
276
287
391
346
105
446
28
147
163
215
380
229
334
317
423
286
382
425
412
342
59
13
8
272
392
280
75
308
208
375
299
452
432
138
82
126
106
124
149
262
358
460
362
257
420
377
27
148
390
34
395
63
489
396
206
89
216
146
336
5
353
228
384
313
107
154
240
277
202
6
198
210
200
94
477
231
405
462
236
214
187
57
256
219
449
142
90
485
115
70
10
176
125
158
151
296
267
383
159
453
408
473
247
307
302
189
144
211
242
466
253
389
203
30
343
496
294
268
332
248
218
360
204
18
251
9
20
325
285
48
241
410
438
443
304
47
4
370
373
120
88
497
226
411
295
93
478
113
217
269
347
246
104
141
355
301
401
349
284
316
150
381
108
509
484
507
225
378
80
114
415
368
68
340
174
95
21
178
190
130
261
386
297
180
363
139
424
339
470
379
495
439
492
43
157
0
209
458
199
72
56
281
444
298
394
329
111
367
249
103
263
160
494
128
427
233
309
102
170
328
388
454
371
162
116
55
400
430
361
61
322
502
73
40
83
183
320
250
145
344
321
110
186
2
16
417
92
333
436
84
17
135
119
29
171
505
474
488
164
337
243
311
326
255
293
431
463
50
407
350
265
258
266
275
185
440
465
399
499
25
270
305
476
428
374
129
177
469
197
193
486
441
352
238
356
459
511
33
324
508
278
121
86
54
44
1
100
331
279
101
456
132
