388
352
118
82
460
170
75
233
149
222
117
350
35
364
261
152
410
171
397
58
438
243
80
146
214
346
259
92
115
362
317
131
378
87
393
275
181
190
206
325
48
306
302
167
238
365
331
226
311
328
454
163
122
360
77
192
114
312
415
347
43
133
202
89
94
487
59
411
272
78
64
236
427
71
142
72
105
141
231
425
406
25
207
3
424
14
183
291
280
439
235
404
309
208
137
367
467
134
456
38
79
69
102
390
276
336
323
380
44
10
463
483
377
53
354
322
436
234
433
326
353
60
356
140
333
166
237
227
337
490
260
195
509
98
471
271
332
506
55
13
147
244
444
232
96
430
36
151
86
361
301
270
449
81
392
384
469
461
85
419
274
316
292
502
409
363
125
180
106
70
126
67
57
289
327
188
371
210
462
28
185
448
263
9
473
387
445
510
318
493
83
144
262
286
307
440
168
305
200
148
453
204
498
223
359
112
197
205
447
426
273
283
416
355
342
90
398
310
486
496
255
8
383
485
407
508
211
298
248
379
189
4
446
304
282
357
17
285
319
103
345
466
500
368
37
174
252
109
341
120
161
287
34
495
494
187
88
366
51
349
136
107
7
489
413
284
73
15
391
268
212
246
221
230
165
41
374
281
26
11
418
209
47
499
228
290
42
501
394
381
143
113
442
417
303
294
443
474
155
313
40
484
389
475
459
178
329
100
395
132
339
108
402
455
182
49
330
324
127
340
135
482
257
153
504
62
422
265
385
431
376
497
213
110
492
437
428
150
201
31
396
45
84
401
194
219
18
20
414
56
50
172
121
241
24
421
240
511
348
250
138
344
186
66
12
95
382
191
321
91
358
457
245
334
179
405
224
308
403
491
320
468
441
412
39
435
27
124
158
375
130
74
351
111
277
338
104
156
193
1
6
335
251
52
450
253
175
21
159
177
249
481
216
420
215
5
196
269
458
432
139
169
408
65
343
162
242
247
76
119
429
488
267
296
129
218
173
2
293
0
314
452
464
369
400
199
164
266
465
123
22
370
505
295
184
30
68
278
472
99
480
97
16
225
32
54
217
63
476
264
258
93
29
300
372
470
198
239
373
128
154
451
33
256
157
399
229
434
477
315
220
479
101
478
507
176
203
19
386
116
23
297
160
61
299
423
288
145
503
279
46
254
