81
138
445
55
448
421
484
439
131
211
304
270
357
295
280
487
396
286
200
35
356
29
132
381
279
208
216
253
272
470
239
230
498
321
442
162
180
266
299
353
45
317
508
60
374
377
179
420
486
124
471
21
228
482
337
172
28
213
246
52
387
151
241
58
510
494
188
107
325
348
243
352
69
191
251
204
96
92
93
210
478
185
194
449
27
379
51
345
112
308
135
72
105
274
84
488
401
101
297
430
399
338
15
152
68
57
368
18
392
136
245
250
64
141
301
400
235
80
371
99
358
504
79
313
67
215
123
140
32
397
422
402
467
258
497
87
423
408
388
142
496
165
331
446
83
31
364
269
187
25
150
233
283
260
278
106
450
78
419
489
244
326
47
189
309
375
480
91
500
128
431
393
133
102
134
5
237
322
33
312
298
203
411
115
284
316
176
474
174
43
202
436
441
481
19
349
404
491
366
198
248
77
296
318
145
473
329
61
12
492
37
240
461
502
3
340
24
212
416
56
167
183
120
221
207
63
361
271
328
477
410
454
282
347
199
13
226
386
428
121
206
373
205
103
178
50
453
332
8
137
369
249
73
455
495
287
10
109
59
466
156
273
485
62
14
472
359
125
89
186
403
113
291
506
505
499
44
229
360
117
182
490
256
147
385
225
220
405
479
460
26
236
197
153
459
275
168
463
503
501
7
193
139
110
457
509
476
425
493
265
346
98
276
116
166
417
65
195
333
307
383
351
9
20
372
440
231
302
452
261
355
394
311
475
363
214
114
339
462
444
395
413
288
257
254
11
130
424
465
2
429
42
389
129
252
362
17
409
384
427
222
268
365
418
406
456
104
354
184
160
390
259
38
149
350
330
108
192
41
71
46
314
324
306
468
170
341
305
126
159
289
469
451
111
173
1
320
433
154
75
40
507
370
224
367
323
196
70
85
412
434
277
292
294
437
161
264
82
164
74
293
319
335
163
391
247
234
223
290
407
342
39
334
86
432
435
22
285
281
171
219
262
447
144
414
36
181
209
53
23
218
242
443
483
175
127
119
66
343
169
90
143
54
16
158
30
227
438
336
94
148
426
122
157
415
177
146
376
382
344
201
95
458
190
511
303
310
88
49
300
267
217
6
4
155
76
398
315
34
48
263
380
327
100
232
118
255
238
0
97
378
464
