120
198
415
398
469
227
245
229
434
129
3
302
57
194
426
73
472
220
250
356
78
228
313
409
10
7
60
27
119
289
319
499
348
414
248
332
455
165
37
452
188
109
204
325
172
141
218
301
205
299
231
458
464
111
211
326
18
76
143
435
493
442
497
350
207
11
212
489
179
282
177
395
328
208
251
358
102
1
155
105
116
377
367
50
41
284
142
416
152
124
334
433
168
488
135
436
374
445
197
292
408
481
239
466
351
126
242
104
61
260
511
6
30
246
400
337
501
225
274
453
355
174
237
335
386
53
432
276
349
379
461
26
375
287
184
185
463
446
303
148
258
262
192
448
363
266
35
357
19
462
99
153
500
183
263
417
480
79
383
444
138
89
34
336
361
29
149
256
123
430
485
5
92
150
93
118
290
147
186
215
391
482
295
68
269
291
40
373
236
372
241
77
151
209
288
390
388
13
8
95
33
371
382
131
170
360
392
154
44
106
421
202
66
340
344
470
244
108
181
64
195
67
85
440
112
312
128
365
296
378
206
160
169
320
399
132
122
36
406
508
297
307
49
491
352
55
96
189
62
47
134
14
401
281
443
48
285
113
158
63
422
234
0
506
121
449
167
45
58
161
17
345
101
407
24
294
451
94
59
182
396
353
315
381
323
490
247
223
457
84
69
200
389
12
221
483
254
56
2
249
82
478
492
277
178
459
136
259
213
486
72
362
339
235
376
333
505
343
309
173
454
21
39
81
214
487
503
404
233
210
370
65
88
157
387
439
354
201
346
425
125
80
270
83
103
331
144
341
359
502
286
273
293
224
28
305
52
342
495
484
441
405
16
196
419
193
199
51
43
468
252
268
265
232
279
70
494
230
145
310
366
380
98
4
130
275
117
222
107
314
431
324
127
510
9
159
175
385
75
427
509
216
411
226
364
368
338
329
272
97
496
137
280
330
429
253
87
71
476
304
393
114
91
257
410
460
15
238
140
162
146
467
418
31
317
278
456
465
203
397
283
217
110
261
74
243
46
437
308
22
394
176
20
264
413
402
507
412
474
300
54
133
180
100
327
428
171
475
369
267
447
298
187
38
322
156
115
255
311
420
471
473
42
450
163
477
424
384
403
23
90
318
498
240
504
271
32
479
190
164
438
25
139
423
86
166
316
306
347
191
219
321
