73
260
430
235
454
176
329
60
230
376
403
92
225
129
308
319
480
104
110
106
337
220
377
499
249
183
155
149
43
25
128
181
286
369
208
309
488
432
340
476
412
310
371
231
179
497
431
459
216
171
85
62
38
175
326
154
471
271
427
316
399
46
473
388
4
156
89
28
381
318
51
72
215
167
280
96
22
429
105
164
233
211
470
380
221
159
126
15
82
350
446
275
113
251
282
443
145
268
259
191
74
118
375
34
417
302
148
1
57
348
472
507
291
469
120
342
158
287
444
439
422
247
364
290
511
241
343
234
198
180
84
458
185
141
261
166
435
484
109
19
445
273
339
9
452
489
283
93
396
202
433
345
94
229
88
127
279
151
253
409
200
137
461
415
246
111
165
346
284
420
169
292
101
23
147
264
265
311
383
213
56
428
451
91
48
170
438
440
333
437
250
353
115
449
32
192
187
90
188
133
81
144
227
59
223
124
379
214
359
68
122
245
41
414
400
114
236
219
29
391
298
490
424
0
406
331
423
218
161
509
55
45
441
304
132
398
460
203
276
61
242
436
24
197
138
12
69
352
474
27
87
123
502
297
325
50
401
232
130
224
107
37
228
108
434
293
313
238
77
354
44
136
487
504
11
411
467
360
195
102
503
182
152
344
301
150
103
140
67
397
47
285
453
142
274
18
463
500
5
112
222
193
254
71
494
212
168
405
277
240
332
76
465
385
209
173
172
478
456
262
226
289
421
387
52
485
296
207
416
505
425
199
100
255
196
419
303
237
486
269
70
266
336
205
117
338
330
475
373
21
178
153
402
363
39
42
322
31
492
370
116
243
355
64
365
382
210
3
358
75
65
16
306
300
447
288
272
404
508
305
334
314
501
442
270
299
58
462
80
335
367
35
372
86
40
131
278
457
174
384
368
321
162
483
394
281
477
14
496
119
248
13
143
121
320
493
327
157
20
361
184
378
495
163
410
386
510
351
53
315
362
177
258
252
323
33
204
374
312
30
201
506
189
307
324
328
79
341
98
78
2
356
349
146
194
97
426
99
139
408
466
481
54
95
190
135
17
26
317
125
498
49
8
407
295
134
257
256
267
347
294
450
393
83
206
10
186
7
357
36
392
455
63
482
413
418
366
263
395
244
389
239
468
390
66
479
448
491
160
217
6
464
