495
47
463
390
416
401
91
490
23
211
150
333
305
157
481
307
169
261
330
380
46
76
422
347
265
360
262
173
349
345
421
292
158
37
398
40
89
375
62
320
14
148
96
3
432
493
65
147
356
506
136
192
175
456
363
340
259
155
204
116
272
310
268
39
132
402
256
485
216
68
399
449
472
205
476
184
373
83
271
43
413
255
227
275
469
235
172
177
464
426
457
225
41
477
78
111
212
241
154
208
117
131
324
189
365
301
183
134
448
110
354
487
418
406
86
195
361
70
445
246
25
447
314
467
286
273
299
174
484
118
133
229
407
433
382
403
328
220
84
217
308
392
391
400
297
223
97
224
419
411
94
102
107
29
44
386
501
197
465
500
470
397
355
21
486
439
236
156
106
304
247
371
92
64
450
77
166
239
35
143
162
488
124
234
57
151
18
61
420
327
12
437
322
214
104
100
36
199
79
263
200
358
339
293
244
491
66
161
167
451
209
429
351
498
226
153
306
395
300
412
123
311
315
357
364
283
81
168
489
176
160
101
146
290
438
231
309
281
383
483
119
27
215
180
346
504
503
376
323
260
332
497
372
48
499
128
6
32
389
278
270
82
366
51
237
24
444
471
105
455
282
159
222
508
178
478
213
203
141
313
494
480
269
56
303
492
295
277
10
479
474
58
409
75
253
454
194
453
16
441
341
296
343
137
88
435
163
502
462
452
369
240
181
423
127
63
338
468
507
289
388
460
191
385
459
52
20
19
38
74
67
115
122
410
125
440
33
430
7
384
291
196
294
285
367
26
510
238
129
165
251
250
405
378
331
0
243
317
442
69
336
218
5
370
201
475
279
170
140
344
34
221
379
496
436
98
126
461
316
443
280
121
248
249
424
120
9
219
257
505
50
266
144
342
408
28
95
334
417
353
287
188
55
329
321
109
264
54
352
288
415
312
511
267
187
182
276
193
112
228
142
359
232
179
335
446
103
13
1
49
149
114
45
202
59
185
245
337
164
130
4
207
348
139
15
30
298
393
394
458
482
473
210
87
302
152
2
318
425
428
258
325
198
404
319
73
230
274
8
427
72
190
171
254
326
377
362
22
60
42
186
135
99
396
414
431
90
113
242
138
284
71
252
93
368
145
387
350
85
31
17
108
374
466
434
381
206
53
11
509
233
80
