13
233
185
67
12
251
118
235
205
375
180
52
466
448
1
368
70
222
378
326
359
336
24
147
154
442
474
501
403
308
64
203
63
221
449
343
220
360
255
498
171
141
390
153
367
388
249
452
290
163
135
505
36
78
441
313
315
303
53
269
469
374
181
117
461
394
446
119
112
417
223
98
131
177
502
268
279
91
201
376
50
86
387
508
305
198
151
90
496
445
224
355
184
15
68
122
312
395
202
422
420
170
385
323
116
77
237
457
227
270
140
7
49
491
210
208
244
5
476
75
382
156
369
211
96
266
507
239
365
66
409
299
215
146
159
271
124
477
232
207
252
370
76
111
432
9
471
143
347
345
23
14
186
102
18
188
173
297
294
54
219
464
167
325
82
192
328
379
444
434
247
282
88
499
62
39
275
72
30
503
479
425
209
253
357
443
175
65
309
158
351
191
480
20
292
398
324
105
349
310
362
356
59
89
287
200
193
40
408
194
258
450
33
381
393
396
137
465
92
295
106
311
424
284
166
429
83
31
125
437
475
416
322
114
182
280
29
41
413
489
240
333
371
406
506
348
306
404
190
511
56
160
458
497
485
120
248
439
28
265
342
291
109
314
241
99
226
318
463
225
411
51
136
212
504
259
16
412
372
366
197
22
332
430
45
433
126
300
87
414
187
329
43
42
418
358
397
168
320
242
55
10
104
206
216
459
380
510
34
407
426
130
81
415
293
490
285
46
155
3
267
431
47
74
162
384
32
144
317
27
179
410
283
264
492
129
145
94
467
350
133
37
405
389
97
460
108
438
245
57
204
402
339
262
427
493
195
500
331
377
286
298
152
138
103
101
423
340
289
276
330
363
6
161
4
110
250
139
61
383
272
334
319
399
273
435
361
488
115
261
400
428
231
35
447
123
243
401
263
288
127
19
352
307
0
189
462
470
73
196
128
451
58
256
364
454
214
217
2
338
246
301
199
509
484
21
230
172
281
440
337
93
483
85
455
278
391
157
386
229
228
8
257
254
134
236
472
335
260
71
213
164
277
142
321
100
11
316
183
344
419
69
113
178
132
392
304
456
327
150
302
218
84
149
174
341
148
44
107
354
234
60
453
373
165
473
421
482
48
25
486
481
346
26
169
296
79
80
487
494
478
468
436
38
495
176
238
274
121
353
95
17
