385
60
76
17
341
352
437
23
332
152
416
195
298
229
296
204
290
159
405
421
247
481
374
411
312
339
243
487
160
93
361
237
292
53
187
58
92
189
485
466
103
344
431
511
328
494
221
502
342
200
509
133
249
203
284
164
443
464
289
338
409
99
264
155
128
34
80
266
49
486
371
280
305
300
324
141
225
291
313
355
419
248
376
68
174
170
38
167
399
498
59
297
261
383
490
8
28
223
90
226
258
456
85
71
131
7
101
417
26
401
65
244
168
271
113
288
389
219
311
16
449
177
398
2
206
199
74
176
198
134
474
412
151
347
94
105
444
497
360
110
44
194
483
123
505
147
86
268
267
9
0
145
491
79
461
140
322
119
188
345
346
125
137
410
507
148
391
95
441
11
408
100
423
458
210
413
378
393
185
234
211
50
245
294
37
250
453
70
470
227
395
6
129
89
333
156
139
422
390
66
184
181
179
272
14
463
432
10
349
144
18
325
142
354
182
157
153
295
353
67
424
460
359
317
117
320
5
3
452
173
146
403
306
127
240
205
130
32
428
150
166
163
301
319
356
51
302
262
503
465
220
379
457
377
191
43
31
482
41
15
472
351
88
158
316
439
161
469
287
82
216
455
427
273
489
430
136
475
367
451
274
269
415
21
175
369
106
304
75
13
496
172
404
246
499
56
480
386
471
165
493
102
207
78
387
253
279
335
380
178
467
384
45
330
484
438
180
435
251
12
425
96
366
40
42
309
321
318
315
500
114
111
183
64
259
282
504
63
192
400
414
162
115
334
61
215
212
343
235
433
276
30
477
350
510
448
459
476
270
418
36
109
236
293
132
238
434
97
265
52
340
283
169
462
307
77
62
285
501
124
446
107
397
232
372
358
308
120
209
445
314
193
450
368
363
154
281
190
239
299
492
436
138
122
420
392
230
468
326
327
218
84
196
260
370
256
323
224
81
69
426
278
442
382
214
222
46
47
48
336
362
143
257
508
357
375
27
263
118
20
186
303
329
440
19
33
72
488
213
4
39
252
1
201
126
407
217
478
54
24
396
57
373
87
108
310
233
73
228
381
135
197
506
275
348
104
277
406
337
29
364
171
242
473
202
254
22
429
255
447
388
365
149
286
83
121
35
208
25
394
231
91
112
479
331
454
495
116
98
241
55
402
