80
100
273
458
448
14
82
310
254
302
238
194
389
231
374
195
200
161
377
6
442
177
242
272
293
134
126
482
425
491
350
410
94
412
505
445
411
456
18
192
176
31
397
150
403
127
391
103
417
77
98
314
183
39
279
276
172
440
99
471
97
173
57
59
409
36
235
289
182
120
189
42
89
237
465
294
265
166
351
508
368
114
168
207
152
106
81
418
385
56
211
428
489
327
78
175
228
221
460
277
47
240
258
433
331
342
198
222
147
203
91
208
402
20
4
110
323
441
179
343
467
304
146
249
84
325
357
30
226
447
420
233
437
248
481
415
190
85
492
158
58
71
140
375
138
268
63
452
229
280
75
316
90
87
341
251
509
246
155
432
496
40
459
266
353
372
421
320
101
116
55
340
204
373
95
348
154
346
392
68
488
449
292
255
129
178
133
230
102
16
321
264
262
335
115
259
234
422
8
223
73
216
72
329
404
37
478
83
9
174
312
301
443
46
423
169
311
322
160
253
435
45
239
257
62
121
413
291
307
485
119
499
113
366
26
364
236
64
332
38
436
315
118
378
149
457
298
337
419
215
349
159
490
60
338
463
66
416
0
359
424
476
69
381
165
225
336
451
281
313
11
299
470
145
326
328
86
365
206
400
260
180
284
28
125
494
507
414
76
7
22
19
13
396
502
287
67
74
199
53
395
501
153
371
344
224
170
112
269
511
274
141
128
267
427
358
50
241
250
96
300
345
185
303
17
111
469
247
484
431
130
393
49
426
454
252
131
244
283
356
188
25
439
202
453
486
455
347
466
271
51
193
497
162
5
123
382
219
500
461
21
184
171
117
444
105
79
163
151
379
370
218
43
282
52
354
33
157
384
506
227
54
263
148
210
510
10
143
383
48
406
285
205
164
308
124
446
434
278
295
139
487
41
286
201
394
142
29
334
220
181
360
109
275
361
15
430
122
493
212
386
61
367
187
475
137
319
462
333
405
243
288
324
479
136
213
104
503
144
3
305
474
232
167
209
398
408
108
135
27
1
24
363
480
495
256
70
191
132
380
468
387
369
438
352
429
186
317
44
2
407
388
330
306
196
464
214
92
93
450
477
217
483
245
65
318
399
504
355
32
297
197
376
261
309
401
473
12
390
156
34
107
498
472
339
290
362
23
270
35
88
296
