490
226
210
432
429
145
365
386
398
108
443
133
215
363
357
81
253
354
351
19
465
283
471
186
137
12
79
157
320
230
296
50
461
438
440
509
203
511
134
463
401
195
396
246
113
225
316
222
306
209
378
373
446
139
71
240
171
413
207
208
332
32
317
455
49
232
231
257
259
129
464
152
409
25
506
301
383
166
324
309
275
321
326
4
33
124
420
201
5
13
69
51
418
127
86
384
388
97
227
83
503
239
149
485
256
140
300
284
350
278
267
168
0
474
328
505
242
273
315
44
200
494
248
17
11
364
28
340
468
34
95
101
456
322
234
303
237
339
158
294
184
236
143
313
249
221
425
451
444
355
417
241
279
327
93
136
286
424
115
169
323
40
344
448
439
292
436
499
67
338
449
130
421
349
502
480
263
379
427
144
243
343
356
3
100
359
189
56
407
14
280
291
392
138
453
135
264
182
24
58
282
415
235
188
416
118
220
428
362
68
126
37
298
288
460
128
342
218
35
272
132
7
314
331
183
238
334
399
117
381
30
423
281
408
266
510
111
76
368
206
212
290
131
52
88
54
26
297
233
219
99
299
10
110
447
393
123
105
142
336
410
170
27
94
48
404
191
269
23
2
501
261
213
295
116
175
90
312
252
107
8
405
360
492
477
45
92
89
162
146
60
41
255
265
6
305
445
98
29
151
361
202
457
141
434
478
80
61
504
376
493
495
337
466
173
119
276
77
476
66
462
329
380
369
75
245
156
289
31
260
348
391
458
78
244
268
437
197
65
262
441
114
42
223
426
484
472
172
406
154
165
190
87
385
496
181
163
53
84
102
304
319
371
308
205
310
47
43
414
258
196
22
489
395
228
402
20
479
271
55
431
104
452
38
46
507
62
36
16
482
164
277
1
270
307
112
199
121
147
178
374
358
370
73
155
345
106
91
160
435
335
367
161
382
318
450
400
211
274
325
122
148
467
15
341
430
59
217
366
333
483
74
486
346
192
387
508
120
433
394
488
194
353
63
375
125
311
411
82
109
403
422
64
204
85
18
251
419
57
179
174
103
177
153
214
470
9
176
254
150
347
497
180
330
481
21
377
185
469
247
459
96
475
193
454
442
390
39
302
500
287
187
167
159
70
473
198
224
229
372
487
285
498
491
216
412
389
72
293
397
250
352
