305
375
115
361
216
107
116
416
242
93
162
54
80
437
412
286
304
466
85
75
470
313
423
380
140
210
501
462
359
283
364
77
88
35
439
254
325
252
282
494
64
473
201
269
236
358
322
95
311
30
414
440
200
383
350
472
129
418
323
20
182
238
344
145
112
97
455
155
368
508
39
480
488
374
260
425
113
264
255
247
391
295
337
253
42
379
73
277
248
496
8
279
211
72
37
395
268
388
21
352
394
143
213
422
309
160
209
303
41
460
382
10
316
172
469
290
217
136
60
109
34
351
26
365
377
161
459
49
100
332
23
241
378
86
348
157
71
453
142
90
321
500
477
158
267
308
70
483
221
329
371
79
504
408
193
251
208
146
224
426
13
98
367
67
261
214
266
430
493
50
154
373
249
491
78
63
114
272
481
40
147
43
92
226
257
333
276
294
503
369
2
99
57
220
507
62
82
137
130
310
400
293
398
262
324
328
243
55
1
194
108
307
167
31
215
300
105
184
179
187
65
223
245
132
495
94
381
126
198
442
197
390
190
499
463
239
331
183
479
47
474
127
346
317
429
343
347
128
415
178
135
205
446
448
356
435
228
156
3
392
240
175
106
206
342
212
246
180
407
185
403
45
330
149
96
487
327
401
230
404
199
89
490
275
445
91
420
270
166
68
456
284
360
123
124
122
306
56
458
301
48
25
274
234
434
176
265
144
11
164
468
150
101
410
287
153
505
376
38
296
104
4
444
476
443
485
354
409
506
289
405
399
58
12
165
372
110
492
450
312
319
432
326
52
256
36
237
511
338
406
141
196
44
32
139
349
225
51
335
84
138
102
302
87
451
482
461
16
27
464
14
181
411
362
454
386
222
244
320
229
449
233
285
59
118
273
191
497
387
66
203
339
0
370
171
231
467
170
227
218
428
510
345
280
76
74
207
103
427
433
19
174
168
33
363
357
258
22
389
478
424
465
298
314
111
509
133
288
202
447
475
438
484
355
297
353
452
15
18
83
421
81
117
259
384
7
498
502
169
393
263
315
151
334
159
402
397
396
119
489
195
340
235
385
121
219
431
204
152
69
189
29
299
53
417
188
278
125
46
177
186
366
436
9
232
441
281
419
250
28
120
24
163
61
173
271
292
318
134
5
192
471
486
291
6
148
336
17
457
341
413
131
