58
43
50
211
300
276
419
246
98
505
253
122
250
57
22
53
285
338
130
368
247
463
104
236
456
288
461
434
261
363
495
315
145
454
60
114
420
443
172
78
92
511
357
200
266
457
223
183
163
337
116
140
157
269
367
330
437
212
265
483
428
55
323
482
279
7
137
293
258
292
398
392
334
278
413
213
117
201
412
283
120
75
230
439
143
465
171
280
215
238
64
475
25
167
10
165
377
492
158
468
312
500
396
85
442
431
503
494
176
14
66
173
16
8
305
149
268
259
310
199
426
141
195
197
447
381
395
432
151
240
86
231
42
51
102
113
481
41
40
303
335
427
319
371
15
161
252
206
257
444
170
237
350
147
47
21
318
271
497
188
385
298
101
31
109
207
277
353
346
49
185
179
339
348
333
389
155
65
342
264
487
198
291
59
316
380
91
178
365
73
314
450
224
210
52
508
67
154
196
219
347
184
37
296
435
189
5
255
485
244
90
474
36
309
383
202
68
1
28
421
175
144
406
429
449
119
313
301
118
425
205
328
124
386
34
89
464
251
340
408
331
407
11
329
39
327
190
410
256
394
56
44
33
336
181
307
390
391
440
218
131
192
54
441
35
409
9
349
354
359
245
216
96
110
83
355
262
221
204
88
23
402
471
94
193
27
445
24
228
208
61
226
393
227
234
472
225
478
270
470
76
2
107
460
452
422
325
284
486
438
417
48
12
467
18
299
297
13
63
356
415
106
222
370
132
20
469
6
248
373
126
134
343
351
138
152
38
32
424
139
70
490
372
504
203
128
403
480
308
214
260
168
404
153
484
82
29
462
499
358
496
477
382
401
388
263
160
79
376
103
71
187
97
125
476
62
436
166
123
290
453
433
220
273
249
473
287
510
498
352
282
362
289
479
254
174
501
142
411
304
399
169
294
80
361
506
235
286
239
306
177
148
241
326
243
400
322
366
384
46
332
341
108
387
121
466
233
295
423
272
146
180
275
302
162
459
405
0
507
317
100
217
19
451
182
136
378
414
488
509
455
448
93
232
379
493
3
489
458
502
115
364
159
129
229
311
324
77
135
45
127
133
74
344
281
69
95
4
209
369
267
26
360
374
446
150
491
112
321
84
320
17
99
375
30
416
156
397
430
186
111
418
242
164
87
191
72
105
345
274
81
194
