138
261
416
268
285
172
191
302
332
468
70
65
263
471
192
341
158
359
57
257
484
171
14
34
229
354
202
371
83
88
339
174
255
402
279
481
421
42
503
290
322
157
488
239
321
465
338
329
256
203
189
155
210
38
40
164
211
82
479
141
347
71
400
365
497
378
506
417
415
123
317
260
296
132
472
449
388
435
355
344
73
445
324
494
221
154
368
349
422
374
209
4
346
363
487
72
356
168
104
35
409
379
121
198
23
60
103
126
52
428
391
41
343
501
130
236
314
493
282
246
119
264
222
406
120
440
175
169
303
54
293
441
266
353
470
241
178
444
451
250
145
234
137
187
310
58
267
469
3
271
362
361
407
85
181
10
510
405
205
17
116
295
460
482
474
75
419
18
308
218
249
327
230
8
67
207
33
131
473
459
467
508
499
284
432
90
408
146
287
86
455
466
418
334
309
44
483
0
151
456
458
20
77
148
301
6
114
352
281
454
142
283
199
489
463
66
450
112
212
498
492
252
92
398
238
231
170
149
179
280
106
318
197
299
27
505
376
194
55
413
36
47
5
50
48
307
68
122
253
305
370
429
87
325
25
393
223
357
84
380
26
392
364
144
99
213
95
196
80
375
453
323
288
384
485
478
51
436
316
372
190
360
224
277
251
426
381
98
217
107
76
108
162
237
193
411
395
430
21
63
19
147
200
270
496
201
133
433
74
507
167
369
135
59
216
262
401
45
289
100
424
225
291
495
195
176
383
244
330
274
235
53
351
127
273
227
228
160
245
427
366
117
412
348
475
118
62
226
420
443
425
331
220
437
315
180
269
311
125
43
333
31
177
297
304
152
1
399
232
81
373
173
292
490
491
30
500
286
247
32
448
446
313
439
186
134
259
102
89
300
319
326
447
78
423
275
56
243
79
298
94
22
124
404
342
184
12
431
389
93
166
396
464
215
128
265
115
504
233
502
328
337
46
91
129
335
377
96
49
320
214
11
204
183
37
461
206
161
382
15
153
7
410
143
113
387
139
336
385
24
9
208
276
101
397
486
97
110
477
150
254
240
278
182
386
272
13
367
511
345
69
403
312
480
509
156
29
159
258
476
188
394
414
111
136
2
28
185
442
350
457
248
462
219
163
242
16
434
340
105
452
165
109
438
390
39
64
140
61
306
358
294
