3
402
57
507
38
419
438
216
278
103
284
416
471
380
498
247
234
73
302
61
124
381
415
5
393
327
324
39
44
1
140
34
432
361
217
42
431
291
329
311
287
372
171
405
403
362
374
14
68
309
300
52
451
491
297
273
139
132
102
477
20
225
401
314
29
85
282
242
165
350
344
117
445
503
266
459
281
386
17
145
46
222
26
330
36
347
421
331
252
120
220
404
315
275
0
161
101
373
25
129
285
334
251
479
265
126
83
158
45
135
366
511
424
359
169
156
178
228
111
100
428
417
303
84
24
443
413
407
425
348
502
54
341
510
264
191
483
268
501
70
368
423
333
256
384
167
201
478
262
115
345
166
397
62
173
172
179
326
457
467
305
504
204
48
12
157
318
426
113
243
150
485
452
37
328
28
475
313
121
493
250
474
74
422
21
430
279
15
209
508
342
292
80
56
496
90
296
446
41
398
429
367
455
138
137
212
176
143
88
155
465
487
339
499
193
248
63
131
30
98
8
49
298
214
392
65
412
229
482
210
224
76
343
66
148
9
500
369
255
323
383
163
454
484
189
355
79
433
389
253
325
394
399
290
458
360
187
104
109
215
190
81
388
441
440
50
67
385
470
183
436
376
310
94
472
418
453
306
346
4
312
468
133
147
439
106
206
170
33
78
272
13
505
213
379
162
295
141
60
152
322
293
269
435
134
271
82
64
356
267
238
144
395
495
259
283
175
2
427
223
450
319
246
96
195
307
497
122
340
226
92
180
168
488
370
55
390
97
411
71
276
490
7
364
396
198
110
93
337
160
486
230
437
365
146
232
449
218
316
249
358
336
58
235
321
174
153
192
274
434
308
286
448
261
240
181
119
409
317
75
23
69
177
87
456
473
16
469
125
128
464
184
301
400
489
349
382
53
244
480
86
481
221
211
260
294
99
254
43
205
289
391
280
245
188
202
89
357
27
461
116
118
208
320
462
494
304
186
233
354
332
236
414
196
112
476
197
164
338
378
72
447
299
239
199
185
77
408
277
492
136
22
442
35
114
31
182
509
227
6
40
444
257
127
237
460
363
263
200
410
95
19
105
47
32
258
108
154
231
375
159
194
466
142
10
130
207
463
107
123
219
241
203
149
351
353
506
91
335
387
59
18
11
151
371
377
270
420
406
352
51
288
