10
77
467
506
165
229
490
406
463
233
37
301
287
168
348
88
317
389
173
131
464
51
355
308
435
443
324
319
106
120
436
488
1
128
203
192
249
156
354
466
13
350
437
226
392
202
78
14
191
183
211
402
44
407
81
369
505
147
242
179
153
130
494
245
329
459
104
307
53
231
92
492
93
393
302
217
150
32
489
486
9
257
8
312
43
395
184
438
59
384
431
441
232
414
439
224
258
57
399
360
96
305
227
140
495
338
40
428
269
209
162
260
200
169
501
333
268
447
478
5
376
335
33
475
163
196
225
424
311
219
90
109
278
58
30
315
105
331
284
145
418
26
248
378
336
207
111
451
31
374
114
123
300
339
499
70
41
265
216
247
432
400
55
364
433
446
63
454
461
157
195
186
91
296
326
4
69
159
255
250
288
35
351
212
138
71
3
42
267
458
188
215
346
95
453
220
47
322
462
430
500
223
263
185
181
39
176
76
327
380
152
187
272
189
142
36
410
139
419
425
498
450
86
299
292
52
491
347
64
21
241
172
149
277
194
118
510
285
204
146
50
286
502
370
193
359
352
190
17
27
423
353
98
303
404
221
496
456
178
358
61
208
238
65
316
276
416
386
271
362
497
205
254
121
11
83
54
213
107
244
313
240
334
429
79
460
290
281
382
385
280
273
166
398
60
421
28
318
426
84
56
349
154
103
102
306
415
198
479
144
112
197
442
377
23
201
236
174
251
371
180
235
477
68
503
413
137
234
493
465
457
110
321
444
124
363
375
177
252
134
210
340
275
417
253
291
411
434
164
29
75
293
171
82
448
199
155
294
328
6
158
408
25
214
270
344
361
99
483
266
117
469
482
122
391
108
2
20
34
135
256
397
309
230
161
22
222
383
412
160
473
170
127
487
388
341
97
151
396
262
243
167
24
132
126
304
119
297
218
80
372
239
115
511
422
468
455
19
125
264
509
101
282
507
485
310
452
379
7
182
314
470
48
320
367
298
342
337
401
74
259
67
368
481
387
440
72
373
45
289
15
476
279
0
18
504
46
427
237
332
357
85
472
365
325
508
62
141
345
471
38
94
206
16
49
474
394
420
116
148
343
405
175
356
366
113
100
390
73
409
133
143
381
136
484
129
449
228
87
445
89
283
323
295
274
66
403
246
330
261
480
12
