73
85
15
318
123
231
462
155
240
40
95
473
43
247
301
42
403
359
408
405
419
436
244
448
105
421
263
276
418
151
156
249
387
127
392
53
509
39
313
34
343
132
308
16
70
217
350
259
437
323
220
200
253
133
54
310
1
277
407
401
275
185
106
150
168
379
28
12
258
109
284
117
202
131
183
415
317
19
430
63
100
423
32
391
214
273
440
417
383
144
245
9
397
501
486
493
20
3
320
130
45
358
490
477
81
314
445
367
348
357
347
104
298
216
399
153
66
384
413
187
362
261
246
341
50
145
122
337
435
177
385
361
433
329
363
74
206
188
25
464
138
376
500
78
294
303
36
69
270
394
135
267
492
10
457
4
287
305
115
510
11
134
411
346
406
345
235
91
237
252
453
255
222
265
366
454
422
356
485
463
68
199
431
35
497
75
184
352
489
59
118
498
211
393
439
309
269
482
266
372
316
103
467
428
62
381
152
450
159
129
271
416
172
254
340
79
30
311
13
388
511
335
396
429
278
390
178
201
409
139
353
64
182
474
56
262
282
488
370
292
121
147
5
116
17
179
55
125
160
98
52
425
31
242
137
111
286
479
46
154
321
302
33
149
140
51
476
18
326
374
427
331
82
174
395
170
141
351
124
207
336
375
24
289
503
161
238
268
508
315
344
99
330
483
306
257
57
327
484
162
166
175
23
494
398
71
279
386
491
389
339
291
8
221
230
260
223
195
38
250
442
382
470
299
466
502
169
84
452
48
378
167
420
499
93
338
369
228
288
225
126
325
2
26
333
89
22
233
58
471
297
208
92
204
234
459
87
136
209
285
373
426
283
27
505
410
7
128
29
404
119
186
146
354
192
481
307
86
205
380
280
475
203
295
465
94
219
332
218
107
164
412
210
96
44
328
49
349
196
173
296
290
148
232
0
83
76
88
377
180
272
468
157
264
243
215
432
300
469
478
37
176
80
364
227
102
181
274
61
171
495
190
113
360
504
281
142
47
110
451
108
77
414
248
197
67
402
312
444
165
65
496
304
251
472
480
441
371
506
447
90
21
458
189
434
163
112
293
213
193
229
226
41
443
438
60
72
400
120
322
194
236
97
224
449
324
461
319
446
507
424
342
158
114
101
368
256
212
198
6
455
241
14
239
460
355
143
334
191
487
456
365
