168
131
88
156
78
451
30
369
297
176
189
444
38
322
42
20
296
436
301
407
345
391
424
4
395
281
150
366
132
239
146
389
71
80
465
98
129
457
500
498
141
154
314
37
414
166
349
153
244
309
89
211
269
384
290
140
449
385
19
11
452
308
237
380
418
504
450
70
159
480
267
124
284
377
10
359
272
288
419
413
86
325
303
56
430
285
90
57
110
97
135
420
493
273
233
232
379
489
358
320
410
162
31
264
255
259
169
382
67
2
397
134
468
268
44
137
208
317
412
139
170
118
416
149
335
271
77
299
455
158
348
6
65
411
235
293
102
155
215
258
223
282
8
445
226
275
347
338
47
48
332
29
79
32
494
126
399
307
18
39
330
23
125
277
381
453
123
240
243
51
441
52
83
157
190
286
375
283
396
217
251
75
130
9
274
482
224
63
352
49
81
486
300
354
212
138
116
99
344
326
365
179
435
278
505
471
350
356
340
462
246
195
443
164
289
104
448
265
171
231
311
487
177
213
276
474
221
456
305
234
225
339
196
355
17
105
222
510
220
13
405
306
432
337
490
91
364
194
440
334
475
185
7
15
485
363
61
341
14
145
204
115
199
467
209
245
112
357
133
351
0
12
374
121
502
64
60
488
62
401
477
415
425
73
165
260
136
41
511
254
421
506
120
386
144
197
207
476
304
181
117
316
270
184
43
507
109
5
160
390
508
202
387
360
315
241
472
279
173
261
321
228
203
437
106
376
101
313
408
114
68
406
266
431
417
26
218
461
403
291
463
371
342
495
327
214
242
186
103
100
346
323
497
148
219
248
429
36
152
398
257
74
343
22
34
404
249
122
183
206
434
193
95
496
501
127
50
236
16
55
509
287
119
378
210
473
438
372
328
178
252
446
442
459
479
227
205
167
93
319
87
216
96
426
393
409
84
188
336
143
388
362
460
54
312
3
454
394
45
491
28
53
94
172
230
478
92
428
66
310
324
113
250
151
263
192
333
33
229
331
108
447
256
492
1
427
25
373
200
368
503
201
280
295
59
174
191
383
302
481
142
433
361
458
370
402
21
128
46
262
484
175
422
40
439
107
392
466
24
499
238
76
82
187
469
85
318
72
180
292
161
400
483
253
163
111
58
423
182
329
69
464
147
470
367
198
27
298
35
353
294
247
