444
264
316
389
59
123
287
452
199
490
491
409
473
34
107
176
141
259
209
10
138
370
433
505
423
28
309
228
495
150
51
455
318
60
171
156
78
467
400
32
254
39
83
274
181
374
218
289
347
404
322
41
108
396
49
63
44
98
305
101
188
351
190
354
349
53
153
103
447
233
342
310
237
69
384
303
301
238
454
201
266
152
36
13
46
465
222
166
257
94
297
425
248
348
120
313
225
172
489
149
483
223
58
187
99
206
416
260
476
139
432
319
200
54
333
127
158
27
359
131
320
65
474
134
25
485
292
420
89
380
494
251
504
346
73
449
278
329
90
306
311
471
272
246
280
203
398
411
70
35
391
253
480
340
173
160
285
23
355
294
459
224
366
279
122
230
121
213
242
458
111
76
56
326
96
300
162
86
406
125
135
167
375
407
55
198
293
137
317
77
386
195
232
170
184
80
337
431
487
217
87
247
439
362
50
335
14
168
140
286
378
376
146
91
72
341
379
390
413
273
118
12
440
8
147
11
252
484
270
106
88
20
132
323
325
74
114
236
180
7
115
105
357
421
194
192
343
92
499
244
382
265
1
221
509
126
460
61
408
186
418
308
43
38
422
299
4
183
104
283
37
129
229
417
145
442
321
498
312
97
298
159
392
84
151
388
339
334
16
419
100
314
262
356
62
486
403
457
412
148
26
109
119
45
231
336
377
500
113
508
255
245
497
144
81
174
369
5
507
368
175
401
143
437
327
263
189
428
117
42
0
291
492
475
9
397
461
24
371
182
443
383
372
338
142
353
281
164
307
364
427
290
501
496
155
387
196
456
235
226
363
502
256
268
161
469
6
373
381
219
295
133
345
249
136
435
193
239
296
451
215
67
19
510
128
163
394
288
402
269
344
332
207
241
277
426
468
66
331
154
328
178
30
17
112
85
436
438
385
3
479
95
482
212
204
18
52
282
361
250
410
261
477
450
116
462
21
185
157
275
399
470
424
284
227
302
405
216
210
448
481
47
130
511
415
211
124
82
214
395
177
324
202
472
40
258
367
68
445
179
267
71
15
169
488
478
506
304
240
446
365
330
208
414
191
393
64
434
110
57
2
276
453
243
503
79
358
430
33
350
165
464
271
463
93
360
352
22
429
102
75
205
466
197
315
48
220
441
234
493
31
29
