357
390
223
355
308
310
442
189
279
504
325
237
66
410
497
321
117
39
104
424
400
233
500
293
375
405
275
264
230
284
333
358
353
20
2
177
12
87
216
229
385
349
255
450
401
418
365
301
116
142
372
26
129
501
215
13
389
363
4
373
292
494
162
130
486
198
38
72
386
254
472
341
319
210
28
411
328
330
163
351
158
337
481
81
16
437
42
296
103
140
11
89
478
399
306
159
234
394
362
27
182
302
430
125
153
50
3
490
274
383
348
267
408
412
203
387
242
161
379
195
124
376
207
151
102
84
148
164
304
14
509
199
112
118
343
282
170
221
489
208
352
64
1
178
55
209
150
22
135
388
503
416
136
191
56
121
232
507
484
222
471
173
350
206
356
60
36
106
488
49
139
201
187
491
271
392
200
90
366
80
403
47
317
451
58
449
313
119
257
74
460
324
44
250
384
272
205
253
219
97
224
23
288
18
345
446
444
61
108
9
262
307
463
105
506
25
277
167
311
235
128
470
499
305
393
85
241
360
94
62
0
361
421
278
46
439
34
54
465
303
435
185
448
196
79
291
496
374
211
382
226
320
474
417
5
247
340
273
377
246
75
260
483
8
10
294
452
406
37
144
213
57
329
33
15
65
193
298
335
270
441
469
256
432
510
251
132
367
287
91
327
157
67
192
396
370
505
466
143
281
259
445
168
309
82
332
24
156
265
487
426
174
120
115
96
6
398
314
462
243
482
480
467
145
99
179
77
326
495
131
322
244
220
498
137
434
316
464
402
155
289
109
508
381
359
172
98
312
502
409
397
447
122
266
29
154
443
429
378
342
461
347
338
440
59
101
334
236
73
21
427
336
186
63
476
227
114
295
30
141
86
346
126
280
468
149
194
368
190
95
166
181
204
456
297
147
269
315
52
169
458
391
249
457
76
31
290
454
48
175
202
252
113
35
160
69
436
276
477
83
214
420
248
431
127
331
511
239
323
407
184
45
228
245
423
188
369
263
71
493
218
123
475
231
459
146
19
455
110
70
7
300
138
433
183
100
152
286
344
419
413
176
134
479
111
318
428
32
51
283
171
404
339
422
17
425
41
395
258
78
92
107
299
261
165
492
438
68
414
240
43
197
285
40
225
453
354
485
364
53
415
180
473
133
268
93
380
238
212
371
88
217
