3
62
340
220
103
6
120
154
74
185
184
492
1
80
218
266
276
503
477
157
256
226
221
255
126
114
145
94
509
330
404
117
29
449
73
430
67
280
262
133
130
203
304
155
118
460
313
390
377
89
0
138
470
178
65
187
370
371
170
466
359
105
230
19
96
278
99
76
504
471
348
32
168
12
90
501
411
49
250
476
219
472
308
71
135
349
275
335
347
478
425
234
182
450
454
137
322
232
24
279
199
210
43
416
342
310
433
505
309
37
242
176
140
498
391
296
227
434
456
18
488
115
149
88
41
336
93
28
427
246
13
171
463
270
294
77
195
217
423
194
369
198
180
287
464
238
153
132
106
169
480
399
329
320
291
417
233
457
5
364
483
248
156
484
258
508
327
354
451
68
55
326
318
261
33
306
259
462
338
314
229
127
297
241
42
421
350
487
328
479
271
236
395
48
368
444
39
305
38
410
53
45
34
386
500
331
265
447
424
254
216
355
438
56
188
285
414
213
400
150
85
235
300
141
61
277
97
166
60
9
346
183
244
167
353
387
302
321
418
415
101
403
365
173
459
469
431
175
91
112
303
362
144
486
245
293
351
22
332
52
319
284
481
78
455
123
511
436
357
363
406
129
146
224
107
57
119
15
288
225
81
385
372
384
122
165
493
334
482
159
4
333
201
251
396
446
83
143
128
215
448
494
190
66
301
458
247
2
237
23
337
507
87
200
420
136
413
445
439
82
311
148
393
292
435
366
497
290
207
186
373
286
401
139
356
189
193
499
240
429
197
268
343
8
344
116
443
100
253
174
222
108
491
408
442
405
160
239
79
467
69
461
211
209
172
16
380
283
121
31
274
269
162
440
163
44
58
63
109
323
392
312
110
196
264
374
397
383
21
75
252
249
10
273
375
151
473
490
84
147
158
59
30
35
92
389
495
437
441
205
299
298
181
316
131
179
125
46
40
72
381
341
36
398
192
325
474
124
111
452
20
14
394
164
388
214
7
152
47
54
489
360
70
317
102
361
202
208
223
475
11
191
281
407
419
409
86
376
95
142
161
506
25
496
378
289
453
231
17
345
272
412
212
468
358
243
324
113
282
51
134
206
315
104
352
260
367
432
295
64
426
27
465
485
26
379
339
263
98
422
267
177
402
50
307
428
382
228
204
510
257
502
