397
496
500
68
101
55
34
327
395
154
178
236
372
243
271
233
319
348
21
498
506
343
342
285
165
159
358
406
138
288
440
416
380
112
455
231
175
247
286
270
259
234
449
345
87
256
483
211
323
95
74
466
54
185
23
161
85
240
207
487
371
287
183
225
467
501
203
82
249
419
18
168
346
280
220
173
33
351
428
439
273
255
59
239
213
363
172
423
127
334
264
391
48
407
8
96
120
290
196
392
218
193
383
365
434
182
129
208
215
465
480
197
108
156
115
499
5
307
470
99
31
107
441
413
76
83
49
442
111
367
398
102
510
369
275
335
254
267
318
93
189
263
309
349
426
315
223
65
100
191
122
306
283
66
219
427
169
324
103
503
251
453
360
27
336
136
317
497
84
321
489
491
246
464
171
77
123
276
56
362
42
186
482
116
305
488
468
475
295
39
141
352
456
389
2
121
485
46
228
261
388
304
435
393
385
58
170
511
150
26
124
329
479
44
162
43
297
104
86
331
92
202
90
338
35
134
210
199
301
409
216
296
140
238
241
418
30
64
494
350
25
400
452
166
105
244
303
253
1
167
88
355
454
399
378
179
490
248
414
381
431
188
133
300
473
347
187
13
274
72
446
387
390
221
332
195
78
394
472
11
242
131
7
4
201
41
147
401
160
448
32
158
137
507
310
19
9
341
37
447
337
63
424
81
374
143
357
12
484
80
148
61
354
192
379
29
373
181
420
457
257
444
450
377
258
145
302
16
408
106
71
382
135
212
471
237
222
405
316
174
144
443
509
163
14
119
209
463
402
504
3
429
328
284
57
109
333
50
492
45
94
164
155
412
299
194
146
6
250
417
415
403
353
262
47
125
396
291
370
356
180
368
117
508
445
460
52
75
224
152
433
177
98
268
505
493
410
232
245
229
311
67
206
73
266
272
469
298
320
184
36
190
204
459
477
149
260
277
411
79
313
495
322
278
28
15
384
142
198
40
478
474
432
344
461
230
481
17
53
227
20
113
22
91
361
376
235
462
279
293
502
375
326
24
70
314
422
359
451
289
69
38
118
486
10
438
282
339
51
340
330
128
269
151
436
430
421
126
60
200
89
386
281
176
114
404
437
62
308
97
292
214
130
153
312
294
110
364
217
226
265
132
139
425
157
458
252
0
366
476
205
325
