28
452
157
4
38
105
419
441
96
488
376
25
150
269
438
358
338
448
416
130
461
184
481
197
242
46
464
84
393
374
34
307
491
498
475
421
89
92
209
97
70
81
47
172
337
167
335
479
392
206
195
127
125
72
459
139
507
145
57
482
207
137
233
23
359
223
103
355
227
237
80
294
431
254
52
35
251
400
205
54
148
170
410
82
257
224
156
423
399
292
273
41
138
261
347
93
33
334
384
450
179
239
352
158
136
168
474
119
68
404
190
161
279
331
131
114
346
10
318
67
422
213
381
159
193
322
180
12
7
395
18
270
203
263
123
113
94
100
365
241
288
238
496
280
146
348
509
477
169
406
200
0
75
312
377
299
117
446
60
91
432
30
362
284
443
128
152
83
486
506
300
79
231
77
48
453
349
258
107
455
403
144
240
175
379
143
283
356
325
19
260
285
245
396
62
42
182
454
101
76
451
390
319
366
51
511
380
301
415
503
360
108
382
45
445
208
314
246
192
256
361
116
387
26
388
494
151
160
444
458
14
268
104
418
102
501
5
187
293
302
333
226
63
371
442
229
56
490
487
166
248
370
32
36
321
291
78
73
183
109
43
90
266
64
272
480
98
463
473
372
402
433
164
378
414
196
275
199
234
255
244
295
194
375
363
434
247
24
326
214
336
368
472
364
357
3
252
440
405
478
430
210
55
267
124
188
74
427
340
265
249
303
401
222
221
385
1
317
153
111
16
386
277
216
211
437
476
339
95
134
412
262
467
500
408
456
66
49
484
417
58
225
383
232
297
115
50
489
495
397
311
215
17
485
228
202
457
471
389
236
15
413
133
218
198
181
174
508
185
468
287
37
470
510
44
11
155
428
264
86
65
367
120
230
394
439
220
398
27
281
465
313
462
424
204
88
460
219
235
141
87
306
20
466
177
135
126
40
271
71
129
436
316
308
140
310
351
212
278
328
411
323
492
132
320
178
121
59
426
407
296
69
250
147
420
39
290
99
350
31
163
61
122
110
344
447
106
29
286
243
315
327
369
504
171
189
343
373
429
330
154
469
497
354
324
13
217
341
191
253
329
449
289
345
162
435
409
201
22
85
165
149
304
9
276
274
298
53
483
493
499
391
173
176
305
282
342
118
142
186
353
425
8
332
2
112
259
502
505
309
6
21
