253
155
505
351
247
191
509
377
296
482
192
51
349
104
386
63
148
47
365
382
95
17
45
149
139
18
161
218
122
181
91
362
90
140
425
438
207
510
479
159
399
292
246
110
12
86
131
477
299
385
507
168
89
390
129
511
76
187
279
38
469
227
430
271
273
447
162
117
330
150
31
49
420
372
175
459
443
120
138
39
361
9
282
204
234
370
83
383
154
451
452
188
276
413
402
199
197
334
151
294
309
464
147
405
463
347
224
171
429
345
380
333
206
308
317
16
261
67
178
244
230
283
396
281
375
289
336
257
184
398
346
388
363
240
235
109
329
449
441
201
70
25
77
119
467
239
302
446
394
487
215
480
340
280
185
427
275
468
389
323
506
259
485
364
415
179
321
432
130
290
78
490
134
146
133
369
105
367
392
250
200
14
127
406
193
195
408
263
416
359
417
44
103
391
307
267
270
15
219
211
262
304
125
176
341
423
264
80
99
278
378
34
98
6
325
160
421
313
342
209
196
397
69
319
277
107
295
476
297
92
66
439
172
124
256
457
300
491
366
431
353
4
220
53
228
288
28
33
500
241
186
180
121
88
448
306
132
43
481
435
488
470
418
483
2
116
472
0
419
409
338
376
343
23
374
10
286
354
5
245
287
489
379
226
298
96
208
106
114
111
238
504
368
42
339
165
268
453
232
352
412
422
32
221
137
444
182
135
190
387
332
94
3
442
8
216
348
503
466
437
64
19
59
496
324
251
450
436
123
21
217
460
210
455
508
426
310
486
60
7
198
434
311
27
40
136
156
497
142
118
37
266
360
169
214
13
474
305
255
85
97
373
494
126
424
484
456
205
301
344
272
327
11
163
331
381
258
454
108
194
41
173
285
357
81
61
303
73
252
82
20
74
318
356
445
400
260
144
55
404
269
326
56
177
242
358
248
433
152
233
30
158
320
473
84
403
350
384
174
322
65
22
93
167
164
315
254
223
371
225
414
166
128
75
410
36
249
461
79
29
501
62
157
57
58
236
24
395
141
213
101
495
143
203
328
52
87
440
499
189
458
265
478
48
222
337
471
100
1
46
312
115
112
407
293
411
502
492
102
229
243
202
465
145
183
284
355
50
401
35
498
274
71
316
153
393
462
237
68
170
428
26
335
54
212
493
291
113
475
231
72
314
