120
34
339
17
324
443
171
387
499
20
82
381
492
314
377
167
374
150
350
509
371
280
228
263
299
61
479
210
346
264
327
59
424
364
301
159
166
389
222
373
106
18
170
114
204
0
338
22
490
287
28
429
234
207
435
198
145
67
165
135
6
30
44
458
227
108
445
419
197
500
136
70
471
238
133
14
292
113
178
363
315
74
508
417
94
325
41
186
216
137
474
236
10
454
140
451
37
386
421
196
393
175
220
506
26
8
359
89
248
485
380
270
433
163
400
100
192
185
420
333
425
246
452
410
223
343
470
31
297
146
319
342
357
505
271
252
448
267
296
307
203
284
158
415
402
291
111
91
281
295
56
231
127
466
99
427
360
428
122
368
405
340
132
369
117
129
217
395
477
379
9
164
229
98
385
101
242
147
272
261
412
494
447
250
47
245
480
190
125
126
68
206
214
432
87
51
341
277
40
240
388
510
90
414
93
2
482
336
376
64
226
172
211
298
69
7
351
144
35
39
285
109
256
352
92
75
493
149
60
142
176
221
491
318
212
152
300
104
293
200
309
344
180
322
21
5
42
110
177
188
461
409
383
456
15
384
304
329
337
105
430
495
259
201
119
66
441
25
58
54
63
247
52
440
224
473
279
13
107
278
463
335
489
46
276
401
331
391
396
358
55
413
375
88
218
283
174
3
321
154
29
80
131
306
488
173
57
262
366
77
486
328
465
62
209
416
139
469
438
76
481
303
215
156
353
95
439
444
71
365
511
239
16
449
249
118
85
397
308
79
194
496
148
290
399
12
407
151
78
403
4
244
498
179
143
320
208
260
431
102
184
282
446
73
459
187
406
468
302
155
169
130
316
141
367
310
382
323
84
116
334
345
112
478
372
254
418
189
161
404
422
288
453
123
48
258
124
330
202
354
311
241
317
36
138
326
128
11
225
183
23
97
1
484
286
394
483
219
49
476
160
275
45
191
332
313
65
437
497
81
464
434
181
487
305
348
411
33
237
162
457
507
504
398
50
243
312
103
390
289
168
503
265
257
408
235
19
72
53
115
355
462
436
460
362
157
232
38
86
182
274
370
392
475
266
43
233
96
455
253
251
356
467
423
378
205
213
269
273
24
195
230
134
472
349
153
27
361
426
442
294
83
255
347
502
199
450
501
268
32
121
193
