315
324
343
142
177
316
80
123
279
128
140
367
230
50
99
284
216
418
409
423
198
348
14
203
352
202
306
197
258
139
363
419
13
269
379
309
293
41
195
300
392
48
153
0
273
252
22
97
127
180
62
303
244
154
340
147
351
107
477
189
104
232
242
335
321
358
397
46
474
6
502
302
122
225
510
361
357
8
54
84
317
83
118
256
319
213
222
286
66
422
312
287
199
243
362
464
116
492
280
403
205
389
72
239
20
307
425
347
266
359
227
479
263
396
415
240
463
451
250
295
486
356
228
457
60
51
296
98
204
299
494
10
454
135
405
336
270
160
259
77
236
264
506
268
438
37
40
157
369
339
476
156
484
113
505
61
132
485
488
430
265
320
478
94
150
398
349
241
1
164
294
331
440
206
371
313
391
345
437
53
27
493
32
196
501
211
443
179
257
393
460
29
251
473
289
152
277
217
221
103
38
108
49
138
24
124
334
57
330
144
175
404
332
172
368
301
383
481
281
193
52
119
458
106
452
314
275
117
90
399
417
115
401
134
442
433
298
215
475
448
91
56
278
17
63
271
233
434
70
431
290
168
248
237
456
247
507
145
327
498
467
338
499
483
28
260
480
375
224
137
402
120
322
229
81
183
75
85
341
355
47
413
253
219
381
114
109
449
387
471
95
489
305
384
470
93
346
125
87
337
495
208
148
89
304
59
212
35
490
435
262
25
342
427
226
126
508
504
350
455
173
231
26
370
288
185
318
170
323
151
461
406
511
133
21
69
176
272
365
421
254
326
45
178
377
33
2
496
378
182
161
105
439
297
19
162
450
44
11
497
459
453
190
380
112
9
174
165
500
436
187
55
58
23
491
5
395
131
503
364
102
400
100
4
372
283
466
376
386
428
238
373
328
388
410
34
210
414
18
16
3
444
188
509
146
166
191
353
130
167
67
285
143
79
218
86
291
209
201
462
192
82
325
426
78
429
163
43
329
432
88
469
76
7
468
310
136
159
68
30
407
274
472
482
249
382
65
487
276
282
36
207
73
74
101
390
223
420
366
424
360
445
416
42
121
12
141
71
220
31
308
333
149
411
465
441
292
200
158
129
374
234
267
245
246
111
354
311
186
15
155
214
92
235
344
184
171
181
169
255
39
64
261
446
408
96
412
385
110
447
194
394
