297
313
6
414
271
317
272
366
25
423
426
474
362
118
276
354
179
41
404
323
207
345
477
176
184
374
53
373
320
43
335
438
137
97
203
384
456
91
231
476
443
466
227
77
280
68
230
424
159
106
411
166
128
31
409
80
330
150
119
506
480
74
274
379
460
346
180
288
507
355
236
311
455
284
378
216
129
326
509
60
241
183
413
192
286
388
1
181
394
439
498
289
214
66
46
291
162
142
267
301
383
103
391
382
282
229
168
225
79
461
376
368
504
387
149
419
124
454
12
86
278
447
457
369
145
10
199
412
131
141
186
432
67
113
256
257
125
452
247
281
136
194
306
153
173
340
213
92
89
458
434
258
161
174
222
232
464
422
223
468
78
178
398
487
175
255
488
64
473
310
212
23
240
20
107
316
253
386
34
100
363
489
450
172
76
226
200
7
93
392
143
499
48
134
50
490
298
343
104
416
59
309
15
45
51
111
440
233
459
356
390
33
402
273
415
287
140
195
130
484
11
70
410
429
65
120
485
268
349
399
350
52
435
215
321
193
325
138
154
264
329
135
139
442
102
467
110
500
30
433
261
322
133
170
389
24
54
8
418
266
117
375
333
277
62
486
396
359
446
269
367
243
14
160
95
508
3
248
275
49
47
238
144
501
495
358
85
35
29
177
146
393
242
401
228
475
73
357
171
351
191
470
360
511
220
406
201
38
126
441
16
395
328
285
252
32
437
347
338
204
69
84
493
112
251
408
132
453
55
290
318
13
155
56
185
219
5
90
187
39
377
505
492
88
293
165
319
307
123
405
167
431
147
263
380
221
364
101
108
385
417
246
9
121
17
304
122
206
472
403
152
237
164
71
348
72
83
334
254
292
465
158
249
482
305
448
28
445
421
496
478
491
210
463
40
81
400
308
428
283
234
483
151
436
208
462
471
407
314
315
296
300
262
235
157
331
116
156
451
397
344
22
239
82
427
294
327
260
4
265
169
299
497
259
96
0
469
337
270
127
198
211
163
339
381
58
57
189
245
26
148
37
312
205
27
303
444
19
182
365
341
197
361
244
295
98
479
42
502
36
279
342
494
109
114
217
425
202
190
324
94
420
481
302
503
224
115
336
87
372
370
218
61
209
353
352
510
63
196
188
449
105
332
430
99
21
371
75
2
44
18
250
