443
403
332
367
506
316
232
301
248
340
206
196
138
168
299
120
82
27
361
194
187
146
286
216
511
30
418
127
271
476
191
164
427
290
373
182
479
431
298
440
343
276
94
24
33
23
334
3
372
77
225
405
475
459
83
243
67
11
256
381
385
242
143
487
112
327
388
151
118
473
471
312
116
106
294
85
481
91
72
325
75
364
500
31
250
181
177
465
480
105
339
7
180
197
258
88
387
324
199
389
295
399
96
411
193
26
57
22
284
212
238
281
313
167
390
12
55
319
314
184
278
99
267
100
353
507
260
497
391
442
300
0
262
426
270
19
76
183
233
65
318
446
408
133
244
152
414
323
108
379
348
326
336
359
321
18
157
145
400
308
486
435
126
217
240
235
56
46
322
192
202
111
54
159
236
70
397
84
16
63
87
311
121
228
13
109
330
241
424
245
49
504
493
34
413
147
346
17
205
78
342
259
230
251
297
452
502
485
158
441
454
449
492
161
89
218
132
61
376
266
310
288
352
39
222
107
10
472
263
307
252
123
396
503
371
375
122
291
142
289
9
398
81
510
124
416
162
32
358
221
448
150
102
154
283
438
453
338
69
439
302
110
139
434
223
450
239
491
395
455
166
170
28
304
456
303
365
329
38
357
380
437
253
15
384
64
494
407
93
209
285
176
73
195
477
496
179
264
101
444
156
125
292
467
201
53
51
317
412
62
406
35
333
351
489
402
393
362
469
415
451
474
20
366
421
185
103
445
229
309
198
356
274
341
374
369
200
234
432
360
59
169
508
425
68
129
420
204
249
383
2
394
257
178
173
345
484
45
404
141
119
211
214
382
174
40
277
279
95
189
505
282
163
90
495
344
92
377
254
52
350
419
98
60
498
144
430
246
74
58
47
226
355
422
4
483
433
457
501
268
363
392
368
255
136
48
171
8
227
436
80
428
386
135
272
315
280
335
247
41
349
131
269
429
499
447
354
113
462
43
417
115
463
410
509
42
155
347
148
265
378
71
482
296
203
21
50
25
104
401
213
409
237
490
97
130
6
207
172
370
160
306
140
117
224
478
305
134
137
331
86
219
488
210
461
128
275
66
44
14
36
466
287
208
37
114
464
5
320
220
153
190
149
165
29
458
186
328
231
273
1
175
293
470
468
261
215
423
79
188
460
337
