230
359
185
373
320
232
351
49
130
45
203
456
315
393
422
468
327
309
305
201
125
140
133
509
340
55
410
176
60
385
97
464
342
32
241
439
29
160
488
474
453
225
471
272
12
477
216
61
401
217
265
322
254
4
379
503
155
79
46
502
261
139
390
119
18
48
508
496
481
26
44
411
275
190
492
84
148
206
332
195
67
412
20
131
227
361
306
178
90
197
337
331
343
161
270
181
53
239
163
128
346
381
499
157
257
355
273
345
250
440
293
448
76
204
338
491
284
24
5
505
118
198
209
211
192
415
73
269
418
437
376
136
132
27
219
294
378
366
380
37
402
438
466
323
228
149
69
65
394
307
66
83
224
164
93
354
186
233
222
314
487
215
8
300
223
21
91
68
231
200
41
291
51
383
52
409
459
391
262
88
242
116
325
375
221
33
103
349
388
75
34
86
22
292
167
413
144
460
6
392
295
489
335
158
245
238
297
72
280
311
482
123
171
106
159
348
47
510
205
406
490
404
455
96
141
235
268
3
372
42
258
166
326
260
19
153
244
229
358
89
288
122
172
13
276
134
377
114
473
431
214
403
298
202
365
110
109
443
100
36
277
333
452
302
286
470
432
382
35
433
357
408
485
483
370
174
247
112
99
461
419
226
108
303
146
253
441
304
162
350
28
436
11
64
115
447
504
384
478
336
344
296
15
180
248
111
252
71
389
475
506
63
386
81
25
78
501
142
417
352
101
469
237
312
240
129
400
256
282
360
281
183
264
107
150
463
236
347
175
425
92
285
283
426
179
495
143
364
497
17
170
259
465
290
369
59
94
156
39
428
31
328
446
16
50
329
405
462
213
9
507
435
127
334
56
246
137
87
70
207
267
30
218
308
104
124
319
234
220
480
398
196
449
1
424
339
23
10
95
341
38
255
396
184
165
498
493
263
138
80
316
117
188
457
271
0
251
434
484
169
511
420
135
74
40
208
299
371
472
210
467
177
399
182
421
324
494
113
147
287
199
85
289
173
102
414
374
98
126
451
243
363
430
416
429
2
152
105
189
476
479
121
321
318
249
120
193
362
212
82
407
454
442
266
14
486
500
57
278
368
145
168
58
77
43
444
279
317
194
301
191
356
274
423
395
387
367
313
54
445
353
397
151
427
330
62
458
310
187
7
154
450
