261
33
289
234
16
156
323
191
145
104
432
374
292
469
90
132
118
202
196
230
120
193
251
1
449
153
24
341
181
333
257
451
284
465
460
242
434
110
160
4
18
229
398
80
255
454
416
428
314
44
147
228
311
471
173
480
445
133
243
231
130
224
194
413
28
509
440
386
183
306
367
34
313
505
137
355
476
345
172
70
140
378
381
424
170
197
55
429
394
68
199
254
74
320
401
407
436
123
379
308
264
65
402
165
114
327
395
470
49
121
446
23
391
274
278
337
281
151
129
220
354
380
511
212
17
352
330
216
390
101
457
233
266
54
299
78
164
498
425
265
250
150
302
489
411
50
26
332
236
41
368
13
491
455
322
464
168
75
20
89
318
393
403
272
186
430
468
240
260
166
10
103
245
22
43
205
267
98
439
300
99
77
40
59
431
488
53
222
38
82
405
392
29
237
56
358
116
361
483
177
63
161
372
475
79
485
458
262
0
9
64
375
309
258
126
85
71
301
73
213
189
283
312
139
418
447
190
207
385
86
208
31
188
419
30
149
83
107
259
36
288
331
473
500
384
135
279
268
399
39
487
360
219
201
348
27
179
438
175
227
414
396
448
344
143
249
293
134
76
162
142
494
370
444
159
252
84
206
474
507
276
497
389
209
115
35
275
5
100
437
324
163
154
95
131
472
12
493
427
106
363
305
167
117
51
285
490
404
11
91
343
508
335
221
359
408
232
409
291
410
328
339
136
125
215
307
450
61
376
269
499
124
128
501
271
14
356
97
502
246
244
214
479
45
180
317
412
366
87
198
195
294
239
171
290
420
365
435
350
481
466
158
92
504
397
102
52
463
426
105
315
42
176
336
452
122
178
351
334
62
88
349
238
141
459
226
119
111
187
200
57
286
297
295
8
421
69
503
256
347
15
66
48
6
303
282
383
388
369
263
192
387
21
144
138
506
112
7
340
3
316
362
296
218
273
298
433
37
373
67
182
253
157
210
510
304
486
152
492
169
415
484
72
442
353
58
443
321
60
467
400
280
148
423
93
310
325
441
217
47
235
495
184
382
346
46
96
326
329
225
81
25
32
19
338
357
478
204
94
477
109
453
248
417
377
371
287
496
482
456
2
223
108
319
185
277
146
211
406
241
127
422
113
342
364
247
174
270
203
462
461
155
