154
284
487
440
217
141
404
506
331
234
169
469
133
508
181
228
226
6
210
262
132
236
421
376
157
494
312
423
369
486
215
434
501
388
280
39
438
433
97
22
477
220
397
307
320
139
237
160
368
406
118
278
177
207
398
205
0
496
10
70
343
173
446
449
79
212
246
166
283
156
316
198
459
19
300
85
102
504
1
92
314
346
290
442
428
385
356
378
224
309
93
104
61
261
490
480
447
462
128
454
121
348
80
17
182
511
168
96
510
68
353
76
255
488
143
60
94
20
91
304
101
394
439
152
176
363
274
100
258
337
491
225
267
2
339
108
485
273
335
7
123
232
289
334
349
481
458
244
382
475
129
410
127
240
445
507
357
27
291
435
178
73
408
444
418
193
8
285
327
328
45
311
332
159
151
374
162
456
322
114
387
98
174
214
383
66
497
75
14
276
436
33
292
318
223
5
116
84
209
196
15
83
146
86
429
149
12
425
138
119
502
158
229
319
505
272
24
426
103
248
269
213
41
4
110
130
243
430
206
241
455
26
263
216
296
473
414
239
202
131
441
265
89
25
82
350
474
294
476
329
324
180
281
38
191
389
484
333
37
375
297
186
23
71
245
299
483
288
313
417
249
184
379
57
78
112
452
117
194
235
345
432
88
172
401
13
204
407
109
36
140
275
49
478
471
495
77
250
467
431
208
384
492
315
256
301
437
365
305
403
499
257
230
175
402
468
371
18
9
287
32
203
81
498
64
427
34
330
271
342
242
479
125
390
63
270
266
144
282
424
185
422
111
373
351
381
347
386
344
509
364
308
286
279
405
179
190
197
105
416
238
58
326
134
303
460
99
493
221
218
380
55
500
392
268
150
323
165
135
44
457
155
145
400
40
472
264
50
254
367
16
489
42
28
59
124
399
362
195
21
482
277
463
247
153
188
47
11
464
106
87
62
200
163
3
317
161
29
43
413
451
222
187
67
355
115
53
419
466
443
336
167
31
170
136
30
90
189
293
251
453
231
361
396
211
298
35
227
56
302
48
51
470
192
69
341
74
147
46
52
126
259
450
366
411
113
252
409
201
148
122
142
338
340
233
72
295
391
503
360
137
415
352
260
199
395
377
253
412
359
183
325
372
95
65
465
461
107
448
219
120
54
310
354
171
393
321
370
420
306
164
358
