277
85
80
348
124
418
148
511
197
208
154
24
212
45
480
233
215
251
278
475
409
502
69
464
307
88
452
120
115
411
12
141
456
389
256
496
506
101
110
313
232
189
303
298
469
393
284
481
441
15
407
217
347
285
140
195
91
30
16
486
483
338
287
355
406
371
236
470
340
179
52
373
357
64
331
205
488
427
95
507
375
376
367
155
21
118
207
0
213
361
318
66
138
383
269
308
150
249
485
219
391
429
453
504
182
178
172
311
20
61
413
202
48
320
377
234
59
326
9
280
235
451
163
505
253
462
46
495
428
86
266
54
90
58
240
186
509
426
143
302
323
492
121
185
455
300
230
254
435
246
165
36
109
200
362
4
422
309
79
41
396
261
290
279
11
402
184
262
289
116
354
459
100
7
379
252
390
487
181
74
68
157
364
106
499
17
247
408
423
314
501
401
445
281
358
34
113
461
397
288
503
133
493
257
2
63
198
382
374
8
97
430
201
160
328
92
23
439
344
38
112
137
471
454
103
394
18
29
190
221
136
131
425
174
380
322
400
329
447
203
82
274
405
296
343
342
206
108
98
478
398
330
339
360
301
404
81
71
222
173
13
211
144
226
162
70
479
183
164
193
370
28
65
152
19
319
1
114
494
491
60
295
147
180
56
359
250
440
381
67
437
168
276
75
333
35
392
297
312
187
107
472
366
304
228
93
242
321
490
142
47
315
489
159
123
99
484
72
341
83
337
482
403
89
271
119
473
268
130
102
105
171
352
55
3
448
388
412
122
227
291
353
436
466
158
316
14
476
111
231
327
259
214
145
450
224
32
458
306
175
345
192
349
467
151
161
245
170
378
218
414
286
22
196
267
94
417
317
44
134
424
223
273
310
176
346
104
126
169
25
62
386
432
128
31
415
5
443
265
248
199
263
264
135
498
53
399
351
51
438
419
465
431
77
324
260
356
125
241
73
149
166
258
39
216
49
410
332
237
270
294
365
210
43
420
26
299
57
238
229
78
468
500
188
363
497
416
325
220
127
446
6
33
10
37
293
305
508
275
225
76
283
282
96
194
369
50
87
372
477
27
368
255
239
434
336
385
153
84
209
191
244
421
449
167
40
117
395
444
474
463
177
243
460
146
139
334
42
442
335
156
204
433
510
292
272
457
132
350
387
129
384
