474
200
413
336
204
454
427
245
442
257
279
430
147
239
180
510
313
481
308
315
40
503
457
223
21
17
103
108
7
342
191
273
213
494
190
303
23
53
189
318
242
403
462
20
251
179
162
218
402
231
19
196
42
295
152
90
309
504
217
167
460
331
287
300
292
6
227
472
79
132
366
386
493
211
82
282
506
464
290
296
142
98
304
244
345
60
37
484
237
397
498
123
267
134
312
362
160
459
485
440
208
400
489
466
270
278
11
417
351
299
12
364
238
69
168
140
347
111
88
172
354
71
505
29
420
410
355
250
73
113
35
214
301
185
241
322
57
363
138
288
297
511
448
174
25
365
428
434
9
435
390
64
148
195
156
27
41
100
154
34
118
39
379
120
201
478
75
136
344
109
135
70
329
424
255
263
473
229
171
49
437
258
52
316
444
387
372
166
302
47
357
283
264
465
117
151
476
225
496
178
332
94
471
153
26
458
272
381
419
450
212
404
54
447
186
394
470
16
72
333
477
425
343
479
376
317
319
348
492
36
8
320
235
80
45
145
406
177
395
131
334
407
508
396
207
182
232
416
443
99
126
32
405
224
294
310
495
353
97
436
115
155
491
399
340
383
209
298
56
89
181
247
61
76
371
284
169
165
146
141
286
291
432
67
221
380
487
455
33
391
3
256
401
431
246
230
409
121
51
338
106
81
269
500
92
499
384
507
236
360
339
456
48
114
163
228
150
463
411
127
14
423
0
105
367
277
421
433
482
486
275
210
453
306
58
184
323
408
50
216
388
31
44
449
38
468
222
467
205
22
68
488
74
43
249
439
446
164
469
63
359
194
252
15
349
368
414
101
266
149
13
158
112
271
193
110
199
129
314
418
398
248
30
375
328
4
260
28
373
305
95
183
415
324
356
274
96
268
254
330
86
429
501
280
83
289
188
128
240
509
139
321
93
377
206
441
389
125
281
374
65
483
445
361
393
219
327
326
143
234
385
159
293
480
369
341
187
422
5
1
378
253
307
87
438
261
130
192
122
2
46
276
173
91
475
358
452
202
55
451
350
176
170
77
502
497
116
18
233
285
104
335
262
175
311
198
215
10
203
119
265
78
107
337
161
144
243
220
85
102
370
62
392
461
157
124
382
226
133
325
59
66
412
84
24
352
426
490
197
259
137
346
