300
470
42
494
16
108
100
130
334
213
75
58
352
159
270
414
27
64
28
109
96
407
325
357
437
436
319
9
162
505
267
441
87
263
446
190
189
454
291
165
423
302
241
387
229
322
61
226
511
133
74
510
490
29
52
212
203
105
257
134
466
476
432
180
301
199
296
428
508
196
439
383
369
425
72
330
247
496
110
305
450
62
499
276
168
399
221
497
506
170
400
329
458
245
453
33
337
41
363
309
0
45
181
210
472
266
36
324
416
193
434
207
194
250
107
392
272
292
364
288
191
448
111
306
157
49
321
422
279
498
59
410
327
60
163
405
34
88
386
275
231
82
442
43
18
127
176
192
117
156
312
304
393
420
44
424
101
421
227
20
344
200
146
25
411
236
47
54
26
4
356
380
286
281
151
126
112
504
313
104
2
115
412
142
85
183
445
350
443
63
234
346
158
370
451
284
68
169
293
239
373
195
315
338
102
230
354
1
489
252
184
358
21
415
57
76
185
148
333
271
464
360
38
340
167
406
265
242
40
294
99
462
97
258
124
507
6
447
94
93
144
461
382
5
219
273
335
501
24
81
91
164
48
155
459
345
268
11
396
260
307
282
435
351
69
473
377
19
394
481
95
56
426
378
135
50
249
278
220
90
80
30
371
222
129
314
376
78
217
492
355
460
440
173
455
186
433
483
375
121
208
118
66
140
463
438
238
495
12
55
84
139
225
147
331
73
289
452
262
51
255
471
77
379
502
341
444
92
205
39
404
427
366
17
8
161
201
187
280
488
417
465
37
389
457
328
409
206
374
214
65
244
89
320
202
179
160
430
368
474
353
259
297
35
145
224
361
485
253
174
323
479
480
79
251
248
316
3
456
343
171
372
449
138
347
359
114
22
303
429
503
197
243
232
418
141
468
277
478
298
233
23
149
204
240
290
177
188
384
381
264
310
32
493
390
332
283
216
391
98
53
31
484
132
7
83
402
287
318
274
172
336
482
116
269
342
122
408
388
14
198
223
419
103
397
500
295
339
67
469
178
256
10
182
128
486
136
246
106
119
285
120
401
491
349
385
113
311
125
153
166
70
209
299
509
228
254
413
348
150
152
431
218
362
398
317
215
131
326
367
477
261
123
308
403
467
475
137
46
211
487
365
154
237
86
15
395
235
175
71
143
13
