244
231
501
363
182
490
288
317
268
62
454
234
117
31
276
271
90
278
488
385
236
68
110
423
216
151
187
195
304
414
227
357
469
289
460
377
101
174
483
457
192
263
373
140
412
325
176
1
471
220
38
25
50
318
306
290
428
328
193
260
34
320
426
440
52
78
29
92
8
81
509
375
510
336
369
436
285
362
352
213
433
494
166
310
308
22
156
75
365
502
280
24
35
54
348
424
392
429
330
240
180
477
284
167
200
165
37
211
339
138
230
225
18
466
71
256
145
441
40
189
307
349
459
100
409
463
493
480
5
291
297
333
46
144
242
65
443
190
383
114
341
287
387
372
21
439
361
210
267
464
380
41
455
133
432
257
321
153
70
57
507
10
158
191
316
319
112
410
468
77
258
314
113
115
135
56
7
9
116
449
248
331
503
446
435
473
218
266
235
451
370
262
351
327
58
407
14
209
388
233
185
88
107
194
378
183
147
395
89
232
474
281
465
120
123
39
259
239
264
160
118
472
458
64
326
311
496
498
396
408
131
393
221
19
30
353
143
482
371
283
350
207
162
438
401
105
127
397
448
303
164
246
366
300
418
354
272
504
125
506
122
197
255
223
492
198
301
511
106
238
208
2
359
67
201
128
60
94
445
15
462
32
171
237
59
13
157
136
219
87
202
84
419
27
111
134
368
142
206
103
141
241
63
382
51
212
484
394
196
305
86
347
126
249
286
356
296
28
309
431
274
66
422
299
129
334
413
478
312
279
508
173
204
427
45
170
270
273
48
12
261
55
43
499
398
313
450
154
335
124
404
461
332
302
20
137
205
73
386
497
74
79
340
72
247
476
384
364
329
98
99
400
452
177
453
16
479
360
61
269
152
298
228
215
292
23
181
163
93
3
342
505
355
295
4
108
179
251
36
338
175
139
96
434
245
169
26
178
49
315
119
345
155
224
188
253
425
437
53
76
282
254
403
250
485
405
344
42
467
442
456
149
121
390
161
199
130
323
222
343
243
470
486
430
146
150
83
411
447
406
500
33
346
487
322
416
481
379
97
475
402
82
132
44
444
358
148
252
277
6
374
102
17
104
491
229
489
367
275
265
85
420
168
0
415
294
91
389
293
421
376
381
217
69
80
95
186
47
11
184
417
226
324
495
172
337
399
109
214
391
203
159
