37
403
267
24
256
250
415
184
67
207
424
78
255
23
202
80
82
387
11
110
431
31
181
489
454
477
473
9
108
370
474
281
397
45
56
439
275
301
463
382
359
200
496
375
6
283
95
238
282
0
71
304
33
471
174
8
485
322
104
84
307
453
47
338
12
408
495
50
139
306
76
57
237
320
257
402
308
229
132
195
173
482
231
343
210
436
356
92
116
455
506
123
148
269
331
169
191
414
13
487
199
128
166
344
350
426
297
25
196
391
276
381
469
319
365
486
178
105
342
115
465
97
279
225
87
405
491
371
334
432
240
505
456
447
129
450
3
380
293
236
274
437
203
299
168
235
167
149
290
412
253
85
157
394
150
161
208
503
460
212
52
215
490
35
170
60
411
197
186
86
175
201
423
289
302
442
245
504
270
313
89
185
492
446
213
143
59
395
377
244
392
164
388
249
479
312
151
462
459
336
497
353
159
444
49
43
99
475
347
5
180
77
133
373
363
68
418
72
154
263
162
163
348
241
390
398
190
113
214
292
404
264
120
29
242
106
349
96
226
501
109
435
216
366
345
303
510
351
314
179
277
83
66
254
488
4
36
272
94
228
73
251
58
429
232
420
346
341
206
480
135
114
261
260
326
10
34
107
401
357
30
410
147
268
101
20
407
434
451
222
430
278
493
204
425
440
287
223
483
416
177
21
399
449
155
498
239
183
413
220
358
53
51
461
44
280
194
379
466
224
247
146
193
337
333
188
339
137
386
271
443
79
300
100
64
19
7
476
464
38
243
88
171
368
63
291
262
248
227
494
136
372
93
360
448
310
258
389
421
400
286
361
54
144
481
285
130
441
317
112
131
219
217
316
22
221
75
385
369
384
40
153
62
376
48
81
246
117
305
15
452
160
69
205
1
325
478
335
98
127
294
332
26
374
198
125
330
433
309
118
328
16
103
91
142
509
323
468
355
233
172
187
61
406
119
140
32
134
122
126
41
417
252
158
55
298
65
315
28
111
42
152
46
340
367
192
259
266
17
121
500
156
502
124
2
499
141
165
284
102
484
273
321
295
211
288
362
145
470
409
218
234
90
507
511
352
265
324
354
14
39
364
70
396
427
318
383
209
18
296
74
327
438
329
27
422
378
311
458
393
428
230
138
189
457
445
467
419
182
508
176
472
