410
480
463
242
254
238
313
325
75
499
108
65
496
426
88
197
319
309
187
385
311
374
47
500
379
136
112
224
77
2
266
380
461
359
312
133
345
178
344
244
412
286
170
237
393
31
13
113
91
34
40
121
277
166
118
294
355
287
49
503
416
321
435
490
147
130
181
103
184
284
424
195
457
246
232
115
175
390
248
28
60
41
497
245
508
61
80
467
397
331
66
154
4
17
62
233
255
86
168
150
276
448
278
281
369
404
196
201
42
208
180
229
395
191
491
349
400
488
338
502
449
264
176
352
74
510
506
456
377
320
341
444
415
240
299
484
396
433
200
0
148
425
179
368
346
285
250
300
35
261
235
445
348
301
55
10
373
332
167
226
14
305
138
30
483
68
414
504
230
356
279
258
12
252
475
131
198
120
343
125
304
481
511
453
126
434
153
505
251
290
421
44
441
336
32
314
446
307
105
152
392
159
149
106
408
38
293
358
260
69
413
351
25
23
78
214
486
141
378
225
109
239
406
98
303
357
353
265
165
269
462
26
177
151
213
51
262
387
485
5
3
143
450
19
211
376
52
383
63
129
135
452
81
111
259
39
273
85
119
210
354
350
423
216
282
59
48
107
494
464
231
227
221
89
190
207
218
370
438
298
322
340
418
18
8
405
222
431
430
50
29
327
474
79
102
173
274
469
137
316
194
21
310
477
206
27
275
302
90
134
83
270
249
101
243
209
57
11
84
451
391
257
365
70
117
409
394
215
267
96
157
155
465
256
482
162
471
459
192
124
94
71
487
43
156
382
328
296
186
495
140
324
339
443
472
204
272
127
335
22
407
203
142
509
398
169
15
306
436
24
280
37
171
326
72
347
6
489
288
36
466
95
384
389
308
161
128
333
183
507
100
493
174
241
329
476
283
428
403
110
478
399
458
271
498
73
492
292
234
46
427
76
7
439
253
146
53
440
411
16
220
454
212
182
145
82
99
172
363
116
289
318
97
417
54
479
419
236
364
158
360
375
67
437
263
56
219
205
122
317
295
386
104
291
87
422
366
164
163
132
460
402
58
202
64
420
1
33
432
401
381
362
9
330
297
442
268
337
188
447
473
45
92
114
160
342
228
20
199
185
93
468
189
429
372
361
501
455
470
123
139
367
334
144
371
223
247
388
323
217
315
193
