356
78
62
281
1
69
53
492
433
299
510
256
387
493
234
134
83
416
239
127
181
352
266
252
222
232
192
131
377
145
28
203
247
17
332
155
163
293
95
57
19
479
87
378
107
371
473
176
365
123
110
491
334
313
257
478
415
26
443
453
129
304
146
85
122
187
337
130
56
227
151
432
216
326
93
487
240
316
90
79
228
49
182
270
241
362
208
4
508
51
455
488
381
11
277
395
71
426
84
61
345
267
141
351
225
200
439
302
0
496
344
485
243
408
317
117
311
343
261
39
174
207
463
164
248
139
124
149
54
458
58
273
211
506
341
421
419
376
442
42
3
13
274
143
118
348
18
133
190
221
188
106
113
349
284
278
100
166
245
411
161
27
86
448
38
385
369
288
357
260
109
224
400
501
33
7
147
262
382
235
427
158
325
303
477
447
502
132
237
279
397
430
70
82
295
251
305
399
67
331
314
165
35
329
318
483
76
335
276
204
366
412
361
410
323
394
292
30
191
280
81
425
271
29
398
409
372
350
449
94
112
101
144
205
286
424
390
435
75
504
31
194
255
22
254
319
46
310
195
64
474
388
233
135
242
104
297
379
77
177
324
476
169
336
495
283
374
321
229
475
294
368
498
126
136
346
185
72
153
96
268
434
250
15
34
505
201
89
160
386
178
12
162
500
503
454
490
59
494
467
212
272
218
45
21
103
375
428
175
364
392
300
446
285
429
43
451
469
209
438
41
486
460
24
450
183
8
482
6
320
138
215
60
37
306
105
353
414
359
2
282
333
436
137
418
328
159
298
121
114
115
499
269
5
315
10
198
509
44
465
452
470
370
355
142
231
402
230
108
186
236
404
307
99
441
214
223
291
217
468
464
32
244
193
391
287
36
173
179
407
461
148
417
338
120
457
383
431
102
14
459
406
150
74
199
327
210
171
422
462
309
91
312
68
389
92
401
289
40
405
322
116
213
440
184
253
140
393
480
489
65
360
444
157
156
258
396
265
296
481
484
339
23
20
25
55
330
52
238
423
97
403
172
220
373
413
63
342
167
497
152
456
380
445
88
66
472
471
249
347
119
47
466
48
437
180
264
354
154
259
340
73
358
202
275
363
246
420
367
290
168
263
384
301
16
308
170
50
226
206
189
511
98
197
125
507
80
196
111
219
9
128
