437
97
154
428
62
392
349
479
144
377
197
439
320
504
262
375
387
449
322
89
333
290
455
422
27
496
211
489
382
311
475
419
294
487
341
254
310
237
460
6
141
30
219
99
278
188
162
432
399
297
14
257
408
16
418
485
55
95
316
269
48
324
299
76
410
268
228
193
75
198
435
416
265
329
46
346
181
264
318
398
319
246
128
215
124
270
168
225
253
477
156
94
293
425
105
64
77
138
466
73
47
196
57
43
397
187
223
214
368
127
142
465
313
255
231
243
303
35
194
304
135
471
209
233
216
495
80
452
125
456
490
511
355
112
229
506
217
85
376
238
26
13
33
296
177
54
287
411
245
0
146
267
4
56
202
24
500
15
280
29
175
44
176
22
96
361
438
429
18
148
260
358
150
413
402
82
37
178
309
284
340
221
60
431
508
271
476
424
185
258
276
288
126
343
11
507
473
3
167
457
403
165
482
244
314
409
230
139
335
348
442
440
451
116
79
261
345
321
74
459
7
123
282
132
66
295
19
390
98
101
153
446
227
256
342
204
131
308
86
354
423
32
143
9
334
388
461
263
481
106
332
292
357
155
281
274
102
190
12
427
189
381
151
199
467
488
152
45
140
147
173
248
117
91
317
182
352
391
380
279
31
369
447
34
50
69
373
458
492
51
326
235
170
445
207
415
472
108
421
394
205
351
302
236
307
38
134
464
166
300
406
405
71
301
206
285
137
469
208
118
356
395
353
240
122
426
161
372
149
232
90
226
114
363
443
378
164
53
359
59
453
160
371
339
186
283
441
72
389
502
42
49
58
218
505
39
385
315
444
120
41
183
463
110
213
503
454
88
374
158
40
201
84
494
130
501
325
291
383
67
242
157
478
63
286
17
109
191
8
386
78
220
239
509
2
250
172
498
100
224
81
68
366
417
113
306
470
169
10
70
28
61
222
483
184
407
247
404
133
145
52
347
491
462
234
192
266
393
200
273
171
111
212
434
107
323
210
499
65
87
92
412
180
103
121
350
337
497
327
275
400
1
25
129
436
174
331
36
365
251
277
414
305
252
298
420
203
474
450
493
486
401
338
289
330
20
336
448
364
360
344
249
104
433
163
362
312
468
195
179
510
5
484
23
136
384
396
370
241
115
93
159
259
328
83
480
379
21
119
367
430
272
