61
154
12
273
129
48
134
15
209
104
96
325
14
121
240
264
241
493
309
342
466
288
329
204
1
45
470
239
82
390
238
244
428
78
293
436
248
286
180
166
402
159
481
509
464
503
27
510
479
98
247
157
388
64
105
136
328
44
497
406
498
360
335
418
19
89
179
376
341
219
18
298
73
311
338
145
123
291
413
210
257
65
467
173
35
229
476
87
457
188
449
426
71
416
158
29
3
256
0
408
142
26
364
322
149
332
251
480
438
174
62
175
281
412
351
148
16
502
135
431
252
398
277
473
231
53
267
321
285
346
373
198
447
392
52
57
423
234
139
357
333
102
484
235
386
222
443
93
260
75
74
305
254
201
255
79
420
13
124
439
349
316
411
331
475
197
350
327
381
30
313
228
354
434
353
492
232
31
474
395
263
194
39
80
459
270
501
271
227
414
131
491
319
88
101
153
138
56
361
507
504
461
216
207
214
494
63
295
218
324
70
419
233
382
496
125
176
113
365
284
250
24
47
199
387
200
455
230
8
245
37
10
4
43
2
170
348
482
249
296
303
318
336
415
150
454
160
22
76
68
177
246
100
366
183
456
393
58
326
302
143
54
460
167
72
401
261
187
109
23
417
347
294
283
202
192
314
112
55
116
92
95
190
36
425
300
410
379
304
34
407
486
221
323
477
374
226
181
506
424
236
243
146
380
292
193
32
182
86
137
396
127
394
164
178
444
500
463
372
83
85
391
445
155
344
103
339
505
358
114
140
276
345
9
195
162
99
450
141
217
274
168
196
471
126
427
453
307
499
508
6
435
49
280
206
377
375
469
511
42
383
409
11
490
66
90
258
106
21
81
448
310
17
122
368
440
403
378
46
220
169
108
337
242
465
275
446
279
156
359
151
59
312
330
189
272
367
224
315
186
51
320
488
117
118
130
7
472
397
370
110
133
430
429
442
441
203
458
77
452
282
184
262
363
343
40
432
433
60
20
107
215
421
152
297
253
259
144
437
28
340
265
237
266
25
211
171
91
399
41
191
38
334
290
97
205
128
33
165
487
115
317
278
172
299
161
404
356
223
289
362
119
405
5
385
478
369
485
306
495
483
355
212
213
225
422
94
208
462
268
489
120
269
185
308
352
371
69
301
384
163
389
67
111
50
147
468
451
287
132
84
400
