464
196
442
74
257
116
76
351
289
256
445
208
377
494
393
403
120
85
413
199
271
176
364
160
19
89
501
370
51
162
71
245
455
278
166
48
115
485
66
12
197
323
261
73
303
463
450
171
272
132
37
467
227
232
83
28
64
490
308
52
424
226
458
400
109
90
345
131
414
213
24
144
492
301
389
418
88
276
243
410
38
435
126
439
496
340
449
387
310
135
70
117
309
415
178
94
358
280
60
258
305
100
43
286
357
482
392
476
164
489
247
67
159
481
61
302
493
325
497
380
372
242
388
173
334
133
145
10
434
216
332
488
86
254
130
246
200
203
384
110
471
65
139
17
143
322
33
29
80
252
42
437
30
369
209
1
327
2
3
218
330
421
230
236
53
447
350
13
379
444
269
430
416
250
461
102
441
262
480
249
113
27
374
34
84
453
192
79
368
50
283
106
292
188
402
300
294
184
119
124
508
268
425
16
46
473
297
454
411
191
55
408
367
270
239
255
95
443
49
205
475
193
233
273
448
59
4
204
202
457
96
511
231
157
429
321
342
103
251
35
274
356
186
127
220
138
228
313
14
304
168
366
23
460
161
244
253
365
122
293
87
150
266
451
175
306
36
296
343
259
267
376
459
265
284
54
240
373
32
62
428
217
99
123
111
500
409
478
371
219
56
211
423
31
338
7
375
69
229
198
47
207
201
347
179
92
385
462
316
390
44
397
486
224
129
39
177
125
146
399
275
78
98
398
346
311
383
40
285
241
431
498
15
118
181
479
114
155
152
172
101
149
469
0
169
214
190
91
163
136
378
295
395
381
41
329
104
499
354
331
319
158
465
156
108
433
18
333
312
362
307
446
5
282
57
20
288
472
221
63
320
440
11
8
419
391
404
134
68
495
363
466
315
165
58
432
359
438
405
352
287
506
349
260
97
137
212
148
318
324
353
194
509
234
360
417
77
291
505
470
487
361
335
225
394
235
436
412
484
483
422
26
344
180
491
151
277
154
355
81
317
510
502
328
93
427
339
507
105
326
396
141
341
237
185
222
336
174
299
279
167
82
206
386
153
187
142
263
21
170
189
290
112
215
407
477
406
183
468
9
503
45
298
223
420
182
25
210
147
474
22
382
281
75
264
128
426
6
195
140
348
314
504
72
121
248
337
456
238
107
401
452
