353
273
360
73
163
361
87
220
250
130
131
478
319
388
426
479
341
116
25
6
245
397
274
334
313
503
277
149
326
267
82
253
392
11
247
101
394
398
141
36
436
248
92
387
20
203
53
265
96
385
292
452
207
488
50
363
204
414
2
197
329
485
324
28
449
428
95
453
298
45
350
266
384
296
349
509
501
346
193
121
295
9
168
249
72
37
399
69
466
93
297
376
289
278
494
411
442
139
359
15
408
502
162
378
255
229
4
8
467
340
507
64
321
402
432
177
71
120
299
371
418
269
228
180
366
258
246
300
231
510
417
279
425
401
495
102
465
233
167
322
430
58
190
390
127
504
497
17
214
206
134
221
476
118
65
217
237
110
227
113
191
192
290
316
219
55
511
294
148
76
275
91
24
14
241
486
215
200
23
482
508
29
403
370
27
427
160
46
410
280
369
79
490
132
109
208
339
10
61
446
441
492
357
493
318
439
354
40
412
111
195
77
422
474
47
447
462
89
338
83
454
260
239
129
455
456
469
320
416
159
325
30
243
22
1
99
157
194
304
345
122
78
189
48
281
153
451
386
63
175
333
181
352
187
26
222
315
368
285
242
34
496
499
100
176
19
56
18
49
66
123
136
152
183
236
150
138
421
435
475
117
308
480
458
198
264
234
94
409
43
309
287
471
171
468
51
235
348
178
420
173
379
210
459
125
144
84
375
232
448
119
484
107
68
312
238
362
413
365
444
205
42
147
472
124
396
284
252
302
155
407
90
133
261
262
327
67
263
223
419
128
185
54
158
487
337
393
310
224
477
463
170
140
438
33
3
146
498
286
126
115
112
211
259
35
434
114
305
364
328
57
344
460
218
31
303
332
41
291
500
143
335
169
230
404
161
406
103
196
311
38
106
377
74
443
213
164
483
145
323
154
270
358
32
80
440
380
44
256
226
62
395
81
52
13
431
201
445
137
70
174
342
457
450
283
88
244
199
254
104
405
5
105
473
21
331
293
240
108
272
251
98
184
276
59
166
186
415
165
209
437
489
491
367
97
391
383
60
355
389
381
151
212
382
464
86
135
172
481
424
347
433
356
202
16
470
182
307
85
301
268
461
156
506
330
429
314
0
372
351
271
400
257
282
373
7
188
343
75
336
374
179
505
423
317
12
306
288
142
225
216
39
