474
476
356
233
13
155
203
338
129
403
133
416
125
88
291
322
69
341
206
174
177
444
34
387
12
256
305
96
103
333
200
441
377
438
317
130
90
262
506
145
121
495
344
295
171
276
353
360
243
287
178
205
467
404
77
266
6
48
115
222
409
149
163
20
111
255
278
282
260
211
358
384
175
415
488
160
468
453
471
235
241
498
459
225
156
27
9
113
150
164
80
363
372
455
398
62
215
224
148
343
382
104
217
216
251
19
250
365
376
124
469
300
100
507
477
486
134
122
385
168
183
323
86
367
487
349
146
303
132
490
153
386
302
97
412
47
22
457
74
375
493
75
99
137
351
352
244
326
505
324
7
237
85
373
496
220
56
92
484
309
347
136
107
431
405
57
139
159
464
167
494
193
392
194
204
141
65
336
502
292
450
510
263
14
52
73
429
330
410
230
236
328
383
76
95
499
126
301
424
165
478
66
2
423
127
500
252
246
218
43
32
440
269
31
105
49
430
355
147
114
265
187
172
26
284
128
501
180
308
299
59
442
67
462
321
371
131
55
304
447
407
296
79
489
419
332
445
492
245
112
463
202
8
119
259
101
152
503
312
197
290
346
60
274
91
361
511
29
182
4
191
179
18
390
3
64
388
213
36
280
334
70
483
342
434
446
339
249
406
199
472
452
24
15
451
188
461
318
504
439
123
232
460
120
257
381
313
391
389
354
16
5
481
396
420
319
357
289
51
46
261
169
234
286
144
421
89
140
196
0
253
209
279
212
433
10
264
78
61
38
267
491
176
366
414
231
214
30
58
102
454
154
435
190
189
21
248
283
465
368
23
195
443
242
25
364
184
223
297
53
379
270
458
436
37
118
226
397
201
28
473
272
408
87
428
335
479
219
298
277
345
157
281
394
432
82
143
306
311
470
480
94
401
293
116
331
413
158
17
288
109
35
482
402
369
285
221
348
400
161
71
45
228
271
170
181
83
350
411
315
456
508
275
449
33
227
166
238
98
240
310
327
81
151
314
340
135
466
108
427
425
254
138
329
268
247
54
173
44
320
359
93
239
11
41
374
162
437
422
273
210
497
316
229
1
208
417
198
106
448
399
418
42
370
485
39
40
294
142
337
63
110
117
68
509
50
258
380
393
378
325
362
395
475
84
192
307
186
72
185
426
207
