309
391
376
68
74
249
454
351
204
364
414
129
380
507
65
115
222
421
243
289
12
396
261
406
281
38
458
422
60
367
491
415
370
253
186
113
437
97
336
417
51
216
473
339
230
353
138
95
134
146
201
365
228
76
295
379
471
157
478
77
401
348
455
47
468
63
311
399
363
202
17
5
317
342
132
388
114
398
435
450
485
497
105
438
278
432
143
264
483
366
208
387
124
147
322
256
232
69
279
418
490
395
207
273
197
88
2
135
154
308
341
123
194
206
324
377
302
330
462
152
126
231
511
263
72
487
328
442
120
356
70
445
465
329
193
151
276
81
484
427
368
268
241
439
101
404
397
219
234
227
11
87
463
106
500
476
447
94
62
319
347
270
41
416
502
247
128
314
357
140
191
133
137
333
1
8
122
238
394
287
508
306
37
407
400
375
48
92
180
426
305
488
107
55
42
291
205
510
332
173
372
161
56
144
509
411
361
495
4
181
382
460
294
200
57
0
284
99
189
84
310
292
371
282
479
221
449
428
271
91
498
160
136
352
470
482
318
453
259
213
446
506
412
492
26
139
103
215
28
32
127
44
425
486
325
354
78
187
71
323
75
315
35
40
82
456
316
98
326
459
349
155
239
242
443
111
209
30
343
86
285
10
64
358
116
235
451
19
142
327
464
184
272
164
149
220
214
320
265
359
156
410
338
61
121
233
335
250
53
288
14
262
46
29
373
104
403
168
73
236
52
31
260
393
172
475
171
110
283
461
384
345
237
34
59
18
301
503
436
331
280
448
444
296
199
300
21
257
27
409
218
195
501
24
66
212
313
54
148
362
334
266
165
252
45
175
39
50
286
203
145
210
33
321
499
162
229
246
83
185
469
267
166
274
80
226
298
275
304
163
90
169
108
420
307
43
424
337
293
117
245
96
49
223
158
340
85
374
297
290
93
109
190
346
423
494
489
477
350
224
434
381
9
480
6
67
392
22
408
505
429
433
79
457
3
474
452
178
504
378
251
179
100
386
119
141
7
244
385
355
174
419
176
192
182
312
36
481
89
254
360
248
159
20
58
153
217
255
240
188
225
16
102
402
390
198
496
383
472
440
130
441
493
405
299
303
369
196
413
25
118
277
269
431
15
177
112
344
258
211
467
150
170
183
389
430
13
167
131
23
125
466
