469
148
297
246
173
167
279
69
314
190
112
195
497
131
383
285
341
28
435
71
282
55
391
101
31
221
132
176
143
406
350
509
403
320
243
307
108
142
440
347
6
27
119
387
277
404
172
61
500
260
30
33
392
511
510
335
48
429
9
276
165
53
194
384
417
70
499
139
5
258
280
322
117
89
162
79
171
124
113
380
104
115
283
372
346
242
504
412
256
490
84
411
211
319
46
306
478
125
58
74
236
248
24
365
502
295
317
229
454
230
247
450
44
140
200
216
138
20
35
100
137
107
207
96
385
345
330
298
451
290
175
442
505
34
25
474
106
252
261
81
202
310
128
97
187
94
364
109
188
199
158
226
179
369
313
10
355
289
244
156
123
52
250
219
501
299
196
50
452
354
41
12
418
482
288
161
233
471
240
363
239
160
110
7
17
489
337
348
458
342
14
376
308
331
445
266
42
375
197
227
470
304
464
201
437
465
105
22
428
186
274
508
103
457
206
286
174
438
225
405
38
402
215
76
86
506
88
251
241
259
218
59
40
129
121
183
462
223
415
441
362
231
419
67
90
399
294
134
444
477
85
155
51
135
300
77
370
208
11
151
217
159
203
359
152
13
495
432
147
461
275
410
353
268
75
421
154
484
382
62
60
29
292
486
66
333
169
32
224
136
146
127
358
178
204
153
494
214
126
463
262
459
278
83
238
95
327
325
99
389
360
449
269
272
3
91
220
73
149
423
439
0
56
92
68
430
476
311
321
163
408
396
507
16
255
397
481
184
361
491
102
424
312
23
414
213
120
485
400
377
182
379
145
422
87
232
273
332
64
43
368
21
456
80
356
293
427
466
483
374
303
398
433
343
488
144
192
63
390
344
1
349
480
395
281
467
425
265
436
18
373
15
416
47
315
45
357
407
4
493
212
65
431
409
352
270
446
316
177
434
271
111
448
381
180
116
487
234
114
205
245
54
498
394
296
210
503
8
420
328
305
181
72
39
264
191
318
235
496
291
133
267
166
164
189
2
473
36
249
468
413
122
130
19
334
228
168
198
378
254
118
401
339
371
492
338
82
455
49
475
340
78
193
93
393
472
185
237
26
309
324
284
386
426
367
170
150
460
263
366
222
57
37
301
302
253
453
447
257
479
336
98
388
443
329
351
326
209
323
141
157
287
