143
156
374
446
136
286
305
498
435
14
451
327
147
384
122
250
254
320
195
36
289
166
328
170
300
369
55
241
484
507
417
249
107
364
460
306
502
394
213
11
118
372
474
447
47
381
130
77
261
39
452
73
408
442
467
463
440
495
33
16
314
68
276
400
18
365
338
436
479
178
188
6
148
240
256
144
307
390
490
209
356
322
336
110
102
222
231
357
132
376
433
109
464
190
121
92
472
486
123
150
264
236
349
119
355
161
135
65
151
392
488
128
404
485
72
344
184
373
185
350
448
28
176
399
280
201
153
377
333
487
81
88
287
339
78
371
54
272
80
418
35
1
233
466
164
202
86
454
133
378
397
267
303
105
292
423
23
196
430
311
325
108
341
268
79
405
140
290
416
342
32
3
12
401
317
113
76
269
172
25
383
402
279
51
382
214
360
299
351
38
204
434
359
131
477
152
127
174
229
362
252
248
326
103
489
116
67
470
259
10
97
324
301
455
501
221
316
331
343
207
13
483
468
441
41
217
117
469
510
244
288
352
257
62
5
458
473
296
509
210
432
482
505
15
277
508
321
139
228
439
230
475
186
99
124
100
481
391
427
403
9
413
179
340
37
218
101
180
251
304
43
48
291
346
226
293
347
437
165
330
462
428
90
309
504
406
453
31
70
419
395
253
426
315
386
84
160
17
162
149
412
425
388
22
273
465
258
471
83
494
429
63
20
137
175
459
478
173
461
318
361
379
444
319
496
158
294
385
497
4
126
96
145
168
64
142
308
26
414
220
29
297
500
24
34
337
198
120
345
274
410
480
363
393
225
8
216
61
285
171
329
181
265
193
370
112
167
270
424
104
155
245
278
49
169
159
243
353
146
271
506
27
95
141
57
380
177
21
409
115
283
114
98
7
422
260
129
456
476
367
71
238
310
208
59
235
457
157
42
398
266
411
66
282
182
203
503
348
219
438
50
40
74
93
0
415
358
192
227
449
53
492
212
445
60
312
499
298
234
281
368
511
335
94
111
223
125
206
211
263
334
87
205
191
450
2
491
407
56
295
247
183
323
19
275
58
443
396
354
232
69
421
375
187
163
46
313
82
255
366
91
420
45
431
154
242
138
194
493
389
134
239
200
106
224
262
30
197
246
75
189
85
332
215
199
284
302
44
237
89
52
387
