107
507
500
63
68
239
435
75
233
279
403
438
368
187
492
249
411
389
185
430
464
202
246
5
356
70
193
151
163
455
54
419
499
92
401
15
293
253
141
318
396
355
139
463
505
198
287
247
380
467
383
98
29
82
453
121
447
118
481
208
37
240
72
22
347
315
306
223
186
21
9
325
372
300
434
412
365
407
232
301
218
158
381
480
274
292
129
367
291
309
482
421
124
84
51
285
181
397
191
427
457
65
90
328
147
217
390
115
78
20
116
320
477
443
8
74
488
472
12
35
511
61
354
439
265
13
271
426
352
392
459
393
229
509
305
149
170
256
83
257
192
3
471
394
48
195
445
53
111
312
254
154
398
216
126
504
162
442
146
491
366
248
197
209
60
332
386
137
465
101
262
348
311
77
264
113
399
310
490
40
460
370
319
56
255
290
243
379
134
62
296
502
317
81
196
161
95
440
99
303
308
236
96
299
251
225
87
183
174
244
201
140
97
466
47
210
337
80
119
510
241
454
17
175
280
228
238
433
361
428
423
123
157
449
335
222
363
418
268
495
10
86
66
444
475
441
375
294
176
395
194
206
138
349
213
177
0
489
446
385
470
100
168
478
476
69
266
28
376
188
468
25
55
360
226
211
184
31
135
431
125
341
350
344
103
424
357
16
405
234
406
164
462
378
307
327
295
432
297
485
331
269
41
377
19
321
322
212
404
497
387
252
33
18
24
230
180
32
179
461
474
323
42
109
508
173
414
458
267
450
283
221
182
131
235
400
469
484
88
493
165
237
340
91
155
23
276
104
326
388
359
166
178
6
260
215
59
136
425
422
473
114
133
342
219
108
102
277
452
382
330
105
417
364
487
346
329
4
150
44
304
1
338
205
156
79
258
73
402
494
496
333
298
49
413
420
250
288
207
76
112
373
57
71
263
313
410
143
278
142
227
94
127
43
284
145
479
374
409
160
2
456
408
415
224
64
371
273
353
261
506
204
189
334
343
336
50
362
120
316
451
89
272
34
159
39
384
171
391
259
14
339
46
501
351
85
302
130
416
45
58
36
275
429
26
324
153
214
231
27
167
289
281
93
148
437
67
199
503
242
369
220
106
358
286
117
345
110
270
11
52
448
486
128
498
152
200
122
7
144
203
245
436
172
30
483
282
38
169
314
132
190
