314
3
444
175
54
268
345
202
339
489
6
275
469
112
229
440
455
273
154
137
225
184
373
491
439
300
323
250
397
234
125
228
332
206
473
84
8
29
292
130
195
114
297
414
299
38
94
327
196
302
351
456
53
427
279
358
354
487
203
42
501
304
18
182
245
56
90
262
188
259
167
467
281
412
415
391
482
10
413
133
13
115
69
400
164
447
140
180
500
15
62
442
419
216
443
499
249
361
429
166
123
265
466
24
449
106
471
142
380
14
309
100
438
92
392
347
371
365
267
474
376
282
172
241
378
446
113
26
199
348
124
214
477
57
320
121
367
369
394
144
17
288
248
386
220
153
117
479
129
185
45
505
174
296
148
312
283
418
270
370
21
401
238
317
481
176
464
263
68
318
510
5
127
233
409
390
131
72
497
295
218
416
261
278
211
463
64
480
58
285
119
436
30
490
338
349
7
355
353
420
277
253
402
468
213
459
155
506
476
417
101
159
406
422
2
160
40
118
280
289
226
315
334
179
135
324
240
48
461
377
337
105
171
122
333
260
237
511
78
77
98
93
483
307
453
145
109
111
59
509
192
287
328
81
364
290
231
193
495
157
39
31
496
431
441
359
47
246
255
484
110
190
379
407
298
215
103
151
170
63
396
156
85
485
458
362
346
221
143
313
37
276
235
207
344
128
507
79
71
242
303
35
16
450
372
46
178
20
251
11
325
41
465
25
433
254
197
161
374
52
158
435
426
388
198
343
271
183
82
149
88
366
428
136
212
147
306
186
445
375
486
50
430
139
230
502
472
126
247
475
488
432
86
448
395
132
398
434
326
404
209
451
23
104
363
493
9
342
336
51
134
120
408
65
498
335
173
55
454
286
357
457
470
452
146
403
205
329
1
411
162
44
12
108
266
316
239
96
189
36
264
421
437
187
27
200
99
28
340
382
284
107
204
322
87
389
224
152
75
492
256
293
80
74
163
210
504
291
43
503
399
102
460
243
208
301
350
252
236
177
319
330
191
95
73
410
257
169
61
478
227
222
33
269
393
381
116
331
66
311
424
83
387
34
217
219
368
232
168
223
310
360
356
194
308
384
385
274
19
4
97
405
138
201
70
22
294
341
258
32
150
462
89
494
423
49
321
272
67
508
60
0
383
352
91
76
244
425
181
305
165
141
