111
341
26
431
447
40
387
198
148
393
486
417
85
123
410
277
448
487
459
120
502
9
454
188
397
371
370
240
511
5
476
173
280
345
116
193
453
179
29
270
253
56
160
171
238
468
382
25
80
181
438
479
312
39
373
182
134
335
416
493
10
271
128
420
353
508
86
354
70
321
396
418
266
392
229
477
227
199
441
130
64
231
344
104
491
36
169
259
452
232
287
62
108
458
144
337
342
197
143
15
492
51
317
415
237
203
251
307
109
230
403
167
278
331
466
285
256
239
315
299
436
385
324
53
313
457
428
469
103
222
205
174
17
412
460
421
478
481
298
348
510
390
124
211
215
149
503
155
380
235
292
8
133
482
506
509
225
274
357
63
82
351
429
401
189
186
395
284
501
326
273
41
84
69
262
297
138
145
461
78
68
440
6
413
177
223
425
126
190
96
379
91
449
65
136
3
55
391
49
76
105
322
166
172
183
368
46
500
163
73
89
456
311
209
362
325
1
490
445
201
430
398
424
195
151
389
474
375
110
363
217
498
213
467
334
361
117
494
378
349
129
233
250
52
30
290
291
304
495
14
48
383
282
194
272
463
352
59
192
343
141
470
314
407
402
339
19
97
221
45
131
332
289
137
365
90
74
319
81
95
507
27
442
489
295
327
296
87
115
405
228
135
34
480
377
159
356
21
101
210
118
279
93
318
216
146
283
446
99
265
162
308
323
204
44
206
71
132
504
432
464
7
376
98
100
254
411
12
88
330
18
241
484
434
328
16
316
309
465
107
153
261
329
404
247
306
60
433
28
11
485
451
175
57
455
293
156
102
275
83
33
346
67
161
435
366
294
24
333
185
255
42
252
150
258
360
475
267
439
184
359
22
113
200
4
302
61
106
374
58
427
212
400
472
246
242
214
140
154
31
422
263
426
244
119
488
303
462
158
367
157
414
187
386
20
208
264
191
13
47
369
125
180
473
127
224
408
37
443
50
92
142
243
268
364
165
112
320
207
444
336
219
152
450
77
122
147
269
310
139
202
347
505
72
281
260
381
394
419
32
355
423
471
350
305
23
220
178
114
338
497
384
234
399
496
483
406
94
35
245
286
170
236
249
437
79
276
388
168
196
38
300
248
288
358
54
66
372
75
409
164
121
43
226
257
176
0
301
218
340
499
2
