448
52
342
470
155
348
131
206
471
414
388
294
254
434
181
333
134
502
27
212
424
415
53
334
145
2
106
319
445
325
70
243
384
421
317
393
459
256
132
242
203
257
401
292
468
345
90
478
103
237
236
308
163
215
189
264
241
355
267
466
358
34
39
330
472
92
128
268
185
221
279
85
315
46
271
274
157
273
152
86
441
487
494
5
433
82
331
169
255
28
351
204
467
167
399
431
499
173
8
437
462
24
172
318
151
58
439
479
282
474
419
199
480
211
507
196
220
140
379
301
232
387
386
344
176
402
122
120
490
218
144
117
484
14
109
281
291
252
217
37
188
209
265
74
492
229
89
166
112
341
457
394
171
54
438
380
228
283
150
352
304
509
411
80
309
107
359
59
246
239
11
413
326
23
363
305
296
183
105
435
15
12
42
244
280
49
126
154
489
383
452
137
88
485
156
43
368
302
19
216
168
95
245
94
208
192
159
83
366
361
451
362
81
72
93
73
416
71
142
377
506
356
3
16
392
332
214
288
179
504
4
143
180
427
276
269
336
170
45
290
486
121
390
65
182
118
418
458
87
21
190
303
483
410
272
96
135
200
503
381
193
207
44
248
110
311
48
495
367
31
476
297
442
114
354
6
382
446
420
365
202
496
60
247
174
64
51
320
287
91
32
130
146
234
300
1
277
322
425
26
349
314
339
406
227
100
186
505
444
275
324
62
184
191
357
443
347
223
165
253
50
455
177
469
225
284
501
313
101
230
195
498
375
428
29
497
33
450
127
260
432
213
310
327
343
500
408
0
35
464
13
25
385
224
238
493
222
17
307
40
396
453
456
7
18
295
178
508
20
400
66
463
47
250
491
323
293
404
511
465
299
138
436
350
84
116
115
510
139
210
477
78
57
194
391
219
328
9
306
30
373
374
136
360
148
55
97
98
429
430
102
125
141
164
412
197
447
335
370
409
162
161
129
440
340
158
149
417
371
289
364
226
111
449
482
423
262
286
201
108
124
22
346
104
61
353
258
133
270
10
75
175
38
422
160
41
76
329
338
113
461
407
285
460
372
261
397
454
233
231
488
378
123
240
405
481
266
205
79
278
187
56
249
69
395
119
389
198
398
321
475
316
36
67
251
403
426
376
153
77
312
63
147
235
337
259
298
99
263
68
473
369
