271
126
281
35
220
459
99
441
457
199
349
440
503
106
501
124
266
243
247
381
105
494
316
216
43
509
508
246
52
51
134
86
333
476
208
181
218
335
352
224
329
238
227
411
111
18
140
305
41
270
38
451
71
76
325
10
330
357
419
260
198
370
312
13
122
4
148
180
496
118
307
154
242
469
399
81
82
356
294
66
182
123
363
129
499
342
378
388
302
462
344
89
436
482
231
414
101
5
385
498
214
292
245
261
194
205
299
262
347
319
97
146
371
16
284
6
291
57
487
452
346
128
507
90
120
435
7
427
112
405
324
506
455
228
25
192
256
421
343
47
236
375
115
160
185
424
159
468
304
500
429
413
315
272
430
327
237
472
409
94
46
65
380
197
103
328
336
392
183
450
239
386
376
308
142
92
326
265
190
28
119
322
93
130
58
289
59
249
478
423
474
11
147
345
27
156
136
332
177
355
410
40
461
150
203
505
178
191
418
481
407
175
273
233
189
489
431
164
471
306
317
480
39
491
209
60
351
168
477
187
176
87
353
412
396
364
334
442
240
446
486
162
83
222
372
323
77
244
485
510
45
454
285
54
55
438
23
110
153
300
155
417
167
32
215
151
131
464
88
74
174
211
425
145
50
383
350
278
206
14
493
293
268
361
460
420
391
121
75
70
373
12
428
258
331
241
113
340
447
1
252
104
358
398
267
309
259
321
402
117
434
360
492
186
254
318
287
2
109
283
31
384
193
80
473
354
263
72
341
439
15
274
219
84
338
44
453
253
98
132
171
382
34
179
422
202
445
196
444
91
397
301
100
303
403
141
221
348
337
255
365
286
42
157
437
19
170
320
102
395
64
367
200
232
314
30
184
297
67
416
234
226
269
432
96
230
277
213
33
295
401
108
26
165
502
362
21
24
415
169
144
152
433
158
56
207
456
204
188
257
212
400
68
484
374
69
488
8
9
78
20
313
229
225
296
479
161
511
390
276
149
63
73
0
466
298
264
448
49
29
282
311
138
61
463
467
79
251
85
280
195
210
495
163
275
133
201
279
172
135
497
475
116
443
62
387
235
137
250
404
139
114
394
449
22
48
379
166
288
290
95
470
393
483
359
3
389
127
125
368
465
366
248
143
107
339
408
458
217
53
310
36
223
17
37
377
406
426
504
490
173
369
