388
32
257
122
511
297
181
163
337
131
55
408
120
121
451
39
385
507
272
200
346
215
4
312
316
115
422
357
285
54
347
79
194
160
281
400
305
450
256
372
66
395
221
410
336
147
444
205
197
109
414
259
9
349
207
230
301
468
117
489
0
404
334
403
260
289
37
405
206
496
392
311
73
331
69
476
35
187
267
137
161
321
59
30
185
370
339
393
469
104
252
153
52
41
107
202
387
265
184
427
442
236
213
284
473
485
327
360
249
80
156
46
239
87
499
23
353
172
193
471
191
359
134
38
152
402
439
203
178
271
498
158
199
78
286
492
217
201
300
60
386
211
145
2
326
287
214
98
112
139
84
374
123
506
291
356
189
426
288
425
493
245
176
61
491
375
457
126
389
62
401
365
373
351
490
441
108
323
28
335
130
111
254
437
242
99
412
298
77
307
324
509
238
433
430
149
367
170
304
76
92
344
379
306
419
470
283
128
166
475
436
459
330
82
446
124
248
151
228
263
434
290
282
407
508
454
383
338
25
484
64
142
19
174
227
16
483
319
310
89
438
461
445
114
390
237
220
1
250
443
71
309
371
280
103
177
384
40
222
209
93
244
268
315
97
49
423
421
162
363
116
295
266
369
495
478
132
322
5
378
328
86
317
27
303
182
380
342
406
502
47
510
243
488
208
413
127
53
279
501
452
14
235
364
20
42
102
348
447
240
269
58
477
333
432
500
429
233
262
464
424
234
140
148
296
219
494
299
24
366
362
411
198
486
503
474
229
17
155
133
192
255
171
150
329
159
399
196
110
302
292
7
218
418
146
169
101
119
481
188
396
497
352
440
186
44
504
210
212
43
224
253
458
29
354
226
157
135
320
143
22
216
88
90
397
50
231
138
361
67
276
480
26
381
261
141
51
247
129
165
83
376
398
358
195
48
264
6
465
15
308
105
294
21
355
154
467
428
431
8
180
12
325
18
190
274
63
167
314
277
168
241
95
232
144
332
183
377
278
258
448
96
179
34
225
350
273
417
293
391
81
164
341
175
65
94
31
125
57
463
36
74
479
368
416
482
70
10
382
68
118
318
85
106
33
13
45
75
275
453
113
343
270
435
173
466
246
415
91
11
455
472
3
100
449
56
340
345
505
394
204
251
456
409
136
462
420
487
72
313
460
223
