442
316
263
245
259
4
423
204
23
201
466
429
312
501
416
321
398
212
368
449
40
203
394
450
408
73
227
111
202
39
441
172
125
211
89
243
116
412
301
475
34
109
491
45
16
93
97
389
80
170
126
331
46
462
55
265
128
84
420
425
261
481
38
385
390
440
196
2
298
378
218
194
324
33
391
153
182
484
258
171
293
431
343
251
146
395
332
99
374
271
183
160
350
413
235
105
456
76
144
107
502
511
219
345
233
327
477
154
18
248
209
288
488
349
384
173
65
308
192
240
366
426
393
269
353
24
158
51
463
369
82
284
253
48
402
341
438
121
486
43
476
421
85
357
257
67
199
184
330
90
223
360
482
28
453
164
190
417
197
285
407
318
14
485
354
131
178
162
388
68
455
347
371
150
200
152
504
20
362
118
266
17
256
300
410
180
249
452
333
3
134
83
268
231
299
275
119
106
473
510
115
286
213
359
497
399
404
241
490
291
279
147
62
57
272
255
41
210
302
444
405
422
372
287
205
414
506
133
465
340
53
101
102
367
381
337
44
50
167
435
22
229
136
15
74
179
230
334
242
117
320
446
217
122
140
104
1
323
478
503
52
187
310
191
262
166
75
451
112
186
277
54
411
130
35
396
379
110
415
387
500
103
459
188
443
493
329
250
71
185
447
375
159
8
225
228
59
401
433
195
439
380
61
7
479
424
487
123
346
427
328
289
309
406
458
137
149
114
294
305
274
79
239
430
281
303
148
108
392
494
247
448
319
315
363
348
364
457
87
342
198
151
27
295
168
169
88
474
42
127
509
37
352
418
60
382
317
11
373
143
355
480
113
311
86
419
220
181
370
436
139
492
283
72
313
325
91
282
472
129
471
95
98
495
335
314
445
49
124
77
92
400
64
70
214
339
267
483
505
290
365
66
336
276
161
437
9
81
467
326
386
252
207
176
221
132
307
264
454
232
361
36
273
222
25
468
216
344
306
280
499
296
246
338
96
237
21
177
356
29
489
32
464
397
409
460
189
351
206
138
208
428
5
215
0
26
383
47
270
163
142
278
30
254
496
63
193
165
58
403
6
432
19
13
260
145
358
461
157
376
141
292
12
100
377
10
304
297
434
174
120
56
156
508
236
238
31
244
224
322
507
226
135
498
155
175
78
234
469
94
470
69
