23
390
98
492
413
64
499
311
505
461
455
137
391
28
297
200
488
133
212
508
257
471
429
11
166
394
456
365
435
333
332
110
503
287
102
139
494
38
202
372
303
36
500
158
159
412
222
118
217
349
155
477
197
419
39
106
131
9
183
270
367
42
496
264
56
306
370
100
72
21
507
164
308
149
314
318
206
163
3
82
346
444
393
383
86
157
344
489
113
331
381
220
10
24
44
403
236
84
228
266
205
255
395
366
121
313
168
426
408
491
511
291
88
467
175
147
232
285
319
452
146
191
192
17
77
371
328
399
466
454
207
54
263
404
385
68
223
473
462
268
249
4
7
125
67
128
440
126
469
108
186
89
407
301
194
438
497
258
214
219
292
441
335
173
185
91
510
199
14
402
181
245
446
380
188
161
265
464
437
355
167
358
431
354
364
334
127
140
239
398
124
427
317
352
302
27
196
26
96
132
420
361
482
411
377
348
325
187
22
307
6
2
63
389
368
424
290
275
294
244
465
342
144
172
129
506
252
347
216
338
260
254
470
150
320
453
134
432
241
35
478
428
80
392
66
375
387
142
430
373
235
50
261
447
243
45
326
436
353
382
1
327
73
78
283
356
474
209
450
397
509
179
278
409
116
362
92
315
5
152
284
153
296
71
445
70
339
224
58
493
324
112
0
204
267
32
388
479
20
174
162
271
498
433
165
250
251
51
337
176
201
295
34
177
414
203
483
262
330
448
195
286
93
272
171
211
459
74
242
95
122
59
218
103
487
37
422
273
81
182
87
425
481
401
246
484
443
376
299
451
323
31
253
55
374
359
41
47
107
29
213
351
193
15
156
16
378
280
190
148
363
405
138
25
247
476
130
415
300
237
336
180
502
154
61
312
52
486
468
340
434
305
109
276
101
279
322
105
94
145
501
83
457
198
57
227
345
384
490
316
43
396
329
76
277
136
463
293
386
288
309
360
233
85
221
53
472
350
485
298
99
169
289
48
406
62
160
504
123
210
111
439
259
480
240
184
281
416
321
229
238
418
269
282
230
114
143
458
117
495
120
60
274
40
30
46
104
231
151
178
379
8
33
13
225
256
442
69
226
475
234
460
189
141
97
12
248
215
343
341
65
208
421
449
170
357
119
115
310
423
369
19
79
90
417
18
135
49
400
410
75
304
