210
447
241
24
104
171
109
414
203
306
76
72
259
247
318
329
81
147
238
294
334
277
73
376
331
198
438
135
328
392
278
382
409
134
257
235
317
462
395
453
497
79
221
105
448
246
156
301
510
21
272
413
444
170
440
115
506
44
465
364
459
316
487
305
83
114
393
30
476
243
32
483
43
87
0
489
416
273
468
340
52
446
464
229
230
7
228
65
427
360
22
291
417
397
125
424
96
298
5
239
231
161
479
20
215
280
206
304
496
449
27
445
40
371
129
71
419
401
47
450
177
181
15
275
351
470
85
325
412
190
60
213
120
454
74
192
6
110
41
188
324
430
368
220
443
80
467
202
315
383
385
432
508
461
398
313
353
69
162
208
326
91
1
319
160
212
490
242
187
276
179
169
128
366
494
292
492
53
19
466
38
252
172
502
452
302
163
356
209
99
322
152
227
369
132
361
333
268
164
362
435
431
418
251
256
342
338
481
113
92
357
367
480
97
117
370
426
199
429
84
234
266
155
388
150
178
195
148
138
240
332
131
498
358
183
207
421
250
249
191
61
168
363
455
346
98
505
493
347
8
456
499
180
341
309
405
408
477
372
26
18
149
176
248
103
205
288
390
391
151
121
139
287
310
48
442
49
441
4
399
350
216
463
335
146
420
118
136
436
236
196
475
290
355
307
204
373
158
194
23
127
64
90
29
25
35
174
484
126
386
354
330
184
488
509
2
296
279
511
396
94
439
472
100
119
11
365
374
415
501
218
13
422
39
9
285
283
108
359
284
28
175
303
339
381
458
473
495
78
254
31
93
410
263
500
428
327
423
297
68
33
348
86
182
3
384
344
34
143
154
37
255
433
101
224
111
200
336
57
197
400
261
312
166
130
253
343
12
270
142
289
55
425
123
504
165
102
77
137
245
82
217
265
503
375
140
124
159
116
66
244
70
58
88
474
377
293
16
46
173
406
308
295
185
226
320
186
299
507
321
54
237
323
387
223
469
478
51
62
378
56
267
144
434
112
157
451
141
389
189
311
482
262
457
345
486
260
95
75
411
219
402
282
403
10
106
211
264
153
379
491
201
122
167
281
133
337
233
36
314
225
274
258
460
42
17
300
269
471
214
45
286
222
271
145
14
349
380
107
193
407
437
232
404
59
67
63
394
485
50
352
89
