314
22
193
300
66
261
46
169
262
4
297
406
291
145
268
126
279
267
290
136
110
209
7
194
69
18
187
26
357
13
78
81
94
275
128
204
435
355
47
452
360
258
374
151
72
21
1
80
131
179
365
2
212
39
312
27
143
407
366
33
211
283
338
15
309
373
73
14
380
117
334
439
491
310
386
470
340
394
133
0
320
383
447
455
60
43
346
371
247
418
294
223
95
508
472
144
8
341
17
249
30
62
35
56
85
40
467
207
400
443
265
214
135
28
352
49
148
474
269
475
317
239
75
20
185
287
304
231
180
227
344
385
164
395
51
333
476
416
91
497
53
167
316
243
162
29
506
465
71
315
404
462
19
198
170
177
189
203
391
210
398
178
101
318
196
225
417
276
158
55
311
450
488
246
149
278
325
353
442
363
466
54
369
305
132
405
441
127
451
130
74
244
503
59
477
263
415
437
499
121
116
159
237
480
230
372
323
457
293
428
10
235
122
495
251
221
303
432
183
36
449
271
292
106
154
280
273
393
31
168
253
431
289
83
123
9
427
228
23
358
199
362
445
109
473
313
298
375
414
89
52
389
77
408
464
218
224
242
57
459
426
92
266
252
88
257
24
342
392
208
140
100
119
50
63
429
113
48
65
256
510
200
469
390
238
201
354
255
331
324
419
250
402
424
454
413
295
401
105
396
139
481
301
125
104
471
99
34
511
484
425
192
382
141
486
379
507
307
370
498
86
129
153
174
377
229
281
339
448
440
142
222
103
490
274
254
67
64
493
138
444
96
202
387
191
299
205
420
329
150
483
328
468
463
509
25
172
376
45
234
188
461
326
245
487
6
337
489
41
322
260
226
350
248
76
182
12
368
120
90
505
98
112
156
422
11
306
411
403
114
147
285
102
478
42
330
173
3
272
284
388
332
93
378
124
61
412
84
436
217
111
446
206
190
219
37
108
68
282
356
410
176
456
308
504
321
70
157
161
5
240
345
186
433
397
492
438
82
327
264
335
482
181
501
163
44
336
155
351
232
296
343
184
233
349
421
241
79
107
87
165
361
288
270
409
220
494
195
58
236
166
364
485
500
215
32
197
434
216
118
453
115
502
399
460
152
381
137
319
16
359
146
171
367
134
277
302
286
384
496
259
423
347
175
38
458
213
479
348
160
97
430
