93
228
171
331
146
297
476
501
289
92
67
142
357
294
313
243
505
251
296
249
219
469
276
185
434
118
372
423
305
411
107
82
28
192
260
164
419
484
264
437
292
365
356
397
131
281
18
485
328
429
7
195
58
16
120
209
455
447
491
341
266
279
179
392
508
139
320
310
352
143
27
261
163
247
497
148
229
115
347
465
202
391
62
254
500
283
24
405
68
12
133
322
100
182
338
350
156
86
483
76
73
435
242
380
215
410
456
61
166
117
128
77
288
404
363
409
498
436
440
57
184
492
314
5
369
172
337
428
149
268
431
0
89
273
167
452
141
130
90
124
349
188
287
308
51
474
221
427
361
462
306
255
32
424
488
153
236
165
343
430
366
511
6
461
439
72
96
293
487
80
233
35
69
231
123
26
168
390
173
277
174
30
144
323
399
135
189
160
208
60
493
362
177
506
504
346
150
50
396
263
490
14
466
181
230
85
190
39
64
327
223
158
19
441
56
98
468
408
335
482
9
448
463
403
334
270
348
398
475
162
460
193
315
2
169
333
336
367
510
433
489
17
479
432
451
145
267
211
170
359
126
101
154
312
44
205
422
250
470
218
284
265
11
53
212
407
374
110
364
216
246
381
299
204
316
71
256
197
324
200
10
354
282
238
116
446
140
206
302
413
237
509
88
122
286
186
253
358
454
274
13
244
175
97
210
22
49
103
132
317
75
464
371
394
235
138
248
38
83
42
393
426
220
443
81
137
486
54
55
290
401
33
378
449
106
23
4
203
34
450
31
344
458
239
65
414
41
477
330
417
262
311
119
351
109
259
278
99
191
187
291
178
295
232
303
152
355
43
345
3
21
196
412
1
121
25
457
318
339
201
494
481
8
79
384
52
125
329
105
213
46
240
48
406
473
478
78
258
379
245
377
325
459
301
496
194
20
280
29
499
111
180
438
272
199
234
480
309
159
157
198
271
147
222
241
503
207
383
112
319
214
269
385
161
127
102
444
416
420
66
63
376
275
471
298
134
375
382
418
402
467
15
321
87
227
340
360
108
94
395
332
224
421
472
388
95
387
217
70
151
104
386
300
136
59
507
129
415
74
453
225
326
91
445
495
40
304
226
370
400
307
183
442
45
36
425
353
389
257
285
84
176
155
37
373
368
114
47
252
113
342
502
