65
340
334
336
52
132
446
48
332
399
283
437
504
420
264
286
287
82
87
451
126
256
503
124
456
481
269
27
144
45
10
436
338
407
204
81
352
370
11
60
431
88
411
196
482
178
365
258
32
9
242
183
99
418
385
158
435
211
123
479
396
478
259
241
84
291
236
245
25
199
313
316
117
91
131
92
167
110
114
44
96
209
221
347
386
6
166
343
140
423
356
34
472
234
359
106
397
310
384
1
383
118
173
373
470
113
138
39
379
341
488
2
312
23
187
180
374
143
473
297
42
261
487
449
62
189
360
480
215
201
497
326
307
148
163
265
121
484
72
273
408
262
322
77
244
71
168
415
98
493
490
135
406
502
452
362
57
214
100
202
471
4
427
349
500
97
320
461
142
302
70
350
438
200
317
5
164
296
192
130
156
441
409
147
410
185
75
339
284
139
477
15
430
61
476
153
194
351
249
29
398
90
76
509
22
492
329
238
331
311
186
466
304
55
152
58
222
155
31
394
213
83
315
314
24
105
7
226
366
377
243
232
390
181
250
79
59
416
162
107
323
447
292
122
14
361
388
43
239
161
0
499
401
276
179
328
375
94
35
207
448
468
111
510
127
218
26
506
404
190
157
137
298
475
342
364
225
19
175
282
101
289
255
272
145
149
281
402
301
165
220
392
469
486
38
40
37
369
353
176
459
146
288
442
253
489
170
109
337
285
425
206
159
228
277
205
69
208
455
333
8
345
414
184
224
387
294
391
380
335
429
267
382
511
95
419
474
54
457
219
203
197
483
80
21
346
233
120
299
279
321
445
198
30
450
348
439
422
358
74
417
371
89
56
501
13
260
193
293
308
174
248
324
485
115
93
18
400
318
424
112
28
136
188
73
275
344
376
491
306
389
129
191
252
3
263
395
216
240
290
278
151
254
405
171
357
160
372
412
460
467
16
133
507
169
413
103
229
454
68
426
217
125
182
305
41
465
319
498
367
433
33
12
355
66
46
247
67
434
150
266
271
463
444
116
268
63
230
280
108
354
104
257
128
85
403
53
330
458
378
134
462
102
495
274
154
64
78
36
237
464
172
86
432
421
223
227
505
295
49
50
443
251
494
300
235
428
303
141
47
270
246
177
325
368
212
440
17
231
363
393
381
119
195
508
496
210
51
453
327
309
20
