340
110
161
170
433
492
358
453
278
142
229
67
3
351
411
346
102
153
491
234
260
77
271
55
5
168
97
107
328
96
165
248
356
4
25
285
189
216
258
355
441
472
417
484
178
288
254
10
451
133
50
390
442
499
182
469
31
273
495
447
387
436
309
125
369
287
247
147
137
279
466
166
203
368
376
156
43
428
95
39
37
465
239
21
456
121
140
41
223
439
116
79
13
379
204
62
268
482
317
511
200
397
11
124
507
129
259
30
181
398
81
487
123
89
333
361
298
228
460
27
497
315
384
331
286
252
461
430
365
111
385
389
357
184
473
323
426
263
192
88
311
307
138
336
459
193
481
201
477
327
302
421
388
444
381
443
236
293
412
47
217
371
158
54
185
262
468
12
424
68
42
362
86
275
144
148
106
93
6
316
400
403
211
360
90
227
169
15
277
500
36
319
163
241
394
250
226
164
242
437
115
270
471
281
72
450
151
463
70
404
405
354
186
282
419
476
498
128
255
422
222
363
264
290
118
425
296
220
291
493
63
34
249
112
113
322
141
440
117
269
409
61
423
434
284
149
350
506
23
314
38
208
272
475
210
154
174
60
494
312
408
143
505
345
84
300
83
58
392
415
496
230
238
283
29
457
33
195
202
502
370
486
373
218
455
187
304
212
353
396
108
274
225
91
435
330
191
380
348
367
343
344
313
122
265
85
276
8
479
470
46
382
429
109
173
127
53
378
7
364
406
2
483
261
194
374
59
57
418
82
99
501
44
299
71
253
490
510
462
233
458
324
303
267
130
14
464
45
69
407
114
199
171
416
410
119
150
190
134
446
332
98
126
474
176
448
183
393
64
301
334
341
359
74
338
155
231
454
131
366
335
35
485
305
320
152
188
66
28
297
438
246
219
504
224
92
386
452
292
78
0
427
352
214
135
145
162
256
339
213
221
32
414
160
215
325
251
375
172
383
489
205
347
22
196
76
197
420
399
132
337
157
310
295
401
40
24
280
432
329
52
198
206
73
232
318
159
467
245
17
235
209
244
56
1
391
167
100
445
48
101
18
105
75
503
26
136
349
321
243
395
87
480
20
308
488
257
377
240
175
431
65
478
508
177
16
51
9
237
103
326
104
413
289
207
80
180
19
94
179
342
509
266
139
294
449
120
146
306
402
49
372
