153
196
311
41
87
2
175
131
300
454
437
387
181
402
147
177
287
179
14
135
427
321
154
446
57
61
19
77
216
205
448
456
283
320
364
476
170
136
350
294
35
383
279
487
118
188
212
508
412
329
362
411
235
111
403
229
148
447
24
115
500
252
67
401
192
343
47
297
3
228
450
361
162
501
186
130
203
195
72
197
13
445
464
420
423
23
34
421
459
323
395
209
20
207
265
38
429
52
221
465
470
455
165
259
416
298
374
398
238
222
386
376
433
17
7
156
275
472
225
92
278
187
249
494
313
466
419
254
30
488
180
333
94
413
263
74
410
510
143
493
16
281
126
417
394
145
277
315
293
172
480
103
474
82
322
339
438
32
73
292
511
109
443
137
337
36
473
256
291
173
332
123
424
178
37
317
306
273
217
356
91
112
353
83
227
110
95
324
270
26
392
176
71
428
367
366
404
331
25
497
79
183
499
244
489
304
88
208
319
371
478
168
142
285
215
310
251
102
174
352
85
76
54
415
191
93
28
75
439
409
247
80
397
97
407
140
481
194
308
78
124
327
255
290
10
434
44
122
39
309
286
435
471
389
185
346
66
344
379
276
33
268
372
388
380
400
116
284
1
133
432
63
104
8
314
486
86
280
151
15
0
267
234
21
45
342
219
492
189
120
125
469
211
200
27
485
336
158
127
479
42
98
490
359
444
101
358
425
296
253
214
496
96
29
502
117
113
348
440
160
498
452
491
108
258
426
171
236
60
299
12
507
405
132
210
152
4
129
506
369
50
373
206
56
385
349
441
368
399
330
347
84
338
141
231
431
224
201
134
318
99
22
396
451
31
146
243
128
223
106
169
48
484
301
335
390
269
65
274
237
18
505
155
334
340
462
442
260
149
184
190
325
370
307
453
199
289
226
328
59
11
418
391
240
378
245
272
504
354
495
89
58
288
81
107
463
105
121
193
233
242
475
436
144
449
467
69
9
166
64
477
159
482
408
182
246
357
483
393
377
139
326
248
509
360
375
157
53
460
341
503
232
49
261
414
295
239
150
43
62
46
381
363
230
384
100
406
40
163
302
312
303
422
204
264
202
119
241
6
114
266
305
138
161
68
70
164
250
218
457
51
262
90
345
355
55
468
167
271
316
5
220
365
382
458
198
430
257
351
282
461
213
