501
23
387
408
2
132
68
10
161
242
338
184
183
322
488
256
269
315
123
285
39
390
254
191
231
354
61
58
294
228
372
85
3
36
411
152
323
506
101
30
284
52
196
153
295
106
203
17
275
165
416
57
288
291
352
511
88
24
306
281
247
86
397
395
0
392
452
292
482
391
382
128
453
439
189
146
280
341
473
139
95
477
187
490
337
277
188
209
459
137
456
340
507
241
290
470
64
273
437
356
113
402
55
433
223
133
430
230
67
383
448
77
126
435
134
117
492
42
405
325
404
421
317
442
333
297
355
296
469
300
197
327
412
320
472
190
262
89
226
319
195
261
466
105
47
169
28
358
48
360
312
93
299
156
476
255
365
286
236
65
204
19
374
127
253
436
398
432
35
215
103
31
428
438
136
63
202
174
94
138
33
194
75
163
293
475
462
157
258
445
474
45
207
369
467
238
99
9
376
173
486
415
301
26
494
271
326
503
116
353
251
406
18
142
109
32
129
155
485
205
110
27
268
252
233
108
83
318
283
245
170
451
460
147
22
424
399
304
444
56
178
239
145
172
216
274
370
282
500
478
363
420
6
122
13
229
29
334
154
235
62
143
171
246
386
176
279
249
185
222
389
455
368
159
218
182
330
90
313
314
7
504
378
208
192
407
400
162
375
347
423
457
181
124
5
79
43
307
498
425
385
107
336
102
508
461
410
489
84
206
454
393
199
73
349
60
100
125
34
212
419
20
468
50
350
303
502
12
150
4
302
14
388
96
487
260
417
379
201
232
69
458
310
497
80
148
450
114
250
130
409
447
266
87
272
480
41
179
66
149
483
220
25
346
112
227
92
140
175
59
210
160
491
97
309
366
243
11
401
38
72
82
394
120
259
441
324
434
373
344
328
225
214
431
74
177
141
422
248
403
263
471
104
308
298
15
51
217
244
321
180
186
257
367
237
91
54
276
81
427
71
377
164
1
481
413
144
465
166
168
8
151
361
479
224
289
342
426
98
76
135
37
311
111
449
264
443
211
414
234
221
380
496
463
371
348
46
510
495
331
198
167
362
219
351
119
44
270
505
499
357
78
418
287
200
509
493
381
115
121
21
429
384
316
339
158
464
267
332
53
118
213
240
16
305
345
70
131
265
396
446
359
193
440
343
40
278
335
329
364
49
484
