402
390
306
35
420
312
508
114
127
238
462
406
42
257
122
2
467
109
154
348
61
437
77
307
280
377
385
25
89
461
481
129
166
133
505
219
236
55
162
447
451
285
491
93
308
270
98
69
16
349
135
43
321
45
314
423
343
480
353
140
380
242
492
345
476
88
207
188
465
489
478
463
394
446
161
398
218
220
226
156
12
96
383
400
108
372
409
426
57
239
254
350
325
427
172
74
376
102
36
252
288
231
41
155
470
340
497
352
46
379
362
272
205
449
168
450
298
475
111
126
152
482
3
234
121
291
286
28
414
110
10
373
164
210
498
259
123
85
331
387
283
184
256
494
302
75
443
378
458
504
371
318
483
40
296
230
5
229
438
433
138
266
499
251
313
330
101
466
196
165
167
17
198
320
247
487
278
237
253
249
384
244
39
474
130
274
501
269
418
460
309
357
157
68
105
502
509
293
201
507
227
396
33
44
54
319
158
148
215
139
405
26
137
411
71
60
392
366
243
369
97
495
191
67
22
496
356
486
128
503
334
21
457
323
261
410
317
209
310
332
250
271
277
297
335
413
136
176
0
160
490
346
212
52
163
50
131
500
23
329
408
90
248
245
315
175
241
204
459
169
469
95
82
359
149
488
393
183
195
170
354
284
289
59
388
428
78
228
213
64
391
19
448
79
197
222
468
364
187
120
262
292
106
422
324
182
51
322
49
203
471
185
430
27
454
370
193
29
147
351
304
435
311
192
181
299
360
113
477
84
24
8
336
116
407
337
14
7
300
440
224
479
382
141
429
441
347
62
199
416
355
177
179
9
361
417
118
235
506
53
65
37
18
189
455
153
112
190
432
34
72
282
117
287
421
143
214
281
290
442
246
389
326
381
240
401
452
301
211
144
134
186
124
81
178
70
30
344
91
333
208
367
439
142
395
255
174
473
146
87
328
94
327
365
171
424
107
267
444
125
132
303
368
273
76
358
159
295
6
375
472
11
456
217
397
56
233
511
493
403
419
260
453
4
436
276
431
151
294
339
103
83
115
415
275
425
434
99
92
1
279
264
258
48
305
58
80
484
316
221
268
180
150
342
20
31
223
338
66
404
63
173
485
200
225
145
216
194
265
263
232
374
202
104
86
100
412
386
13
119
32
399
341
363
445
15
464
206
38
47
73
510
