53
258
78
99
397
366
59
474
380
8
428
148
32
471
173
64
468
200
155
152
340
408
137
399
314
212
171
46
47
143
77
116
194
349
45
403
146
456
396
414
187
178
371
230
359
160
350
82
450
122
136
301
281
149
164
198
12
487
104
222
243
65
22
217
259
135
338
409
473
123
156
92
464
239
346
252
86
72
376
48
328
398
401
300
36
25
37
17
287
467
91
283
437
31
295
118
246
308
260
504
261
204
280
124
249
66
159
490
307
244
364
196
186
276
153
353
114
475
16
151
390
278
500
381
407
279
55
484
331
288
102
28
482
306
445
357
333
426
348
386
213
10
440
476
463
356
358
130
326
75
69
345
202
511
108
441
293
126
256
457
6
7
138
481
150
169
415
470
61
199
251
324
142
298
71
154
275
503
351
127
96
315
282
188
111
446
235
182
469
432
322
60
372
157
404
189
30
242
493
163
94
505
74
0
179
234
472
56
442
365
370
354
392
369
342
39
400
24
180
266
272
262
221
211
385
68
389
488
499
15
220
103
273
141
284
491
395
277
253
393
405
165
327
309
302
263
41
9
89
145
378
347
509
270
245
373
44
193
285
497
140
332
271
237
434
422
334
33
496
507
436
170
197
341
502
320
117
344
233
453
34
162
73
449
486
248
355
139
227
311
240
299
49
62
360
382
214
18
215
387
172
439
105
95
406
257
107
421
375
303
460
410
384
166
367
43
224
388
485
93
265
417
368
452
134
363
192
207
310
40
297
435
498
147
201
316
305
294
427
330
14
433
429
195
254
225
190
177
455
465
479
483
431
11
168
26
419
329
229
98
21
492
238
132
81
144
412
454
97
289
113
383
444
133
337
84
80
67
438
336
218
125
101
325
241
478
394
1
489
508
411
191
448
5
290
42
458
219
210
29
70
109
90
38
447
85
462
267
269
121
23
418
63
494
247
362
296
185
292
343
208
461
175
255
35
174
13
57
374
391
120
274
128
20
416
2
4
313
58
451
209
466
317
129
131
319
477
379
167
250
430
88
226
312
361
335
52
236
205
402
161
425
480
318
231
76
506
495
54
420
203
459
352
181
443
286
232
223
228
304
413
424
323
51
3
79
115
50
158
19
291
110
100
206
183
106
510
264
377
423
83
119
176
268
87
184
112
501
27
216
339
321
