383
84
142
425
357
331
178
214
468
135
50
473
414
378
312
368
246
187
63
24
392
374
52
348
284
177
313
300
459
340
438
405
80
450
139
237
381
215
416
19
100
319
189
354
419
433
370
506
72
372
168
373
470
148
115
181
200
49
445
106
225
183
224
61
180
467
235
82
399
86
457
69
154
198
124
114
43
410
150
448
221
508
195
216
233
344
507
463
294
88
367
219
351
443
424
132
324
311
341
170
432
343
297
226
205
40
328
283
166
384
503
6
95
325
406
375
442
23
489
304
174
496
83
22
75
484
102
159
338
157
494
265
261
287
130
91
421
415
320
493
423
197
203
244
326
295
285
191
449
269
318
471
504
305
209
32
121
204
382
361
263
499
210
472
188
213
123
160
169
158
217
151
428
495
143
26
97
7
491
479
54
254
236
104
243
389
490
456
192
90
161
136
232
36
336
196
379
314
175
480
333
239
171
492
366
282
202
255
208
29
11
401
64
47
371
140
268
303
299
298
502
337
1
390
437
145
60
264
251
403
126
485
475
13
252
253
461
16
227
393
5
39
218
133
222
454
460
478
146
117
270
96
266
44
501
505
108
78
418
359
59
398
153
206
360
20
68
385
165
355
111
238
51
249
315
345
38
446
31
27
201
138
248
466
462
281
185
258
241
465
482
73
176
440
358
101
500
271
240
342
87
0
56
137
212
306
291
274
10
267
247
387
396
364
113
134
404
481
3
156
182
391
259
14
339
380
356
179
352
280
486
229
234
120
147
376
309
131
363
395
422
420
334
293
262
34
28
46
228
30
439
476
58
77
109
42
199
194
256
231
362
33
17
4
129
220
301
292
430
369
447
310
509
431
451
149
152
81
25
155
79
510
207
487
48
127
346
167
8
172
112
408
469
498
323
349
302
458
122
426
436
441
321
411
173
93
455
9
98
144
452
477
12
365
511
45
193
290
57
275
497
322
474
316
53
409
164
99
250
308
353
257
435
350
296
163
128
21
453
230
242
332
141
434
223
289
89
377
488
464
105
118
394
245
412
116
327
18
2
35
110
286
103
386
85
71
184
429
330
413
279
15
92
119
94
335
55
125
162
70
260
307
444
37
402
483
186
74
62
66
67
417
278
277
211
272
347
65
400
107
388
76
317
273
397
288
329
407
190
41
276
427
