384
35
36
292
93
335
46
372
472
195
164
77
361
234
500
272
167
157
127
481
168
206
151
61
431
373
191
505
15
313
73
235
245
416
407
445
246
170
460
440
81
452
453
266
242
433
172
308
390
98
475
284
364
409
498
116
304
63
391
162
496
158
376
135
126
295
122
114
432
252
353
270
205
139
398
345
293
223
23
26
383
280
240
259
506
466
465
285
385
396
470
309
99
311
511
83
351
68
388
183
190
362
290
387
128
8
109
5
189
174
44
232
324
491
231
40
20
34
199
399
150
48
237
462
368
393
493
203
328
0
342
107
320
365
204
124
130
207
363
322
340
25
288
504
454
367
395
121
115
39
319
488
212
209
479
101
447
125
380
14
377
282
56
316
19
329
179
238
112
497
279
422
333
211
464
438
220
31
439
193
184
458
57
375
96
80
118
230
111
477
75
67
299
305
286
413
129
310
4
354
145
360
200
16
302
468
424
510
271
291
297
51
276
22
97
244
357
418
312
140
226
169
366
72
27
197
144
490
60
106
408
148
325
278
420
386
459
338
473
348
182
38
113
29
138
268
194
301
307
208
37
318
489
196
250
379
508
188
216
469
382
62
412
87
330
300
478
256
6
264
33
228
339
370
261
17
225
120
419
103
281
12
289
10
171
443
213
397
507
202
427
187
18
71
104
41
503
137
52
267
483
243
119
133
411
343
323
350
3
45
273
404
254
239
326
405
66
417
1
371
94
154
88
9
444
13
501
436
142
487
298
131
74
55
95
251
467
185
344
262
241
474
455
227
233
143
446
64
274
229
32
218
53
7
434
499
321
217
456
221
153
24
457
423
332
43
85
108
402
406
429
463
110
389
147
356
426
283
49
352
58
105
54
403
341
394
78
192
236
163
30
248
336
224
421
89
215
65
451
428
173
401
495
86
100
277
59
263
28
346
414
69
450
249
334
306
369
381
461
410
178
222
435
160
181
358
303
485
177
201
165
146
11
355
198
84
347
21
482
441
50
155
502
255
265
476
186
134
314
494
359
219
269
47
90
159
161
484
480
430
392
442
449
102
136
275
296
337
82
425
509
2
92
260
76
317
176
123
315
42
471
210
166
70
175
415
180
91
152
149
141
294
214
486
448
247
79
287
374
257
331
132
400
378
258
327
492
349
253
437
156
117
