167
380
178
458
164
402
263
452
271
469
415
67
508
88
121
436
385
283
262
268
132
376
93
355
255
240
74
41
430
394
126
112
456
165
312
421
275
395
124
425
327
324
335
460
410
64
475
162
440
305
347
138
11
89
405
173
228
229
291
204
503
427
247
219
332
186
27
423
254
166
201
302
6
383
115
411
205
226
197
49
370
445
299
108
504
37
90
26
319
435
51
119
104
505
473
378
297
354
60
420
156
304
154
401
48
144
373
91
426
286
231
109
500
224
353
134
163
448
429
467
369
202
3
44
71
407
210
350
329
159
174
343
16
443
446
431
184
486
46
199
15
499
287
54
19
290
334
280
102
476
336
52
284
84
295
131
151
141
53
439
432
258
81
400
39
215
398
212
450
32
387
98
308
113
246
69
122
277
279
169
251
309
116
506
70
135
274
183
477
47
438
366
225
142
42
8
30
375
363
351
36
66
80
118
323
18
316
311
264
203
24
368
315
480
489
364
180
484
129
259
464
146
245
282
418
239
5
55
9
177
133
367
58
377
123
265
455
433
59
196
381
171
168
181
491
120
310
200
157
437
313
344
396
105
25
342
306
252
501
190
56
360
125
111
139
110
409
136
256
493
153
243
322
230
292
43
97
182
155
326
248
237
301
483
447
325
340
260
451
307
434
198
208
408
338
339
249
206
96
65
185
143
117
496
294
414
106
444
77
257
266
293
276
379
494
472
99
362
406
424
495
218
303
130
269
374
137
189
462
236
114
389
194
152
330
331
352
479
300
511
63
20
453
29
393
1
278
57
482
235
318
127
160
50
357
7
128
349
390
272
78
14
221
94
281
79
392
83
510
337
220
416
170
498
442
273
140
320
492
502
270
62
253
211
4
214
388
76
321
488
2
412
317
68
22
419
497
250
397
233
413
23
241
459
449
441
31
328
358
148
61
223
314
361
28
33
487
417
82
382
384
471
238
92
45
95
490
213
85
422
371
21
509
35
461
40
73
187
107
242
267
191
404
345
346
147
466
288
399
12
356
101
227
172
86
470
192
261
386
234
103
175
485
478
209
38
298
17
158
463
285
296
207
348
217
0
145
222
365
481
193
457
179
244
428
161
216
454
341
507
468
150
87
372
474
188
72
359
176
100
149
34
333
10
13
391
232
75
465
195
289
403
