242
225
358
68
384
334
364
195
367
256
123
441
93
107
193
478
229
40
437
94
164
130
293
415
342
161
448
109
61
290
469
314
501
208
15
419
307
73
127
279
84
179
95
181
428
7
101
438
97
25
486
12
241
422
320
491
504
474
102
464
278
167
360
171
190
303
451
53
421
89
439
10
52
153
215
31
100
69
143
365
493
336
392
39
446
49
220
239
253
57
144
191
318
70
341
194
104
238
240
65
176
500
294
481
245
197
116
72
453
120
390
398
489
289
326
157
87
487
353
350
295
480
479
170
301
222
298
399
409
325
410
41
9
456
331
59
115
92
435
261
22
1
154
156
230
128
246
187
508
149
259
11
340
396
175
244
324
466
264
416
354
507
125
129
311
430
82
46
457
83
296
16
139
177
103
339
445
291
4
269
263
268
213
71
232
166
361
321
332
209
333
270
352
495
408
5
227
28
420
96
304
214
192
440
250
274
356
136
286
351
50
163
387
247
406
228
19
174
346
118
44
203
122
458
312
189
45
388
271
99
391
2
30
461
316
207
468
297
24
77
254
413
432
470
386
211
148
55
299
152
132
471
498
204
345
499
98
385
27
117
257
3
302
452
371
140
186
202
17
0
67
206
405
423
85
383
260
272
196
20
91
506
183
344
330
43
477
381
29
343
450
210
119
434
126
366
394
226
172
23
265
403
349
475
337
169
26
401
492
185
184
511
252
463
64
476
377
219
147
134
142
21
150
90
243
235
363
224
266
51
327
460
249
382
112
121
305
38
310
56
36
482
78
335
110
275
376
42
374
198
138
258
414
131
443
282
412
328
281
277
375
8
288
369
503
217
81
510
436
151
66
483
485
313
418
472
496
431
248
488
6
433
380
158
284
234
160
347
497
494
292
18
216
425
300
355
373
223
357
393
205
201
417
251
262
280
76
111
35
212
404
322
285
459
88
372
37
407
502
490
447
484
108
14
58
378
141
473
379
79
429
276
255
180
368
319
273
47
455
283
54
173
236
34
400
362
135
155
13
323
200
32
306
168
231
105
444
221
106
427
389
505
315
188
145
159
397
402
74
62
411
426
165
348
162
359
233
309
113
267
442
182
75
48
237
86
338
178
33
454
287
449
424
465
370
329
80
509
467
146
317
308
218
124
114
63
462
199
133
137
395
60
