5
496
448
511
432
477
175
110
155
165
153
361
439
6
204
36
381
502
107
64
189
232
430
348
130
156
225
414
277
231
498
311
341
247
66
190
506
265
8
72
497
117
379
246
266
296
438
183
122
100
22
123
116
68
226
197
92
55
327
202
324
356
67
366
51
471
420
33
288
278
251
300
314
478
382
83
268
317
241
132
355
16
121
282
326
185
315
436
395
108
458
445
219
399
283
230
419
280
468
48
228
396
350
494
440
109
53
45
472
454
347
374
371
191
37
359
31
24
46
60
2
434
467
322
65
263
411
198
26
316
401
0
80
78
297
446
192
49
152
25
220
369
9
258
410
358
209
344
495
145
12
360
32
150
305
193
435
377
470
480
89
433
256
39
18
207
170
30
134
474
159
235
167
206
500
93
124
57
97
284
476
128
17
365
81
455
249
393
137
273
388
443
490
390
195
84
203
140
20
275
375
143
407
29
378
481
306
323
224
10
104
201
318
421
233
44
168
484
342
62
508
161
337
144
178
3
298
310
351
418
11
475
328
129
373
101
47
164
41
320
160
357
488
442
402
261
291
245
194
503
99
82
450
70
270
149
417
27
139
212
292
451
398
7
286
180
135
146
330
380
415
376
507
200
131
287
466
86
505
172
491
162
239
69
52
15
302
408
223
473
119
71
312
61
166
105
179
240
367
389
452
409
392
441
370
138
238
492
94
386
211
509
87
313
293
304
336
400
77
56
383
469
188
276
404
331
493
332
279
216
463
290
479
464
42
405
307
413
384
113
339
394
321
289
244
173
262
252
482
63
483
102
301
213
1
385
294
106
214
217
163
43
308
425
281
457
54
465
459
59
237
428
174
346
274
112
158
253
319
151
264
181
187
199
13
127
91
352
229
444
248
111
76
115
242
23
196
257
486
243
85
157
340
234
397
154
250
35
133
125
186
487
403
343
103
148
79
58
136
368
362
412
453
422
114
147
423
28
169
329
345
333
295
182
299
309
504
353
354
427
19
285
489
222
90
50
325
387
126
259
272
429
426
205
391
118
218
303
271
176
437
236
88
215
184
416
349
254
4
501
335
485
510
95
255
338
460
260
406
141
210
449
363
96
142
456
431
499
372
120
73
269
461
177
98
424
364
334
221
14
227
462
40
267
447
75
74
21
38
208
34
171
