318
329
220
508
493
347
414
70
41
337
132
14
294
100
255
409
425
429
449
129
109
302
165
161
155
236
503
336
416
11
97
463
382
166
375
282
424
22
500
169
173
496
467
335
344
345
273
320
229
421
42
489
461
386
31
354
447
280
401
327
189
79
303
252
288
485
439
87
501
90
59
304
492
27
143
48
272
443
473
392
488
482
0
343
247
209
486
21
301
431
24
137
19
82
175
200
124
77
456
208
211
152
283
108
428
15
458
147
16
210
328
296
284
460
457
138
25
398
184
413
260
98
468
91
412
179
164
60
476
297
369
487
121
388
10
57
281
183
46
18
13
378
332
106
442
242
151
37
259
407
92
309
285
276
170
96
33
162
56
480
116
499
125
215
219
316
222
119
430
141
419
478
357
65
103
156
115
352
366
55
111
167
385
290
277
51
154
66
135
397
44
112
62
235
178
505
361
387
339
408
306
191
181
131
464
510
139
99
446
271
433
511
53
146
64
371
207
293
314
80
93
4
502
205
348
176
144
405
444
312
338
182
243
250
417
295
298
261
81
317
286
394
246
270
197
451
389
248
89
52
422
159
253
341
279
34
101
275
40
359
355
438
313
269
267
346
367
196
88
61
459
171
192
168
140
251
399
123
72
322
126
380
130
498
190
239
63
263
218
180
240
441
471
148
20
470
440
396
202
426
266
158
395
45
307
423
54
216
363
133
362
420
340
491
390
76
334
452
437
212
265
454
257
224
427
330
186
199
84
324
113
299
311
365
278
227
249
455
403
204
483
172
377
373
326
23
157
415
356
221
262
495
436
465
305
3
127
85
2
128
71
226
1
258
507
445
177
370
292
391
383
195
203
238
78
364
376
234
118
418
43
136
453
5
32
58
241
268
331
358
74
287
174
102
26
110
9
228
201
122
481
484
333
233
198
149
497
379
477
69
142
466
36
400
194
410
231
475
160
185
504
213
120
188
291
17
105
163
30
469
319
75
351
349
49
342
474
193
434
244
350
325
12
384
490
509
274
310
323
145
462
68
300
39
214
7
315
254
134
289
411
206
38
432
256
381
404
73
435
232
406
6
223
86
217
321
47
187
8
402
114
494
237
393
368
448
264
104
308
374
28
67
35
353
245
225
29
372
95
479
472
450
150
107
83
50
153
506
94
360
117
230
