56
61
352
71
434
312
40
280
464
500
508
169
207
146
435
81
67
138
33
362
145
163
238
50
437
475
118
432
256
360
481
85
305
128
379
202
465
1
7
288
124
396
455
155
188
100
381
135
235
285
248
440
30
120
173
301
448
345
27
35
482
397
416
371
183
333
15
480
403
469
213
64
12
276
89
421
182
290
197
53
413
340
108
206
115
359
343
337
249
367
365
209
314
486
254
510
221
442
106
175
410
139
111
262
366
411
495
383
392
174
23
177
84
180
178
373
460
151
322
161
137
99
187
489
219
141
405
193
506
468
153
70
140
342
48
299
125
338
272
458
195
394
466
291
199
346
271
407
162
112
269
104
214
69
286
419
441
234
257
384
303
445
203
228
28
263
386
88
311
232
451
331
4
461
268
260
412
316
317
132
462
307
375
2
170
98
330
186
126
233
157
6
426
136
96
390
265
87
504
253
185
65
467
150
192
196
284
431
444
122
95
110
143
393
470
34
398
294
101
357
463
436
438
320
91
86
433
49
368
55
43
505
246
24
509
323
389
251
377
324
123
20
488
75
363
109
216
80
9
341
308
204
494
476
245
335
503
401
270
134
400
511
158
247
300
113
274
418
144
39
395
77
329
443
190
51
351
14
172
349
194
491
131
130
449
154
485
148
484
58
205
167
289
478
378
275
459
339
297
507
497
114
19
281
483
237
319
347
129
374
26
149
292
391
498
93
208
52
57
133
502
10
226
364
16
218
76
427
31
236
250
477
17
487
473
334
453
37
287
243
0
429
117
332
417
422
36
425
277
376
306
171
409
159
103
370
259
309
423
239
25
328
326
46
54
116
252
82
229
310
220
279
18
168
493
241
3
73
223
450
496
402
404
474
267
156
181
264
273
452
47
224
78
348
38
282
211
447
315
492
166
336
415
242
74
8
225
92
261
490
457
79
160
499
90
369
439
22
295
244
165
408
296
179
44
472
45
387
420
62
430
298
414
184
353
72
313
63
102
356
68
201
399
454
321
302
83
258
446
355
217
210
230
388
293
327
164
501
428
29
176
21
13
382
152
325
212
121
471
354
278
283
189
94
380
456
406
11
41
198
32
372
59
191
385
200
318
222
147
361
107
127
350
266
479
66
358
119
105
60
97
344
424
231
5
142
255
240
227
304
42
215
