74
287
227
221
135
256
430
391
437
61
212
370
182
383
285
147
292
117
328
93
269
68
203
239
384
39
59
364
500
394
115
114
167
375
251
371
298
37
163
476
245
30
262
241
453
134
188
0
284
415
307
42
443
8
374
140
108
138
470
302
278
240
324
127
495
502
184
368
15
176
4
504
222
155
77
226
264
506
336
166
367
49
156
23
190
471
503
355
133
11
71
250
53
474
320
145
80
94
106
183
342
286
446
172
207
352
224
282
125
334
496
425
202
173
36
422
216
409
90
491
314
177
186
405
165
378
185
70
130
102
490
253
16
78
393
369
295
389
309
467
411
219
433
444
337
385
351
103
485
410
357
478
157
187
418
144
44
148
332
255
442
252
347
122
17
79
454
493
62
464
349
196
271
297
35
381
27
312
465
365
445
424
266
164
244
317
158
246
67
362
505
376
9
423
10
1
267
45
388
13
273
492
408
50
206
318
191
33
308
220
481
21
32
83
277
168
3
290
300
397
179
238
291
119
257
258
441
431
6
395
54
56
382
52
407
243
69
501
100
73
85
461
126
259
331
110
398
218
230
432
429
310
280
60
272
193
459
2
88
263
150
322
34
223
81
105
354
270
95
268
242
25
420
169
48
29
128
450
289
66
358
141
209
315
339
113
344
111
43
399
198
84
76
72
63
366
288
58
235
154
414
499
136
91
426
124
373
99
22
19
299
26
468
92
194
225
205
416
97
57
208
104
55
330
46
129
86
275
313
51
137
180
507
462
12
440
439
211
65
406
151
274
214
343
341
121
356
419
146
153
511
510
294
161
455
189
283
234
509
233
479
204
321
380
359
162
64
319
363
5
279
101
304
508
449
348
311
412
7
254
488
89
18
260
345
486
20
24
436
482
498
469
346
460
379
417
82
350
480
463
301
338
107
109
448
305
232
215
473
377
170
457
372
87
139
116
323
494
335
123
217
466
296
421
14
402
325
228
213
41
472
326
201
237
316
281
195
458
159
152
181
171
28
451
452
428
120
353
199
192
249
475
361
197
142
487
175
387
47
456
403
293
477
98
96
435
396
200
118
386
149
360
329
112
276
438
447
229
413
131
38
340
40
236
333
392
484
427
434
160
327
178
31
400
265
174
489
404
306
75
210
390
303
143
261
247
497
231
483
132
248
401
