395
357
436
131
415
82
78
65
144
356
67
511
491
38
291
289
149
99
172
256
466
459
228
229
71
103
457
129
344
23
70
412
334
194
245
324
0
126
167
268
302
141
398
243
10
463
147
322
199
89
208
348
270
328
125
507
420
249
55
277
2
14
379
434
445
309
260
88
497
453
18
483
329
130
235
68
237
247
361
317
137
509
280
401
380
343
35
488
290
456
411
272
428
188
431
337
224
446
417
189
226
279
157
105
207
363
370
333
119
499
410
112
170
43
7
283
244
123
349
169
332
496
56
465
485
87
505
469
392
134
50
424
58
217
350
391
132
501
203
495
204
482
477
473
470
16
9
296
432
240
399
138
156
458
472
40
468
462
487
504
142
503
393
191
489
416
177
448
166
492
107
338
475
184
474
153
201
301
500
95
219
133
471
454
198
425
195
376
36
359
478
358
455
227
444
467
241
11
32
128
196
200
181
306
15
210
173
96
109
313
335
437
80
493
275
284
423
22
176
498
102
372
214
385
211
60
79
307
419
66
168
461
321
154
383
222
216
90
13
293
113
52
161
430
460
72
4
414
266
236
262
486
91
264
121
286
115
303
325
248
406
233
111
480
106
190
53
220
193
318
299
230
320
77
315
304
405
62
267
369
218
46
175
47
182
396
368
232
158
287
323
288
336
39
377
33
239
152
367
3
186
97
120
165
326
44
238
64
331
508
74
427
449
19
8
21
259
269
382
413
342
327
29
110
116
6
314
354
223
197
258
251
37
479
435
93
311
443
17
421
312
263
441
54
159
402
481
209
510
506
451
61
139
253
409
140
353
143
24
422
118
183
387
300
381
397
271
84
108
250
12
278
151
295
298
442
281
94
438
150
360
378
20
69
26
100
25
433
355
439
174
28
98
366
345
390
225
31
49
276
57
373
404
179
48
365
364
274
92
136
305
440
163
81
273
386
374
400
192
408
59
75
73
362
85
316
282
285
389
146
255
403
124
292
371
450
155
42
160
205
135
426
261
254
45
490
429
464
340
178
51
127
104
418
202
1
346
5
384
265
30
145
206
27
394
347
388
34
41
257
484
215
234
221
375
310
231
452
330
407
502
185
86
297
114
447
294
162
63
122
117
339
180
319
308
242
76
83
101
341
213
148
164
494
212
246
171
351
476
187
252
352
