300
170
104
84
419
238
318
38
236
34
452
469
398
205
165
86
252
98
475
350
465
226
363
81
53
260
326
160
470
382
233
193
400
263
401
360
359
405
62
423
316
466
290
200
117
365
118
186
341
255
44
243
76
392
164
383
190
4
463
471
322
312
35
320
146
505
30
446
378
46
438
352
299
293
349
75
210
503
408
412
8
6
334
277
432
11
182
74
262
10
58
198
1
286
3
166
93
297
270
230
388
246
310
82
234
271
147
173
174
436
268
206
116
201
333
25
342
237
393
402
88
473
397
289
244
152
266
351
493
99
494
307
344
317
108
203
323
59
191
265
304
219
180
54
151
367
247
168
142
87
496
488
12
396
381
374
490
413
128
340
176
492
157
149
486
143
220
483
314
130
294
23
214
83
215
222
43
64
213
327
14
274
384
20
105
50
184
468
240
291
275
276
370
445
425
448
508
242
440
338
399
428
208
156
40
305
250
356
31
18
407
111
140
37
409
227
63
451
416
484
313
372
49
251
126
45
90
217
306
21
435
231
509
361
39
177
285
101
181
325
444
216
172
135
124
122
115
302
295
36
459
2
472
154
183
71
460
185
102
461
309
28
17
390
303
178
120
431
131
474
32
229
415
9
169
441
239
253
406
119
301
61
207
296
19
369
447
331
85
288
218
211
67
385
141
51
355
462
257
60
65
26
80
66
481
267
308
258
224
394
78
430
437
321
485
354
379
500
422
489
162
368
27
429
269
161
502
380
235
391
387
389
364
158
329
223
511
70
221
487
77
491
324
433
335
319
138
414
510
188
92
357
455
375
100
42
476
225
179
113
133
134
209
395
89
137
347
457
287
373
114
366
56
283
148
417
187
498
241
123
504
404
337
167
353
145
5
264
311
41
232
163
97
29
272
501
477
94
110
497
73
171
330
103
129
202
332
91
453
281
175
249
328
121
403
106
153
439
24
346
480
273
189
256
125
336
112
421
245
410
458
72
467
144
411
280
420
48
13
194
79
155
343
450
95
22
358
33
197
292
0
279
150
52
348
127
386
132
507
248
449
55
7
454
199
136
96
212
69
228
377
47
196
499
57
192
109
339
315
261
443
107
479
68
345
506
278
424
418
159
298
464
362
259
434
284
15
282
195
371
16
495
482
442
427
456
426
478
139
254
376
204
