377
385
65
216
51
382
468
360
59
29
164
196
252
232
228
203
184
426
145
444
258
171
472
227
456
302
463
219
122
63
440
347
84
239
153
384
272
397
158
475
263
109
439
48
379
16
432
220
408
460
9
112
148
80
469
188
294
254
138
152
487
126
465
218
249
356
284
349
502
233
489
326
229
110
165
342
481
259
244
195
132
391
298
442
141
412
54
315
66
316
376
367
137
226
388
78
386
351
371
101
17
34
243
50
273
319
240
368
134
10
433
369
47
488
107
98
499
291
419
178
446
194
37
281
21
185
202
437
322
389
177
225
441
192
255
115
497
182
76
312
335
121
77
413
407
403
157
269
447
131
97
128
320
374
341
270
454
55
22
400
180
396
27
26
163
275
7
38
257
91
453
464
8
364
95
327
154
340
1
418
292
11
155
108
436
339
401
39
473
57
393
58
383
329
283
476
67
477
256
504
169
89
79
159
247
46
129
346
276
428
293
198
88
181
160
510
251
411
162
362
381
495
248
304
69
23
483
492
366
471
264
505
330
70
193
332
114
15
56
238
139
237
83
0
375
365
99
5
250
370
448
480
28
409
331
430
467
125
484
161
45
201
43
309
491
478
311
130
271
49
172
199
72
234
111
40
420
35
53
2
280
44
267
358
305
120
140
438
71
443
52
503
4
113
417
151
170
373
102
353
32
398
33
297
511
286
231
278
190
62
301
300
86
105
324
434
209
260
421
13
390
253
334
213
36
410
265
485
223
166
336
173
296
470
378
402
429
61
222
215
207
245
179
147
290
149
246
493
406
462
333
123
241
352
210
486
455
85
224
211
189
288
262
354
90
214
392
337
310
466
186
142
81
156
451
167
106
314
143
380
200
135
3
187
64
175
427
325
399
103
359
343
93
87
168
274
236
25
414
24
498
395
217
104
394
118
313
289
82
405
328
261
230
12
344
431
424
208
30
303
449
266
174
124
100
287
474
461
31
18
205
295
308
277
133
20
14
435
60
176
285
507
41
355
73
191
94
150
212
415
127
183
338
423
306
307
345
363
496
445
136
119
221
68
508
317
299
6
404
75
74
348
372
42
458
282
116
479
96
416
387
457
459
361
117
509
494
490
197
279
500
242
19
146
452
425
450
482
204
206
501
506
268
422
235
318
323
357
92
144
321
350
