120
33
486
247
358
365
95
73
222
150
484
236
324
364
195
25
130
284
11
28
114
68
181
461
153
466
504
312
296
238
139
140
337
117
268
107
399
375
500
248
477
204
94
441
433
363
96
192
196
135
395
420
151
385
166
125
207
21
0
488
162
347
351
8
393
314
361
127
343
161
475
176
333
294
493
82
239
392
357
506
152
112
272
65
325
355
83
240
243
219
508
317
462
129
138
476
89
498
412
110
160
369
271
331
177
242
285
489
60
303
370
330
136
18
304
451
383
511
445
49
43
9
180
382
410
266
148
270
425
10
12
86
67
371
143
414
316
113
217
251
52
31
449
483
359
26
264
146
249
258
77
72
235
379
394
54
145
224
62
171
5
50
267
463
431
40
173
1
424
318
246
373
98
401
509
90
390
440
220
194
55
122
32
349
64
189
368
442
282
75
470
158
287
426
321
262
47
230
447
57
188
481
205
200
269
309
453
91
100
41
20
105
289
348
360
479
422
421
427
397
197
232
467
322
69
212
3
87
354
460
259
341
436
344
406
376
283
61
499
494
308
124
123
380
66
338
459
101
391
301
76
377
510
454
13
157
432
216
19
84
237
502
255
417
250
430
174
352
446
184
45
501
389
448
167
473
457
191
490
274
320
472
214
297
310
465
367
30
175
115
315
419
142
332
487
366
163
210
306
435
339
478
2
27
209
178
211
231
386
119
492
450
413
16
74
474
233
298
78
106
340
411
416
485
199
409
350
79
468
405
155
154
183
185
428
201
133
179
482
290
381
227
70
147
273
14
245
408
141
404
300
345
291
132
38
241
53
458
159
190
311
104
372
63
225
328
42
327
480
37
228
384
186
80
170
437
92
438
48
213
198
342
456
323
221
434
429
491
182
23
276
6
353
218
93
305
109
144
88
252
326
356
415
407
402
469
134
281
46
277
168
7
497
261
172
257
455
102
507
56
39
471
149
495
36
256
400
335
302
97
444
193
319
116
103
396
4
71
275
288
336
121
15
263
131
35
280
362
374
229
292
223
313
253
22
378
58
279
388
329
403
293
443
496
81
299
203
85
346
295
307
44
334
17
439
254
29
128
244
118
464
99
24
452
34
165
418
126
503
111
423
156
169
505
387
215
108
202
187
208
59
164
398
206
51
265
137
226
260
278
234
286
