14
168
64
117
437
309
184
339
214
411
87
442
220
50
503
464
466
433
144
33
239
146
204
333
450
502
281
446
478
76
4
104
54
390
17
378
5
485
505
472
25
310
39
35
470
224
194
375
195
400
133
190
127
302
27
288
268
407
329
338
467
345
277
189
476
119
444
132
139
252
501
402
282
89
486
510
301
170
152
28
108
283
424
320
399
332
443
426
484
243
404
141
494
113
244
382
154
101
171
506
47
351
391
207
221
511
114
261
386
126
488
137
251
362
99
42
482
140
78
84
481
416
166
61
210
374
93
211
26
384
483
6
368
57
392
413
396
434
248
180
435
83
23
419
186
62
202
346
308
110
364
389
306
438
270
188
219
336
88
507
257
92
290
173
414
165
296
367
155
278
199
376
448
105
335
65
317
56
242
134
185
431
193
265
322
365
12
230
343
90
479
63
206
298
263
508
218
71
20
453
323
468
68
109
274
86
412
436
307
504
313
380
179
38
269
46
326
115
489
358
492
128
143
271
447
305
238
264
330
129
477
151
321
182
164
328
55
1
462
341
347
169
316
172
205
80
449
423
131
348
255
401
48
148
387
96
136
233
304
280
429
225
107
299
490
350
459
422
334
178
81
15
34
196
405
209
82
276
342
312
318
403
455
289
130
66
40
267
231
451
292
45
9
256
359
295
397
393
103
7
18
236
279
3
498
293
247
352
372
201
147
181
340
192
496
250
418
77
497
491
383
226
94
197
10
161
142
370
452
394
440
85
37
344
246
213
79
95
259
356
331
16
208
249
227
260
408
439
363
223
480
473
493
44
52
499
284
177
123
349
120
234
381
245
361
425
420
441
229
29
158
395
327
159
379
72
153
13
371
176
222
32
174
19
175
303
198
409
286
325
487
354
36
74
31
460
294
135
24
112
58
432
124
377
43
102
11
59
266
240
163
366
324
97
469
51
388
406
291
495
430
232
100
0
69
75
191
427
145
253
187
122
162
22
254
360
509
415
73
8
311
156
121
30
160
150
319
228
463
421
67
235
111
149
98
428
70
500
474
106
410
41
454
337
314
262
385
275
60
49
465
273
457
458
353
357
445
272
217
287
183
300
118
369
461
417
203
216
315
125
471
167
456
373
241
285
297
212
258
2
53
237
200
398
355
116
157
475
21
215
138
91
