23
54
122
143
291
493
148
297
313
263
135
440
305
282
177
84
433
123
247
66
254
417
224
86
302
227
395
27
277
403
208
475
431
221
246
375
161
363
307
214
25
460
348
382
492
0
451
160
37
481
301
255
487
491
260
57
198
360
38
184
72
236
350
438
33
179
73
5
311
328
461
55
290
63
82
36
446
154
241
507
163
286
306
178
421
7
365
60
164
436
210
109
51
447
429
304
201
410
383
364
333
225
373
70
209
399
343
476
448
324
362
194
133
292
185
349
269
106
212
315
188
504
170
142
464
40
462
52
264
420
397
242
10
353
121
76
391
139
91
171
4
484
158
176
321
413
266
483
459
367
112
496
470
87
271
141
338
316
144
155
495
402
409
94
216
46
168
17
279
326
441
8
243
500
293
213
58
511
203
398
157
30
499
359
473
249
393
190
3
468
39
501
325
467
330
115
287
50
140
337
233
449
369
289
237
28
197
361
482
419
485
273
285
435
245
344
404
79
371
92
296
152
303
378
488
20
322
458
355
430
455
43
175
432
294
239
331
132
228
159
131
270
13
276
11
128
101
490
251
117
16
67
116
105
288
75
48
207
136
489
444
56
434
505
93
9
368
223
379
77
428
345
386
206
68
173
377
278
153
312
509
156
88
503
408
102
81
265
259
74
336
370
248
6
267
204
174
252
480
329
497
32
12
498
78
332
146
172
454
372
443
118
335
412
253
388
427
318
486
256
134
257
99
187
49
380
465
183
108
281
357
53
41
69
346
422
138
235
44
385
222
202
471
508
151
1
230
120
274
354
195
169
182
416
34
191
192
469
162
250
394
358
340
341
502
323
45
232
494
272
95
26
167
19
98
226
284
127
47
62
424
181
193
466
104
71
219
418
217
478
506
261
137
211
317
411
21
320
472
96
124
238
200
390
14
510
149
165
59
218
452
334
437
414
339
240
90
457
439
145
258
150
456
31
319
65
2
107
356
231
352
22
423
229
283
147
347
126
18
100
244
387
189
24
426
314
445
479
450
415
186
15
280
366
29
89
406
477
405
125
425
196
268
113
309
308
400
300
389
442
103
463
396
42
351
85
376
35
215
61
374
83
220
342
384
275
119
298
392
295
310
327
111
262
474
234
110
97
64
166
180
205
130
381
299
80
199
129
114
401
407
453
