466
77
451
282
214
21
327
252
372
432
509
347
23
189
114
206
13
83
22
46
212
79
140
393
160
129
281
354
336
201
78
290
338
192
27
368
353
135
76
438
125
65
187
40
420
4
208
178
423
312
400
492
399
277
379
491
391
289
396
503
163
331
462
177
36
411
450
382
495
417
56
254
324
488
119
294
271
73
105
426
117
147
264
437
130
441
263
343
84
94
204
173
405
70
285
3
496
95
490
152
275
86
143
483
11
151
1
8
309
25
403
146
332
10
369
380
477
507
443
377
293
180
190
218
247
216
375
360
256
66
197
278
237
308
243
352
103
224
257
43
183
402
261
459
279
196
485
138
412
442
446
205
374
366
161
231
124
410
303
91
321
284
448
17
480
288
87
82
258
249
409
268
457
344
168
351
384
467
335
90
310
497
213
339
489
479
239
334
207
510
223
93
110
136
440
150
19
29
373
227
71
244
121
362
55
472
484
191
92
144
68
100
498
433
299
376
300
430
132
478
501
322
131
58
267
15
326
453
64
465
221
184
236
304
134
133
295
406
349
506
101
385
6
355
273
96
390
323
210
166
461
364
463
248
89
262
128
276
250
141
167
305
395
311
67
193
481
20
48
149
314
259
313
148
109
346
174
455
348
39
398
37
251
54
415
53
408
2
429
186
61
475
297
164
194
198
407
14
255
269
401
436
315
383
508
80
123
265
280
397
392
127
181
199
158
486
428
30
272
157
31
361
505
139
220
35
38
45
122
341
319
333
449
298
260
222
246
504
104
47
316
44
209
203
468
107
342
389
447
126
217
18
233
230
200
62
24
422
329
116
26
358
444
98
232
413
350
9
434
111
414
229
240
102
41
291
211
75
175
108
394
357
359
153
404
219
419
270
51
456
106
52
356
371
388
137
427
113
307
115
97
118
473
435
367
296
425
112
320
228
381
69
370
302
215
74
81
340
179
494
424
72
286
235
500
42
171
363
421
156
7
452
474
85
33
169
0
464
241
176
439
266
418
234
165
28
454
445
170
386
188
238
306
476
458
162
57
416
287
325
318
142
469
431
337
301
493
63
12
482
328
317
387
172
202
34
49
292
471
511
16
274
60
502
59
155
50
242
283
159
225
185
345
487
120
499
195
32
460
226
470
378
253
5
88
182
365
245
145
99
154
330
