127
401
248
296
39
182
116
408
220
183
292
447
283
466
186
195
176
339
238
210
90
29
179
19
360
274
496
58
17
281
107
102
358
212
400
108
193
347
48
224
134
52
159
289
153
0
493
93
381
338
240
485
67
150
327
437
422
231
27
379
120
55
247
337
371
218
23
442
88
286
164
91
323
397
37
5
321
322
149
389
383
230
509
104
378
251
97
445
221
387
329
353
43
122
239
60
298
206
54
454
34
461
1
132
317
89
284
82
143
427
103
256
414
119
376
12
309
87
69
377
319
219
15
375
411
396
168
152
297
311
250
489
46
214
157
443
351
278
486
386
385
56
262
388
242
169
484
393
7
275
162
307
346
181
483
75
345
303
141
10
117
144
257
130
285
290
177
391
71
261
118
25
432
440
184
282
332
53
441
357
325
272
416
192
111
315
405
279
197
207
128
160
24
100
178
308
295
446
244
32
171
137
77
156
255
229
26
328
161
491
310
394
494
505
499
136
8
392
455
476
125
374
174
254
13
293
380
243
59
61
412
467
45
126
474
180
50
110
354
470
439
421
147
151
430
498
463
72
481
14
448
148
291
208
203
366
138
38
350
57
336
341
312
451
253
139
20
369
488
306
202
426
94
217
456
457
343
510
95
468
458
340
487
16
500
31
429
63
460
196
3
501
326
165
365
344
73
105
324
6
406
85
106
9
154
264
335
418
92
28
81
131
438
479
287
66
216
269
189
313
497
464
84
449
348
301
204
76
355
101
413
320
373
86
364
450
349
399
465
78
245
249
362
409
330
185
188
198
334
459
434
199
480
40
170
167
503
469
115
431
30
113
372
453
314
417
194
163
201
18
407
155
65
235
109
233
121
444
70
367
316
83
135
258
172
265
209
133
234
98
419
304
492
74
114
124
490
49
473
266
363
99
402
263
191
237
140
267
342
404
415
471
424
370
294
475
51
173
273
410
259
223
280
482
302
331
425
276
35
227
277
129
507
361
420
504
236
2
112
435
36
384
472
187
228
502
318
222
246
205
508
452
506
382
68
390
356
96
211
477
200
403
268
241
41
213
433
352
62
300
145
42
359
123
158
226
190
436
428
368
225
299
33
80
252
4
232
270
305
398
423
271
511
166
495
146
175
21
79
64
333
478
47
288
260
215
395
11
22
44
462
142
