86
62
325
473
464
353
451
301
89
366
443
510
326
344
56
452
243
477
57
194
331
310
24
281
131
441
71
468
479
40
53
160
41
483
1
371
427
51
98
453
23
283
126
166
168
83
109
313
486
440
363
205
183
262
132
288
395
372
370
210
431
179
490
494
127
417
32
505
171
27
346
113
308
84
408
225
298
16
274
480
48
390
495
233
409
61
327
170
436
246
204
79
338
342
423
68
149
394
185
67
460
311
8
11
251
151
143
376
211
484
192
237
4
465
195
425
454
106
407
220
208
0
509
213
198
335
75
218
481
324
280
355
5
286
457
54
392
90
332
501
141
152
157
2
78
73
430
20
153
107
350
405
254
341
197
212
496
136
144
289
309
406
81
124
224
69
511
148
292
266
260
345
235
275
498
139
365
241
487
74
234
60
215
291
13
80
500
367
402
199
29
159
419
257
169
420
433
3
130
295
502
200
50
374
102
415
163
439
470
432
400
442
34
413
458
188
65
82
94
304
264
137
348
302
383
10
36
133
297
359
33
270
150
268
115
174
303
232
142
217
77
123
455
466
178
70
162
329
156
37
322
389
401
15
323
19
196
276
267
352
214
421
508
111
503
87
121
26
428
269
448
221
45
28
158
328
357
403
364
347
410
447
186
469
114
97
231
173
305
261
306
101
134
191
356
249
119
219
229
244
172
294
471
412
399
488
180
319
282
491
112
187
242
93
424
118
379
110
388
315
299
337
138
147
155
228
190
449
362
258
245
507
492
300
92
416
349
418
128
381
333
385
248
396
256
76
39
339
474
99
285
278
273
239
120
201
429
226
351
461
252
358
14
317
506
181
459
497
177
189
202
52
236
393
184
446
482
318
105
6
314
7
290
22
259
167
263
330
279
476
222
206
414
31
47
104
391
227
175
165
361
103
463
467
296
334
100
207
135
456
146
72
58
96
63
307
386
145
493
55
472
116
438
154
203
117
368
293
193
9
17
21
43
253
411
360
277
108
444
38
316
209
380
354
375
384
223
164
49
125
64
85
176
140
485
18
320
182
340
95
250
499
255
422
91
398
450
478
265
312
287
404
462
434
397
435
387
88
284
489
343
216
378
369
445
59
161
44
35
66
437
336
30
382
240
272
42
46
377
12
504
247
122
129
426
271
238
373
475
25
321
230
