478
219
404
246
96
474
150
380
379
496
279
348
266
361
453
133
143
121
218
487
92
179
284
44
68
458
267
23
13
88
157
46
109
344
486
323
0
305
33
452
101
102
160
443
407
12
126
365
235
107
104
445
256
59
245
426
152
239
470
124
252
212
16
254
309
272
494
116
398
172
325
402
28
7
508
465
168
393
17
260
41
57
75
140
182
21
454
201
174
50
490
129
482
139
457
294
372
320
411
261
210
437
310
142
341
257
26
39
82
89
6
373
47
423
359
250
27
353
51
244
2
468
36
463
265
58
155
55
510
127
63
289
455
22
271
196
216
483
203
288
70
164
226
391
475
145
416
360
117
385
291
147
105
336
471
346
438
66
432
333
8
45
480
242
477
312
345
332
125
449
61
222
87
237
354
262
158
467
34
113
193
451
103
177
161
357
64
286
123
488
195
37
381
32
484
417
280
112
54
505
362
399
497
137
241
72
282
415
156
4
35
77
120
330
19
290
358
81
409
431
227
278
307
331
84
184
356
301
149
205
236
440
366
389
170
204
213
76
176
128
375
326
386
20
233
154
349
476
232
299
211
355
189
433
273
456
506
100
387
238
85
397
119
275
469
118
430
418
106
97
419
229
400
131
335
329
334
86
313
429
296
243
31
315
459
122
311
377
297
337
493
428
466
319
11
224
48
276
343
42
135
175
52
394
209
171
324
317
144
249
327
371
73
421
269
3
69
192
80
481
501
259
502
485
422
263
163
60
162
25
223
277
114
130
461
200
363
110
314
414
197
166
187
240
472
247
207
304
15
396
62
178
413
316
191
83
98
306
148
5
169
141
234
181
115
300
388
38
183
424
376
285
420
43
90
165
228
507
368
427
217
408
450
214
342
462
111
302
489
401
10
99
498
303
448
248
504
460
464
436
74
352
318
378
347
91
274
194
446
412
350
447
293
395
49
444
287
14
283
251
392
220
383
190
322
206
364
308
321
382
253
67
136
503
370
473
492
188
441
185
71
79
1
93
410
221
9
53
340
367
258
442
132
479
403
30
425
65
167
255
405
268
186
18
295
94
374
406
439
328
495
153
338
281
230
434
225
78
202
95
500
180
384
108
369
134
231
292
173
151
24
159
199
511
270
29
390
339
491
298
509
138
264
146
435
351
40
198
499
215
56
208
