127
113
218
174
162
505
176
353
169
288
207
155
45
330
475
137
469
299
337
191
357
160
302
206
92
188
489
498
364
473
58
168
53
29
313
94
184
156
478
465
158
429
12
5
497
394
365
468
363
41
266
432
416
46
384
265
106
279
171
494
345
379
485
128
329
82
80
311
93
440
74
333
270
42
446
40
198
54
426
340
328
217
312
204
335
378
144
289
257
228
467
470
142
125
126
195
511
314
9
482
479
323
325
380
360
295
102
85
381
63
103
70
105
382
507
315
163
448
474
391
400
408
454
435
241
372
115
445
100
417
210
242
318
87
62
455
309
387
464
267
240
350
453
262
57
249
165
64
16
10
2
68
208
98
427
406
226
376
271
377
258
129
255
35
69
132
441
304
367
150
238
157
34
138
495
362
358
26
348
338
91
450
104
503
412
414
392
282
422
21
395
101
415
341
456
23
310
172
30
123
44
153
200
404
122
177
298
178
352
317
164
6
214
375
490
146
108
402
269
493
59
50
300
234
140
167
320
3
451
134
230
281
508
428
20
260
231
139
36
121
370
161
280
439
487
99
283
76
32
419
481
246
346
418
480
339
90
396
509
386
460
180
97
148
4
237
504
247
1
149
434
322
354
25
411
145
316
409
185
189
331
86
227
492
51
321
277
420
133
486
154
261
112
359
7
22
248
232
324
397
308
373
253
251
187
243
413
205
398
114
193
351
179
182
276
49
89
175
173
81
263
272
233
425
8
229
332
27
159
477
124
423
39
15
336
181
343
213
95
209
457
118
43
38
61
461
250
501
286
476
211
166
33
301
502
111
393
355
506
60
431
14
141
307
500
203
119
130
447
471
245
374
510
107
472
37
284
235
11
326
466
293
194
296
19
334
120
388
109
405
389
56
297
24
55
48
67
488
117
71
306
220
0
371
77
452
483
75
183
294
275
17
319
407
28
47
491
88
151
287
18
65
136
449
72
202
244
84
252
239
259
462
96
201
444
196
496
433
273
73
438
236
424
264
499
131
135
147
224
79
219
442
344
116
225
369
401
52
399
484
349
66
110
254
197
192
390
170
347
410
430
78
190
291
385
436
459
199
221
13
152
303
223
356
342
368
222
143
278
458
274
83
216
421
290
31
437
366
186
268
383
256
285
403
327
361
292
215
443
463
305
212
