161
375
245
417
234
494
219
81
293
143
306
361
62
248
335
185
455
420
491
404
228
445
358
47
227
152
99
2
413
403
221
158
482
425
41
239
469
381
50
311
217
313
259
328
242
125
419
498
218
202
222
330
509
177
401
167
201
174
407
131
211
209
113
108
300
324
60
87
78
15
230
366
235
347
502
290
333
319
206
85
399
189
14
70
462
405
432
166
40
257
73
58
286
508
133
154
468
511
410
193
205
331
463
97
497
281
188
22
292
213
258
352
147
465
169
194
196
390
76
332
1
71
475
66
94
32
415
17
373
265
431
134
123
204
23
49
241
280
237
240
68
102
225
77
48
264
312
329
378
182
490
466
127
110
449
473
367
414
276
287
348
163
45
499
37
80
92
456
506
109
111
180
398
349
229
145
393
429
251
371
146
263
379
67
162
51
86
362
136
364
149
470
198
170
479
148
33
271
262
63
317
246
34
223
447
173
132
459
336
156
200
172
128
190
334
278
267
178
396
282
440
316
492
119
342
3
184
309
114
389
36
21
10
505
397
443
93
120
323
232
483
279
289
216
291
250
199
343
171
9
7
75
485
503
424
6
4
320
176
266
461
208
0
72
210
295
294
224
129
395
18
140
436
454
339
226
444
451
458
474
355
377
487
409
382
144
338
116
214
142
408
121
326
464
175
247
298
495
122
64
299
24
31
368
238
484
98
254
25
453
12
74
450
28
402
29
5
284
269
501
274
139
150
288
179
370
79
27
391
96
448
304
507
486
187
438
181
489
126
496
327
100
159
165
345
341
168
273
13
69
308
359
344
233
268
488
315
155
11
203
437
112
103
95
423
82
90
54
42
452
372
53
38
59
138
384
272
35
383
325
493
418
44
101
192
16
321
283
360
481
322
160
357
307
400
305
318
253
186
500
43
411
65
480
471
275
310
252
256
244
457
434
430
510
314
422
394
285
421
107
83
215
61
369
385
301
416
55
20
115
337
236
350
467
446
477
386
104
26
137
141
52
157
435
39
151
460
363
91
406
261
197
19
376
220
135
346
130
412
433
340
439
84
231
302
191
426
427
57
478
297
270
183
153
207
441
46
56
388
296
374
356
365
8
195
164
89
354
353
212
124
303
117
277
392
504
255
118
351
472
387
88
442
260
476
105
30
243
249
106
380
428
