91
502
472
34
149
126
439
427
213
457
128
99
354
235
294
447
506
420
107
37
239
241
147
373
150
428
265
315
24
323
303
72
77
35
361
14
431
79
324
28
43
246
316
279
178
62
140
320
413
17
355
475
478
7
484
104
275
180
471
433
362
3
469
333
504
185
118
343
148
225
203
464
41
493
262
154
172
356
230
424
336
158
392
407
52
97
308
219
292
86
415
206
313
451
151
500
342
489
304
217
492
134
153
64
81
57
369
234
366
114
269
171
9
375
211
102
132
350
116
474
175
227
189
112
393
498
60
483
119
465
69
233
480
205
391
73
418
293
450
26
364
157
137
250
105
4
13
220
40
368
218
441
429
445
448
380
115
487
184
29
113
385
372
174
283
390
161
123
340
485
165
68
36
49
259
288
388
338
131
0
95
25
405
379
173
160
406
93
109
260
263
443
408
196
156
482
488
285
51
281
255
411
435
327
183
5
291
181
359
237
398
136
20
190
440
332
16
117
76
334
80
18
508
197
66
416
236
352
426
87
459
53
378
312
54
434
232
446
268
42
248
403
209
402
422
266
223
194
460
376
363
414
251
110
67
12
166
276
177
503
212
127
481
497
444
296
32
438
182
495
192
430
159
78
399
47
6
31
70
456
397
353
510
143
470
121
124
94
88
325
401
290
270
71
224
287
370
345
467
298
92
141
15
461
494
55
146
2
351
98
381
179
302
201
341
30
321
84
170
307
144
374
297
425
386
199
202
82
289
452
335
240
210
204
145
347
23
301
249
309
329
176
454
501
284
310
90
473
187
168
423
490
453
395
509
65
286
200
1
208
214
162
167
365
106
346
46
477
328
207
264
511
274
314
74
300
282
243
331
48
458
111
479
455
44
229
463
215
505
349
100
135
437
358
96
226
50
193
261
306
468
280
142
247
75
228
122
305
27
222
61
125
272
271
360
348
45
22
195
396
322
382
21
499
273
38
33
58
278
242
256
318
404
138
383
258
164
216
410
83
317
389
221
19
299
245
11
337
442
244
139
311
198
371
394
330
387
496
419
103
400
384
252
186
238
188
253
344
39
89
491
412
339
169
267
409
155
254
130
417
421
191
163
10
59
257
357
319
63
129
133
476
277
101
56
462
231
85
432
8
367
436
295
466
377
486
507
120
152
449
108
326
