168
28
14
265
501
47
277
258
408
441
399
270
357
166
404
300
396
427
173
438
148
420
35
13
332
202
437
491
293
405
464
278
174
178
239
1
369
384
389
287
110
309
253
329
234
325
434
77
21
52
87
502
51
285
88
447
221
454
269
480
299
360
485
510
271
151
314
366
29
295
60
294
83
262
68
499
504
155
312
257
58
70
33
322
331
100
392
64
476
307
232
96
144
215
298
132
147
164
288
118
442
302
197
111
320
280
224
86
105
236
183
305
425
467
121
24
120
139
172
406
41
359
321
169
97
304
439
330
210
219
333
145
503
486
80
264
113
44
436
158
364
361
36
428
90
348
354
445
222
471
383
5
371
184
282
211
117
162
291
380
114
159
378
193
179
180
38
82
456
216
177
152
56
195
507
347
191
323
457
190
290
91
57
345
235
209
102
115
263
335
79
9
487
488
387
414
153
416
109
241
247
251
268
353
492
18
483
440
362
223
212
157
376
431
74
3
424
340
65
220
334
249
94
397
261
349
426
32
490
46
129
374
76
451
255
275
42
279
119
400
72
370
350
484
254
125
301
78
59
186
351
368
479
245
69
11
73
163
274
49
381
126
365
401
188
231
248
246
460
343
477
75
40
450
326
127
48
242
205
444
185
341
176
137
328
37
181
463
67
12
108
15
182
229
435
462
203
165
410
7
101
508
189
336
238
346
377
201
286
99
319
6
133
267
448
475
506
453
142
71
458
422
388
500
344
403
472
192
25
461
402
17
104
16
93
315
411
31
260
358
160
10
98
493
225
337
207
141
140
62
92
367
509
136
146
226
27
161
455
122
511
150
112
53
107
496
505
310
243
390
213
156
284
297
198
135
39
470
391
240
452
218
200
413
61
244
95
292
446
313
273
296
103
375
0
468
63
418
84
356
497
2
482
473
324
20
26
124
8
419
171
469
55
123
256
430
128
227
415
283
417
175
311
194
443
130
50
252
412
394
143
204
409
339
199
196
342
379
116
81
498
465
363
432
138
19
393
233
355
259
131
395
230
318
306
352
385
481
474
22
372
423
449
494
489
466
250
228
217
266
154
327
34
85
187
149
478
386
289
66
54
407
429
237
167
134
276
495
308
303
338
316
30
106
214
43
421
23
373
433
459
89
170
45
398
281
4
206
317
272
382
208
