291
99
311
189
468
352
117
74
91
426
180
44
359
446
472
148
1
81
436
429
52
185
492
458
212
427
230
258
241
455
178
64
210
407
375
336
233
206
257
353
107
481
38
399
474
193
37
488
141
445
275
316
272
378
159
217
315
309
222
403
147
40
304
234
341
477
76
281
14
416
242
138
478
382
9
136
461
498
90
191
194
409
21
97
344
41
161
88
394
25
227
266
264
169
411
179
251
340
313
390
460
273
137
363
228
398
6
167
98
19
115
110
224
134
421
420
55
201
139
262
294
122
235
58
77
11
190
384
362
339
119
124
370
131
303
86
56
374
366
437
106
310
240
387
393
503
33
493
484
439
464
348
4
35
470
482
331
402
216
322
171
151
254
113
326
10
39
505
202
60
200
510
118
108
502
351
372
487
102
15
383
368
125
277
274
486
72
511
423
440
112
441
130
376
323
422
68
289
377
67
156
199
66
166
280
371
172
205
506
365
350
127
367
443
146
467
188
204
395
462
176
252
61
30
335
432
181
231
424
319
494
508
287
104
232
123
121
100
208
380
358
65
466
327
79
16
338
94
133
451
140
389
259
364
413
292
187
397
253
175
209
50
418
479
497
0
284
196
32
247
349
504
295
306
163
93
54
343
268
29
361
13
85
184
73
186
263
154
452
457
105
354
496
490
305
373
150
142
296
500
213
419
286
198
276
153
301
120
278
425
260
132
386
453
388
8
149
355
476
401
475
298
406
329
324
356
431
408
207
347
12
330
87
256
480
109
53
442
465
450
459
414
177
485
18
203
471
143
24
396
20
174
509
45
145
243
219
369
255
48
223
170
17
23
3
101
415
46
483
448
299
165
84
211
250
59
463
321
293
345
70
249
246
238
507
96
7
400
385
328
308
320
410
435
317
456
28
433
261
49
271
229
302
236
265
5
155
162
51
307
2
226
80
269
447
283
300
128
290
237
454
239
152
333
78
379
438
312
75
357
270
334
69
381
160
63
114
491
288
489
332
62
34
71
499
26
405
430
195
89
220
428
342
173
221
197
164
31
92
82
473
412
346
126
182
214
36
501
285
47
116
449
325
404
22
218
225
297
279
95
27
434
157
444
469
244
495
314
158
42
318
248
168
267
183
391
282
215
417
392
43
111
83
57
129
192
337
360
135
245
144
103
