365
210
449
265
42
323
185
64
326
123
175
34
161
325
400
343
156
243
96
346
36
264
88
221
233
354
71
59
67
100
349
460
97
305
28
38
466
417
66
257
281
506
196
379
340
107
439
86
287
474
330
171
260
135
101
385
313
119
89
420
416
216
484
18
149
217
248
431
227
310
480
509
462
425
139
125
275
442
332
269
336
510
380
283
174
355
505
333
226
306
487
397
277
475
408
485
91
276
74
180
459
137
291
247
508
497
17
37
350
154
437
499
360
231
204
199
401
507
177
284
23
324
16
44
236
302
413
342
51
169
192
21
272
388
54
234
367
468
167
133
241
288
56
209
490
108
488
363
62
168
251
63
317
376
84
444
504
83
495
109
377
280
128
57
489
187
198
482
300
117
223
469
213
424
446
14
502
253
274
465
293
76
47
294
208
239
259
228
191
68
81
249
389
160
163
182
134
364
158
473
124
2
418
361
270
230
4
410
435
242
318
285
183
301
358
201
112
467
387
159
114
319
94
8
448
7
69
27
458
440
179
348
120
366
344
372
195
6
206
290
398
215
403
115
405
491
229
402
441
455
5
307
370
10
373
261
395
429
267
456
453
500
334
35
316
99
433
278
255
311
419
43
438
129
434
111
244
147
193
73
220
33
186
368
390
41
165
282
103
394
189
235
49
105
132
386
238
53
143
197
501
327
486
130
470
39
454
351
150
211
451
157
471
339
409
181
70
304
341
371
145
142
292
22
415
202
148
452
106
176
92
320
78
3
406
155
151
245
212
447
122
12
492
426
479
219
359
104
110
1
254
98
374
263
271
118
52
72
203
312
279
48
188
472
303
218
378
457
0
224
498
422
11
296
26
461
46
24
237
383
298
483
423
58
362
315
478
262
190
79
322
19
9
25
392
421
225
15
127
445
184
391
29
77
308
381
131
205
295
297
258
214
164
432
414
32
55
436
90
31
463
173
494
476
172
13
136
144
61
153
289
450
352
314
222
299
503
87
93
382
430
170
369
493
384
273
477
496
356
246
335
404
240
232
329
140
266
45
321
309
464
178
207
481
393
194
511
353
347
256
146
328
337
60
252
126
50
102
338
116
411
286
375
138
152
412
121
75
113
357
396
85
20
65
95
407
331
141
428
268
250
162
399
200
427
443
345
30
80
166
40
82
