12
141
76
45
487
257
20
452
456
344
310
125
199
469
317
389
63
34
111
366
377
33
251
104
213
291
481
250
499
355
253
505
264
73
67
502
3
61
109
60
390
474
149
30
77
222
399
1
207
6
493
296
447
209
19
402
297
27
26
342
88
214
348
353
172
394
53
127
409
161
457
494
370
386
485
120
511
413
448
431
57
167
479
92
194
453
123
434
424
225
145
429
339
94
290
504
49
454
362
177
184
170
403
202
108
285
204
327
395
31
193
87
58
133
393
85
243
173
258
439
95
137
306
468
42
384
326
438
190
433
331
289
84
135
437
404
261
208
112
89
496
156
286
198
495
55
110
308
374
268
400
244
239
106
252
266
197
278
425
284
282
407
178
220
312
460
25
357
65
182
349
191
254
498
320
307
332
59
48
154
189
75
9
126
102
420
241
346
387
80
309
238
4
38
318
340
328
138
313
466
428
294
69
11
81
410
153
446
401
175
270
321
262
100
74
157
212
159
443
134
385
414
131
376
101
367
299
417
450
508
228
62
221
247
176
427
143
486
166
354
215
491
322
169
216
151
368
162
305
180
451
160
21
41
15
117
472
219
314
490
445
72
240
423
54
155
171
360
226
345
52
293
187
436
136
378
44
501
510
164
265
412
464
269
205
118
22
242
315
324
46
351
500
304
255
272
121
432
480
275
7
139
86
301
458
128
482
488
142
430
24
375
229
201
287
132
489
352
8
330
421
444
473
311
64
16
477
329
398
462
179
39
235
37
185
406
484
29
248
341
256
369
476
192
283
231
10
392
206
441
334
271
279
163
337
373
449
83
97
273
68
467
426
107
361
483
186
363
210
418
70
23
465
396
79
347
471
224
503
18
408
397
144
223
130
71
335
32
196
280
14
99
35
281
158
288
365
114
124
230
388
475
51
116
181
302
0
43
174
168
323
391
66
245
442
91
422
150
316
364
263
103
195
303
98
492
380
129
416
203
295
40
232
78
217
17
411
336
459
113
236
461
188
506
343
277
338
122
383
356
359
463
56
115
233
405
152
455
350
267
13
325
200
90
234
211
246
478
227
333
259
36
358
183
440
105
148
470
140
372
419
218
47
379
82
292
147
28
497
381
93
50
507
509
260
435
274
415
146
249
300
382
319
237
96
165
371
298
119
276
5
2
