484
237
83
207
335
219
282
388
49
143
226
65
117
493
173
225
241
424
338
387
448
194
451
108
274
289
434
201
496
390
498
206
381
372
438
118
356
450
273
502
190
9
507
50
337
287
246
394
60
378
66
352
233
339
138
327
370
39
18
198
16
132
186
90
28
351
371
465
204
120
52
69
144
367
437
407
213
350
166
391
56
389
456
128
259
210
385
279
20
110
211
255
333
408
249
486
97
392
306
256
469
243
377
297
81
253
250
393
462
33
328
188
85
358
214
123
215
422
298
111
405
313
25
268
180
238
471
368
196
482
433
467
316
153
281
329
8
429
82
264
160
395
29
307
511
115
106
304
55
500
265
232
275
403
334
353
360
151
27
170
67
137
443
209
116
63
423
251
93
74
14
42
146
189
413
162
193
477
98
92
452
62
80
91
312
460
40
311
89
242
130
182
177
171
326
224
47
148
398
104
134
492
319
73
208
386
45
257
314
254
499
501
430
299
455
99
416
296
227
122
19
223
107
152
508
109
30
235
51
192
384
481
31
258
276
10
179
342
278
164
322
163
476
228
487
112
44
23
402
133
94
5
13
488
301
302
457
474
46
191
410
38
291
308
270
126
114
136
400
330
404
95
283
11
415
158
421
155
497
454
247
195
240
320
280
411
440
139
236
230
48
200
406
167
305
3
445
363
374
355
96
490
288
435
426
364
181
221
376
15
382
294
303
184
432
324
397
222
441
365
131
380
53
187
32
142
425
127
7
169
383
300
24
348
468
449
459
220
54
453
154
269
357
87
150
6
369
68
479
185
1
447
41
442
231
473
290
277
349
212
485
505
341
427
472
76
315
292
105
436
379
359
229
506
165
401
503
504
100
414
59
475
17
439
428
72
0
417
244
478
199
345
35
263
26
262
491
57
284
461
22
261
75
234
217
494
129
375
64
260
84
489
2
458
156
418
218
332
205
159
431
295
121
286
102
124
266
71
119
248
125
34
271
103
86
366
245
336
37
149
509
444
309
58
373
145
293
135
317
79
325
175
141
113
285
340
495
239
176
420
463
88
174
43
362
419
61
412
272
310
161
344
318
347
168
203
396
470
172
252
321
147
12
480
70
409
77
354
21
399
178
197
36
464
361
202
183
101
157
331
78
323
510
343
466
140
446
216
4
267
346
483
