176
231
183
146
461
392
233
190
323
354
378
373
502
497
365
322
135
422
110
376
492
57
307
228
240
41
100
98
328
321
306
274
256
28
197
312
1
124
67
371
465
115
414
406
388
488
390
74
2
370
417
211
337
116
499
509
359
264
173
171
424
317
237
353
263
139
447
75
31
55
22
470
158
400
413
33
297
421
186
402
507
53
56
258
92
177
235
399
40
269
169
222
453
199
339
221
137
299
239
285
310
249
179
154
125
219
11
430
25
44
437
454
130
175
265
361
200
63
425
202
153
433
440
292
336
13
118
357
82
252
88
279
77
16
466
377
427
380
335
241
238
445
151
333
216
358
311
309
341
498
330
119
316
96
114
480
91
420
486
442
471
79
73
212
302
266
288
148
43
71
349
194
352
225
367
257
84
382
0
113
49
253
436
147
278
438
474
60
24
446
332
401
87
384
112
174
407
127
128
62
205
167
452
411
462
389
226
472
294
23
405
192
326
398
218
66
157
178
403
132
15
105
340
51
304
319
503
343
491
276
144
415
29
347
19
184
363
46
493
282
506
85
494
187
254
70
250
495
38
404
369
346
83
429
383
152
141
163
325
379
188
242
431
508
52
450
126
387
386
458
423
14
9
134
334
408
27
396
244
355
255
280
456
272
26
296
89
368
267
234
104
298
145
69
32
348
501
6
93
136
475
207
426
35
395
385
273
229
418
140
131
381
17
170
36
58
331
81
350
209
42
54
455
275
120
247
213
208
166
103
451
271
510
432
366
149
78
327
210
457
342
315
64
505
261
195
318
305
191
482
490
182
90
344
290
345
161
181
364
360
168
94
416
303
300
444
485
10
101
338
374
37
99
428
463
123
227
95
324
356
156
143
4
106
362
489
245
109
18
97
293
21
289
142
393
243
236
172
500
467
443
189
223
138
435
133
504
12
68
251
8
224
47
159
375
511
122
61
283
220
477
301
230
287
412
108
20
448
214
449
198
193
291
351
460
165
314
111
281
215
155
481
217
129
286
259
409
162
65
439
308
434
473
496
320
248
464
164
484
107
394
121
50
34
277
86
59
76
117
196
260
3
150
270
372
478
204
80
295
246
268
483
459
102
479
397
180
391
185
7
72
206
284
48
39
262
160
5
419
45
30
469
468
313
410
476
201
329
203
487
232
441
