228
91
184
104
285
298
167
431
62
343
248
467
32
292
226
386
143
391
406
50
410
501
87
331
273
23
356
308
458
372
53
139
210
440
34
413
147
231
67
128
121
2
166
363
115
368
389
131
335
327
322
161
12
358
162
267
279
240
423
314
464
247
447
352
170
364
229
18
510
120
195
393
144
5
177
194
397
255
116
252
230
401
435
337
181
70
491
159
485
16
132
334
172
370
61
124
310
158
150
455
299
22
380
333
201
362
479
303
125
43
319
202
256
376
188
203
148
502
20
60
476
227
494
400
433
261
445
373
361
371
66
305
176
461
493
338
260
459
189
173
21
437
1
200
169
289
99
138
107
24
330
80
164
269
302
142
28
432
6
96
262
409
407
355
117
45
320
347
145
379
126
496
277
68
77
365
390
417
483
402
280
396
27
329
384
64
165
250
498
422
309
377
325
26
119
385
434
321
316
63
4
466
509
425
306
178
295
224
421
258
272
353
416
56
31
79
426
481
69
315
451
47
3
300
149
72
98
275
106
495
127
382
383
211
443
253
345
251
257
13
108
175
90
193
39
438
109
235
439
457
399
94
462
505
511
7
453
274
482
156
307
239
290
236
381
174
408
474
218
244
328
388
221
348
190
95
340
81
486
25
110
312
324
318
487
82
103
469
427
111
276
503
65
346
317
332
207
350
470
154
36
448
449
349
429
254
168
492
14
118
238
171
152
130
9
430
411
281
242
40
354
208
59
206
101
198
122
237
374
46
85
499
137
33
450
209
504
225
456
359
160
51
35
151
245
48
291
506
55
351
259
341
197
287
93
424
10
344
475
497
192
49
441
323
86
74
29
405
452
222
83
133
478
339
112
278
135
105
419
265
19
463
102
140
472
480
17
375
41
404
446
233
153
454
442
508
484
185
214
204
428
270
415
326
268
378
286
304
313
180
296
52
342
266
78
387
215
234
414
220
38
141
263
241
460
205
57
187
129
217
471
232
113
468
507
199
395
179
360
284
418
297
92
37
71
42
186
243
114
76
489
412
8
490
293
88
223
84
473
294
219
500
420
282
0
444
163
44
398
11
97
100
58
73
212
311
89
271
182
436
146
191
216
196
288
301
136
134
394
54
75
123
213
157
465
488
403
15
357
369
477
264
367
366
155
249
183
392
246
283
336
30
