438
321
138
254
213
160
68
319
313
315
261
50
89
502
256
416
420
223
497
224
183
448
41
345
149
39
354
449
151
350
391
344
378
96
472
255
124
72
186
158
249
152
51
116
218
188
62
396
437
77
429
498
240
128
404
74
83
423
180
76
164
368
464
239
507
99
510
385
193
281
386
227
307
211
505
78
312
191
452
48
454
406
120
201
237
455
248
140
479
52
377
226
489
121
477
409
415
142
487
427
435
71
381
189
356
495
109
445
174
394
306
290
375
499
182
274
486
203
372
412
87
222
299
483
388
5
425
346
341
410
100
476
446
373
144
28
181
450
170
430
141
428
190
414
217
511
150
447
126
23
229
370
403
330
436
231
481
300
63
494
0
433
245
234
460
302
246
431
263
267
484
402
233
398
67
401
32
210
107
392
440
94
468
362
282
247
469
101
165
198
264
44
66
155
86
2
153
241
11
266
305
235
265
85
225
272
80
338
490
351
390
325
117
324
47
90
260
243
221
475
49
73
163
177
314
322
453
339
508
408
98
192
206
501
214
417
118
485
196
95
88
488
137
8
500
19
61
291
20
329
461
426
244
43
262
279
57
293
3
84
65
400
470
295
159
127
102
276
199
161
106
382
205
185
432
136
209
167
238
258
292
36
168
443
130
457
91
122
463
422
171
147
220
327
316
29
337
365
343
212
369
42
17
195
148
352
250
289
504
26
393
456
219
252
204
471
25
389
331
46
129
215
363
123
418
503
9
444
216
236
273
380
81
31
114
478
353
111
119
53
308
285
112
318
37
194
301
411
310
367
283
311
317
482
156
459
287
178
56
134
288
208
496
176
172
387
27
59
166
467
7
421
491
374
473
115
93
480
154
309
395
135
16
173
146
383
162
458
280
202
336
175
364
22
303
465
442
24
30
439
82
361
466
434
18
384
359
451
64
60
405
54
357
259
1
232
139
12
506
45
13
333
355
371
297
358
105
376
286
197
69
103
462
275
34
294
366
474
493
113
104
110
132
38
342
320
184
257
323
397
125
441
58
79
277
179
332
349
298
230
492
509
304
55
335
97
4
271
169
207
14
379
21
334
108
347
278
253
407
270
251
143
75
340
6
145
284
413
33
35
15
269
70
399
157
200
328
348
133
40
187
242
296
92
326
10
228
131
419
360
268
424
