53
220
349
237
308
434
82
277
232
47
301
267
299
157
430
380
340
494
192
284
329
131
304
95
151
146
56
489
268
424
458
239
60
259
183
418
353
178
101
149
330
12
311
66
377
150
199
39
323
207
18
49
72
209
147
198
67
153
54
342
300
510
403
262
22
309
298
402
221
229
356
302
254
97
3
333
364
182
86
376
291
354
388
328
297
172
240
87
210
42
307
303
61
245
392
140
339
58
439
167
32
15
16
431
503
195
314
194
313
351
76
511
459
475
204
372
193
427
92
126
108
25
381
117
318
292
99
389
96
324
88
365
274
75
222
258
215
440
425
443
397
102
485
423
68
472
33
264
122
367
17
406
326
69
213
419
429
225
197
135
416
107
235
188
130
84
294
337
446
138
51
50
129
227
31
422
341
343
272
52
455
85
442
484
502
134
234
246
371
6
109
93
184
310
428
368
203
137
191
453
467
89
161
374
321
216
391
253
496
420
441
166
278
13
118
170
273
257
7
385
470
233
332
493
481
282
127
145
404
196
410
180
34
449
37
454
348
57
160
383
501
306
456
370
357
316
491
5
77
78
346
285
228
128
393
432
312
206
350
242
507
112
156
208
250
205
417
480
29
400
409
461
261
212
358
38
73
451
369
41
296
450
62
164
471
482
271
187
382
499
290
21
158
143
448
74
103
486
241
214
136
478
280
173
251
375
115
211
500
492
401
387
144
169
71
55
4
142
113
63
345
359
317
263
9
120
185
26
186
64
469
465
336
335
384
464
243
43
319
200
325
165
230
46
498
411
457
395
174
35
366
379
506
399
293
415
10
473
123
360
247
0
189
347
288
334
48
362
275
495
106
119
19
463
70
159
476
398
497
83
363
412
266
474
396
331
217
255
23
231
40
177
181
305
219
283
190
11
163
218
281
479
27
344
256
223
462
249
114
124
320
508
289
435
148
8
226
100
116
201
414
445
14
468
322
81
2
59
315
179
24
509
504
110
125
490
338
121
407
421
139
444
426
438
36
94
162
154
452
408
90
65
413
477
352
279
390
483
104
248
28
224
488
260
45
505
98
287
436
378
236
487
437
152
238
176
460
141
269
252
373
361
327
132
386
80
394
355
1
295
276
265
286
466
111
30
105
91
171
44
20
175
447
202
79
244
155
270
168
405
433
133
