168
226
431
295
404
401
104
345
160
163
128
11
197
201
328
277
424
210
95
447
504
82
51
150
316
208
271
85
26
336
159
55
176
361
217
414
262
497
234
21
230
338
27
170
420
459
409
341
297
390
227
485
235
2
191
103
346
301
317
48
257
432
310
286
36
389
367
156
483
66
167
371
278
306
430
325
255
496
102
203
157
415
252
300
407
140
101
421
479
493
428
382
251
76
453
291
41
84
304
499
489
5
275
455
247
40
377
34
216
214
237
124
294
309
470
449
355
403
337
469
218
348
284
261
88
33
89
196
30
511
223
60
39
308
179
186
67
259
93
173
266
314
422
145
503
47
318
200
484
380
99
458
8
335
28
171
161
510
305
436
287
0
323
215
354
434
332
364
375
158
113
19
23
239
154
474
187
350
406
142
298
418
397
500
132
91
199
258
383
164
451
166
412
486
17
413
256
96
290
387
240
72
50
78
319
282
53
134
131
274
508
312
229
324
138
7
165
6
122
352
137
468
83
299
445
13
222
105
326
147
205
268
435
70
25
245
220
182
127
293
408
123
109
457
185
329
292
107
311
58
189
198
313
29
244
391
231
269
204
405
462
463
481
153
180
77
177
400
15
155
114
97
442
111
353
38
249
92
315
429
4
340
381
86
487
296
491
146
151
75
501
427
279
69
87
330
333
357
495
59
100
232
228
370
175
236
280
207
121
190
456
342
94
478
192
472
24
219
118
68
502
386
248
276
14
425
141
393
233
331
480
148
488
307
302
385
126
419
193
117
461
465
363
320
289
9
303
450
359
213
246
206
172
444
506
184
144
110
125
494
143
439
108
43
426
477
195
343
396
482
35
322
79
169
395
265
437
64
334
73
339
49
416
202
417
194
373
253
273
149
464
460
433
366
242
56
263
16
37
360
12
392
471
212
120
20
112
181
349
281
446
498
57
42
221
80
452
32
368
507
188
44
260
490
378
54
81
264
224
379
351
63
344
178
209
106
10
129
139
356
402
130
1
183
267
475
467
492
369
448
174
423
115
283
225
358
45
90
3
394
162
321
411
372
272
466
327
116
238
18
98
254
65
288
362
285
74
476
250
22
441
410
31
241
440
438
270
243
384
133
473
135
374
399
347
61
505
365
211
119
443
52
398
388
152
376
454
46
509
71
62
136
